0.1000000000 0.56027006401499457322 0.00000000000000000000
0.1100000000 0.54797799057648466370 0.00000000000000000000
0.1200000000 0.53587794694063561884 0.00000000000000000000
0.1300000000 0.52397187487015084439 0.00000000000000000000
0.1400000000 0.51226146461713439884 0.00000000000000000000
0.1500000000 0.50074815631605651411 0.00000000000000000000
0.1600000000 0.48943314222914041656 0.00000000000000000000
0.1700000000 0.47831736980748146282 0.00000000000000000000
0.1800000000 0.46740154552658613740 0.00000000000000000000
0.1900000000 0.45668613945099056917 0.00000000000000000000
0.2000000000 0.44617139047917298011 0.00000000000000000000
0.2100000000 0.43585731221715651174 0.00000000000000000000
0.2200000000 0.42574369942698497837 0.00000000000000000000
0.2300000000 0.41583013499465326657 0.00000000000000000000
0.2400000000 0.40611599736106479552 0.00000000000000000000
0.2500000000 0.39660046835914675167 0.00000000000000000000
0.2600000000 0.38728254140035156539 0.00000000000000000000
0.2700000000 0.37816102995437950174 0.00000000000000000000
0.2800000000 0.36923457626702083090 0.00000000000000000000
0.2900000000 0.36050166026250224371 0.00000000000000000000
0.3000000000 0.35196060857858729731 0.00000000000000000000
0.3100000000 0.34360960368486465066 0.00000000000000000000
0.3200000000 0.33544669303712520980 0.00000000000000000000
0.3300000000 0.32746979822342092703 0.00000000000000000000
0.3400000000 0.31967672406028235788 0.00000000000000000000
0.3500000000 0.31206516760058533588 0.00000000000000000000
0.3600000000 0.30463272701765820027 0.00000000000000000000
0.3700000000 0.29737691033340207802 0.00000000000000000000
0.3800000000 0.29029514396135897014 0.00000000000000000000
0.3900000000 0.28338478103883391057 0.00000000000000000000
0.4000000000 0.27664310952529330701 0.00000000000000000000
0.4100000000 0.27006736004728792988 0.00000000000000000000
0.4200000000 0.26365471347311059125 0.00000000000000000000
0.4300000000 0.25740230820319548455 0.00000000000000000000
0.4400000000 0.25130724716497854221 0.00000000000000000000
0.4500000000 0.24536660450345892936 0.00000000000000000000
0.4600000000 0.23957743196110120598 0.00000000000000000000
0.4700000000 0.23393676494292636736 0.00000000000000000000
0.4800000000 0.22844162826469674443 0.00000000000000000000
0.4900000000 0.22308904158397710460 0.00000000000000000000
0.5000000000 0.21787602451557111505 0.00000000000000000000
0.5100000000 0.21279960143436632558 0.00000000000000000000
0.5200000000 0.20785680597000999459 0.00000000000000000000
0.5300000000 0.20304468519904655954 0.00000000000000000000
0.5400000000 0.19836030354122521913 0.00000000000000000000
0.5500000000 0.19380074636759417328 0.00000000000000000000
0.5600000000 0.18936312332879579046 0.00000000000000000000
0.5700000000 0.18504457141261151931 0.00000000000000000000
0.5800000000 0.18084225774035500578 0.00000000000000000000
0.5900000000 0.17675338211211649719 0.00000000000000000000
0.6000000000 0.17277517931118444028 0.00000000000000000000
0.6100000000 0.16890492117818831086 0.00000000000000000000
0.6200000000 0.16513991846564879395 0.00000000000000000000
0.6300000000 0.16147752248366009642 0.00000000000000000000
0.6400000000 0.15791512654744666033 0.00000000000000000000
0.6500000000 0.15445016723743046350 0.00000000000000000000
0.6600000000 0.15108012548234830974 0.00000000000000000000
0.6700000000 0.14780252747575350902 0.00000000000000000000
0.6800000000 0.14461494543605177276 0.00000000000000000000
0.6900000000 0.14151499821994942274 0.00000000000000000000
0.7000000000 0.13850035179891545534 0.00000000000000000000
0.7100000000 0.13556871960796934573 0.00000000000000000000
0.7200000000 0.13271786277577607427 0.00000000000000000000
0.7300000000 0.12994559024468987918 0.00000000000000000000
0.7400000000 0.12724975878905384064 0.00000000000000000000
0.7500000000 0.12462827293969550024 0.00000000000000000000
0.7600000000 0.12207908482220887481 0.00000000000000000000
0.7700000000 0.11960019391625904828 0.00000000000000000000
0.7800000000 0.11718964674276939608 0.00000000000000000000
0.7900000000 0.11484553648550663296 0.00000000000000000000
0.8000000000 0.11256600255324678006 0.00000000000000000000
0.8100000000 0.11034923008831497293 0.00000000000000000000
0.8200000000 0.10819344942701615564 0.00000000000000000000
0.8300000000 0.10609693551709534209 0.00000000000000000000
0.8400000000 0.10405800729706647656 0.00000000000000000000
0.8500000000 0.10207502704197216059 0.00000000000000000000
0.8600000000 0.10014639967977845281 0.00000000000000000000
0.8700000000 0.09827057208238892949 0.00000000000000000000
0.8800000000 0.09644603233495022132 0.00000000000000000000
0.8900000000 0.09467130898687492468 0.00000000000000000000
0.9000000000 0.09294497028775668135 0.00000000000000000000
0.9100000000 0.09126562341110489029 0.00000000000000000000
0.9200000000 0.08963191366865017051 0.00000000000000000000
0.9300000000 0.08804252371766367602 0.00000000000000000000
0.9400000000 0.08649617276364394980 0.00000000000000000000
0.9500000000 0.08499161576045198563 0.00000000000000000000
0.9600000000 0.08352764260983056022 0.00000000000000000000
0.9700000000 0.08210307736206481910 0.00000000000000000000
0.9800000000 0.08071677741937877126 0.00000000000000000000
0.9900000000 0.07936763274356715969 0.00000000000000000000
1.0000000000 0.07805456506920510629 0.00000000000000000000
1.0100000000 0.07677652712315856387 0.00000000000000000000
1.0200000000 0.07553250185234469671 0.00000000000000000000
1.0300000000 0.07432150166022251370 0.00000000000000000000
1.0400000000 0.07314256765226245793 0.00000000000000000000
1.0500000000 0.07199476889217357178 0.00000000000000000000
1.0600000000 0.07087720166893642093 0.00000000000000000000
1.0700000000 0.06978898877533878942 0.00000000000000000000
1.0800000000 0.06872927879849959065 0.00000000000000000000
1.0900000000 0.06769724542281313484 0.00000000000000000000
1.1000000000 0.06669208674563784078 0.00000000000000000000
1.1100000000 0.06571302460604022677 0.00000000000000000000
1.1200000000 0.06475930392681740477 0.00000000000000000000
1.1300000000 0.06383019206997035677 0.00000000000000000000
1.1400000000 0.06292497820577946932 0.00000000000000000000
1.1500000000 0.06204297269554859967 0.00000000000000000000
1.1600000000 0.06118350648809255804 0.00000000000000000000
1.1700000000 0.06034593052996277407 0.00000000000000000000
1.1800000000 0.05952961518940556168 0.00000000000000000000
1.1900000000 0.05873394969399896304 0.00000000000000000000
1.2000000000 0.05795834158189624996 0.00000000000000000000
1.2100000000 0.05720221616658201919 0.00000000000000000000
1.2200000000 0.05646501601501726503 0.00000000000000000000
1.2300000000 0.05574620043903990435 0.00000000000000000000
1.2400000000 0.05504524499985915392 0.00000000000000000000
1.2500000000 0.05436164102548846078 0.00000000000000000000
1.2600000000 0.05369489514091600052 0.00000000000000000000
1.2700000000 0.05304452881083411564 0.00000000000000000000
1.2800000000 0.05241007789471744532 0.00000000000000000000
1.2900000000 0.05179109221403870728 0.00000000000000000000
1.3000000000 0.05118713513140326493 0.00000000000000000000
1.3100000000 0.05059778314137767380 0.00000000000000000000
1.3200000000 0.05002262547278273075 0.00000000000000000000
1.3300000000 0.04946126370221872598 0.00000000000000000000
1.3400000000 0.04891331137858331846 0.00000000000000000000
1.3500000000 0.04837839365834825656 0.00000000000000000000
1.3600000000 0.04785614695135087526 0.00000000000000000000
1.3700000000 0.04734621857686558549 0.00000000000000000000
1.3800000000 0.04684826642970860155 0.00000000000000000000
1.3900000000 0.04636195865614388401 0.00000000000000000000
1.4000000000 0.04588697333934484840 0.00000000000000000000
1.4100000000 0.04542299819418108703 0.00000000000000000000
1.4200000000 0.04496973027109162774 0.00000000000000000000
1.4300000000 0.04452687566881367159 0.00000000000000000000
1.4400000000 0.04409414925573488381 0.00000000000000000000
1.4500000000 0.04367127439964729740 0.00000000000000000000
1.4600000000 0.04325798270567254161 0.00000000000000000000
1.4700000000 0.04285401376214248437 0.00000000000000000000
1.4800000000 0.04245911489421751867 0.00000000000000000000
1.4900000000 0.04207304092502833770 0.00000000000000000000
1.5000000000 0.04169555394413343441 0.00000000000000000000
1.5100000000 0.04132642308308413781 0.00000000000000000000
1.5200000000 0.04096542429789979539 0.00000000000000000000
1.5300000000 0.04061234015825383736 0.00000000000000000000
1.5400000000 0.04026695964317589943 0.00000000000000000000
1.5500000000 0.03992907794308641484 0.00000000000000000000
1.5600000000 0.03959849626797270344 0.00000000000000000000
1.5700000000 0.03927502166153151730 0.00000000000000000000
1.5800000000 0.03895846682109845721 0.00000000000000000000
1.5900000000 0.03864864992319538839 0.00000000000000000000
1.6000000000 0.03834539445452490175 0.00000000000000000000
1.6100000000 0.03804852904825151150 0.00000000000000000000
1.6200000000 0.03775788732540850956 0.00000000000000000000
1.6300000000 0.03747330774127485137 0.00000000000000000000
1.6400000000 0.03719463343657389981 0.00000000000000000000
1.6500000000 0.03692171209334320359 0.00000000000000000000
1.6600000000 0.03665439579533444348 0.00000000000000000000
1.6700000000 0.03639254089280295063 0.00000000000000000000
1.6800000000 0.03613600787155439586 0.00000000000000000000
1.6900000000 0.03588466122611185666 0.00000000000000000000
1.7000000000 0.03563836933688095676 0.00000000000000000000
1.7100000000 0.03539700435118404986 0.00000000000000000000
1.7200000000 0.03516044206804581213 0.00000000000000000000
1.7300000000 0.03492856182661237263 0.00000000000000000000
1.7400000000 0.03470124639808811612 0.00000000000000000000
1.7500000000 0.03447838188108177243 0.00000000000000000000
1.7600000000 0.03425985760025521132 0.00000000000000000000
1.7700000000 0.03404556600816753542 0.00000000000000000000
1.7800000000 0.03383540259021677876 0.00000000000000000000
1.7900000000 0.03362926577257936700 0.00000000000000000000
1.8000000000 0.03342705683305310926 0.00000000000000000000
1.8100000000 0.03322867981471153143 0.00000000000000000000
1.8200000000 0.03303404144227979622 0.00000000000000000000
1.8300000000 0.03284305104114643159 0.00000000000000000000
1.8400000000 0.03265562045892599768 0.00000000000000000000
1.8500000000 0.03247166398949187516 0.00000000000000000000
1.8600000000 0.03229109829940030735 0.00000000000000000000
1.8700000000 0.03211384235662967379 0.00000000000000000000
1.8800000000 0.03193981736156006890 0.00000000000000000000
1.8900000000 0.03176894668012287398 0.00000000000000000000
1.9000000000 0.03160115577904885897 0.00000000000000000000
1.9100000000 0.03143637216314994903 0.00000000000000000000
1.9200000000 0.03127452531456829943 0.00000000000000000000
1.9300000000 0.03111554663392916004 0.00000000000000000000
1.9400000000 0.03095936938333752192 0.00000000000000000000
1.9500000000 0.03080592863115897209 0.00000000000000000000
1.9600000000 0.03065516119852712898 0.00000000000000000000
1.9700000000 0.03050700560752298701 0.00000000000000000000
1.9800000000 0.03036140203097216494 0.00000000000000000000
1.9900000000 0.03021829224380762763 0.00000000000000000000
2.0000000000 0.03007761957594936100 0.00000000000000000000
2.0100000000 0.02993932886664890311 0.00000000000000000000
2.0200000000 0.02980336642025687224 0.00000000000000000000
2.0300000000 0.02966967996336220686 0.00000000000000000000
2.0400000000 0.02953821860326352397 0.00000000000000000000
2.0500000000 0.02940893278772692757 0.00000000000000000000
2.0600000000 0.02928177426599143374 0.00000000000000000000
2.0700000000 0.02915669605097970934 0.00000000000000000000
2.0800000000 0.02903365238267749740 0.00000000000000000000
2.0900000000 0.02891259869264233007 0.00000000000000000000
2.1000000000 0.02879349156960797629 0.00000000000000000000
2.1100000000 0.02867628872614587723 0.00000000000000000000
2.1200000000 0.02856094896635432562 0.00000000000000000000
2.1300000000 0.02844743215453764476 0.00000000000000000000
2.1400000000 0.02833569918484837163 0.00000000000000000000
2.1500000000 0.02822571195185751697 0.00000000000000000000
2.1600000000 0.02811743332202658666 0.00000000000000000000
2.1700000000 0.02801082710605087497 0.00000000000000000000
2.1800000000 0.02790585803204609361 0.00000000000000000000
2.1900000000 0.02780249171955279444 0.00000000000000000000
2.2000000000 0.02770069465433079234 0.00000000000000000000
2.2100000000 0.02760043416392075899 0.00000000000000000000
2.2200000000 0.02750167839394555835 0.00000000000000000000
2.2300000000 0.02740439628513092682 0.00000000000000000000
2.2400000000 0.02730855755102059787 0.00000000000000000000
2.2500000000 0.02721413265636447518 0.00000000000000000000
2.2600000000 0.02712109279615874599 0.00000000000000000000
2.2700000000 0.02702940987531719449 0.00000000000000000000
2.2800000000 0.02693905648895341190 0.00000000000000000000
2.2900000000 0.02685000590325495665 0.00000000000000000000
2.3000000000 0.02676223203693070193 0.00000000000000000000
2.3100000000 0.02667570944321350293 0.00000000000000000000
2.3200000000 0.02659041329239984416 0.00000000000000000000
2.3300000000 0.02650631935491088234 0.00000000000000000000
2.3400000000 0.02642340398485746797 0.00000000000000000000
2.3500000000 0.02634164410409331816 0.00000000000000000000
2.3600000000 0.02626101718674240734 0.00000000000000000000
2.3700000000 0.02618150124418312102 0.00000000000000000000
2.3800000000 0.02610307481047781375 0.00000000000000000000
2.3900000000 0.02602571692823159311 0.00000000000000000000
2.4000000000 0.02594940713486864128 0.00000000000000000000
2.4100000000 0.02587412544931054839 0.00000000000000000000
2.4200000000 0.02579985235904814350 0.00000000000000000000
2.4300000000 0.02572656880758979539 0.00000000000000000000
2.4400000000 0.02565425618227889712 0.00000000000000000000
2.4500000000 0.02558289630246558116 0.00000000000000000000
2.4600000000 0.02551247140802416144 0.00000000000000000000
2.4700000000 0.02544296414820424942 0.00000000000000000000
2.4800000000 0.02537435757080525045 0.00000000000000000000
2.4900000000 0.02530663511166564988 0.00000000000000000000
2.5000000000 0.02523978058445474140 0.00000000000000000000
2.5100000000 0.02517377817076077093 0.00000000000000000000
2.5200000000 0.02510861241046347114 0.00000000000000000000
2.5300000000 0.02504426819238382909 0.00000000000000000000
2.5400000000 0.02498073074520243408 0.00000000000000000000
2.5500000000 0.02491798562863762126 0.00000000000000000000
2.5600000000 0.02485601872487604169 0.00000000000000000000
2.5700000000 0.02479481623024776954 0.00000000000000000000
2.5800000000 0.02473436464713808444 0.00000000000000000000
2.5900000000 0.02467465077612921234 0.00000000000000000000
2.6000000000 0.02461566170836516909 0.00000000000000000000
2.6100000000 0.02455738481813262222 0.00000000000000000000
2.6200000000 0.02449980775565052324 0.00000000000000000000
2.6300000000 0.02444291844006399317 0.00000000000000000000
2.6400000000 0.02438670505263436719 0.00000000000000000000
2.6500000000 0.02433115603012105457 0.00000000000000000000
2.6600000000 0.02427626005834787951 0.00000000000000000000
2.6700000000 0.02422200606594996850 0.00000000000000000000
2.6800000000 0.02416838321829440500 0.00000000000000000000
2.6900000000 0.02411538091157055738 0.00000000000000000000
2.7000000000 0.02406298876704381778 0.00000000000000000000
2.7100000000 0.02401119662546887662 0.00000000000000000000
2.7200000000 0.02395999454165756784 0.00000000000000000000
2.7300000000 0.02390937277919625431 0.00000000000000000000
2.7400000000 0.02385932180530832628 0.00000000000000000000
2.7500000000 0.02380983228585847530 0.00000000000000000000
2.7600000000 0.02376089508049303647 0.00000000000000000000
2.7700000000 0.02371250123791373773 0.00000000000000000000
2.7800000000 0.02366464199127954818 0.00000000000000000000
2.7900000000 0.02361730875373489053 0.00000000000000000000
2.8000000000 0.02357049311405796932 0.00000000000000000000
2.8100000000 0.02352418683242733441 0.00000000000000000000
2.8200000000 0.02347838183630357109 0.00000000000000000000
2.8300000000 0.02343307021642059701 0.00000000000000000000
2.8400000000 0.02338824422288603155 0.00000000000000000000
2.8500000000 0.02334389626138548210 0.00000000000000000000
2.8600000000 0.02330001888948876956 0.00000000000000000000
2.8700000000 0.02325660481305455787 0.00000000000000000000
2.8800000000 0.02321364688273049731 0.00000000000000000000
2.8900000000 0.02317113809054727191 0.00000000000000000000
2.9000000000 0.02312907156660205105 0.00000000000000000000
2.9100000000 0.02308744057583020717 0.00000000000000000000
2.9200000000 0.02304623851486138630 0.00000000000000000000
2.9300000000 0.02300545890895964660 0.00000000000000000000
2.9400000000 0.02296509540904279056 0.00000000000000000000
2.9500000000 0.02292514178878005821 0.00000000000000000000
2.9600000000 0.02288559194176601266 0.00000000000000000000
2.9700000000 0.02284643987876761040 0.00000000000000000000
2.9800000000 0.02280767972504313748 0.00000000000000000000
2.9900000000 0.02276930571773028850 0.00000000000000000000
3.0000000000 0.02273131220330239233 0.00000000000000000000
3.0100000000 0.02269369363508991211 0.00000000000000000000
3.0200000000 0.02265644457086523136 0.00000000000000000000
3.0300000000 0.02261955967049081306 0.00000000000000000000
3.0400000000 0.02258303369362601315 0.00000000000000000000
3.0500000000 0.02254686149749347140 0.00000000000000000000
3.0600000000 0.02251103803470213063 0.00000000000000000000
3.0700000000 0.02247555835112537495 0.00000000000000000000
3.0800000000 0.02244041758383348226 0.00000000000000000000
3.0900000000 0.02240561095907744188 0.00000000000000000000
3.1000000000 0.02237113379032462657 0.00000000000000000000
3.1100000000 0.02233698147634296388 0.00000000000000000000
3.1200000000 0.02230314949933395047 0.00000000000000000000
3.1300000000 0.02226963342311170588 0.00000000000000000000
3.1400000000 0.02223642889132785780 0.00000000000000000000
3.1500000000 0.02220353162574054476 0.00000000000000000000
3.1600000000 0.02217093742452613814 0.00000000000000000000
3.1700000000 0.02213864216063315613 0.00000000000000000000
3.1800000000 0.02210664178017644754 0.00000000000000000000
3.1900000000 0.02207493230087118063 0.00000000000000000000
3.2000000000 0.02204350981050503047 0.00000000000000000000
3.2100000000 0.02201237046544801332 0.00000000000000000000
3.2200000000 0.02198151048919875020 0.00000000000000000000
3.2300000000 0.02195092617096574064 0.00000000000000000000
3.2400000000 0.02192061386428369868 0.00000000000000000000
3.2500000000 0.02189056998566286938 0.00000000000000000000
3.2600000000 0.02186079101327129820 0.00000000000000000000
3.2700000000 0.02183127348564888395 0.00000000000000000000
3.2800000000 0.02180201400045194901 0.00000000000000000000
3.2900000000 0.02177300921322849331 0.00000000000000000000
3.3000000000 0.02174425583622211292 0.00000000000000000000
3.3100000000 0.02171575063720489196 0.00000000000000000000
3.3200000000 0.02168749043833784890 0.00000000000000000000
3.3300000000 0.02165947211505825712 0.00000000000000000000
3.3400000000 0.02163169259499359356 0.00000000000000000000
3.3500000000 0.02160414885690077960 0.00000000000000000000
3.3600000000 0.02157683792963065172 0.00000000000000000000
3.3700000000 0.02154975689111627776 0.00000000000000000000
3.3800000000 0.02152290286738554534 0.00000000000000000000
3.3900000000 0.02149627303159592703 0.00000000000000000000
3.4000000000 0.02146986460309283778 0.00000000000000000000
3.4100000000 0.02144367484648857305 0.00000000000000000000
3.4200000000 0.02141770107076345839 0.00000000000000000000
3.4300000000 0.02139194062838728830 0.00000000000000000000
3.4400000000 0.02136639091446103367 0.00000000000000000000
3.4500000000 0.02134104936587841519 0.00000000000000000000
3.4600000000 0.02131591346050628819 0.00000000000000000000
3.4700000000 0.02129098071638415787 0.00000000000000000000
3.4800000000 0.02126624869094129872 0.00000000000000000000
3.4900000000 0.02124171498023233115 0.00000000000000000000
3.5000000000 0.02121737721818949679 0.00000000000000000000
3.5100000000 0.02119323307589212127 0.00000000000000000000
3.5200000000 0.02116928026085218573 0.00000000000000000000
3.5300000000 0.02114551651631650306 0.00000000000000000000
3.5400000000 0.02112193962058360464 0.00000000000000000000
3.5500000000 0.02109854738633669055 0.00000000000000000000
3.5600000000 0.02107533765999084971 0.00000000000000000000
3.5700000000 0.02105230832105514996 0.00000000000000000000
3.5800000000 0.02102945728150844296 0.00000000000000000000
3.5900000000 0.02100678248518902946 0.00000000000000000000
3.6000000000 0.02098428190719812958 0.00000000000000000000
3.6100000000 0.02096195355331585339 0.00000000000000000000
3.6200000000 0.02093979545943003284 0.00000000000000000000
3.6300000000 0.02091780569097793571 0.00000000000000000000
3.6400000000 0.02089598234239972013 0.00000000000000000000
3.6500000000 0.02087432353660366793 0.00000000000000000000
3.6600000000 0.02085282742444315857 0.00000000000000000000
3.6700000000 0.02083149218420505405 0.00000000000000000000
3.6800000000 0.02081031602110848186 0.00000000000000000000
3.6900000000 0.02078929716681506348 0.00000000000000000000
3.7000000000 0.02076843387894920095 0.00000000000000000000
3.7100000000 0.02074772444062843516 0.00000000000000000000
3.7200000000 0.02072716716000430615 0.00000000000000000000
3.7300000000 0.02070676036981227569 0.00000000000000000000
3.7400000000 0.02068650242693186037 0.00000000000000000000
3.7500000000 0.02066639171195516420 0.00000000000000000000
3.7600000000 0.02064642662876540677 0.00000000000000000000
3.7700000000 0.02062660560412342414 0.00000000000000000000
3.7800000000 0.02060692708726347480 0.00000000000000000000
3.7900000000 0.02058738954949684841 0.00000000000000000000
3.8000000000 0.02056799148382427653 0.00000000000000000000
3.8100000000 0.02054873140455600392 0.00000000000000000000
3.8200000000 0.02052960784693964522 0.00000000000000000000
3.8300000000 0.02051061936679594855 0.00000000000000000000
3.8400000000 0.02049176454016195595 0.00000000000000000000
3.8500000000 0.02047304196294110271 0.00000000000000000000
3.8600000000 0.02045445025056122357 0.00000000000000000000
3.8700000000 0.02043598803763865823 0.00000000000000000000
3.8800000000 0.02041765397764968779 0.00000000000000000000
3.8900000000 0.02039944674260853880 0.00000000000000000000
3.9000000000 0.02038136502275159426 0.00000000000000000000
3.9100000000 0.02036340752622844280 0.00000000000000000000
3.9200000000 0.02034557297879862822 0.00000000000000000000
3.9300000000 0.02032786012353478625 0.00000000000000000000
3.9400000000 0.02031026772053150936 0.00000000000000000000
3.9500000000 0.02029279454662009929 0.00000000000000000000
3.9600000000 0.02027543939508900592 0.00000000000000000000
3.9700000000 0.02025820107540947726 0.00000000000000000000
3.9800000000 0.02024107841296724636 0.00000000000000000000
3.9900000000 0.02022407024879873880 0.00000000000000000000
4.0000000000 0.02020717543933290769 0.00000000000000000000
4.0100000000 0.02019039285613818610 0.00000000000000000000
4.0200000000 0.02017372138567389769 0.00000000000000000000
4.0300000000 0.02015715992904699994 0.00000000000000000000
4.0400000000 0.02014070740177318145 0.00000000000000000000
4.0500000000 0.02012436273354282351 0.00000000000000000000
4.0600000000 0.02010812486799127760 0.00000000000000000000
4.0700000000 0.02009199276247349009 0.00000000000000000000
4.0800000000 0.02007596538784352930 0.00000000000000000000
4.0900000000 0.02006004172823730100 0.00000000000000000000
4.1000000000 0.02004422078086035355 0.00000000000000000000
4.1100000000 0.02002850155577912822 0.00000000000000000000
4.1200000000 0.02001288307571657404 0.00000000000000000000
4.1300000000 0.01999736437585102750 0.00000000000000000000
4.1400000000 0.01998194450361970992 0.00000000000000000000
4.1500000000 0.01996662251852497280 0.00000000000000000000
4.1600000000 0.01995139749194512618 0.00000000000000000000
4.1700000000 0.01993626850694788996 0.00000000000000000000
4.1800000000 0.01992123465810802588 0.00000000000000000000
4.1900000000 0.01990629505132791160 0.00000000000000000000
4.2000000000 0.01989144880366179244 0.00000000000000000000
4.2100000000 0.01987669504314275651 0.00000000000000000000
4.2200000000 0.01986203290861353679 0.00000000000000000000
4.2300000000 0.01984746154955985276 0.00000000000000000000
4.2400000000 0.01983298012594719023 0.00000000000000000000
4.2500000000 0.01981858780806037418 0.00000000000000000000
4.2600000000 0.01980428377634603151 0.00000000000000000000
4.2700000000 0.01979006722125800991 0.00000000000000000000
4.2800000000 0.01977593734310571782 0.00000000000000000000
4.2900000000 0.01976189335190467813 0.00000000000000000000
4.3000000000 0.01974793446723051987 0.00000000000000000000
4.3100000000 0.01973405991807492335 0.00000000000000000000
4.3200000000 0.01972026894270466346 0.00000000000000000000
4.3300000000 0.01970656078852269996 0.00000000000000000000
4.3400000000 0.01969293471193208842 0.00000000000000000000
4.3500000000 0.01967938997820214975 0.00000000000000000000
4.3600000000 0.01966592586133702678 0.00000000000000000000
4.3700000000 0.01965254164394672487 0.00000000000000000000
4.3800000000 0.01963923661712008509 0.00000000000000000000
4.3900000000 0.01962601008030011307 0.00000000000000000000
4.4000000000 0.01961286134116184063 0.00000000000000000000
4.4100000000 0.01959978971549179022 0.00000000000000000000
4.4200000000 0.01958679452706989579 0.00000000000000000000
4.4300000000 0.01957387510755322080 0.00000000000000000000
4.4400000000 0.01956103079636202155 0.00000000000000000000
4.4500000000 0.01954826094056736838 0.00000000000000000000
4.4600000000 0.01953556489478102884 0.00000000000000000000
4.4700000000 0.01952294202104716894 0.00000000000000000000
4.4800000000 0.01951039168873571622 0.00000000000000000000
4.4900000000 0.01949791327443779754 0.00000000000000000000
4.5000000000 0.01948550616186286999 0.00000000000000000000
4.5100000000 0.01947316974173744428 0.00000000000000000000
4.5200000000 0.01946090341170586199 0.00000000000000000000
4.5300000000 0.01944870657623235313 0.00000000000000000000
4.5400000000 0.01943657864650505732 0.00000000000000000000
4.5500000000 0.01942451904034150217 0.00000000000000000000
4.5600000000 0.01941252718209570891 0.00000000000000000000
4.5700000000 0.01940060250256686603 0.00000000000000000000
4.5800000000 0.01938874443890946722 0.00000000000000000000
4.5900000000 0.01937695243454496882 0.00000000000000000000
4.6000000000 0.01936522593907490444 0.00000000000000000000
4.6100000000 0.01935356440819563373 0.00000000000000000000
4.6200000000 0.01934196730361406949 0.00000000000000000000
4.6300000000 0.01933043409296517773 0.00000000000000000000
4.6400000000 0.01931896424973069543 0.00000000000000000000
4.6500000000 0.01930755725315909735 0.00000000000000000000
4.6600000000 0.01929621258818708593 0.00000000000000000000
4.6700000000 0.01928492974536208035 0.00000000000000000000
4.6800000000 0.01927370822076620097 0.00000000000000000000
4.6900000000 0.01926254751594130843 0.00000000000000000000
4.7000000000 0.01925144713781544101 0.00000000000000000000
4.7100000000 0.01924040659863021294 0.00000000000000000000
4.7200000000 0.01922942541586965259 0.00000000000000000000
4.7300000000 0.01921850311218977966 0.00000000000000000000
4.7400000000 0.01920763921534986152 0.00000000000000000000
4.7500000000 0.01919683325814424205 0.00000000000000000000
4.7600000000 0.01918608477833551318 0.00000000000000000000
4.7700000000 0.01917539331858869947 0.00000000000000000000
4.7800000000 0.01916475842640667088 0.00000000000000000000
4.7900000000 0.01915417965406605513 0.00000000000000000000
4.8000000000 0.01914365655855477036 0.00000000000000000000
4.8100000000 0.01913318870151014400 0.00000000000000000000
4.8200000000 0.01912277564915819059 0.00000000000000000000
4.8300000000 0.01911241697225369088 0.00000000000000000000
4.8400000000 0.01910211224602135008 0.00000000000000000000
4.8500000000 0.01909186105009776438 0.00000000000000000000
4.8600000000 0.01908166296847442489 0.00000000000000000000
4.8700000000 0.01907151758944125933 0.00000000000000000000
4.8800000000 0.01906142450553163781 0.00000000000000000000
4.8900000000 0.01905138331346750702 0.00000000000000000000
4.9000000000 0.01904139361410606135 0.00000000000000000000
4.9100000000 0.01903145501238677137 0.00000000000000000000
4.9200000000 0.01902156711727919294 0.00000000000000000000
4.9300000000 0.01901172954173211208 0.00000000000000000000
4.9400000000 0.01900194190262274874 0.00000000000000000000
4.9500000000 0.01899220382070720622 0.00000000000000000000
4.9600000000 0.01898251492057141318 0.00000000000000000000
4.9700000000 0.01897287483058320012 0.00000000000000000000
4.9800000000 0.01896328318284455292 0.00000000000000000000
4.9900000000 0.01895373961314489666 0.00000000000000000000
5.0000000000 0.01894424376091511514 0.00000000000000000000
