0.1000000000 1.86065481055034953606 0.00000000000000000000
0.1100000000 1.79112522308530963677 0.00000000000000000000
0.1200000000 1.72508020538054007709 0.00000000000000000000
0.1300000000 1.66234811258753278906 0.00000000000000000000
0.1400000000 1.60275251130741458461 0.00000000000000000000
0.1500000000 1.54611591656685631868 0.00000000000000000000
0.1600000000 1.49226290731863553418 0.00000000000000000000
0.1700000000 1.44102261919903096299 0.00000000000000000000
0.1800000000 1.39223064709034072273 0.00000000000000000000
0.1900000000 1.34573041290138428749 0.00000000000000000000
0.2000000000 1.30137406712033820710 0.00000000000000000000
0.2100000000 1.25902299792803051837 0.00000000000000000000
0.2200000000 1.21854802097269110384 0.00000000000000000000
0.2300000000 1.17982931817325042978 0.00000000000000000000
0.2400000000 1.14275618673781420576 0.00000000000000000000
0.2500000000 1.10722665121800822874 0.00000000000000000000
0.2600000000 1.07314698279104958623 0.00000000000000000000
0.2700000000 1.04043116169232141566 0.00000000000000000000
0.2800000000 1.00900031119074706787 0.00000000000000000000
0.2900000000 0.97878212490101690335 0.00000000000000000000
0.3000000000 0.94971030362294628357 0.00000000000000000000
0.3100000000 0.92172401326436548263 0.00000000000000000000
0.3200000000 0.89476737166316233640 0.00000000000000000000
0.3300000000 0.86878896917251369203 0.00000000000000000000
0.3400000000 0.84374142559772347116 0.00000000000000000000
0.3500000000 0.81958098436154114275 0.00000000000000000000
0.3600000000 0.79626714352406491315 0.00000000000000000000
0.3700000000 0.77376232240138120844 0.00000000000000000000
0.3800000000 0.75203156193516595973 0.00000000000000000000
0.3900000000 0.73104225659725630138 0.00000000000000000000
0.4000000000 0.71076391541435857135 0.00000000000000000000
0.4100000000 0.69116794962463601326 0.00000000000000000000
0.4200000000 0.67222748449502400803 0.00000000000000000000
0.4300000000 0.65391719290835303990 0.00000000000000000000
0.4400000000 0.63621314845172705077 0.00000000000000000000
0.4500000000 0.61909269588596516076 0.00000000000000000000
0.4600000000 0.60253433703839009983 0.00000000000000000000
0.4700000000 0.58651763032897397121 0.00000000000000000000
0.4800000000 0.57102310230664032886 0.00000000000000000000
0.4900000000 0.55603216973392932676 0.00000000000000000000
0.5000000000 0.54152707091149487884 0.00000000000000000000
0.5100000000 0.52749080507709888987 0.00000000000000000000
0.5200000000 0.51390707884612840672 0.00000000000000000000
0.5300000000 0.50076025878159835525 0.00000000000000000000
0.5400000000 0.48803532929145349017 0.00000000000000000000
0.5500000000 0.47571785514983849774 0.00000000000000000000
0.5600000000 0.46379394802759349448 0.00000000000000000000
0.5700000000 0.45225023649618478760 0.00000000000000000000
0.5800000000 0.44107383903925623247 0.00000000000000000000
0.5900000000 0.43025233966785930706 0.00000000000000000000
0.6000000000 0.41977376578981856481 0.00000000000000000000
0.6100000000 0.40962656803148123075 0.00000000000000000000
0.6200000000 0.39979960175178241855 0.00000000000000000000
0.6300000000 0.39028211002507029459 0.00000000000000000000
0.6400000000 0.38106370790067167764 0.00000000000000000000
0.6500000000 0.37213436777476838202 0.00000000000000000000
0.6600000000 0.36348440573379214857 0.00000000000000000000
0.6700000000 0.35510446874918683013 0.00000000000000000000
0.6800000000 0.34698552262092591247 0.00000000000000000000
0.6900000000 0.33911884058244923246 0.00000000000000000000
0.7000000000 0.33149599249262956535 0.00000000000000000000
0.7100000000 0.32410883455155153898 0.00000000000000000000
0.7200000000 0.31694949948637496373 0.00000000000000000000
0.7300000000 0.31001038716159995401 0.00000000000000000000
0.7400000000 0.30328415557500448818 0.00000000000000000000
0.7500000000 0.29676371220628028347 0.00000000000000000000
0.7600000000 0.29044220569034434609 0.00000000000000000000
0.7700000000 0.28431301779146089803 0.00000000000000000000
0.7800000000 0.27836975565778210306 0.00000000000000000000
0.7900000000 0.27260624433891089691 0.00000000000000000000
0.8000000000 0.26701651955141175732 0.00000000000000000000
0.8100000000 0.26159482067942141370 0.00000000000000000000
0.8200000000 0.25633558399905759240 0.00000000000000000000
0.8300000000 0.25123343611682041887 0.00000000000000000000
0.8400000000 0.24628318761336520648 0.00000000000000000000
0.8500000000 0.24147982688490704506 0.00000000000000000000
0.8600000000 0.23681851417537833071 0.00000000000000000000
0.8700000000 0.23229457579313303461 0.00000000000000000000
0.8800000000 0.22790349850644198160 0.00000000000000000000
0.8900000000 0.22364092411247285530 0.00000000000000000000
0.9000000000 0.21950264417494658176 0.00000000000000000000
0.9100000000 0.21548459492565791296 0.00000000000000000000
0.9200000000 0.21158285232563234235 0.00000000000000000000
0.9300000000 0.20779362728148487172 0.00000000000000000000
0.9400000000 0.20411326101326349169 0.00000000000000000000
0.9500000000 0.20053822056937067875 0.00000000000000000000
0.9600000000 0.19706509448519060612 0.00000000000000000000
0.9700000000 0.19369058858133328394 0.00000000000000000000
0.9800000000 0.19041152189815435669 0.00000000000000000000
0.9900000000 0.18722482276265339785 0.00000000000000000000
1.0000000000 0.18412752498384332700 0.00000000000000000000
1.0100000000 0.18111676417535205186 0.00000000000000000000
1.0200000000 0.17818977419802647932 0.00000000000000000000
1.0300000000 0.17534388372156964331 0.00000000000000000000
1.0400000000 0.17257651290297784663 0.00000000000000000000
1.0500000000 0.16988517017568213752 0.00000000000000000000
1.0600000000 0.16726744914796165542 0.00000000000000000000
1.0700000000 0.16472102560705592644 0.00000000000000000000
1.0800000000 0.16224365462578146935 0.00000000000000000000
1.0900000000 0.15983316776865583164 0.00000000000000000000
1.1000000000 0.15748747039448290908 0.00000000000000000000
1.1100000000 0.15520453905245068515 0.00000000000000000000
1.1200000000 0.15298241896882580626 0.00000000000000000000
1.1300000000 0.15081922162145100508 0.00000000000000000000
1.1400000000 0.14871312239921224974 0.00000000000000000000
1.1500000000 0.14666235834378946179 0.00000000000000000000
1.1600000000 0.14466522597100911485 0.00000000000000000000
1.1700000000 0.14272007916924564497 0.00000000000000000000
1.1800000000 0.14082532717228710140 0.00000000000000000000
1.1900000000 0.13897943260423742395 0.00000000000000000000
1.2000000000 0.13718090959403742013 0.00000000000000000000
1.2100000000 0.13542832195724854860 0.00000000000000000000
1.2200000000 0.13372028144284864304 0.00000000000000000000
1.2300000000 0.13205544604280367027 0.00000000000000000000
1.2400000000 0.13043251836226144036 0.00000000000000000000
1.2500000000 0.12885024404829126254 0.00000000000000000000
1.2600000000 0.12730741027512340602 0.00000000000000000000
1.2700000000 0.12580284428392776719 0.00000000000000000000
1.2800000000 0.12433541197521084942 0.00000000000000000000
1.2900000000 0.12290401655199266473 0.00000000000000000000
1.3000000000 0.12150759721195583674 0.00000000000000000000
1.3100000000 0.12014512788684326983 0.00000000000000000000
1.3200000000 0.11881561602740128847 0.00000000000000000000
1.3300000000 0.11751810143225878413 0.00000000000000000000
1.3400000000 0.11625165511916246697 0.00000000000000000000
1.3500000000 0.11501537823703408825 0.00000000000000000000
1.3600000000 0.11380840101739814196 0.00000000000000000000
1.3700000000 0.11262988176372479288 0.00000000000000000000
1.3800000000 0.11147900587735419531 0.00000000000000000000
1.3900000000 0.11035498491863938997 0.00000000000000000000
1.4000000000 0.10925705570203161909 0.00000000000000000000
1.4100000000 0.10818447942389336491 0.00000000000000000000
1.4200000000 0.10713654082181182925 0.00000000000000000000
1.4300000000 0.10611254736428384071 0.00000000000000000000
1.4400000000 0.10511182846963797177 0.00000000000000000000
1.4500000000 0.10413373475315142180 0.00000000000000000000
1.4600000000 0.10317763730128555466 0.00000000000000000000
1.4700000000 0.10224292697208496594 0.00000000000000000000
1.4800000000 0.10132901372074419599 0.00000000000000000000
1.4900000000 0.10043532594943360703 0.00000000000000000000
1.5000000000 0.09956130988048159103 0.00000000000000000000
1.5100000000 0.09870642895205990197 0.00000000000000000000
1.5200000000 0.09787016323553127117 0.00000000000000000000
1.5300000000 0.09705200887367032569 0.00000000000000000000
1.5400000000 0.09625147753897890512 0.00000000000000000000
1.5500000000 0.09546809591135835271 0.00000000000000000000
1.5600000000 0.09470140517442895978 0.00000000000000000000
1.5700000000 0.09395096052979200196 0.00000000000000000000
1.5800000000 0.09321633072858753755 0.00000000000000000000
1.5900000000 0.09249709761971230959 0.00000000000000000000
1.6000000000 0.09179285571405744470 0.00000000000000000000
1.6100000000 0.09110321176420865807 0.00000000000000000000
1.6200000000 0.09042778435901405176 0.00000000000000000000
1.6300000000 0.08976620353248254691 0.00000000000000000000
1.6400000000 0.08911811038648155547 0.00000000000000000000
1.6500000000 0.08848315672672890653 0.00000000000000000000
1.6600000000 0.08786100471158557468 0.00000000000000000000
1.6700000000 0.08725132651317997479 0.00000000000000000000
1.6800000000 0.08665380399041364146 0.00000000000000000000
1.6900000000 0.08606812837340976907 0.00000000000000000000
1.7000000000 0.08549399995898410154 0.00000000000000000000
1.7100000000 0.08493112781673389788 0.00000000000000000000
1.7200000000 0.08437922950535999000 0.00000000000000000000
1.7300000000 0.08383803079884342979 0.00000000000000000000
1.7400000000 0.08330726542212064933 0.00000000000000000000
1.7500000000 0.08278667479590430534 0.00000000000000000000
1.7600000000 0.08227600779032415157 0.00000000000000000000
1.7700000000 0.08177502048706153381 0.00000000000000000000
1.7800000000 0.08128347594966892076 0.00000000000000000000
1.7900000000 0.08080114400177892953 0.00000000000000000000
1.8000000000 0.08032780101291929487 0.00000000000000000000
1.8100000000 0.07986322969164799668 0.00000000000000000000
1.8200000000 0.07940721888575806575 0.00000000000000000000
1.8300000000 0.07895956338928326879 0.00000000000000000000
1.8400000000 0.07852006375606963851 0.00000000000000000000
1.8500000000 0.07808852611967022350 0.00000000000000000000
1.8600000000 0.07766476201933522616 0.00000000000000000000
1.8700000000 0.07724858823188610057 0.00000000000000000000
1.8800000000 0.07683982660925160746 0.00000000000000000000
1.8900000000 0.07643830392147343833 0.00000000000000000000
1.9000000000 0.07604385170497615642 0.00000000000000000000
1.9100000000 0.07565630611592491506 0.00000000000000000000
1.9200000000 0.07527550778847647006 0.00000000000000000000
1.9300000000 0.07490130169776330893 0.00000000000000000000
1.9400000000 0.07453353702742904208 0.00000000000000000000
1.9500000000 0.07417206704156721619 0.00000000000000000000
1.9600000000 0.07381674896089560067 0.00000000000000000000
1.9700000000 0.07346744384302375530 0.00000000000000000000
1.9800000000 0.07312401646666939758 0.00000000000000000000
1.9900000000 0.07278633521968053133 0.00000000000000000000
2.0000000000 0.07245427199073165014 0.00000000000000000000
2.0100000000 0.07212770206456617372 0.00000000000000000000
2.0200000000 0.07180650402066196536 0.00000000000000000000
2.0300000000 0.07149055963519418411 0.00000000000000000000
2.0400000000 0.07117975378618955629 0.00000000000000000000
2.0500000000 0.07087397436175232879 0.00000000000000000000
2.0600000000 0.07057311217126228942 0.00000000000000000000
2.0700000000 0.07027706085943737080 0.00000000000000000000
2.0800000000 0.06998571682316155618 0.00000000000000000000
2.0900000000 0.06969897913098722919 0.00000000000000000000
2.1000000000 0.06941674944521393498 0.00000000000000000000
2.1100000000 0.06913893194645825968 0.00000000000000000000
2.1200000000 0.06886543326063092330 0.00000000000000000000
2.1300000000 0.06859616238823200429 0.00000000000000000000
2.1400000000 0.06833103063589407444 0.00000000000000000000
2.1500000000 0.06806995155008763176 0.00000000000000000000
2.1600000000 0.06781284085292450803 0.00000000000000000000
2.1700000000 0.06755961637997713598 0.00000000000000000000
2.1800000000 0.06731019802005620833 0.00000000000000000000
2.1900000000 0.06706450765687224647 0.00000000000000000000
2.2000000000 0.06682246911252302801 0.00000000000000000000
2.2100000000 0.06658400809274052368 0.00000000000000000000
2.2200000000 0.06634905213384256761 0.00000000000000000000
2.2300000000 0.06611753055132887913 0.00000000000000000000
2.2400000000 0.06588937439007051811 0.00000000000000000000
2.2500000000 0.06566451637603129554 0.00000000000000000000
2.2600000000 0.06544289086948264222 0.00000000000000000000
2.2700000000 0.06522443381964786180 0.00000000000000000000
2.2800000000 0.06500908272074201744 0.00000000000000000000
2.2900000000 0.06479677656935092789 0.00000000000000000000
2.3000000000 0.06458745582310979061 0.00000000000000000000
2.3100000000 0.06438106236063957655 0.00000000000000000000
2.3200000000 0.06417753944269560806 0.00000000000000000000
2.3300000000 0.06397683167449204344 0.00000000000000000000
2.3400000000 0.06377888496916346572 0.00000000000000000000
2.3500000000 0.06358364651232491227 0.00000000000000000000
2.3600000000 0.06339106472769516498 0.00000000000000000000
2.3700000000 0.06320108924374931436 0.00000000000000000000
2.3800000000 0.06301367086136674955 0.00000000000000000000
2.3900000000 0.06282876152244233625 0.00000000000000000000
2.4000000000 0.06264631427942976560 0.00000000000000000000
2.4100000000 0.06246628326578664708 0.00000000000000000000
2.4200000000 0.06228862366729331218 0.00000000000000000000
2.4300000000 0.06211329169421642843 0.00000000000000000000
2.4400000000 0.06194024455429046616 0.00000000000000000000
2.4500000000 0.06176944042649125388 0.00000000000000000000
2.4600000000 0.06160083843557689204 0.00000000000000000000
2.4700000000 0.06143439862736890106 0.00000000000000000000
2.4800000000 0.06127008194475547231 0.00000000000000000000
2.4900000000 0.06110785020438817827 0.00000000000000000000
2.5000000000 0.06094766607405305986 0.00000000000000000000
2.5100000000 0.06078949305069657888 0.00000000000000000000
2.5200000000 0.06063329543908055341 0.00000000000000000000
2.5300000000 0.06047903833105348209 0.00000000000000000000
2.5400000000 0.06032668758541213927 0.00000000000000000000
2.5500000000 0.06017620980833982003 0.00000000000000000000
2.5600000000 0.06002757233440143836 0.00000000000000000000
2.5700000000 0.05988074320807706963 0.00000000000000000000
2.5800000000 0.05973569116582034405 0.00000000000000000000
2.5900000000 0.05959238561862192918 0.00000000000000000000
2.6000000000 0.05945079663506615264 0.00000000000000000000
2.6100000000 0.05931089492486140563 0.00000000000000000000
2.6200000000 0.05917265182283462654 0.00000000000000000000
2.6300000000 0.05903603927337027629 0.00000000000000000000
2.6400000000 0.05890102981528626963 0.00000000000000000000
2.6500000000 0.05876759656712731567 0.00000000000000000000
2.6600000000 0.05863571321286859678 0.00000000000000000000
2.6700000000 0.05850535398801250814 0.00000000000000000000
2.6800000000 0.05837649366607093604 0.00000000000000000000
2.6900000000 0.05824910754541795521 0.00000000000000000000
2.7000000000 0.05812317143650348739 0.00000000000000000000
2.7100000000 0.05799866164941668012 0.00000000000000000000
2.7200000000 0.05787555498179018654 0.00000000000000000000
2.7300000000 0.05775382870703020532 0.00000000000000000000
2.7400000000 0.05763346056286975522 0.00000000000000000000
2.7500000000 0.05751442874022946738 0.00000000000000000000
2.7600000000 0.05739671187237949807 0.00000000000000000000
2.7700000000 0.05728028902439345066 0.00000000000000000000
2.7800000000 0.05716513968288577247 0.00000000000000000000
2.7900000000 0.05705124374602362630 0.00000000000000000000
2.8000000000 0.05693858151380482707 0.00000000000000000000
2.8100000000 0.05682713367859696524 0.00000000000000000000
2.8200000000 0.05671688131592404064 0.00000000000000000000
2.8300000000 0.05660780587550186260 0.00000000000000000000
2.8400000000 0.05649988917250647891 0.00000000000000000000
2.8500000000 0.05639311337907414179 0.00000000000000000000
2.8600000000 0.05628746101602549040 0.00000000000000000000
2.8700000000 0.05618291494480524145 0.00000000000000000000
2.8800000000 0.05607945835963273895 0.00000000000000000000
2.8900000000 0.05597707477985838093 0.00000000000000000000
2.9000000000 0.05587574804251690952 0.00000000000000000000
2.9100000000 0.05577546229507572562 0.00000000000000000000
2.9200000000 0.05567620198836897155 0.00000000000000000000
2.9300000000 0.05557795186971515450 0.00000000000000000000
2.9400000000 0.05548069697621050428 0.00000000000000000000
2.9500000000 0.05538442262819599088 0.00000000000000000000
2.9600000000 0.05528911442289013989 0.00000000000000000000
2.9700000000 0.05519475822818443317 0.00000000000000000000
2.9800000000 0.05510134017659710365 0.00000000000000000000
2.9900000000 0.05500884665938030743 0.00000000000000000000
3.0000000000 0.05491726432077572578 0.00000000000000000000
3.0100000000 0.05482658005241561328 0.00000000000000000000
3.0200000000 0.05473678098786568386 0.00000000000000000000
3.0300000000 0.05464785449730253514 0.00000000000000000000
3.0400000000 0.05455978818232673500 0.00000000000000000000
3.0500000000 0.05447256987090480507 0.00000000000000000000
3.0600000000 0.05438618761243591698 0.00000000000000000000
3.0700000000 0.05430062967294264215 0.00000000000000000000
3.0800000000 0.05421588453037975291 0.00000000000000000000
3.0900000000 0.05413194087005966659 0.00000000000000000000
3.1000000000 0.05404878758018973745 0.00000000000000000000
3.1100000000 0.05396641374751975917 0.00000000000000000000
3.1200000000 0.05388480865309602796 0.00000000000000000000
3.1300000000 0.05380396176811901021 0.00000000000000000000
3.1400000000 0.05372386274990137434 0.00000000000000000000
3.1500000000 0.05364450143792546394 0.00000000000000000000
3.1600000000 0.05356586784999538969 0.00000000000000000000
3.1700000000 0.05348795217848231059 0.00000000000000000000
3.1800000000 0.05341074478666015674 0.00000000000000000000
3.1900000000 0.05333423620512960095 0.00000000000000000000
3.2000000000 0.05325841712832759395 0.00000000000000000000
3.2100000000 0.05318327841112049231 0.00000000000000000000
3.2200000000 0.05310881106547816338 0.00000000000000000000
3.2300000000 0.05303500625722712414 0.00000000000000000000
3.2400000000 0.05296185530288118753 0.00000000000000000000
3.2500000000 0.05288934966654661868 0.00000000000000000000
3.2600000000 0.05281748095689986489 0.00000000000000000000
3.2700000000 0.05274624092423773475 0.00000000000000000000
3.2800000000 0.05267562145759482894 0.00000000000000000000
3.2900000000 0.05260561458193007550 0.00000000000000000000
3.3000000000 0.05253621245537804657 0.00000000000000000000
3.3100000000 0.05246740736656445997 0.00000000000000000000
3.3200000000 0.05239919173198387403 0.00000000000000000000
3.3300000000 0.05233155809343784104 0.00000000000000000000
3.3400000000 0.05226449911553281841 0.00000000000000000000
3.3500000000 0.05219800758323482615 0.00000000000000000000
3.3600000000 0.05213207639948105876 0.00000000000000000000
3.3700000000 0.05206669858284501684 0.00000000000000000000
3.3800000000 0.05200186726525655306 0.00000000000000000000
3.3900000000 0.05193757568977198924 0.00000000000000000000
3.4000000000 0.05187381720839643467 0.00000000000000000000
3.4100000000 0.05181058527995432289 0.00000000000000000000
3.4200000000 0.05174787346800822224 0.00000000000000000000
3.4300000000 0.05168567543882521265 0.00000000000000000000
3.4400000000 0.05162398495938801124 0.00000000000000000000
3.4500000000 0.05156279589545106207 0.00000000000000000000
3.4600000000 0.05150210220963995916 0.00000000000000000000
3.4700000000 0.05144189795959320383 0.00000000000000000000
3.4800000000 0.05138217729614505402 0.00000000000000000000
3.4900000000 0.05132293446154951450 0.00000000000000000000
3.5000000000 0.05126416378774154015 0.00000000000000000000
3.5100000000 0.05120585969463907483 0.00000000000000000000
3.5200000000 0.05114801668848033972 0.00000000000000000000
3.5300000000 0.05109062936019868190 0.00000000000000000000
3.5400000000 0.05103369238383245049 0.00000000000000000000
3.5500000000 0.05097720051496989341 0.00000000000000000000
3.5600000000 0.05092114858922712484 0.00000000000000000000
3.5700000000 0.05086553152075999618 0.00000000000000000000
3.5800000000 0.05081034430080731690 0.00000000000000000000
3.5900000000 0.05075558199626618167 0.00000000000000000000
3.6000000000 0.05070123974829725266 0.00000000000000000000
3.6100000000 0.05064731277096053835 0.00000000000000000000
3.6200000000 0.05059379634987961477 0.00000000000000000000
3.6300000000 0.05054068584093517058 0.00000000000000000000
3.6400000000 0.05048797666898546810 0.00000000000000000000
3.6500000000 0.05043566432661493459 0.00000000000000000000
3.6600000000 0.05038374437290774749 0.00000000000000000000
3.6700000000 0.05033221243224924452 0.00000000000000000000
3.6800000000 0.05028106419315048897 0.00000000000000000000
3.6900000000 0.05023029540709892521 0.00000000000000000000
3.7000000000 0.05017990188743264718 0.00000000000000000000
3.7100000000 0.05012987950823791228 0.00000000000000000000
3.7200000000 0.05008022420326958823 0.00000000000000000000
3.7300000000 0.05003093196489478284 0.00000000000000000000
3.7400000000 0.04998199884305675605 0.00000000000000000000
3.7500000000 0.04993342094426218847 0.00000000000000000000
3.7600000000 0.04988519443058744840 0.00000000000000000000
3.7700000000 0.04983731551870659165 0.00000000000000000000
3.7800000000 0.04978978047893841546 0.00000000000000000000
3.7900000000 0.04974258563431319807 0.00000000000000000000
3.8000000000 0.04969572735965881172 0.00000000000000000000
3.8100000000 0.04964920208070482122 0.00000000000000000000
3.8200000000 0.04960300627320497063 0.00000000000000000000
3.8300000000 0.04955713646207743350 0.00000000000000000000
3.8400000000 0.04951158922056222295 0.00000000000000000000
3.8500000000 0.04946636116939575473 0.00000000000000000000
3.8600000000 0.04942144897600139752 0.00000000000000000000
3.8700000000 0.04937684935369733574 0.00000000000000000000
3.8800000000 0.04933255906091821297 0.00000000000000000000
3.8900000000 0.04928857490045500389 0.00000000000000000000
3.9000000000 0.04924489371870704318 0.00000000000000000000
3.9100000000 0.04920151240495091588 0.00000000000000000000
3.9200000000 0.04915842789062273982 0.00000000000000000000
3.9300000000 0.04911563714861486712 0.00000000000000000000
3.9400000000 0.04907313719258657447 0.00000000000000000000
3.9500000000 0.04903092507628754176 0.00000000000000000000
3.9600000000 0.04898899789289525714 0.00000000000000000000
3.9700000000 0.04894735277436478710 0.00000000000000000000
3.9800000000 0.04890598689079155015 0.00000000000000000000
3.9900000000 0.04886489744978593508 0.00000000000000000000
4.0000000000 0.04882408169586047175 0.00000000000000000000
4.0100000000 0.04878353690982849267 0.00000000000000000000
4.0200000000 0.04874326040821422984 0.00000000000000000000
4.0300000000 0.04870324954267484657 0.00000000000000000000
4.0400000000 0.04866350169943218368 0.00000000000000000000
4.0500000000 0.04862401429871684999 0.00000000000000000000
4.0600000000 0.04858478479422155549 0.00000000000000000000
4.0700000000 0.04854581067256619892 0.00000000000000000000
4.0800000000 0.04850708945277114326 0.00000000000000000000
4.0900000000 0.04846861868574224574 0.00000000000000000000
4.1000000000 0.04843039595376435330 0.00000000000000000000
4.1100000000 0.04839241887000514386 0.00000000000000000000
4.1200000000 0.04835468507802719723 0.00000000000000000000
4.1300000000 0.04831719225131030082 0.00000000000000000000
4.1400000000 0.04827993809278180448 0.00000000000000000000
4.1500000000 0.04824292033435564203 0.00000000000000000000
4.1600000000 0.04820613673648084518 0.00000000000000000000
4.1700000000 0.04816958508769703107 0.00000000000000000000
4.1800000000 0.04813326320419904214 0.00000000000000000000
4.1900000000 0.04809716892940911481 0.00000000000000000000
4.2000000000 0.04806130013355713881 0.00000000000000000000
4.2100000000 0.04802565471326790403 0.00000000000000000000
4.2200000000 0.04799023059115720830 0.00000000000000000000
4.2300000000 0.04795502571543355103 0.00000000000000000000
4.2400000000 0.04792003805950860451 0.00000000000000000000
4.2500000000 0.04788526562161323635 0.00000000000000000000
4.2600000000 0.04785070642442218469 0.00000000000000000000
4.2700000000 0.04781635851468358372 0.00000000000000000000
4.2800000000 0.04778221996285656609 0.00000000000000000000
4.2900000000 0.04774828886275472167 0.00000000000000000000
4.3000000000 0.04771456333119569737 0.00000000000000000000
4.3100000000 0.04768104150765765936 0.00000000000000000000
4.3200000000 0.04764772155394104980 0.00000000000000000000
4.3300000000 0.04761460165383711585 0.00000000000000000000
4.3400000000 0.04758168001280176085 0.00000000000000000000
4.3500000000 0.04754895485763515478 0.00000000000000000000
4.3600000000 0.04751642443616720113 0.00000000000000000000
4.3700000000 0.04748408701694813855 0.00000000000000000000
4.3800000000 0.04745194088894496426 0.00000000000000000000
4.3900000000 0.04741998436124300609 0.00000000000000000000
4.4000000000 0.04738821576275211583 0.00000000000000000000
4.4100000000 0.04735663344191894802 0.00000000000000000000
4.4200000000 0.04732523576644342284 0.00000000000000000000
4.4300000000 0.04729402112300015032 0.00000000000000000000
4.4400000000 0.04726298791696514900 0.00000000000000000000
4.4500000000 0.04723213457214650579 0.00000000000000000000
4.4600000000 0.04720145953052028165 0.00000000000000000000
4.4700000000 0.04717096125197049739 0.00000000000000000000
4.4800000000 0.04714063821403382398 0.00000000000000000000
4.4900000000 0.04711048891164806851 0.00000000000000000000
4.5000000000 0.04708051185690587115 0.00000000000000000000
4.5100000000 0.04705070557881151777 0.00000000000000000000
4.5200000000 0.04702106862304239465 0.00000000000000000000
4.5300000000 0.04699159955171453018 0.00000000000000000000
4.5400000000 0.04696229694315153663 0.00000000000000000000
4.5500000000 0.04693315939165802753 0.00000000000000000000
4.5600000000 0.04690418550729640035 0.00000000000000000000
4.5700000000 0.04687537391566731076 0.00000000000000000000
4.5800000000 0.04684672325769421997 0.00000000000000000000
4.5900000000 0.04681823218941079390 0.00000000000000000000
4.6000000000 0.04678989938175256991 0.00000000000000000000
4.6100000000 0.04676172352035130875 0.00000000000000000000
4.6200000000 0.04673370330533337114 0.00000000000000000000
4.6300000000 0.04670583745112090457 0.00000000000000000000
4.6400000000 0.04667812468623656896 0.00000000000000000000
4.6500000000 0.04665056375311125991 0.00000000000000000000
4.6600000000 0.04662315340789496138 0.00000000000000000000
4.6700000000 0.04659589242027091516 0.00000000000000000000
4.6800000000 0.04656877957327245493 0.00000000000000000000
4.6900000000 0.04654181366310283091 0.00000000000000000000
4.7000000000 0.04651499349895821256 0.00000000000000000000
4.7100000000 0.04648831790285319621 0.00000000000000000000
4.7200000000 0.04646178570944923397 0.00000000000000000000
4.7300000000 0.04643539576588596313 0.00000000000000000000
4.7400000000 0.04640914693161488080 0.00000000000000000000
4.7500000000 0.04638303807823582203 0.00000000000000000000
4.7600000000 0.04635706808933624801 0.00000000000000000000
4.7700000000 0.04633123586033244257 0.00000000000000000000
4.7800000000 0.04630554029831407403 0.00000000000000000000
4.7900000000 0.04627998032189065136 0.00000000000000000000
4.8000000000 0.04625455486103995789 0.00000000000000000000
4.8100000000 0.04622926285696016963 0.00000000000000000000
4.8200000000 0.04620410326192293110 0.00000000000000000000
4.8300000000 0.04617907503912934558 0.00000000000000000000
4.8400000000 0.04615417716256845632 0.00000000000000000000
4.8500000000 0.04612940861687708088 0.00000000000000000000
4.8600000000 0.04610476839720257375 0.00000000000000000000
4.8700000000 0.04608025550906753171 0.00000000000000000000
4.8800000000 0.04605586896823616466 0.00000000000000000000
4.8900000000 0.04603160780058344892 0.00000000000000000000
4.9000000000 0.04600747104196541148 0.00000000000000000000
4.9100000000 0.04598345773809218301 0.00000000000000000000
4.9200000000 0.04595956694440243157 0.00000000000000000000
4.9300000000 0.04593579772594018340 0.00000000000000000000
4.9400000000 0.04591214915723276085 0.00000000000000000000
4.9500000000 0.04588862032217148196 0.00000000000000000000
4.9600000000 0.04586521031389362985 0.00000000000000000000
4.9700000000 0.04584191823466609444 0.00000000000000000000
4.9800000000 0.04581874319577103338 0.00000000000000000000
4.9900000000 0.04579568431739317047 0.00000000000000000000
5.0000000000 0.04577274072850880809 0.00000000000000000000
