0.1000000000 0.56365040229340634959 0.00000000000000000000
0.1100000000 0.55164095525601231085 0.00000000000000000000
0.1200000000 0.53981308019649776320 0.00000000000000000000
0.1300000000 0.52816869207560734889 0.00000000000000000000
0.1400000000 0.51670947510242914991 0.00000000000000000000
0.1500000000 0.50543688369153705331 0.00000000000000000000
0.1600000000 0.49435214418286477223 0.00000000000000000000
0.1700000000 0.48345625729408719939 0.00000000000000000000
0.1800000000 0.47275000127120697657 0.00000000000000000000
0.1900000000 0.46223393569942416992 0.00000000000000000000
0.2000000000 0.45190840593324965724 0.00000000000000000000
0.2100000000 0.44177354810220786918 0.00000000000000000000
0.2200000000 0.43182929464637631600 0.00000000000000000000
0.2300000000 0.42207538033441360792 0.00000000000000000000
0.2400000000 0.41251134871563949202 0.00000000000000000000
0.2500000000 0.40313655895712108279 0.00000000000000000000
0.2600000000 0.39395019301657330235 0.00000000000000000000
0.2700000000 0.38495126310216992715 0.00000000000000000000
0.2800000000 0.37613861937105774746 0.00000000000000000000
0.2900000000 0.36751095781942411111 0.00000000000000000000
0.3000000000 0.35906682831837327674 0.00000000000000000000
0.3100000000 0.35080464275154465970 0.00000000000000000000
0.3200000000 0.34272268321237386868 0.00000000000000000000
0.3300000000 0.33481911022103655329 0.00000000000000000000
0.3400000000 0.32709197092347891411 0.00000000000000000000
0.3500000000 0.31953920723740009135 0.00000000000000000000
0.3600000000 0.31215866391264757151 0.00000000000000000000
0.3700000000 0.30494809647613063674 0.00000000000000000000
0.3800000000 0.29790517903404384326 0.00000000000000000000
0.3900000000 0.29102751190689185590 0.00000000000000000000
0.4000000000 0.28431262907546606122 0.00000000000000000000
0.4100000000 0.27775800541856821013 0.00000000000000000000
0.4200000000 0.27136106372581680901 0.00000000000000000000
0.4300000000 0.26511918147136886992 0.00000000000000000000
0.4400000000 0.25902969733673958386 0.00000000000000000000
0.4500000000 0.25308991747319342647 0.00000000000000000000
0.4600000000 0.24729712149629251572 0.00000000000000000000
0.4700000000 0.24164856820721408726 0.00000000000000000000
0.4800000000 0.23614150103730832675 0.00000000000000000000
0.4900000000 0.23077315321410632465 0.00000000000000000000
0.5000000000 0.22554075264857154082 0.00000000000000000000
0.5100000000 0.22044152654484128195 0.00000000000000000000
0.5200000000 0.21547270573501184354 0.00000000000000000000
0.5300000000 0.21063152874269094883 0.00000000000000000000
0.5400000000 0.20591524558008766910 0.00000000000000000000
0.5500000000 0.20132112128431670084 0.00000000000000000000
0.5600000000 0.19684643919938729639 0.00000000000000000000
0.5700000000 0.19248850401102723939 0.00000000000000000000
0.5800000000 0.18824464454205047659 0.00000000000000000000
0.5900000000 0.18411221631645544039 0.00000000000000000000
0.6000000000 0.18008860390079950431 0.00000000000000000000
0.6100000000 0.17617122303169341357 0.00000000000000000000
0.6200000000 0.17235752253844605075 0.00000000000000000000
0.6300000000 0.16864498607004166364 0.00000000000000000000
0.6400000000 0.16503113363568217009 0.00000000000000000000
0.6500000000 0.16151352296814103227 0.00000000000000000000
0.6600000000 0.15808975071912295673 0.00000000000000000000
0.6700000000 0.15475745349573663545 0.00000000000000000000
0.6800000000 0.15151430874705379415 0.00000000000000000000
0.6900000000 0.14835803550954873575 0.00000000000000000000
0.7000000000 0.14528639502002299588 0.00000000000000000000
0.7100000000 0.14229719120439004998 0.00000000000000000000
0.7200000000 0.13938827105045012433 0.00000000000000000000
0.7300000000 0.13655752487251462957 0.00000000000000000000
0.7400000000 0.13380288647546784153 0.00000000000000000000
0.7500000000 0.13112233322556482440 0.00000000000000000000
0.7600000000 0.12851388603496763374 0.00000000000000000000
0.7700000000 0.12597560926671816373 0.00000000000000000000
0.7800000000 0.12350561056654368874 0.00000000000000000000
0.7900000000 0.12110204062760714094 0.00000000000000000000
0.8000000000 0.11876309289396698443 0.00000000000000000000
0.8100000000 0.11648700320827490295 0.00000000000000000000
0.8200000000 0.11427204940888673057 0.00000000000000000000
0.8300000000 0.11211655088132431446 0.00000000000000000000
0.8400000000 0.11001886806870694868 0.00000000000000000000
0.8500000000 0.10797740194551382065 0.00000000000000000000
0.8600000000 0.10599059345878886207 0.00000000000000000000
0.8700000000 0.10405692294061136272 0.00000000000000000000
0.8800000000 0.10217490949543064915 0.00000000000000000000
0.8900000000 0.10034311036562433561 0.00000000000000000000
0.9000000000 0.09856012027841969114 0.00000000000000000000
0.9100000000 0.09682457077703905679 0.00000000000000000000
0.9200000000 0.09513512953886517354 0.00000000000000000000
0.9300000000 0.09349049968302330926 0.00000000000000000000
0.9400000000 0.09188941906978428942 0.00000000000000000000
0.9500000000 0.09033065959387499844 0.00000000000000000000
0.9600000000 0.08881302647369888892 0.00000000000000000000
0.9700000000 0.08733535753825050207 0.00000000000000000000
0.9800000000 0.08589652251339149891 0.00000000000000000000
0.9900000000 0.08449542230899803608 0.00000000000000000000
1.0000000000 0.08313098830847026610 0.00000000000000000000
1.0100000000 0.08180218166146659142 0.00000000000000000000
1.0200000000 0.08050799258161488170 0.00000000000000000000
1.0300000000 0.07924743964993463674 0.00000000000000000000
1.0400000000 0.07801956912446866843 0.00000000000000000000
1.0500000000 0.07682345425774357583 0.00000000000000000000
1.0600000000 0.07565819462222468650 0.00000000000000000000
1.0700000000 0.07452291544464390016 0.00000000000000000000
1.0800000000 0.07341676694973214845 0.00000000000000000000
1.0900000000 0.07233892371385158837 0.00000000000000000000
1.1000000000 0.07128858402897499114 0.00000000000000000000
1.1100000000 0.07026496927738691556 0.00000000000000000000
1.1200000000 0.06926732331742489757 0.00000000000000000000
1.1300000000 0.06829491188052135009 0.00000000000000000000
1.1400000000 0.06734702197975958593 0.00000000000000000000
1.1500000000 0.06642296133012610959 0.00000000000000000000
1.1600000000 0.06552205778058081687 0.00000000000000000000
1.1700000000 0.06464365875803110284 0.00000000000000000000
1.1800000000 0.06378713072329052214 0.00000000000000000000
1.1900000000 0.06295185863902109935 0.00000000000000000000
1.2000000000 0.06213724544967722668 0.00000000000000000000
1.2100000000 0.06134271157341446984 0.00000000000000000000
1.2200000000 0.06056769440591445314 0.00000000000000000000
1.2300000000 0.05981164783605728147 0.00000000000000000000
1.2400000000 0.05907404177333899775 0.00000000000000000000
1.2500000000 0.05835436168694135839 0.00000000000000000000
1.2600000000 0.05765210815631864605 0.00000000000000000000
1.2700000000 0.05696679643317017344 0.00000000000000000000
1.2800000000 0.05629795601464560734 0.00000000000000000000
1.2900000000 0.05564513022763219879 0.00000000000000000000
1.3000000000 0.05500787582394517372 0.00000000000000000000
1.3100000000 0.05438576258625137799 0.00000000000000000000
1.3200000000 0.05377837294454462791 0.00000000000000000000
1.3300000000 0.05318530160298028109 0.00000000000000000000
1.3400000000 0.05260615517687585591 0.00000000000000000000
1.3500000000 0.05204055183968567949 0.00000000000000000000
1.3600000000 0.05148812097974626162 0.00000000000000000000
1.3700000000 0.05094850286658524074 0.00000000000000000000
1.3800000000 0.05042134832660363775 0.00000000000000000000
1.3900000000 0.04990631842791029560 0.00000000000000000000
1.4000000000 0.04940308417411612418 0.00000000000000000000
1.4100000000 0.04891132620687565352 0.00000000000000000000
1.4200000000 0.04843073451697551407 0.00000000000000000000
1.4300000000 0.04796100816376282910 0.00000000000000000000
1.4400000000 0.04750185500271302680 0.00000000000000000000
1.4500000000 0.04705299142093646858 0.00000000000000000000
1.4600000000 0.04661414208042625323 0.00000000000000000000
1.4700000000 0.04618503966884533046 0.00000000000000000000
1.4800000000 0.04576542465766575418 0.00000000000000000000
1.4900000000 0.04535504506746500242 0.00000000000000000000
1.5000000000 0.04495365624018949485 0.00000000000000000000
1.5100000000 0.04456102061820217675 0.00000000000000000000
1.5200000000 0.04417690752993056608 0.00000000000000000000
1.5300000000 0.04380109298193510942 0.00000000000000000000
1.5400000000 0.04343335945722230640 0.00000000000000000000
1.5500000000 0.04307349571963015045 0.00000000000000000000
1.5600000000 0.04272129662411557754 0.00000000000000000000
1.5700000000 0.04237656293277869413 0.00000000000000000000
1.5800000000 0.04203910113646212865 0.00000000000000000000
1.5900000000 0.04170872328176394861 0.00000000000000000000
1.6000000000 0.04138524680331268774 0.00000000000000000000
1.6100000000 0.04106849436114995422 0.00000000000000000000
1.6200000000 0.04075829368307329337 0.00000000000000000000
1.6300000000 0.04045447741179528101 0.00000000000000000000
1.6400000000 0.04015688295677559416 0.00000000000000000000
1.6500000000 0.03986535235059240206 0.00000000000000000000
1.6600000000 0.03957973210971426486 0.00000000000000000000
1.6700000000 0.03929987309954459385 0.00000000000000000000
1.6800000000 0.03902563040361160113 0.00000000000000000000
1.6900000000 0.03875686319677709712 0.00000000000000000000
1.7000000000 0.03849343462234661173 0.00000000000000000000
1.7100000000 0.03823521167296066448 0.00000000000000000000
1.7200000000 0.03798206507515448915 0.00000000000000000000
1.7300000000 0.03773386917747363622 0.00000000000000000000
1.7400000000 0.03749050184203955166 0.00000000000000000000
1.7500000000 0.03725184433945692708 0.00000000000000000000
1.7600000000 0.03701778124696326888 0.00000000000000000000
1.7700000000 0.03678820034972018344 0.00000000000000000000
1.7800000000 0.03656299254514994157 0.00000000000000000000
1.7900000000 0.03634205175022472284 0.00000000000000000000
1.8000000000 0.03612527481161465631 0.00000000000000000000
1.8100000000 0.03591256141861059320 0.00000000000000000000
1.8200000000 0.03570381401873355676 0.00000000000000000000
1.8300000000 0.03549893773594449409 0.00000000000000000000
1.8400000000 0.03529784029138186702 0.00000000000000000000
1.8500000000 0.03510043192653964500 0.00000000000000000000
1.8600000000 0.03490662532881506214 0.00000000000000000000
1.8700000000 0.03471633555935155213 0.00000000000000000000
1.8800000000 0.03452947998310391259 0.00000000000000000000
1.8900000000 0.03434597820105770444 0.00000000000000000000
1.9000000000 0.03416575198453471879 0.00000000000000000000
1.9100000000 0.03398872521152090237 0.00000000000000000000
1.9200000000 0.03381482380495023227 0.00000000000000000000
1.9300000000 0.03364397567288771040 0.00000000000000000000
1.9400000000 0.03347611065054759139 0.00000000000000000000
1.9500000000 0.03331116044409344196 0.00000000000000000000
1.9600000000 0.03314905857616025353 0.00000000000000000000
1.9700000000 0.03298974033304777342 0.00000000000000000000
1.9800000000 0.03283314271353108410 0.00000000000000000000
1.9900000000 0.03267920437923785976 0.00000000000000000000
2.0000000000 0.03252786560654255532 0.00000000000000000000
2.0100000000 0.03237906823993264016 0.00000000000000000000
2.0200000000 0.03223275564679523725 0.00000000000000000000
2.0300000000 0.03208887267358660755 0.00000000000000000000
2.0400000000 0.03194736560333436698 0.00000000000000000000
2.0500000000 0.03180818211443515314 0.00000000000000000000
2.0600000000 0.03167127124070551886 0.00000000000000000000
2.0700000000 0.03153658333264570263 0.00000000000000000000
2.0800000000 0.03140407001988024249 0.00000000000000000000
2.0900000000 0.03127368417473629786 0.00000000000000000000
2.1000000000 0.03114537987692675425 0.00000000000000000000
2.1100000000 0.03101911237929999218 0.00000000000000000000
2.1200000000 0.03089483807462623313 0.00000000000000000000
2.1300000000 0.03077251446338499438 0.00000000000000000000
2.1400000000 0.03065210012252580704 0.00000000000000000000
2.1500000000 0.03053355467516729455 0.00000000000000000000
2.1600000000 0.03041683876120894817 0.00000000000000000000
2.1700000000 0.03030191400882580044 0.00000000000000000000
2.1800000000 0.03018874300681758868 0.00000000000000000000
2.1900000000 0.03007728927778687694 0.00000000000000000000
2.2000000000 0.02996751725211917530 0.00000000000000000000
2.2100000000 0.02985939224274161696 0.00000000000000000000
2.2200000000 0.02975288042063389121 0.00000000000000000000
2.2300000000 0.02964794879106890518 0.00000000000000000000
2.2400000000 0.02954456517056181647 0.00000000000000000000
2.2500000000 0.02944269816450274455 0.00000000000000000000
2.2600000000 0.02934231714545342679 0.00000000000000000000
2.2700000000 0.02924339223208732852 0.00000000000000000000
2.2800000000 0.02914589426875328557 0.00000000000000000000
2.2900000000 0.02904979480564167521 0.00000000000000000000
2.3000000000 0.02895506607953644493 0.00000000000000000000
2.3100000000 0.02886168099513463509 0.00000000000000000000
2.3200000000 0.02876961310691367180 0.00000000000000000000
2.3300000000 0.02867883660153298236 0.00000000000000000000
2.3400000000 0.02858932628075007421 0.00000000000000000000
2.3500000000 0.02850105754483699821 0.00000000000000000000
2.3600000000 0.02841400637648243757 0.00000000000000000000
2.3700000000 0.02832814932516168963 0.00000000000000000000
2.3800000000 0.02824346349196351150 0.00000000000000000000
2.3900000000 0.02815992651485719686 0.00000000000000000000
2.4000000000 0.02807751655438760902 0.00000000000000000000
2.4100000000 0.02799621227978539573 0.00000000000000000000
2.4200000000 0.02791599285547789050 0.00000000000000000000
2.4300000000 0.02783683792799045847 0.00000000000000000000
2.4400000000 0.02775872761322542223 0.00000000000000000000
2.4500000000 0.02768164248410657710 0.00000000000000000000
2.4600000000 0.02760556355857955724 0.00000000000000000000
2.4700000000 0.02753047228795541673 0.00000000000000000000
2.4800000000 0.02745635054558863766 0.00000000000000000000
2.4900000000 0.02738318061587787650 0.00000000000000000000
2.5000000000 0.02731094518358154200 0.00000000000000000000
2.5100000000 0.02723962732343656462 0.00000000000000000000
2.5200000000 0.02716921049007261363 0.00000000000000000000
2.5300000000 0.02709967850821214802 0.00000000000000000000
2.5400000000 0.02703101556314878653 0.00000000000000000000
2.5500000000 0.02696320619149289444 0.00000000000000000000
2.5600000000 0.02689623527218059154 0.00000000000000000000
2.5700000000 0.02683008801773376084 0.00000000000000000000
2.5800000000 0.02676474996576656135 0.00000000000000000000
2.5900000000 0.02670020697073023294 0.00000000000000000000
2.6000000000 0.02663644519588844253 0.00000000000000000000
2.6100000000 0.02657345110551696463 0.00000000000000000000
2.6200000000 0.02651121145732093093 0.00000000000000000000
2.6300000000 0.02644971329506280722 0.00000000000000000000
2.6400000000 0.02638894394139473451 0.00000000000000000000
2.6500000000 0.02632889099089059937 0.00000000000000000000
2.6600000000 0.02626954230326895151 0.00000000000000000000
2.6700000000 0.02621088599680510695 0.00000000000000000000
2.6800000000 0.02615291044192209410 0.00000000000000000000
2.6900000000 0.02609560425496037714 0.00000000000000000000
2.7000000000 0.02603895629211630883 0.00000000000000000000
2.7100000000 0.02598295564354746040 0.00000000000000000000
2.7200000000 0.02592759162763870126 0.00000000000000000000
2.7300000000 0.02587285378542464667 0.00000000000000000000
2.7400000000 0.02581873187516321722 0.00000000000000000000
2.7500000000 0.02576521586705707995 0.00000000000000000000
2.7600000000 0.02571229593811773934 0.00000000000000000000
2.7700000000 0.02565996246716795853 0.00000000000000000000
2.7800000000 0.02560820602997948559 0.00000000000000000000
2.7900000000 0.02555701739454139740 0.00000000000000000000
2.8000000000 0.02550638751645504035 0.00000000000000000000
2.8100000000 0.02545630753445258382 0.00000000000000000000
2.8200000000 0.02540676876603533904 0.00000000000000000000
2.8300000000 0.02535776270322809972 0.00000000000000000000
2.8400000000 0.02530928100844671153 0.00000000000000000000
2.8500000000 0.02526131551047481466 0.00000000000000000000
2.8600000000 0.02521385820054772298 0.00000000000000000000
2.8700000000 0.02516690122853916523 0.00000000000000000000
2.8800000000 0.02512043689924868886 0.00000000000000000000
2.8900000000 0.02507445766878708612 0.00000000000000000000
2.9000000000 0.02502895614105591846 0.00000000000000000000
2.9100000000 0.02498392506431961618 0.00000000000000000000
2.9200000000 0.02493935732786735707 0.00000000000000000000
2.9300000000 0.02489524595876092469 0.00000000000000000000
2.9400000000 0.02485158411866812342 0.00000000000000000000
2.9500000000 0.02480836510077764900 0.00000000000000000000
2.9600000000 0.02476558232679392652 0.00000000000000000000
2.9700000000 0.02472322934400966038 0.00000000000000000000
2.9800000000 0.02468129982245349796 0.00000000000000000000
2.9900000000 0.02463978755211081173 0.00000000000000000000
3.0000000000 0.02459868644021603878 0.00000000000000000000
3.0100000000 0.02455799050861400337 0.00000000000000000000
3.0200000000 0.02451769389118863690 0.00000000000000000000
3.0300000000 0.02447779083135646558 0.00000000000000000000
3.0400000000 0.02443827567962490385 0.00000000000000000000
3.0500000000 0.02439914289121111746 0.00000000000000000000
3.0600000000 0.02436038702372138320 0.00000000000000000000
3.0700000000 0.02432200273488953693 0.00000000000000000000
3.0800000000 0.02428398478037082156 0.00000000000000000000
3.0900000000 0.02424632801159262024 0.00000000000000000000
3.1000000000 0.02420902737365759894 0.00000000000000000000
3.1100000000 0.02417207790329969908 0.00000000000000000000
3.1200000000 0.02413547472689114501 0.00000000000000000000
3.1300000000 0.02409921305849823184 0.00000000000000000000
3.1400000000 0.02406328819798584165 0.00000000000000000000
3.1500000000 0.02402769552916833931 0.00000000000000000000
3.1600000000 0.02399243051800628579 0.00000000000000000000
3.1700000000 0.02395748871084698792 0.00000000000000000000
3.1800000000 0.02392286573270853076 0.00000000000000000000
3.1900000000 0.02388855728560551270 0.00000000000000000000
3.2000000000 0.02385455914691587617 0.00000000000000000000
3.2100000000 0.02382086716778671065 0.00000000000000000000
3.2200000000 0.02378747727157942346 0.00000000000000000000
3.2300000000 0.02375438545235229737 0.00000000000000000000
3.2400000000 0.02372158777337931776 0.00000000000000000000
3.2500000000 0.02368908036570485307 0.00000000000000000000
3.2600000000 0.02365685942673312683 0.00000000000000000000
3.2700000000 0.02362492121885113525 0.00000000000000000000
3.2800000000 0.02359326206808463888 0.00000000000000000000
3.2900000000 0.02356187836278599707 0.00000000000000000000
3.3000000000 0.02353076655235306069 0.00000000000000000000
3.3100000000 0.02349992314597881132 0.00000000000000000000
3.3200000000 0.02346934471142974113 0.00000000000000000000
3.3300000000 0.02343902787385402156 0.00000000000000000000
3.3400000000 0.02340896931461642488 0.00000000000000000000
3.3500000000 0.02337916577016178193 0.00000000000000000000
3.3600000000 0.02334961403090392643 0.00000000000000000000
3.3700000000 0.02332031094014111114 0.00000000000000000000
3.3800000000 0.02329125339299656372 0.00000000000000000000
3.3900000000 0.02326243833538331127 0.00000000000000000000
3.4000000000 0.02323386276299301348 0.00000000000000000000
3.4100000000 0.02320552372030843316 0.00000000000000000000
3.4200000000 0.02317741829963798975 0.00000000000000000000
3.4300000000 0.02314954364017294750 0.00000000000000000000
3.4400000000 0.02312189692706594427 0.00000000000000000000
3.4500000000 0.02309447539053031268 0.00000000000000000000
3.4600000000 0.02306727630496029427 0.00000000000000000000
3.4700000000 0.02304029698807101220 0.00000000000000000000
3.4800000000 0.02301353480005755708 0.00000000000000000000
3.4900000000 0.02298698714277349134 0.00000000000000000000
3.5000000000 0.02296065145892764447 0.00000000000000000000
3.5100000000 0.02293452523129878642 0.00000000000000000000
3.5200000000 0.02290860598196811301 0.00000000000000000000
3.5300000000 0.02288289127156845418 0.00000000000000000000
3.5400000000 0.02285737869855055185 0.00000000000000000000
3.5500000000 0.02283206589846544995 0.00000000000000000000
3.5600000000 0.02280695054326278490 0.00000000000000000000
3.5700000000 0.02278203034060435200 0.00000000000000000000
3.5800000000 0.02275730303319295489 0.00000000000000000000
3.5900000000 0.02273276639811591324 0.00000000000000000000
3.6000000000 0.02270841824620317001 0.00000000000000000000
3.6100000000 0.02268425642139872481 0.00000000000000000000
3.6200000000 0.02266027880014648624 0.00000000000000000000
3.6300000000 0.02263648329078890575 0.00000000000000000000
3.6400000000 0.02261286783297901046 0.00000000000000000000
3.6500000000 0.02258943039710466574 0.00000000000000000000
3.6600000000 0.02256616898372560895 0.00000000000000000000
3.6700000000 0.02254308162302237975 0.00000000000000000000
3.6800000000 0.02252016637425700851 0.00000000000000000000
3.6900000000 0.02249742132524517810 0.00000000000000000000
3.7000000000 0.02247484459183984179 0.00000000000000000000
3.7100000000 0.02245243431742539528 0.00000000000000000000
3.7200000000 0.02243018867242285025 0.00000000000000000000
3.7300000000 0.02240810585380532960 0.00000000000000000000
3.7400000000 0.02238618408462376627 0.00000000000000000000
3.7500000000 0.02236442161354242411 0.00000000000000000000
3.7600000000 0.02234281671438437256 0.00000000000000000000
3.7700000000 0.02232136768568621088 0.00000000000000000000
3.7800000000 0.02230007285026202463 0.00000000000000000000
3.7900000000 0.02227893055477656731 0.00000000000000000000
3.8000000000 0.02225793916932734817 0.00000000000000000000
3.8100000000 0.02223709708703473786 0.00000000000000000000
3.8200000000 0.02221640272364126464 0.00000000000000000000
3.8300000000 0.02219585451711846708 0.00000000000000000000
3.8400000000 0.02217545092728251399 0.00000000000000000000
3.8500000000 0.02215519043541661418 0.00000000000000000000
3.8600000000 0.02213507154390225232 0.00000000000000000000
3.8700000000 0.02211509277585702038 0.00000000000000000000
3.8800000000 0.02209525267478010258 0.00000000000000000000
3.8900000000 0.02207554980420506699 0.00000000000000000000
3.9000000000 0.02205598274735927691 0.00000000000000000000
3.9100000000 0.02203655010683031046 0.00000000000000000000
3.9200000000 0.02201725050423918029 0.00000000000000000000
3.9300000000 0.02199808257991965610 0.00000000000000000000
3.9400000000 0.02197904499260440805 0.00000000000000000000
3.9500000000 0.02196013641911719050 0.00000000000000000000
3.9600000000 0.02194135555407088559 0.00000000000000000000
3.9700000000 0.02192270110957181620 0.00000000000000000000
3.9800000000 0.02190417181492976262 0.00000000000000000000
3.9900000000 0.02188576641637357198 0.00000000000000000000
4.0000000000 0.02186748367677247840 0.00000000000000000000
4.0100000000 0.02184932237536257871 0.00000000000000000000
4.0200000000 0.02183128130747891832 0.00000000000000000000
4.0300000000 0.02181335928429266671 0.00000000000000000000
4.0400000000 0.02179555513255328550 0.00000000000000000000
4.0500000000 0.02177786769433574798 0.00000000000000000000
4.0600000000 0.02176029582679247371 0.00000000000000000000
4.0700000000 0.02174283840191034572 0.00000000000000000000
4.0800000000 0.02172549430627191899 0.00000000000000000000
4.0900000000 0.02170826244082145126 0.00000000000000000000
4.1000000000 0.02169114172063544774 0.00000000000000000000
4.1100000000 0.02167413107469728234 0.00000000000000000000
4.1200000000 0.02165722944567639169 0.00000000000000000000
4.1300000000 0.02164043578971107731 0.00000000000000000000
4.1400000000 0.02162374907619626224 0.00000000000000000000
4.1500000000 0.02160716828757441865 0.00000000000000000000
4.1600000000 0.02159069241913060336 0.00000000000000000000
4.1700000000 0.02157432047879172948 0.00000000000000000000
4.1800000000 0.02155805148692904738 0.00000000000000000000
4.1900000000 0.02154188447616435867 0.00000000000000000000
4.2000000000 0.02152581849118022014 0.00000000000000000000
4.2100000000 0.02150985258853318344 0.00000000000000000000
4.2200000000 0.02149398583647049027 0.00000000000000000000
4.2300000000 0.02147821731475059795 0.00000000000000000000
4.2400000000 0.02146254611446631044 0.00000000000000000000
4.2500000000 0.02144697133787172236 0.00000000000000000000
4.2600000000 0.02143149209821189338 0.00000000000000000000
4.2700000000 0.02141610751955579095 0.00000000000000000000
4.2800000000 0.02140081673663227907 0.00000000000000000000
4.2900000000 0.02138561889466898333 0.00000000000000000000
4.3000000000 0.02137051314923404943 0.00000000000000000000
4.3100000000 0.02135549866608070155 0.00000000000000000000
4.3200000000 0.02134057462099478095 0.00000000000000000000
4.3300000000 0.02132574019964475140 0.00000000000000000000
4.3400000000 0.02131099459743441421 0.00000000000000000000
4.3500000000 0.02129633701935848555 0.00000000000000000000
4.3600000000 0.02128176667986027282 0.00000000000000000000
4.3700000000 0.02126728280269234855 0.00000000000000000000
4.3800000000 0.02125288462077925405 0.00000000000000000000
4.3900000000 0.02123857137608297849 0.00000000000000000000
4.4000000000 0.02122434231947041214 0.00000000000000000000
4.4100000000 0.02121019671058339134 0.00000000000000000000
4.4200000000 0.02119613381771097774 0.00000000000000000000
4.4300000000 0.02118215291766374977 0.00000000000000000000
4.4400000000 0.02116825329565048472 0.00000000000000000000
4.4500000000 0.02115443424515690493 0.00000000000000000000
4.4600000000 0.02114069506782646768 0.00000000000000000000
4.4700000000 0.02112703507334317762 0.00000000000000000000
4.4800000000 0.02111345357931643588 0.00000000000000000000
4.4900000000 0.02109994991116810256 0.00000000000000000000
4.5000000000 0.02108652340202081532 0.00000000000000000000
4.5100000000 0.02107317339258906255 0.00000000000000000000
4.5200000000 0.02105989923107128015 0.00000000000000000000
4.5300000000 0.02104670027304461621 0.00000000000000000000
4.5400000000 0.02103357588136053891 0.00000000000000000000
4.5500000000 0.02102052542604289018 0.00000000000000000000
4.5600000000 0.02100754828418749040 0.00000000000000000000
4.5700000000 0.02099464383986318280 0.00000000000000000000
4.5800000000 0.02098181148401486243 0.00000000000000000000
4.5900000000 0.02096905061436775755 0.00000000000000000000
4.6000000000 0.02095636063533370258 0.00000000000000000000
4.6100000000 0.02094374095791849341 0.00000000000000000000
4.6200000000 0.02093119099963130364 0.00000000000000000000
4.6300000000 0.02091871018439503752 0.00000000000000000000
4.6400000000 0.02090629794245865355 0.00000000000000000000
4.6500000000 0.02089395371031049775 0.00000000000000000000
4.6600000000 0.02088167693059331601 0.00000000000000000000
4.6700000000 0.02086946705202063351 0.00000000000000000000
4.6800000000 0.02085732352929442479 0.00000000000000000000
4.6900000000 0.02084524582302391474 0.00000000000000000000
4.7000000000 0.02083323339964624279 0.00000000000000000000
4.7100000000 0.02082128573134777241 0.00000000000000000000
4.7200000000 0.02080940229598709015 0.00000000000000000000
4.7300000000 0.02079758257701908031 0.00000000000000000000
4.7400000000 0.02078582606342017219 0.00000000000000000000
4.7500000000 0.02077413224961500993 0.00000000000000000000
4.7600000000 0.02076250063540381260 0.00000000000000000000
4.7700000000 0.02075093072589148310 0.00000000000000000000
4.7800000000 0.02073942203141746626 0.00000000000000000000
4.7900000000 0.02072797406748661669 0.00000000000000000000
4.8000000000 0.02071658635470161394 0.00000000000000000000
4.8100000000 0.02070525841869588074 0.00000000000000000000
4.8200000000 0.02069398979006803474 0.00000000000000000000
4.8300000000 0.02068278000431700639 0.00000000000000000000
4.8400000000 0.02067162860177844397 0.00000000000000000000
4.8500000000 0.02066053512756181598 0.00000000000000000000
4.8600000000 0.02064949913148873481 0.00000000000000000000
4.8700000000 0.02063852016803226913 0.00000000000000000000
4.8800000000 0.02062759779625677331 0.00000000000000000000
4.8900000000 0.02061673157975928497 0.00000000000000000000
4.9000000000 0.02060592108661115501 0.00000000000000000000
4.9100000000 0.02059516588930104461 0.00000000000000000000
4.9200000000 0.02058446556467877220 0.00000000000000000000
4.9300000000 0.02057381969389959070 0.00000000000000000000
4.9400000000 0.02056322786236976577 0.00000000000000000000
4.9500000000 0.02055268965969291386 0.00000000000000000000
4.9600000000 0.02054220467961678093 0.00000000000000000000
4.9700000000 0.02053177251998143313 0.00000000000000000000
4.9800000000 0.02052139278266750314 0.00000000000000000000
4.9900000000 0.02051106507354592476 0.00000000000000000000
5.0000000000 0.02050078900242797986 0.00000000000000000000
