0.1000000000 1.09114622702227848094 0.00000000000000000000
0.1100000000 1.06431615735909868015 0.00000000000000000000
0.1200000000 1.03799838687729484299 0.00000000000000000000
0.1300000000 1.01219610635087331474 0.00000000000000000000
0.1400000000 0.98691165143413428495 0.00000000000000000000
0.1500000000 0.96214652094575536800 0.00000000000000000000
0.1600000000 0.93790139873840250306 0.00000000000000000000
0.1700000000 0.91417617882653123829 0.00000000000000000000
0.1800000000 0.89096999342722527082 0.00000000000000000000
0.1900000000 0.86828124355715996519 0.00000000000000000000
0.2000000000 0.84610763182287063167 0.00000000000000000000
0.2100000000 0.82444619704108135227 0.00000000000000000000
0.2200000000 0.80329335033055504489 0.00000000000000000000
0.2300000000 0.78264491232618238481 0.00000000000000000000
0.2400000000 0.76249615117935332087 0.00000000000000000000
0.2500000000 0.74284182102539086934 0.00000000000000000000
0.2600000000 0.72367620061842874435 0.00000000000000000000
0.2700000000 0.70499313185591794273 0.00000000000000000000
0.2800000000 0.68678605793842883998 0.00000000000000000000
0.2900000000 0.66904806093494018082 0.00000000000000000000
0.3000000000 0.65177189854894834742 0.00000000000000000000
0.3100000000 0.63495003990594323096 0.00000000000000000000
0.3200000000 0.61857470020770299879 0.00000000000000000000
0.3300000000 0.60263787412311986547 0.00000000000000000000
0.3400000000 0.58713136780853802943 0.00000000000000000000
0.3500000000 0.57204682947265494963 0.00000000000000000000
0.3600000000 0.55737577842171670550 0.00000000000000000000
0.3700000000 0.54310963253986976884 0.00000000000000000000
0.3800000000 0.52923973417705361122 0.00000000000000000000
0.3900000000 0.51575737443265823323 0.00000000000000000000
0.4000000000 0.50265381583732793302 0.00000000000000000000
0.4100000000 0.48992031344778630420 0.00000000000000000000
0.4200000000 0.47754813438043214324 0.00000000000000000000
0.4300000000 0.46552857581876982973 0.00000000000000000000
0.4400000000 0.45385298153758735218 0.00000000000000000000
0.4500000000 0.44251275699326797497 0.00000000000000000000
0.4600000000 0.43149938303481377710 0.00000000000000000000
0.4700000000 0.42080442829419190121 0.00000000000000000000
0.4800000000 0.41041956031759668777 0.00000000000000000000
0.4900000000 0.40033655550123675715 0.00000000000000000000
0.5000000000 0.39054730789645669686 0.00000000000000000000
0.5100000000 0.38104383694945298533 0.00000000000000000000
0.5200000000 0.37181829424065648837 0.00000000000000000000
0.5300000000 0.36286296928812677987 0.00000000000000000000
0.5400000000 0.35417029447811049225 0.00000000000000000000
0.5500000000 0.34573284918433683233 0.00000000000000000000
0.5600000000 0.33754336313575650230 0.00000000000000000000
0.5700000000 0.32959471909026533121 0.00000000000000000000
0.5800000000 0.32187995486967474479 0.00000000000000000000
0.5900000000 0.31439226480869991720 0.00000000000000000000
0.6000000000 0.30712500066819398148 0.00000000000000000000
0.6100000000 0.30007167206025947559 0.00000000000000000000
0.6200000000 0.29322594643022598104 0.00000000000000000000
0.6300000000 0.28658164863786733667 0.00000000000000000000
0.6400000000 0.28013276017762439585 0.00000000000000000000
0.6500000000 0.27387341807509535396 0.00000000000000000000
0.6600000000 0.26779791349451753657 0.00000000000000000000
0.6700000000 0.26190069008963018371 0.00000000000000000000
0.6800000000 0.25617634212794648807 0.00000000000000000000
0.6900000000 0.25061961241627395136 0.00000000000000000000
0.7000000000 0.24522539005319704541 0.00000000000000000000
0.7100000000 0.23998870803223321113 0.00000000000000000000
0.7200000000 0.23490474071745048867 0.00000000000000000000
0.7300000000 0.22996880121154786303 0.00000000000000000000
0.7400000000 0.22517633863470132294 0.00000000000000000000
0.7500000000 0.22052293533088254684 0.00000000000000000000
0.7600000000 0.21600430401686152027 0.00000000000000000000
0.7700000000 0.21161628488771913603 0.00000000000000000000
0.7800000000 0.20735484269138906854 0.00000000000000000000
0.7900000000 0.20321606378354095668 0.00000000000000000000
0.8000000000 0.19919615317299591006 0.00000000000000000000
0.8100000000 0.19529143156681399995 0.00000000000000000000
0.8200000000 0.19149833242325356442 0.00000000000000000000
0.8300000000 0.18781339901989710373 0.00000000000000000000
0.8400000000 0.18423328154340712359 0.00000000000000000000
0.8500000000 0.18075473420667409474 0.00000000000000000000
0.8600000000 0.17737461239835561333 0.00000000000000000000
0.8700000000 0.17408986986923141727 0.00000000000000000000
0.8800000000 0.17089755595919695064 0.00000000000000000000
0.8900000000 0.16779481286819353247 0.00000000000000000000
0.9000000000 0.16477887297385446219 0.00000000000000000000
0.9100000000 0.16184705619829700685 0.00000000000000000000
0.9200000000 0.15899676742597484980 0.00000000000000000000
0.9300000000 0.15622549397422974549 0.00000000000000000000
0.9400000000 0.15353080311785868850 0.00000000000000000000
0.9500000000 0.15091033966859207505 0.00000000000000000000
0.9600000000 0.14836182361031127752 0.00000000000000000000
0.9700000000 0.14588304779043340109 0.00000000000000000000
0.9800000000 0.14347187566770189249 0.00000000000000000000
0.9900000000 0.14112623911651964170 0.00000000000000000000
1.0000000000 0.13884413628787728445 0.00000000000000000000
1.0100000000 0.13662362952589612863 0.00000000000000000000
1.0200000000 0.13446284334080216283 0.00000000000000000000
1.0300000000 0.13235996243715431042 0.00000000000000000000
1.0400000000 0.13031322979619106017 0.00000000000000000000
1.0500000000 0.12832094481274594622 0.00000000000000000000
1.0600000000 0.12638146148511728017 0.00000000000000000000
1.0700000000 0.12449318665744306400 0.00000000000000000000
1.0800000000 0.12265457831350837226 0.00000000000000000000
1.0900000000 0.12086414392111022309 0.00000000000000000000
1.1000000000 0.11912043882599497591 0.00000000000000000000
1.1100000000 0.11742206469433727478 0.00000000000000000000
1.1200000000 0.11576766800271973135 0.00000000000000000000
1.1300000000 0.11415593857454223170 0.00000000000000000000
1.1400000000 0.11258560816180090969 0.00000000000000000000
1.1500000000 0.11105544907113291953 0.00000000000000000000
1.1600000000 0.10956427283303613041 0.00000000000000000000
1.1700000000 0.10811092891317225506 0.00000000000000000000
1.1800000000 0.10669430346466125814 0.00000000000000000000
1.1900000000 0.10531331812026170636 0.00000000000000000000
1.2000000000 0.10396692882338223751 0.00000000000000000000
1.2100000000 0.10265412469682819174 0.00000000000000000000
1.2200000000 0.10137392694823596506 0.00000000000000000000
1.2300000000 0.10012538781114313502 0.00000000000000000000
1.2400000000 0.09890758952066784626 0.00000000000000000000
1.2500000000 0.09771964332277974230 0.00000000000000000000
1.2600000000 0.09656068851615888515 0.00000000000000000000
1.2700000000 0.09542989152568240319 0.00000000000000000000
1.2800000000 0.09432644500655297526 0.00000000000000000000
1.2900000000 0.09324956697815434126 0.00000000000000000000
1.3000000000 0.09219849998669700508 0.00000000000000000000
1.3100000000 0.09117251029577147503 0.00000000000000000000
1.3200000000 0.09017088710391257811 0.00000000000000000000
1.3300000000 0.08919294178834230591 0.00000000000000000000
1.3400000000 0.08823800717403236515 0.00000000000000000000
1.3500000000 0.08730543682729610677 0.00000000000000000000
1.3600000000 0.08639460437310120255 0.00000000000000000000
1.3700000000 0.08550490283534351033 0.00000000000000000000
1.3800000000 0.08463574399932816128 0.00000000000000000000
1.3900000000 0.08378655779572857787 0.00000000000000000000
1.4000000000 0.08295679170532258007 0.00000000000000000000
1.4100000000 0.08214591018381035836 0.00000000000000000000
1.4200000000 0.08135339410605230137 0.00000000000000000000
1.4300000000 0.08057874022908079192 0.00000000000000000000
1.4400000000 0.07982146067325422700 0.00000000000000000000
1.4500000000 0.07908108242094540052 0.00000000000000000000
1.4600000000 0.07835714683218197862 0.00000000000000000000
1.4700000000 0.07764920917665245337 0.00000000000000000000
1.4800000000 0.07695683818154201716 0.00000000000000000000
1.4900000000 0.07627961559464491170 0.00000000000000000000
1.5000000000 0.07561713576225084776 0.00000000000000000000
1.5100000000 0.07496900522128868705 0.00000000000000000000
1.5200000000 0.07433484230524807501 0.00000000000000000000
1.5300000000 0.07371427676341263391 0.00000000000000000000
1.5400000000 0.07310694939293881089 0.00000000000000000000
1.5500000000 0.07251251168335169639 0.00000000000000000000
1.5600000000 0.07193062547302386811 0.00000000000000000000
1.5700000000 0.07136096261723261225 0.00000000000000000000
1.5800000000 0.07080320466739237206 0.00000000000000000000
1.5900000000 0.07025704256108161738 0.00000000000000000000
1.6000000000 0.06972217632249229358 0.00000000000000000000
1.6100000000 0.06919831477294151323 0.00000000000000000000
1.6200000000 0.06868517525110133526 0.00000000000000000000
1.6300000000 0.06818248334260992860 0.00000000000000000000
1.6400000000 0.06768997261874096227 0.00000000000000000000
1.6500000000 0.06720738438382031776 0.00000000000000000000
1.6600000000 0.06673446743108620016 0.00000000000000000000
1.6700000000 0.06627097780670516969 0.00000000000000000000
1.6800000000 0.06581667858165585194 0.00000000000000000000
1.6900000000 0.06537133963121921632 0.00000000000000000000
1.7000000000 0.06493473742180415342 0.00000000000000000000
1.7100000000 0.06450665480485827386 0.00000000000000000000
1.7200000000 0.06408688081762206612 0.00000000000000000000
1.7300000000 0.06367521049048814608 0.00000000000000000000
1.7400000000 0.06327144466073954254 0.00000000000000000000
1.7500000000 0.06287538979244421122 0.00000000000000000000
1.7600000000 0.06248685780229946279 0.00000000000000000000
1.7700000000 0.06210566589121590403 0.00000000000000000000
1.7800000000 0.06173163638144874704 0.00000000000000000000
1.7900000000 0.06136459655908146904 0.00000000000000000000
1.8000000000 0.06100437852168096031 0.00000000000000000000
1.8100000000 0.06065081903094562271 0.00000000000000000000
1.8200000000 0.06030375937017665167 0.00000000000000000000
1.8300000000 0.05996304520640390046 0.00000000000000000000
1.8400000000 0.05962852645701289395 0.00000000000000000000
1.8500000000 0.05930005716071079513 0.00000000000000000000
1.8600000000 0.05897749535269382337 0.00000000000000000000
1.8700000000 0.05866070294386233758 0.00000000000000000000
1.8800000000 0.05834954560395184259 0.00000000000000000000
1.8900000000 0.05804389264844438123 0.00000000000000000000
1.9000000000 0.05774361692913464877 0.00000000000000000000
1.9100000000 0.05744859472822037155 0.00000000000000000000
1.9200000000 0.05715870565580376955 0.00000000000000000000
1.9300000000 0.05687383255068630128 0.00000000000000000000
1.9400000000 0.05659386138434338576 0.00000000000000000000
1.9500000000 0.05631868116797349166 0.00000000000000000000
1.9600000000 0.05604818386251787798 0.00000000000000000000
1.9700000000 0.05578226429154985178 0.00000000000000000000
1.9800000000 0.05552082005693679406 0.00000000000000000000
1.9900000000 0.05526375145718329107 0.00000000000000000000
2.0000000000 0.05501096140836241044 0.00000000000000000000
2.0100000000 0.05476235536755161282 0.00000000000000000000
2.0200000000 0.05451784125868756881 0.00000000000000000000
2.0300000000 0.05427732940075748885 0.00000000000000000000
2.0400000000 0.05404073243825339989 0.00000000000000000000
2.0500000000 0.05380796527380806576 0.00000000000000000000
2.0600000000 0.05357894500294541756 0.00000000000000000000
2.0700000000 0.05335359085087130332 0.00000000000000000000
2.0800000000 0.05313182411123829052 0.00000000000000000000
2.0900000000 0.05291356808681950408 0.00000000000000000000
2.1000000000 0.05269874803202607982 0.00000000000000000000
2.1100000000 0.05248729109721137626 0.00000000000000000000
2.1200000000 0.05227912627469922385 0.00000000000000000000
2.1300000000 0.05207418434647950040 0.00000000000000000000
2.1400000000 0.05187239783351997591 0.00000000000000000000
2.1500000000 0.05167370094663668867 0.00000000000000000000
2.1600000000 0.05147802953887486987 0.00000000000000000000
2.1700000000 0.05128532105934931890 0.00000000000000000000
2.1800000000 0.05109551450849741938 0.00000000000000000000
2.1900000000 0.05090855039469908278 0.00000000000000000000
2.2000000000 0.05072437069221678863 0.00000000000000000000
2.2100000000 0.05054291880041653084 0.00000000000000000000
2.2200000000 0.05036413950422379687 0.00000000000000000000
2.2300000000 0.05018797893577899710 0.00000000000000000000
2.2400000000 0.05001438453724989242 0.00000000000000000000
2.2500000000 0.04984330502476557595 0.00000000000000000000
2.2600000000 0.04967469035343501788 0.00000000000000000000
2.2700000000 0.04950849168341657502 0.00000000000000000000
2.2800000000 0.04934466134700287582 0.00000000000000000000
2.2900000000 0.04918315281668967504 0.00000000000000000000
2.3000000000 0.04902392067419738403 0.00000000000000000000
2.3100000000 0.04886692058041403053 0.00000000000000000000
2.3200000000 0.04871210924623064348 0.00000000000000000000
2.3300000000 0.04855944440424078690 0.00000000000000000000
2.3400000000 0.04840888478127702843 0.00000000000000000000
2.3500000000 0.04826039007175648293 0.00000000000000000000
2.3600000000 0.04811392091181240782 0.00000000000000000000
2.3700000000 0.04796943885418329667 0.00000000000000000000
2.3800000000 0.04782690634384001438 0.00000000000000000000
2.3900000000 0.04768628669432358608 0.00000000000000000000
2.4000000000 0.04754754406477408601 0.00000000000000000000
2.4100000000 0.04741064343762790151 0.00000000000000000000
2.4200000000 0.04727555059696280509 0.00000000000000000000
2.4300000000 0.04714223210746903980 0.00000000000000000000
2.4400000000 0.04701065529403061771 0.00000000000000000000
2.4500000000 0.04688078822189381545 0.00000000000000000000
2.4600000000 0.04675259967740631045 0.00000000000000000000
2.4700000000 0.04662605914930977730 0.00000000000000000000
2.4800000000 0.04650113681056856213 0.00000000000000000000
2.4900000000 0.04637780350071717128 0.00000000000000000000
2.5000000000 0.04625603070871000394 0.00000000000000000000
2.5100000000 0.04613579055626203240 0.00000000000000000000
2.5200000000 0.04601705578165835725 0.00000000000000000000
2.5300000000 0.04589979972402552511 0.00000000000000000000
2.5400000000 0.04578399630804461107 0.00000000000000000000
2.5500000000 0.04566962002909683710 0.00000000000000000000
2.5600000000 0.04555664593882604446 0.00000000000000000000
2.5700000000 0.04544504963110624490 0.00000000000000000000
2.5800000000 0.04533480722840192018 0.00000000000000000000
2.5900000000 0.04522589536850928765 0.00000000000000000000
2.6000000000 0.04511829119166656243 0.00000000000000000000
2.6100000000 0.04501197232802254394 0.00000000000000000000
2.6200000000 0.04490691688545250110 0.00000000000000000000
2.6300000000 0.04480310343771142650 0.00000000000000000000
2.6400000000 0.04470051101291351581 0.00000000000000000000
2.6500000000 0.04459911908232902511 0.00000000000000000000
2.6600000000 0.04449890754948912508 0.00000000000000000000
2.6700000000 0.04439985673958872503 0.00000000000000000000
2.6800000000 0.04430194738917874603 0.00000000000000000000
2.6900000000 0.04420516063614033514 0.00000000000000000000
2.7000000000 0.04410947800993057777 0.00000000000000000000
2.7100000000 0.04401488142209368515 0.00000000000000000000
2.7200000000 0.04392135315702865722 0.00000000000000000000
2.7300000000 0.04382887586300639876 0.00000000000000000000
2.7400000000 0.04373743254342864900 0.00000000000000000000
2.7500000000 0.04364700654832176507 0.00000000000000000000
2.7600000000 0.04355758156605873260 0.00000000000000000000
2.7700000000 0.04346914161530210374 0.00000000000000000000
2.7800000000 0.04338167103716282502 0.00000000000000000000
2.7900000000 0.04329515448756608709 0.00000000000000000000
2.8000000000 0.04320957692982118487 0.00000000000000000000
2.8100000000 0.04312492362738803986 0.00000000000000000000
2.8200000000 0.04304118013683377875 0.00000000000000000000
2.8300000000 0.04295833230097586414 0.00000000000000000000
2.8400000000 0.04287636624220544229 0.00000000000000000000
2.8500000000 0.04279526835598478074 0.00000000000000000000
2.8600000000 0.04271502530451574270 0.00000000000000000000
2.8700000000 0.04263562401057352513 0.00000000000000000000
2.8800000000 0.04255705165149983177 0.00000000000000000000
2.8900000000 0.04247929565335318430 0.00000000000000000000
2.9000000000 0.04240234368520983538 0.00000000000000000000
2.9100000000 0.04232618365361220242 0.00000000000000000000
2.9200000000 0.04225080369716081169 0.00000000000000000000
2.9300000000 0.04217619218124409042 0.00000000000000000000
2.9400000000 0.04210233769290463307 0.00000000000000000000
2.9500000000 0.04202922903583580783 0.00000000000000000000
2.9600000000 0.04195685522550621910 0.00000000000000000000
2.9700000000 0.04188520548440826524 0.00000000000000000000
2.9800000000 0.04181426923742779383 0.00000000000000000000
2.9900000000 0.04174403610732955322 0.00000000000000000000
3.0000000000 0.04167449591035869705 0.00000000000000000000
3.0100000000 0.04160563865195091721 0.00000000000000000000
3.0200000000 0.04153745452255219739 0.00000000000000000000
3.0300000000 0.04146993389354226844 0.00000000000000000000
3.0400000000 0.04140306731325978096 0.00000000000000000000
3.0500000000 0.04133684550312781425 0.00000000000000000000
3.0600000000 0.04127125935387435107 0.00000000000000000000
3.0700000000 0.04120629992184728779 0.00000000000000000000
3.0800000000 0.04114195842542051063 0.00000000000000000000
3.0900000000 0.04107822624148849133 0.00000000000000000000
3.1000000000 0.04101509490204706398 0.00000000000000000000
3.1100000000 0.04095255609085860643 0.00000000000000000000
3.1200000000 0.04089060164019896193 0.00000000000000000000
3.1300000000 0.04082922352768234703 0.00000000000000000000
3.1400000000 0.04076841387316591098 0.00000000000000000000
3.1500000000 0.04070816493572766009 0.00000000000000000000
3.1600000000 0.04064846911071853808 0.00000000000000000000
3.1700000000 0.04058931892688578263 0.00000000000000000000
3.1800000000 0.04053070704356442899 0.00000000000000000000
3.1900000000 0.04047262624793853542 0.00000000000000000000
3.2000000000 0.04041506945236615633 0.00000000000000000000
3.2100000000 0.04035802969176911087 0.00000000000000000000
3.2200000000 0.04030150012108479202 0.00000000000000000000
3.2300000000 0.04024547401277934339 0.00000000000000000000
3.2400000000 0.04018994475441853981 0.00000000000000000000
3.2500000000 0.04013490584629753749 0.00000000000000000000
3.2600000000 0.04008035089912544147 0.00000000000000000000
3.2700000000 0.04002627363176533559 0.00000000000000000000
3.2800000000 0.03997266786902676367 0.00000000000000000000
3.2900000000 0.03991952753951023142 0.00000000000000000000
3.3000000000 0.03986684667350173794 0.00000000000000000000
3.3100000000 0.03981461940091691326 0.00000000000000000000
3.3200000000 0.03976283994929261795 0.00000000000000000000
3.3300000000 0.03971150264182487372 0.00000000000000000000
3.3400000000 0.03966060189545234094 0.00000000000000000000
3.3500000000 0.03961013221898444792 0.00000000000000000000
3.3600000000 0.03956008821127157682 0.00000000000000000000
3.3700000000 0.03951046455941834012 0.00000000000000000000
3.3800000000 0.03946125603703660306 0.00000000000000000000
3.3900000000 0.03941245750253940389 0.00000000000000000000
3.4000000000 0.03936406389747292706 0.00000000000000000000
3.4100000000 0.03931607024488672358 0.00000000000000000000
3.4200000000 0.03926847164774040916 0.00000000000000000000
3.4300000000 0.03922126328734704820 0.00000000000000000000
3.4400000000 0.03917444042185088543 0.00000000000000000000
3.4500000000 0.03912799838473950825 0.00000000000000000000
3.4600000000 0.03908193258338935744 0.00000000000000000000
3.4700000000 0.03903623849764353837 0.00000000000000000000
3.4800000000 0.03899091167842175243 0.00000000000000000000
3.4900000000 0.03894594774636045420 0.00000000000000000000
3.5000000000 0.03890134239048347042 0.00000000000000000000
3.5100000000 0.03885709136690245619 0.00000000000000000000
3.5200000000 0.03881319049754476669 0.00000000000000000000
3.5300000000 0.03876963566891061808 0.00000000000000000000
3.5400000000 0.03872642283085664383 0.00000000000000000000
3.5500000000 0.03868354799540623529 0.00000000000000000000
3.5600000000 0.03864100723558586137 0.00000000000000000000
3.5700000000 0.03859879668428687488 0.00000000000000000000
3.5800000000 0.03855691253315145922 0.00000000000000000000
3.5900000000 0.03851535103148332612 0.00000000000000000000
3.6000000000 0.03847410848518114518 0.00000000000000000000
3.6100000000 0.03843318125569591265 0.00000000000000000000
3.6200000000 0.03839256575900939356 0.00000000000000000000
3.6300000000 0.03835225846463585081 0.00000000000000000000
3.6400000000 0.03831225589464356401 0.00000000000000000000
3.6500000000 0.03827255462269861519 0.00000000000000000000
3.6600000000 0.03823315127312780504 0.00000000000000000000
3.6700000000 0.03819404252000205280 0.00000000000000000000
3.6800000000 0.03815522508623880177 0.00000000000000000000
3.6900000000 0.03811669574272360389 0.00000000000000000000
3.7000000000 0.03807845130745005080 0.00000000000000000000
3.7100000000 0.03804048864467721863 0.00000000000000000000
3.7200000000 0.03800280466410567437 0.00000000000000000000
3.7300000000 0.03796539632006949716 0.00000000000000000000
3.7400000000 0.03792826061074627136 0.00000000000000000000
3.7500000000 0.03789139457738219946 0.00000000000000000000
3.7600000000 0.03785479530353434013 0.00000000000000000000
3.7700000000 0.03781845991432742499 0.00000000000000000000
3.7800000000 0.03778238557572696082 0.00000000000000000000
3.7900000000 0.03774656949382629995 0.00000000000000000000
3.8000000000 0.03771100891414888578 0.00000000000000000000
3.8100000000 0.03767570112096433471 0.00000000000000000000
3.8200000000 0.03764064343661866624 0.00000000000000000000
3.8300000000 0.03760583322087803632 0.00000000000000000000
3.8400000000 0.03757126787028559206 0.00000000000000000000
3.8500000000 0.03753694481753139939 0.00000000000000000000
3.8600000000 0.03750286153083502716 0.00000000000000000000
3.8700000000 0.03746901551334052421 0.00000000000000000000
3.8800000000 0.03743540430252337986 0.00000000000000000000
3.8900000000 0.03740202546960944702 0.00000000000000000000
3.9000000000 0.03736887661900513413 0.00000000000000000000
3.9100000000 0.03733595538773963607 0.00000000000000000000
3.9200000000 0.03730325944491681700 0.00000000000000000000
3.9300000000 0.03727078649117939596 0.00000000000000000000
3.9400000000 0.03723853425818276358 0.00000000000000000000
3.9500000000 0.03720650050807947085 0.00000000000000000000
3.9600000000 0.03717468303301338373 0.00000000000000000000
3.9700000000 0.03714307965462423922 0.00000000000000000000
3.9800000000 0.03711168822356163133 0.00000000000000000000
3.9900000000 0.03708050661900829520 0.00000000000000000000
4.0000000000 0.03704953274821258524 0.00000000000000000000
4.0100000000 0.03701876454603034855 0.00000000000000000000
4.0200000000 0.03698819997447505559 0.00000000000000000000
4.0300000000 0.03695783702227705553 0.00000000000000000000
4.0400000000 0.03692767370445109582 0.00000000000000000000
4.0500000000 0.03689770806187195329 0.00000000000000000000
4.0600000000 0.03686793816085817688 0.00000000000000000000
4.0700000000 0.03683836209276408757 0.00000000000000000000
4.0800000000 0.03680897797357885609 0.00000000000000000000
4.0900000000 0.03677978394353380309 0.00000000000000000000
4.1000000000 0.03675077816671668690 0.00000000000000000000
4.1100000000 0.03672195883069333949 0.00000000000000000000
4.1200000000 0.03669332414613647730 0.00000000000000000000
4.1300000000 0.03666487234646106930 0.00000000000000000000
4.1400000000 0.03663660168746717821 0.00000000000000000000
4.1500000000 0.03660851044698891499 0.00000000000000000000
4.1600000000 0.03658059692454989492 0.00000000000000000000
4.1700000000 0.03655285944102519557 0.00000000000000000000
4.1800000000 0.03652529633830986500 0.00000000000000000000
4.1900000000 0.03649790597899268269 0.00000000000000000000
4.2000000000 0.03647068674603680394 0.00000000000000000000
4.2100000000 0.03644363704246567082 0.00000000000000000000
4.2200000000 0.03641675529105493914 0.00000000000000000000
4.2300000000 0.03639003993402969983 0.00000000000000000000
4.2400000000 0.03636348943276759837 0.00000000000000000000
4.2500000000 0.03633710226750700573 0.00000000000000000000
4.2600000000 0.03631087693706049058 0.00000000000000000000
4.2700000000 0.03628481195853363456 0.00000000000000000000
4.2800000000 0.03625890586704860752 0.00000000000000000000
4.2900000000 0.03623315721547309270 0.00000000000000000000
4.3000000000 0.03620756457415347240 0.00000000000000000000
4.3100000000 0.03618212653065343981 0.00000000000000000000
4.3200000000 0.03615684168949655913 0.00000000000000000000
4.3300000000 0.03613170867191404373 0.00000000000000000000
4.3400000000 0.03610672611559637840 0.00000000000000000000
4.3500000000 0.03608189267444979892 0.00000000000000000000
4.3600000000 0.03605720701835683079 0.00000000000000000000
4.3700000000 0.03603266783294103298 0.00000000000000000000
4.3800000000 0.03600827381933580096 0.00000000000000000000
4.3900000000 0.03598402369395727052 0.00000000000000000000
4.4000000000 0.03595991618828135727 0.00000000000000000000
4.4100000000 0.03593595004862409209 0.00000000000000000000
4.4200000000 0.03591212403592641128 0.00000000000000000000
4.4300000000 0.03588843692554243014 0.00000000000000000000
4.4400000000 0.03586488750703106798 0.00000000000000000000
4.4500000000 0.03584147458395153807 0.00000000000000000000
4.4600000000 0.03581819697366235566 0.00000000000000000000
4.4700000000 0.03579505350712366279 0.00000000000000000000
4.4800000000 0.03577204302870295310 0.00000000000000000000
4.4900000000 0.03574916439598407880 0.00000000000000000000
4.5000000000 0.03572641647957950500 0.00000000000000000000
4.5100000000 0.03570379816294566577 0.00000000000000000000
4.5200000000 0.03568130834220165082 0.00000000000000000000
4.5300000000 0.03565894592595072327 0.00000000000000000000
4.5400000000 0.03563670983510481421 0.00000000000000000000
4.5500000000 0.03561459900271202877 0.00000000000000000000
4.5600000000 0.03559261237378714970 0.00000000000000000000
4.5700000000 0.03557074890514481946 0.00000000000000000000
4.5800000000 0.03554900756523534516 0.00000000000000000000
4.5900000000 0.03552738733398340398 0.00000000000000000000
4.6000000000 0.03550588720262958659 0.00000000000000000000
4.6100000000 0.03548450617357423731 0.00000000000000000000
4.6200000000 0.03546324326022380624 0.00000000000000000000
4.6300000000 0.03544209748684003930 0.00000000000000000000
4.6400000000 0.03542106788839158305 0.00000000000000000000
4.6500000000 0.03540015351040745606 0.00000000000000000000
4.6600000000 0.03537935340883388569 0.00000000000000000000
4.6700000000 0.03535866664989258112 0.00000000000000000000
4.6800000000 0.03533809230994165024 0.00000000000000000000
4.6900000000 0.03531762947533879232 0.00000000000000000000
4.7000000000 0.03529727724230678765 0.00000000000000000000
4.7100000000 0.03527703471680065234 0.00000000000000000000
4.7200000000 0.03525690101437757573 0.00000000000000000000
4.7300000000 0.03523687526006848841 0.00000000000000000000
4.7400000000 0.03521695658825178821 0.00000000000000000000
4.7500000000 0.03519714414252929358 0.00000000000000000000
4.7600000000 0.03517743707560356398 0.00000000000000000000
4.7700000000 0.03515783454915789863 0.00000000000000000000
4.7800000000 0.03513833573373790348 0.00000000000000000000
4.7900000000 0.03511893980863456388 0.00000000000000000000
4.8000000000 0.03509964596176988472 0.00000000000000000000
4.8100000000 0.03508045338958361986 0.00000000000000000000
4.8200000000 0.03506136129692222908 0.00000000000000000000
4.8300000000 0.03504236889692945861 0.00000000000000000000
4.8400000000 0.03502347541093834421 0.00000000000000000000
4.8500000000 0.03500468006836538609 0.00000000000000000000
4.8600000000 0.03498598210660591734 0.00000000000000000000
4.8700000000 0.03496738077093124175 0.00000000000000000000
4.8800000000 0.03494887531438756190 0.00000000000000000000
4.8900000000 0.03493046499769599661 0.00000000000000000000
4.9000000000 0.03491214908915454135 0.00000000000000000000
4.9100000000 0.03489392686454146492 0.00000000000000000000
4.9200000000 0.03487579760701989967 0.00000000000000000000
4.9300000000 0.03485776060704419421 0.00000000000000000000
4.9400000000 0.03483981516226747344 0.00000000000000000000
4.9500000000 0.03482196057745091250 0.00000000000000000000
4.9600000000 0.03480419616437380181 0.00000000000000000000
4.9700000000 0.03478652124174559657 0.00000000000000000000
4.9800000000 0.03476893513511889605 0.00000000000000000000
4.9900000000 0.03475143717680387323 0.00000000000000000000
5.0000000000 0.03473402670578396023 0.00000000000000000000
