0.1000000000 1.09114622702151620182 0.00000000000000000000
0.1100000000 1.06431615735829065983 0.00000000000000000000
0.1200000000 1.03799838687644641055 0.00000000000000000000
0.1300000000 1.01219610634998913312 0.00000000000000000000
0.1400000000 0.98691165143321846198 0.00000000000000000000
0.1500000000 0.96214652094481223354 0.00000000000000000000
0.1600000000 0.93790139873743605392 0.00000000000000000000
0.1700000000 0.91417617882554502717 0.00000000000000000000
0.1800000000 0.89096999342622251739 0.00000000000000000000
0.1900000000 0.86828124355614411112 0.00000000000000000000
0.2000000000 0.84610763182184434150 0.00000000000000000000
0.2100000000 0.82444619704004784566 0.00000000000000000000
0.2200000000 0.80329335032951654227 0.00000000000000000000
0.2300000000 0.78264491232514132868 0.00000000000000000000
0.2400000000 0.76249615117831182065 0.00000000000000000000
0.2500000000 0.74284182102435114547 0.00000000000000000000
0.2600000000 0.72367620061739190707 0.00000000000000000000
0.2700000000 0.70499313185488621247 0.00000000000000000000
0.2800000000 0.68678605793740343799 0.00000000000000000000
0.2900000000 0.66904806093392210631 0.00000000000000000000
0.3000000000 0.65177189854793937673 0.00000000000000000000
0.3100000000 0.63495003990494391921 0.00000000000000000000
0.3200000000 0.61857470020671412314 0.00000000000000000000
0.3300000000 0.60263787412214231409 0.00000000000000000000
0.3400000000 0.58713136780757213540 0.00000000000000000000
0.3500000000 0.57204682947170160112 0.00000000000000000000
0.3600000000 0.55737577842077612456 0.00000000000000000000
0.3700000000 0.54310963253894184444 0.00000000000000000000
0.3800000000 0.52923973417613945358 0.00000000000000000000
0.3900000000 0.51575737443175784236 0.00000000000000000000
0.4000000000 0.50265381583644108687 0.00000000000000000000
0.4100000000 0.48992031344691305828 0.00000000000000000000
0.4200000000 0.47754813437957288613 0.00000000000000000000
0.4300000000 0.46552857581792400632 0.00000000000000000000
0.4400000000 0.45385298153675579513 0.00000000000000000000
0.4500000000 0.44251275699245007367 0.00000000000000000000
0.4600000000 0.43149938303400925399 0.00000000000000000000
0.4700000000 0.42080442829340081179 0.00000000000000000000
0.4800000000 0.41041956031681881001 0.00000000000000000000
0.4900000000 0.40033655550047142491 0.00000000000000000000
0.5000000000 0.39054730789570413219 0.00000000000000000000
0.5100000000 0.38104383694871346577 0.00000000000000000000
0.5200000000 0.37181829423992934780 0.00000000000000000000
0.5300000000 0.36286296928741168522 0.00000000000000000000
0.5400000000 0.35417029447740672188 0.00000000000000000000
0.5500000000 0.34573284918364505236 0.00000000000000000000
0.5600000000 0.33754336313507571354 0.00000000000000000000
0.5700000000 0.32959471908959531161 0.00000000000000000000
0.5800000000 0.32187995486901616049 0.00000000000000000000
0.5900000000 0.31439226480805193553 0.00000000000000000000
0.6000000000 0.30712500066755527017 0.00000000000000000000
0.6100000000 0.30007167205963092282 0.00000000000000000000
0.6200000000 0.29322594642960814193 0.00000000000000000000
0.6300000000 0.28658164863725799076 0.00000000000000000000
0.6400000000 0.28013276017702443133 0.00000000000000000000
0.6500000000 0.27387341807450504838 0.00000000000000000000
0.6600000000 0.26779791349393561317 0.00000000000000000000
0.6700000000 0.26190069008905747516 0.00000000000000000000
0.6800000000 0.25617634212738199517 0.00000000000000000000
0.6900000000 0.25061961241571661940 0.00000000000000000000
0.7000000000 0.24522539005264756828 0.00000000000000000000
0.7100000000 0.23998870803169256027 0.00000000000000000000
0.7200000000 0.23490474071691738733 0.00000000000000000000
0.7300000000 0.22996880121102153405 0.00000000000000000000
0.7400000000 0.22517633863418340390 0.00000000000000000000
0.7500000000 0.22052293533037148343 0.00000000000000000000
0.7600000000 0.21600430401635728472 0.00000000000000000000
0.7700000000 0.21161628488722075692 0.00000000000000000000
0.7800000000 0.20735484269089726750 0.00000000000000000000
0.7900000000 0.20321606378305667739 0.00000000000000000000
0.8000000000 0.19919615317251795905 0.00000000000000000000
0.8100000000 0.19529143156634107270 0.00000000000000000000
0.8200000000 0.19149833242278638257 0.00000000000000000000
0.8300000000 0.18781339901943661097 0.00000000000000000000
0.8400000000 0.18423328154295304238 0.00000000000000000000
0.8500000000 0.18075473420622600873 0.00000000000000000000
0.8600000000 0.17737461239791313394 0.00000000000000000000
0.8700000000 0.17408986986879226855 0.00000000000000000000
0.8800000000 0.17089755595876732208 0.00000000000000000000
0.8900000000 0.16779481286776745663 0.00000000000000000000
0.9000000000 0.16477887297343510320 0.00000000000000000000
0.9100000000 0.16184705619788364306 0.00000000000000000000
0.9200000000 0.15899676742556650977 0.00000000000000000000
0.9300000000 0.15622549397382812231 0.00000000000000000000
0.9400000000 0.15353080311746267195 0.00000000000000000000
0.9500000000 0.15091033966820419088 0.00000000000000000000
0.9600000000 0.14836182360993049878 0.00000000000000000000
0.9700000000 0.14588304779007232881 0.00000000000000000000
0.9800000000 0.14347187566736976927 0.00000000000000000000
0.9900000000 0.14112623911623137229 0.00000000000000000000
1.0000000000 0.13884413628749012193 0.00000000000000000000
1.0100000000 0.13662362952539586214 0.00000000000000000000
1.0200000000 0.13446284334036243124 0.00000000000000000000
1.0300000000 0.13235996243673445183 0.00000000000000000000
1.0400000000 0.13031322979578929822 0.00000000000000000000
1.0500000000 0.12832094481235262196 0.00000000000000000000
1.0600000000 0.12638146148473133890 0.00000000000000000000
1.0700000000 0.12449318665706710085 0.00000000000000000000
1.0800000000 0.12265457831313698878 0.00000000000000000000
1.0900000000 0.12086414392074233681 0.00000000000000000000
1.1000000000 0.11912043882563094765 0.00000000000000000000
1.1100000000 0.11742206469397840907 0.00000000000000000000
1.1200000000 0.11576766800236418242 0.00000000000000000000
1.1300000000 0.11415593857419116530 0.00000000000000000000
1.1400000000 0.11258560816145447847 0.00000000000000000000
1.1500000000 0.11105544907078974959 0.00000000000000000000
1.1600000000 0.10956427283269576378 0.00000000000000000000
1.1700000000 0.10811092891283567707 0.00000000000000000000
1.1800000000 0.10669430346432740020 0.00000000000000000000
1.1900000000 0.10531331811993085990 0.00000000000000000000
1.2000000000 0.10396692882305520744 0.00000000000000000000
1.2100000000 0.10265412469650408989 0.00000000000000000000
1.2200000000 0.10137392694791448611 0.00000000000000000000
1.2300000000 0.10012538781082355732 0.00000000000000000000
1.2400000000 0.09890758952035187679 0.00000000000000000000
1.2500000000 0.09771964332246665941 0.00000000000000000000
1.2600000000 0.09656068851584886925 0.00000000000000000000
1.2700000000 0.09542989152537481590 0.00000000000000000000
1.2800000000 0.09432644500624802475 0.00000000000000000000
1.2900000000 0.09324956697785147242 0.00000000000000000000
1.3000000000 0.09219849998639643995 0.00000000000000000000
1.3100000000 0.09117251029547306096 0.00000000000000000000
1.3200000000 0.09017088710361725878 0.00000000000000000000
1.3300000000 0.08919294178804917927 0.00000000000000000000
1.3400000000 0.08823800717374197244 0.00000000000000000000
1.3500000000 0.08730543682700764307 0.00000000000000000000
1.3600000000 0.08639460437281455685 0.00000000000000000000
1.3700000000 0.08550490283505951528 0.00000000000000000000
1.3800000000 0.08463574399904576218 0.00000000000000000000
1.3900000000 0.08378655779544884330 0.00000000000000000000
1.4000000000 0.08295679170504542677 0.00000000000000000000
1.4100000000 0.08214591018353450957 0.00000000000000000000
1.4200000000 0.08135339410577850650 0.00000000000000000000
1.4300000000 0.08057874022880893994 0.00000000000000000000
1.4400000000 0.07982146067298424852 0.00000000000000000000
1.4500000000 0.07908108242067747595 0.00000000000000000000
1.4600000000 0.07835714683191601082 0.00000000000000000000
1.4700000000 0.07764920917638834519 0.00000000000000000000
1.4800000000 0.07695683818127921350 0.00000000000000000000
1.4900000000 0.07627961559438406480 0.00000000000000000000
1.5000000000 0.07561713576199188824 0.00000000000000000000
1.5100000000 0.07496900522103129572 0.00000000000000000000
1.5200000000 0.07433484230499264045 0.00000000000000000000
1.5300000000 0.07371427676315887856 0.00000000000000000000
1.5400000000 0.07310694939268663761 0.00000000000000000000
1.5500000000 0.07251251168310086925 0.00000000000000000000
1.5600000000 0.07193062547277492835 0.00000000000000000000
1.5700000000 0.07136096261698533783 0.00000000000000000000
1.5800000000 0.07080320466714647154 0.00000000000000000000
1.5900000000 0.07025704256083742383 0.00000000000000000000
1.6000000000 0.06972217632224937678 0.00000000000000000000
1.6100000000 0.06919831477270002584 0.00000000000000000000
1.6200000000 0.06868517525086122177 0.00000000000000000000
1.6300000000 0.06818248334237150821 0.00000000000000000000
1.6400000000 0.06768997261850384639 0.00000000000000000000
1.6500000000 0.06720738438358443700 0.00000000000000000000
1.6600000000 0.06673446743085205413 0.00000000000000000000
1.6700000000 0.06627097780647200898 0.00000000000000000000
1.6800000000 0.06581667858142398186 0.00000000000000000000
1.6900000000 0.06537133963098877565 0.00000000000000000000
1.7000000000 0.06493473742157510054 0.00000000000000000000
1.7100000000 0.06450665480463024792 0.00000000000000000000
1.7200000000 0.06408688081739517817 0.00000000000000000000
1.7300000000 0.06367521049026285407 0.00000000000000000000
1.7400000000 0.06327144466051533300 0.00000000000000000000
1.7500000000 0.06287538979222120905 0.00000000000000000000
1.7600000000 0.06248685780207733492 0.00000000000000000000
1.7700000000 0.06210566589099508067 0.00000000000000000000
1.7800000000 0.06173163638122919350 0.00000000000000000000
1.7900000000 0.06136459655886299797 0.00000000000000000000
1.8000000000 0.06100437852146339823 0.00000000000000000000
1.8100000000 0.06065081903072938596 0.00000000000000000000
1.8200000000 0.06030375936996142106 0.00000000000000000000
1.8300000000 0.05996304520619006456 0.00000000000000000000
1.8400000000 0.05962852645679959235 0.00000000000000000000
1.8500000000 0.05930005716049869396 0.00000000000000000000
1.8600000000 0.05897749535248276997 0.00000000000000000000
1.8700000000 0.05866070294365217236 0.00000000000000000000
1.8800000000 0.05834954560374253085 0.00000000000000000000
1.8900000000 0.05804389264823618666 0.00000000000000000000
1.9000000000 0.05774361692892740483 0.00000000000000000000
1.9100000000 0.05744859472801391864 0.00000000000000000000
1.9200000000 0.05715870565559835054 0.00000000000000000000
1.9300000000 0.05687383255048177044 0.00000000000000000000
1.9400000000 0.05659386138413972228 0.00000000000000000000
1.9500000000 0.05631868116777080657 0.00000000000000000000
1.9600000000 0.05604818386231613658 0.00000000000000000000
1.9700000000 0.05578226429134892222 0.00000000000000000000
1.9800000000 0.05552082005673666248 0.00000000000000000000
1.9900000000 0.05526375145698406155 0.00000000000000000000
2.0000000000 0.05501096140816381930 0.00000000000000000000
2.0100000000 0.05476235536735399312 0.00000000000000000000
2.0200000000 0.05451784125849056667 0.00000000000000000000
2.0300000000 0.05427732940056143734 0.00000000000000000000
2.0400000000 0.05404073243805804228 0.00000000000000000000
2.0500000000 0.05380796527361339510 0.00000000000000000000
2.0600000000 0.05357894500275152405 0.00000000000000000000
2.0700000000 0.05335359085067828411 0.00000000000000000000
2.0800000000 0.05313182411104613173 0.00000000000000000000
2.0900000000 0.05291356808662797673 0.00000000000000000000
2.1000000000 0.05269874803183517697 0.00000000000000000000
2.1100000000 0.05248729109702128526 0.00000000000000000000
2.1200000000 0.05227912627450972266 0.00000000000000000000
2.1300000000 0.05207418434629068615 0.00000000000000000000
2.1400000000 0.05187239783333193188 0.00000000000000000000
2.1500000000 0.05167370094644919976 0.00000000000000000000
2.1600000000 0.05147802953868802628 0.00000000000000000000
2.1700000000 0.05128532105916311368 0.00000000000000000000
2.1800000000 0.05109551450831194275 0.00000000000000000000
2.1900000000 0.05090855039451421676 0.00000000000000000000
2.2000000000 0.05072437069203253324 0.00000000000000000000
2.2100000000 0.05054291880023285832 0.00000000000000000000
2.2200000000 0.05036413950404071416 0.00000000000000000000
2.2300000000 0.05018797893559657358 0.00000000000000000000
2.2400000000 0.05001438453706813503 0.00000000000000000000
2.2500000000 0.04984330502458427653 0.00000000000000000000
2.2600000000 0.04967469035325434989 0.00000000000000000000
2.2700000000 0.04950849168323653154 0.00000000000000000000
2.2800000000 0.04934466134682336663 0.00000000000000000000
2.2900000000 0.04918315281651067239 0.00000000000000000000
2.3000000000 0.04902392067401907527 0.00000000000000000000
2.3100000000 0.04886692058023621443 0.00000000000000000000
2.3200000000 0.04871210924605332698 0.00000000000000000000
2.3300000000 0.04855944440406403939 0.00000000000000000000
2.3400000000 0.04840888478110074583 0.00000000000000000000
2.3500000000 0.04826039007158076238 0.00000000000000000000
2.3600000000 0.04811392091163715218 0.00000000000000000000
2.3700000000 0.04796943885400856838 0.00000000000000000000
2.3800000000 0.04782690634366573712 0.00000000000000000000
2.3900000000 0.04768628669414991944 0.00000000000000000000
2.4000000000 0.04754754406460092592 0.00000000000000000000
2.4100000000 0.04741064343745515774 0.00000000000000000000
2.4200000000 0.04727555059679047766 0.00000000000000000000
2.4300000000 0.04714223210729728136 0.00000000000000000000
2.4400000000 0.04701065529385926173 0.00000000000000000000
2.4500000000 0.04688078822172285498 0.00000000000000000000
2.4600000000 0.04675259967723582877 0.00000000000000000000
2.4700000000 0.04662605914913976052 0.00000000000000000000
2.4800000000 0.04650113681039900332 0.00000000000000000000
2.4900000000 0.04637780350054789696 0.00000000000000000000
2.5000000000 0.04625603070854125698 0.00000000000000000000
2.5100000000 0.04613579055609373647 0.00000000000000000000
2.5200000000 0.04601705578149049153 0.00000000000000000000
2.5300000000 0.04589979972385808266 0.00000000000000000000
2.5400000000 0.04578399630787751556 0.00000000000000000000
2.5500000000 0.04566962002893024120 0.00000000000000000000
2.5600000000 0.04555664593865977469 0.00000000000000000000
2.5700000000 0.04544504963094038452 0.00000000000000000000
2.5800000000 0.04533480722823637898 0.00000000000000000000
2.5900000000 0.04522589536834421831 0.00000000000000000000
2.6000000000 0.04511829119150195105 0.00000000000000000000
2.6100000000 0.04501197232785825175 0.00000000000000000000
2.6200000000 0.04490691688528850728 0.00000000000000000000
2.6300000000 0.04480310343754781433 0.00000000000000000000
2.6400000000 0.04470051101275027139 0.00000000000000000000
2.6500000000 0.04459911908216614151 0.00000000000000000000
2.6600000000 0.04449890754932667170 0.00000000000000000000
2.6700000000 0.04439985673942662553 0.00000000000000000000
2.6800000000 0.04430194738901699347 0.00000000000000000000
2.6900000000 0.04420516063597894341 0.00000000000000000000
2.7000000000 0.04410947800976951910 0.00000000000000000000
2.7100000000 0.04401488142193295955 0.00000000000000000000
2.7200000000 0.04392135315686826469 0.00000000000000000000
2.7300000000 0.04382887586284633930 0.00000000000000000000
2.7400000000 0.04373743254326891566 0.00000000000000000000
2.7500000000 0.04364700654816235093 0.00000000000000000000
2.7600000000 0.04355758156589963764 0.00000000000000000000
2.7700000000 0.04346914161514331409 0.00000000000000000000
2.7800000000 0.04338167103700435456 0.00000000000000000000
2.7900000000 0.04329515448740790806 0.00000000000000000000
2.8000000000 0.04320957692966338748 0.00000000000000000000
2.8100000000 0.04312492362723046452 0.00000000000000000000
2.8200000000 0.04304118013667650178 0.00000000000000000000
2.8300000000 0.04295833230081901044 0.00000000000000000000
2.8400000000 0.04287636624204881758 0.00000000000000000000
2.8500000000 0.04279526835582836419 0.00000000000000000000
2.8600000000 0.04271502530435967310 0.00000000000000000000
2.8700000000 0.04263562401041774003 0.00000000000000000000
2.8800000000 0.04255705165134431728 0.00000000000000000000
2.8900000000 0.04247929565319800288 0.00000000000000000000
2.9000000000 0.04240234368505492457 0.00000000000000000000
2.9100000000 0.04232618365345754835 0.00000000000000000000
2.9200000000 0.04225080369700642130 0.00000000000000000000
2.9300000000 0.04217619218108995677 0.00000000000000000000
2.9400000000 0.04210233769275075616 0.00000000000000000000
2.9500000000 0.04202922903568224317 0.00000000000000000000
2.9600000000 0.04195685522535282791 0.00000000000000000000
2.9700000000 0.04188520548425525569 0.00000000000000000000
2.9800000000 0.04181426923727495776 0.00000000000000000000
2.9900000000 0.04174403610717702939 0.00000000000000000000
3.0000000000 0.04167449591020640914 0.00000000000000000000
3.0100000000 0.04160563865179885829 0.00000000000000000000
3.0200000000 0.04153745452240043684 0.00000000000000000000
3.0300000000 0.04146993389339073688 0.00000000000000000000
3.0400000000 0.04140306731310847838 0.00000000000000000000
3.0500000000 0.04133684550297673371 0.00000000000000000000
3.0600000000 0.04127125935372349952 0.00000000000000000000
3.0700000000 0.04120629992169670686 0.00000000000000000000
3.0800000000 0.04114195842527013786 0.00000000000000000000
3.0900000000 0.04107822624133834061 0.00000000000000000000
3.1000000000 0.04101509490189712837 0.00000000000000000000
3.1100000000 0.04095255609070893449 0.00000000000000000000
3.1200000000 0.04089060164004949816 0.00000000000000000000
3.1300000000 0.04082922352753309142 0.00000000000000000000
3.1400000000 0.04076841387301691905 0.00000000000000000000
3.1500000000 0.04070816493557881388 0.00000000000000000000
3.1600000000 0.04064846911056999718 0.00000000000000000000
3.1700000000 0.04058931892673732500 0.00000000000000000000
3.1800000000 0.04053070704341622116 0.00000000000000000000
3.1900000000 0.04047262624779063289 0.00000000000000000000
3.2000000000 0.04041506945221844810 0.00000000000000000000
3.2100000000 0.04035802969162158305 0.00000000000000000000
3.2200000000 0.04030150012093751399 0.00000000000000000000
3.2300000000 0.04024547401263224577 0.00000000000000000000
3.2400000000 0.04018994475427167812 0.00000000000000000000
3.2500000000 0.04013490584615080070 0.00000000000000000000
3.2600000000 0.04008035089897887815 0.00000000000000000000
3.2700000000 0.04002627363161906371 0.00000000000000000000
3.2800000000 0.03997266786888067219 0.00000000000000000000
3.2900000000 0.03991952753936425097 0.00000000000000000000
3.3000000000 0.03986684667335597954 0.00000000000000000000
3.3100000000 0.03981461940077132833 0.00000000000000000000
3.3200000000 0.03976283994914724812 0.00000000000000000000
3.3300000000 0.03971150264167967042 0.00000000000000000000
3.3400000000 0.03966060189530735969 0.00000000000000000000
3.3500000000 0.03961013221883961932 0.00000000000000000000
3.3600000000 0.03956008821112696333 0.00000000000000000000
3.3700000000 0.03951046455927388623 0.00000000000000000000
3.3800000000 0.03946125603689235040 0.00000000000000000000
3.3900000000 0.03941245750239535939 0.00000000000000000000
3.4000000000 0.03936406389732899358 0.00000000000000000000
3.4100000000 0.03931607024474294276 0.00000000000000000000
3.4200000000 0.03926847164759682263 0.00000000000000000000
3.4300000000 0.03922126328720361432 0.00000000000000000000
3.4400000000 0.03917444042170764584 0.00000000000000000000
3.4500000000 0.03912799838459651847 0.00000000000000000000
3.4600000000 0.03908193258324646480 0.00000000000000000000
3.4700000000 0.03903623849750088859 0.00000000000000000000
3.4800000000 0.03899091167827919285 0.00000000000000000000
3.4900000000 0.03894594774621803340 0.00000000000000000000
3.5000000000 0.03890134239034129249 0.00000000000000000000
3.5100000000 0.03885709136676041009 0.00000000000000000000
3.5200000000 0.03881319049740285937 0.00000000000000000000
3.5300000000 0.03876963566876893280 0.00000000000000000000
3.5400000000 0.03872642283071509733 0.00000000000000000000
3.5500000000 0.03868354799526477206 0.00000000000000000000
3.5600000000 0.03864100723544457855 0.00000000000000000000
3.5700000000 0.03859879668414576553 0.00000000000000000000
3.5800000000 0.03855691253301052335 0.00000000000000000000
3.5900000000 0.03851535103134246657 0.00000000000000000000
3.6000000000 0.03847410848504050768 0.00000000000000000000
3.6100000000 0.03843318125555535147 0.00000000000000000000
3.6200000000 0.03839256575886909606 0.00000000000000000000
3.6300000000 0.03835225846449562270 0.00000000000000000000
3.6400000000 0.03831225589450346081 0.00000000000000000000
3.6500000000 0.03827255462255867852 0.00000000000000000000
3.6600000000 0.03823315127298807653 0.00000000000000000000
3.6700000000 0.03819404251986239368 0.00000000000000000000
3.6800000000 0.03815522508609930918 0.00000000000000000000
3.6900000000 0.03811669574258427090 0.00000000000000000000
3.7000000000 0.03807845130731082883 0.00000000000000000000
3.7100000000 0.03804048864453810769 0.00000000000000000000
3.7200000000 0.03800280466396672302 0.00000000000000000000
3.7300000000 0.03796539631993069847 0.00000000000000000000
3.7400000000 0.03792826061060757675 0.00000000000000000000
3.7500000000 0.03789139457724365750 0.00000000000000000000
3.7600000000 0.03785479530339594390 0.00000000000000000000
3.7700000000 0.03781845991418918834 0.00000000000000000000
3.7800000000 0.03778238557558882826 0.00000000000000000000
3.7900000000 0.03774656949368831310 0.00000000000000000000
3.8000000000 0.03771100891401100302 0.00000000000000000000
3.8100000000 0.03767570112082659073 0.00000000000000000000
3.8200000000 0.03764064343648102634 0.00000000000000000000
3.8300000000 0.03760583322074054213 0.00000000000000000000
3.8400000000 0.03757126787014823666 0.00000000000000000000
3.8500000000 0.03753694481739414113 0.00000000000000000000
3.8600000000 0.03750286153069790768 0.00000000000000000000
3.8700000000 0.03746901551320350188 0.00000000000000000000
3.8800000000 0.03743540430238649630 0.00000000000000000000
3.8900000000 0.03740202546947269530 0.00000000000000000000
3.9000000000 0.03736887661886852119 0.00000000000000000000
3.9100000000 0.03733595538760310639 0.00000000000000000000
3.9200000000 0.03730325944478042610 0.00000000000000000000
3.9300000000 0.03727078649104309527 0.00000000000000000000
3.9400000000 0.03723853425804659473 0.00000000000000000000
3.9500000000 0.03720650050794343383 0.00000000000000000000
3.9600000000 0.03717468303287743692 0.00000000000000000000
3.9700000000 0.03714307965448845894 0.00000000000000000000
3.9800000000 0.03711168822342592738 0.00000000000000000000
3.9900000000 0.03708050661887272309 0.00000000000000000000
4.0000000000 0.03704953274807713803 0.00000000000000000000
4.0100000000 0.03701876454589498461 0.00000000000000000000
4.0200000000 0.03698819997433981654 0.00000000000000000000
4.0300000000 0.03695783702214193445 0.00000000000000000000
4.0400000000 0.03692767370431609270 0.00000000000000000000
4.0500000000 0.03689770806173703344 0.00000000000000000000
4.0600000000 0.03686793816072341662 0.00000000000000000000
4.0700000000 0.03683836209262940364 0.00000000000000000000
4.0800000000 0.03680897797344429012 0.00000000000000000000
4.0900000000 0.03677978394339931345 0.00000000000000000000
4.1000000000 0.03675077816658234992 0.00000000000000000000
4.1100000000 0.03672195883055907883 0.00000000000000000000
4.1200000000 0.03669332414600229297 0.00000000000000000000
4.1300000000 0.03666487234632699599 0.00000000000000000000
4.1400000000 0.03663660168733325756 0.00000000000000000000
4.1500000000 0.03660851044685507066 0.00000000000000000000
4.1600000000 0.03658059692441615468 0.00000000000000000000
4.1700000000 0.03655285944089157329 0.00000000000000000000
4.1800000000 0.03652529633817634680 0.00000000000000000000
4.1900000000 0.03649790597885926857 0.00000000000000000000
4.2000000000 0.03647068674590345921 0.00000000000000000000
4.2100000000 0.03644363704233243711 0.00000000000000000000
4.2200000000 0.03641675529092176788 0.00000000000000000000
4.2300000000 0.03639003993389663266 0.00000000000000000000
4.2400000000 0.03636348943263466998 0.00000000000000000000
4.2500000000 0.03633710226737414672 0.00000000000000000000
4.2600000000 0.03631087693692773566 0.00000000000000000000
4.2700000000 0.03628481195840097678 0.00000000000000000000
4.2800000000 0.03625890586691601220 0.00000000000000000000
4.2900000000 0.03623315721534059453 0.00000000000000000000
4.3000000000 0.03620756457402108525 0.00000000000000000000
4.3100000000 0.03618212653052114286 0.00000000000000000000
4.3200000000 0.03615684168936435933 0.00000000000000000000
4.3300000000 0.03613170867178194801 0.00000000000000000000
4.3400000000 0.03610672611546433819 0.00000000000000000000
4.3500000000 0.03608189267431786279 0.00000000000000000000
4.3600000000 0.03605720701822501956 0.00000000000000000000
4.3700000000 0.03603266783280931196 0.00000000000000000000
4.3800000000 0.03600827381920417708 0.00000000000000000000
4.3900000000 0.03598402369382574378 0.00000000000000000000
4.4000000000 0.03595991618814987911 0.00000000000000000000
4.4100000000 0.03593595004849270413 0.00000000000000000000
4.4200000000 0.03591212403579511353 0.00000000000000000000
4.4300000000 0.03588843692541122954 0.00000000000000000000
4.4400000000 0.03586488750689995064 0.00000000000000000000
4.4500000000 0.03584147458382047624 0.00000000000000000000
4.4600000000 0.03581819697353138404 0.00000000000000000000
4.4700000000 0.03579505350699278138 0.00000000000000000000
4.4800000000 0.03577204302857218965 0.00000000000000000000
4.4900000000 0.03574916439585339861 0.00000000000000000000
4.5000000000 0.03572641647944887339 0.00000000000000000000
4.5100000000 0.03570379816281512436 0.00000000000000000000
4.5200000000 0.03568130834207119267 0.00000000000000000000
4.5300000000 0.03565894592582034839 0.00000000000000000000
4.5400000000 0.03563670983497452954 0.00000000000000000000
4.5500000000 0.03561459900258182043 0.00000000000000000000
4.5600000000 0.03559261237365703157 0.00000000000000000000
4.5700000000 0.03557074890501477071 0.00000000000000000000
4.5800000000 0.03554900756510537968 0.00000000000000000000
4.5900000000 0.03552738733385348707 0.00000000000000000000
4.6000000000 0.03550588720249978764 0.00000000000000000000
4.6100000000 0.03548450617344450775 0.00000000000000000000
4.6200000000 0.03546324326009413219 0.00000000000000000000
4.6300000000 0.03544209748671046240 0.00000000000000000000
4.6400000000 0.03542106788826205471 0.00000000000000000000
4.6500000000 0.03540015351027803875 0.00000000000000000000
4.6600000000 0.03537935340870454470 0.00000000000000000000
4.6700000000 0.03535866664976328871 0.00000000000000000000
4.6800000000 0.03533809230981246191 0.00000000000000000000
4.6900000000 0.03531762947520968032 0.00000000000000000000
4.7000000000 0.03529727724217774504 0.00000000000000000000
4.7100000000 0.03527703471667168605 0.00000000000000000000
4.7200000000 0.03525690101424867884 0.00000000000000000000
4.7300000000 0.03523687525993966785 0.00000000000000000000
4.7400000000 0.03521695658812303703 0.00000000000000000000
4.7500000000 0.03519714414240057709 0.00000000000000000000
4.7600000000 0.03517743707547495852 0.00000000000000000000
4.7700000000 0.03515783454902936256 0.00000000000000000000
4.7800000000 0.03513833573360943680 0.00000000000000000000
4.7900000000 0.03511893980850615965 0.00000000000000000000
4.8000000000 0.03509964596164155681 0.00000000000000000000
4.8100000000 0.03508045338945535441 0.00000000000000000000
4.8200000000 0.03506136129679403302 0.00000000000000000000
4.8300000000 0.03504236889680133193 0.00000000000000000000
4.8400000000 0.03502347541081031468 0.00000000000000000000
4.8500000000 0.03500468006823741901 0.00000000000000000000
4.8600000000 0.03498598210647799189 0.00000000000000000000
4.8700000000 0.03496738077080340651 0.00000000000000000000
4.8800000000 0.03494887531425979604 0.00000000000000000000
4.8900000000 0.03493046499756829321 0.00000000000000000000
4.9000000000 0.03491214908902690039 0.00000000000000000000
4.9100000000 0.03489392686441389335 0.00000000000000000000
4.9200000000 0.03487579760689239056 0.00000000000000000000
4.9300000000 0.03485776060691673367 0.00000000000000000000
4.9400000000 0.03483981516214011698 0.00000000000000000000
4.9500000000 0.03482196057732357686 0.00000000000000000000
4.9600000000 0.03480419616424653556 0.00000000000000000000
4.9700000000 0.03478652124161842746 0.00000000000000000000
4.9800000000 0.03476893513499177552 0.00000000000000000000
4.9900000000 0.03475143717667681514 0.00000000000000000000
5.0000000000 0.03473402670565696460 0.00000000000000000000
