0.1000000000 1.08674920893133752919 0.00000000000000000000
0.1100000000 1.05954615951752595393 0.00000000000000000000
0.1200000000 1.03286785470738373682 0.00000000000000000000
0.1300000000 1.00671749422888834324 0.00000000000000000000
0.1400000000 0.98109740242602083704 0.00000000000000000000
0.1500000000 0.95600904713633538812 0.00000000000000000000
0.1600000000 0.93145306221308865613 0.00000000000000000000
0.1700000000 0.90742927335784862031 0.00000000000000000000
0.1800000000 0.88393672691174673961 0.00000000000000000000
0.1900000000 0.86097372124188942255 0.00000000000000000000
0.2000000000 0.83853784035369716143 0.00000000000000000000
0.2100000000 0.81662598935976105086 0.00000000000000000000
0.2200000000 0.79523443144074834610 0.00000000000000000000
0.2300000000 0.77435882594345106789 0.00000000000000000000
0.2400000000 0.75399426727470719722 0.00000000000000000000
0.2500000000 0.73413532426698990818 0.00000000000000000000
0.2600000000 0.71477607971139078824 0.00000000000000000000
0.2700000000 0.69591016977589170711 0.00000000000000000000
0.2800000000 0.67753082305060319257 0.00000000000000000000
0.2900000000 0.65963089898655702381 0.00000000000000000000
0.3000000000 0.64220292552007085529 0.00000000000000000000
0.3100000000 0.62523913570025624331 0.00000000000000000000
0.3200000000 0.60873150316247115477 0.00000000000000000000
0.3300000000 0.59267177631504930346 0.00000000000000000000
0.3400000000 0.57705151113022301601 0.00000000000000000000
0.3500000000 0.56186210245249135209 0.00000000000000000000
0.3600000000 0.54709481375862856201 0.00000000000000000000
0.3700000000 0.53274080532291689938 0.00000000000000000000
0.3800000000 0.51879116075894859961 0.00000000000000000000
0.3900000000 0.50523691192539998962 0.00000000000000000000
0.4000000000 0.49206906219756579857 0.00000000000000000000
0.4100000000 0.47927860811912692540 0.00000000000000000000
0.4200000000 0.46685655945969178893 0.00000000000000000000
0.4300000000 0.45479395771314234942 0.00000000000000000000
0.4400000000 0.44308189307982853711 0.00000000000000000000
0.4500000000 0.43171151998228496360 0.00000000000000000000
0.4600000000 0.42067407116946031742 0.00000000000000000000
0.4700000000 0.40996087046863111114 0.00000000000000000000
0.4800000000 0.39956334424724687659 0.00000000000000000000
0.4900000000 0.38947303164908614326 0.00000000000000000000
0.5000000000 0.37968159367038878393 0.00000000000000000000
0.5100000000 0.37018082114215988820 0.00000000000000000000
0.5200000000 0.36096264168472225187 0.00000000000000000000
0.5300000000 0.35201912569991938851 0.00000000000000000000
0.5400000000 0.34334249146522805018 0.00000000000000000000
0.5500000000 0.33492510939250974555 0.00000000000000000000
0.5600000000 0.32675950551225191321 0.00000000000000000000
0.5700000000 0.31883836424205491689 0.00000000000000000000
0.5800000000 0.31115453049581232037 0.00000000000000000000
0.5900000000 0.30370101118755254976 0.00000000000000000000
0.6000000000 0.29647097618138268382 0.00000000000000000000
0.6100000000 0.28945775873633422526 0.00000000000000000000
0.6200000000 0.28265485549226715412 0.00000000000000000000
0.6300000000 0.27605592604037132443 0.00000000000000000000
0.6400000000 0.26965479211913245816 0.00000000000000000000
0.6500000000 0.26344543647410828546 0.00000000000000000000
0.6600000000 0.25742200141732013430 0.00000000000000000000
0.6700000000 0.25157878711963654883 0.00000000000000000000
0.6800000000 0.24591024966717617284 0.00000000000000000000
0.6900000000 0.24041099891049874659 0.00000000000000000000
0.7000000000 0.23507579613319889988 0.00000000000000000000
0.7100000000 0.22989955156445293638 0.00000000000000000000
0.7200000000 0.22487732175813585078 0.00000000000000000000
0.7300000000 0.22000430685925476126 0.00000000000000000000
0.7400000000 0.21527584777673236527 0.00000000000000000000
0.7500000000 0.21068742327992029395 0.00000000000000000000
0.7600000000 0.20623464703468821768 0.00000000000000000000
0.7700000000 0.20191326459351030542 0.00000000000000000000
0.7800000000 0.19771915035260148596 0.00000000000000000000
0.7900000000 0.19364830448795491979 0.00000000000000000000
0.8000000000 0.18969684988090573796 0.00000000000000000000
0.8100000000 0.18586102904283327564 0.00000000000000000000
0.8200000000 0.18213720104756783713 0.00000000000000000000
0.8300000000 0.17852183847917771353 0.00000000000000000000
0.8400000000 0.17501152440192663251 0.00000000000000000000
0.8500000000 0.17160294935845052389 0.00000000000000000000
0.8600000000 0.16829290840145835761 0.00000000000000000000
0.8700000000 0.16507829816357630359 0.00000000000000000000
0.8800000000 0.16195611396940834403 0.00000000000000000000
0.8900000000 0.15892344699328306290 0.00000000000000000000
0.9000000000 0.15597748146565398875 0.00000000000000000000
0.9100000000 0.15311549193069939889 0.00000000000000000000
0.9200000000 0.15033484055721074713 0.00000000000000000000
0.9300000000 0.14763297450443677028 0.00000000000000000000
0.9400000000 0.14500742334438593284 0.00000000000000000000
0.9500000000 0.14245579654147119686 0.00000000000000000000
0.9600000000 0.13997578099044427624 0.00000000000000000000
0.9700000000 0.13756513861306421398 0.00000000000000000000
0.9800000000 0.13522170401377500704 0.00000000000000000000
0.9900000000 0.13294338219456539041 0.00000000000000000000
1.0000000000 0.13072814632888063446 0.00000000000000000000
1.0100000000 0.12857403559433627782 0.00000000000000000000
1.0200000000 0.12647915306390378198 0.00000000000000000000
1.0300000000 0.12444166365494492565 0.00000000000000000000
1.0400000000 0.12245979213558770560 0.00000000000000000000
1.0500000000 0.12053182118767377662 0.00000000000000000000
1.0600000000 0.11865608952545225740 0.00000000000000000000
1.0700000000 0.11683099006917486984 0.00000000000000000000
1.0800000000 0.11505496817263653753 0.00000000000000000000
1.0900000000 0.11332651990370413986 0.00000000000000000000
1.1000000000 0.11164419037675345214 0.00000000000000000000
1.1100000000 0.11000657213598780126 0.00000000000000000000
1.1200000000 0.10841230358851447479 0.00000000000000000000
1.1300000000 0.10686006748607733419 0.00000000000000000000
1.1400000000 0.10534858945430791710 0.00000000000000000000
1.1500000000 0.10387663656834852932 0.00000000000000000000
1.1600000000 0.10244301597368975221 0.00000000000000000000
1.1700000000 0.10104657355109222805 0.00000000000000000000
1.1800000000 0.09968619262440056583 0.00000000000000000000
1.1900000000 0.09836079271015067682 0.00000000000000000000
1.2000000000 0.09706932830778937371 0.00000000000000000000
1.2100000000 0.09581078772939857768 0.00000000000000000000
1.2200000000 0.09458419196780855354 0.00000000000000000000
1.2300000000 0.09338859360197451775 0.00000000000000000000
1.2400000000 0.09222307573856344809 0.00000000000000000000
1.2500000000 0.09108675098864825459 0.00000000000000000000
1.2600000000 0.08997876047848223091 0.00000000000000000000
1.2700000000 0.08889827289330637372 0.00000000000000000000
1.2800000000 0.08784448355318898172 0.00000000000000000000
1.2900000000 0.08681661351989393427 0.00000000000000000000
1.3000000000 0.08581390873382981066 0.00000000000000000000
1.3100000000 0.08483563918010993132 0.00000000000000000000
1.3200000000 0.08388109808281216107 0.00000000000000000000
1.3300000000 0.08294960112653919360 0.00000000000000000000
1.3400000000 0.08204048570438808585 0.00000000000000000000
1.3500000000 0.08115311019148425953 0.00000000000000000000
1.3600000000 0.08028685324324270900 0.00000000000000000000
1.3700000000 0.07944111311753969396 0.00000000000000000000
1.3800000000 0.07861530702001842674 0.00000000000000000000
1.3900000000 0.07780887047174736559 0.00000000000000000000
1.4000000000 0.07702125669850133638 0.00000000000000000000
1.4100000000 0.07625193604092943278 0.00000000000000000000
1.4200000000 0.07550039538491959412 0.00000000000000000000
1.4300000000 0.07476613761147275772 0.00000000000000000000
1.4400000000 0.07404868106542485118 0.00000000000000000000
1.4500000000 0.07334755904238758617 0.00000000000000000000
1.4600000000 0.07266231929327424122 0.00000000000000000000
1.4700000000 0.07199252354582119651 0.00000000000000000000
1.4800000000 0.07133774704252011933 0.00000000000000000000
1.4900000000 0.07069757809439616847 0.00000000000000000000
1.5000000000 0.07007161765008741716 0.00000000000000000000
1.5100000000 0.06945947887970582713 0.00000000000000000000
1.5200000000 0.06886078677295794093 0.00000000000000000000
1.5300000000 0.06827517775104209596 0.00000000000000000000
1.5400000000 0.06770229929184140572 0.00000000000000000000
1.5500000000 0.06714180956795023913 0.00000000000000000000
1.5600000000 0.06659337709709221842 0.00000000000000000000
1.5700000000 0.06605668040449549916 0.00000000000000000000
1.5800000000 0.06553140769681198297 0.00000000000000000000
1.5900000000 0.06501725654717735448 0.00000000000000000000
1.6000000000 0.06451393359102361447 0.00000000000000000000
1.6100000000 0.06402115423226766022 0.00000000000000000000
1.6200000000 0.06353864235951892092 0.00000000000000000000
1.6300000000 0.06306613007194984688 0.00000000000000000000
1.6400000000 0.06260335741449486735 0.00000000000000000000
1.6500000000 0.06215007212205196641 0.00000000000000000000
1.6600000000 0.06170602937237246177 0.00000000000000000000
1.6700000000 0.06127099154733291198 0.00000000000000000000
1.6800000000 0.06084472800229953626 0.00000000000000000000
1.6900000000 0.06042701484329925099 0.00000000000000000000
1.7000000000 0.06001763471172529701 0.00000000000000000000
1.7100000000 0.05961637657631647935 0.00000000000000000000
1.7200000000 0.05922303553215121918 0.00000000000000000000
1.7300000000 0.05883741260641460469 0.00000000000000000000
1.7400000000 0.05845931457070289300 0.00000000000000000000
1.7500000000 0.05808855375963185852 0.00000000000000000000
1.7600000000 0.05772494789553495043 0.00000000000000000000
1.7700000000 0.05736831991903734718 0.00000000000000000000
1.7800000000 0.05701849782529667954 0.00000000000000000000
1.7900000000 0.05667531450571860335 0.00000000000000000000
1.8000000000 0.05633860759495418202 0.00000000000000000000
1.8100000000 0.05600821932299423350 0.00000000000000000000
1.8200000000 0.05568399637218596904 0.00000000000000000000
1.8300000000 0.05536578973899872885 0.00000000000000000000
1.8400000000 0.05505345460037337074 0.00000000000000000000
1.8500000000 0.05474685018449971380 0.00000000000000000000
1.8600000000 0.05444583964586519054 0.00000000000000000000
1.8700000000 0.05415028994442717958 0.00000000000000000000
1.8800000000 0.05386007172876943611 0.00000000000000000000
1.8900000000 0.05357505922310035196 0.00000000000000000000
1.9000000000 0.05329513011796311456 0.00000000000000000000
1.9100000000 0.05302016546453042212 0.00000000000000000000
1.9200000000 0.05275004957235834846 0.00000000000000000000
1.9300000000 0.05248466991048056363 0.00000000000000000000
1.9400000000 0.05222391701172964668 0.00000000000000000000
1.9500000000 0.05196768438017301123 0.00000000000000000000
1.9600000000 0.05171586840155672354 0.00000000000000000000
1.9700000000 0.05146836825665637022 0.00000000000000000000
1.9800000000 0.05122508583743286964 0.00000000000000000000
1.9900000000 0.05098592566589747743 0.00000000000000000000
2.0000000000 0.05075079481559635619 0.00000000000000000000
2.0100000000 0.05051960283562266507 0.00000000000000000000
2.0200000000 0.05029226167707077227 0.00000000000000000000
2.0300000000 0.05006868562185068372 0.00000000000000000000
2.0400000000 0.04984879121378092692 0.00000000000000000000
2.0500000000 0.04963249719188445042 0.00000000000000000000
2.0600000000 0.04941972442581178682 0.00000000000000000000
2.0700000000 0.04921039585331980770 0.00000000000000000000
2.0800000000 0.04900443641973670911 0.00000000000000000000
2.0900000000 0.04880177301934752326 0.00000000000000000000
2.1000000000 0.04860233443863282154 0.00000000000000000000
2.1100000000 0.04840605130130145456 0.00000000000000000000
2.1200000000 0.04821285601505489321 0.00000000000000000000
2.1300000000 0.04802268272002677835 0.00000000000000000000
2.1400000000 0.04783546723884048169 0.00000000000000000000
2.1500000000 0.04765114702823116527 0.00000000000000000000
2.1600000000 0.04746966113218042266 0.00000000000000000000
2.1700000000 0.04729095013651316015 0.00000000000000000000
2.1800000000 0.04711495612490661233 0.00000000000000000000
2.1900000000 0.04694162263626851933 0.00000000000000000000
2.2000000000 0.04677089462343439474 0.00000000000000000000
2.2100000000 0.04660271841314310437 0.00000000000000000000
2.2200000000 0.04643704166724930971 0.00000000000000000000
2.2300000000 0.04627381334512872119 0.00000000000000000000
2.2400000000 0.04611298366723989156 0.00000000000000000000
2.2500000000 0.04595450407980482960 0.00000000000000000000
2.2600000000 0.04579832722056857014 0.00000000000000000000
2.2700000000 0.04564440688560561510 0.00000000000000000000
2.2800000000 0.04549269799713825946 0.00000000000000000000
2.2900000000 0.04534315657233231600 0.00000000000000000000
2.3000000000 0.04519573969304065131 0.00000000000000000000
2.3100000000 0.04505040547646233656 0.00000000000000000000
2.3200000000 0.04490711304668734694 0.00000000000000000000
2.3300000000 0.04476582250710101768 0.00000000000000000000
2.3400000000 0.04462649491361618537 0.00000000000000000000
2.3500000000 0.04448909224870910284 0.00000000000000000000
2.3600000000 0.04435357739623360662 0.00000000000000000000
2.3700000000 0.04421991411698671798 0.00000000000000000000
2.3800000000 0.04408806702500264046 0.00000000000000000000
2.3900000000 0.04395800156455231117 0.00000000000000000000
2.4000000000 0.04382968398782437908 0.00000000000000000000
2.4100000000 0.04370308133326739064 0.00000000000000000000
2.4200000000 0.04357816140457212301 0.00000000000000000000
2.4300000000 0.04345489275027206166 0.00000000000000000000
2.4400000000 0.04333324464394460590 0.00000000000000000000
2.4500000000 0.04321318706499290702 0.00000000000000000000
2.4600000000 0.04309469067998906999 0.00000000000000000000
2.4700000000 0.04297772682456353632 0.00000000000000000000
2.4800000000 0.04286226748582105950 0.00000000000000000000
2.4900000000 0.04274828528526757043 0.00000000000000000000
2.5000000000 0.04263575346223264645 0.00000000000000000000
2.5100000000 0.04252464585777093048 0.00000000000000000000
2.5200000000 0.04241493689902838676 0.00000000000000000000
2.5300000000 0.04230660158405831484 0.00000000000000000000
2.5400000000 0.04219961546707402811 0.00000000000000000000
2.5500000000 0.04209395464412293147 0.00000000000000000000
2.5600000000 0.04198959573917178389 0.00000000000000000000
2.5700000000 0.04188651589058645097 0.00000000000000000000
2.5800000000 0.04178469273799920169 0.00000000000000000000
2.5900000000 0.04168410440954524454 0.00000000000000000000
2.6000000000 0.04158472950946386776 0.00000000000000000000
2.6100000000 0.04148654710604766233 0.00000000000000000000
2.6200000000 0.04138953671993159111 0.00000000000000000000
2.6300000000 0.04129367831271230777 0.00000000000000000000
2.6400000000 0.04119895227588491610 0.00000000000000000000
2.6500000000 0.04110533942009066133 0.00000000000000000000
2.6600000000 0.04101282096466337540 0.00000000000000000000
2.6700000000 0.04092137852746802196 0.00000000000000000000
2.6800000000 0.04083099411502023879 0.00000000000000000000
2.6900000000 0.04074165011288066740 0.00000000000000000000
2.7000000000 0.04065332927631341853 0.00000000000000000000
2.7100000000 0.04056601472120327512 0.00000000000000000000
2.7200000000 0.04047968991522202242 0.00000000000000000000
2.7300000000 0.04039433866923631405 0.00000000000000000000
2.7400000000 0.04030994512895182125 0.00000000000000000000
2.7500000000 0.04022649376678484601 0.00000000000000000000
2.7600000000 0.04014396937395518783 0.00000000000000000000
2.7700000000 0.04006235705279324183 0.00000000000000000000
2.7800000000 0.03998164220925654738 0.00000000000000000000
2.7900000000 0.03990181054564743285 0.00000000000000000000
2.8000000000 0.03982284805352765550 0.00000000000000000000
2.8100000000 0.03974474100682244548 0.00000000000000000000
2.8200000000 0.03966747595511126157 0.00000000000000000000
2.8300000000 0.03959103971709582170 0.00000000000000000000
2.8400000000 0.03951541937424449952 0.00000000000000000000
2.8500000000 0.03944060226460361501 0.00000000000000000000
2.8600000000 0.03936657597677489101 0.00000000000000000000
2.8700000000 0.03929332834405152575 0.00000000000000000000
2.8800000000 0.03922084743870885015 0.00000000000000000000
2.8900000000 0.03914912156644591301 0.00000000000000000000
2.9000000000 0.03907813926097268575 0.00000000000000000000
2.9100000000 0.03900788927873924394 0.00000000000000000000
2.9200000000 0.03893836059380297726 0.00000000000000000000
2.9300000000 0.03886954239282879725 0.00000000000000000000
2.9400000000 0.03880142407022040690 0.00000000000000000000
2.9500000000 0.03873399522337695605 0.00000000000000000000
2.9600000000 0.03866724564807257764 0.00000000000000000000
2.9700000000 0.03860116533395559907 0.00000000000000000000
2.9800000000 0.03853574446016307803 0.00000000000000000000
2.9900000000 0.03847097339104784547 0.00000000000000000000
3.0000000000 0.03840684267201541213 0.00000000000000000000
3.0100000000 0.03834334302546652667 0.00000000000000000000
3.0200000000 0.03828046534684349106 0.00000000000000000000
3.0300000000 0.03821820070077690257 0.00000000000000000000
3.0400000000 0.03815654031732959584 0.00000000000000000000
3.0500000000 0.03809547558833571018 0.00000000000000000000
3.0600000000 0.03803499806383238424 0.00000000000000000000
3.0700000000 0.03797509944858024761 0.00000000000000000000
3.0800000000 0.03791577159867171726 0.00000000000000000000
3.0900000000 0.03785700651822438562 0.00000000000000000000
3.1000000000 0.03779879635615576716 0.00000000000000000000
3.1100000000 0.03774113340303934111 0.00000000000000000000
3.1200000000 0.03768401008803799052 0.00000000000000000000
3.1300000000 0.03762741897591320023 0.00000000000000000000
3.1400000000 0.03757135276410841773 0.00000000000000000000
3.1500000000 0.03751580427990404421 0.00000000000000000000
3.1600000000 0.03746076647764163409 0.00000000000000000000
3.1700000000 0.03740623243601704645 0.00000000000000000000
3.1800000000 0.03735219535543872482 0.00000000000000000000
3.1900000000 0.03729864855545098751 0.00000000000000000000
3.2000000000 0.03724558547221903937 0.00000000000000000000
3.2100000000 0.03719299965607588548 0.00000000000000000000
3.2200000000 0.03714088476912733722 0.00000000000000000000
3.2300000000 0.03708923458291576297 0.00000000000000000000
3.2400000000 0.03703804297613867008 0.00000000000000000000
3.2500000000 0.03698730393242383174 0.00000000000000000000
3.2600000000 0.03693701153815501237 0.00000000000000000000
3.2700000000 0.03688715998035165672 0.00000000000000000000
3.2800000000 0.03683774354459796313 0.00000000000000000000
3.2900000000 0.03678875661302089678 0.00000000000000000000
3.3000000000 0.03674019366231642825 0.00000000000000000000
3.3100000000 0.03669204926182185328 0.00000000000000000000
3.3200000000 0.03664431807163364557 0.00000000000000000000
3.3300000000 0.03659699484076949644 0.00000000000000000000
3.3400000000 0.03655007440537288987 0.00000000000000000000
3.3500000000 0.03650355168695974817 0.00000000000000000000
3.3600000000 0.03645742169070597533 0.00000000000000000000
3.3700000000 0.03641167950377446200 0.00000000000000000000
3.3800000000 0.03636632029368078861 0.00000000000000000000
3.3900000000 0.03632133930669651650 0.00000000000000000000
3.4000000000 0.03627673186628935925 0.00000000000000000000
3.4100000000 0.03623249337159906158 0.00000000000000000000
3.4200000000 0.03618861929594798660 0.00000000000000000000
3.4300000000 0.03614510518538546074 0.00000000000000000000
3.4400000000 0.03610194665726607771 0.00000000000000000000
3.4500000000 0.03605913939885863062 0.00000000000000000000
3.4600000000 0.03601667916598876723 0.00000000000000000000
3.4700000000 0.03597456178170950480 0.00000000000000000000
3.4800000000 0.03593278313500416349 0.00000000000000000000
3.4900000000 0.03589133917951667363 0.00000000000000000000
3.5000000000 0.03585022593231087379 0.00000000000000000000
3.5100000000 0.03580943947265780719 0.00000000000000000000
3.5200000000 0.03576897594084910842 0.00000000000000000000
3.5300000000 0.03572883153703766690 0.00000000000000000000
3.5400000000 0.03568900252010308305 0.00000000000000000000
3.5500000000 0.03564948520654270120 0.00000000000000000000
3.5600000000 0.03561027596938664413 0.00000000000000000000
3.5700000000 0.03557137123713700888 0.00000000000000000000
3.5800000000 0.03553276749272984286 0.00000000000000000000
3.5900000000 0.03549446127252022659 0.00000000000000000000
3.6000000000 0.03545644916528856161 0.00000000000000000000
3.6100000000 0.03541872781126997882 0.00000000000000000000
3.6200000000 0.03538129390120246798 0.00000000000000000000
3.6300000000 0.03534414417539803038 0.00000000000000000000
3.6400000000 0.03530727542283140785 0.00000000000000000000
3.6500000000 0.03527068448025067610 0.00000000000000000000
3.6600000000 0.03523436823130458168 0.00000000000000000000
3.6700000000 0.03519832360569027235 0.00000000000000000000
3.6800000000 0.03516254757831819427 0.00000000000000000000
3.6900000000 0.03512703716849499558 0.00000000000000000000
3.7000000000 0.03509178943912351356 0.00000000000000000000
3.7100000000 0.03505680149591994255 0.00000000000000000000
3.7200000000 0.03502207048664737060 0.00000000000000000000
3.7300000000 0.03498759360036498428 0.00000000000000000000
3.7400000000 0.03495336806669324670 0.00000000000000000000
3.7500000000 0.03491939115509495872 0.00000000000000000000
3.7600000000 0.03488566017417023962 0.00000000000000000000
3.7700000000 0.03485217247096653731 0.00000000000000000000
3.7800000000 0.03481892543030349479 0.00000000000000000000
3.7900000000 0.03478591647411068827 0.00000000000000000000
3.8000000000 0.03475314306077979115 0.00000000000000000000
3.8100000000 0.03472060268452960979 0.00000000000000000000
3.8200000000 0.03468829287478434470 0.00000000000000000000
3.8300000000 0.03465621119556416829 0.00000000000000000000
3.8400000000 0.03462435524488879229 0.00000000000000000000
3.8500000000 0.03459272265419227610 0.00000000000000000000
3.8600000000 0.03456131108775068600 0.00000000000000000000
3.8700000000 0.03453011824212013497 0.00000000000000000000
3.8800000000 0.03449914184558738189 0.00000000000000000000
3.8900000000 0.03446837965763022843 0.00000000000000000000
3.9000000000 0.03443782946838973985 0.00000000000000000000
3.9100000000 0.03440748909815202761 0.00000000000000000000
3.9200000000 0.03437735639684125905 0.00000000000000000000
3.9300000000 0.03434742924352207627 0.00000000000000000000
3.9400000000 0.03431770554591204170 0.00000000000000000000
3.9500000000 0.03428818323990370093 0.00000000000000000000
3.9600000000 0.03425886028909620740 0.00000000000000000000
3.9700000000 0.03422973468433568311 0.00000000000000000000
3.9800000000 0.03420080444326503710 0.00000000000000000000
3.9900000000 0.03417206760988242276 0.00000000000000000000
4.0000000000 0.03414352225410811903 0.00000000000000000000
4.0100000000 0.03411516647135987707 0.00000000000000000000
4.0200000000 0.03408699838213658656 0.00000000000000000000
4.0300000000 0.03405901613160994962 0.00000000000000000000
4.0400000000 0.03403121788922378738 0.00000000000000000000
4.0500000000 0.03400360184830140964 0.00000000000000000000
4.0600000000 0.03397616622566004135 0.00000000000000000000
4.0700000000 0.03394890926123301372 0.00000000000000000000
4.0800000000 0.03392182921769891502 0.00000000000000000000
4.0900000000 0.03389492438011775660 0.00000000000000000000
4.1000000000 0.03386819305557412646 0.00000000000000000000
4.1100000000 0.03384163357282708035 0.00000000000000000000
4.1200000000 0.03381524428196647225 0.00000000000000000000
4.1300000000 0.03378902355407575886 0.00000000000000000000
4.1400000000 0.03376296978090140982 0.00000000000000000000
4.1500000000 0.03373708137452802874 0.00000000000000000000
4.1600000000 0.03371135676705983714 0.00000000000000000000
4.1700000000 0.03368579441030788990 0.00000000000000000000
4.1800000000 0.03366039277548309866 0.00000000000000000000
4.1900000000 0.03363515035289525029 0.00000000000000000000
4.2000000000 0.03361006565165692433 0.00000000000000000000
4.2100000000 0.03358513719939350967 0.00000000000000000000
4.2200000000 0.03356036354195781474 0.00000000000000000000
4.2300000000 0.03353574324315077015 0.00000000000000000000
4.2400000000 0.03351127488444635011 0.00000000000000000000
4.2500000000 0.03348695706472206574 0.00000000000000000000
4.2600000000 0.03346278839999406590 0.00000000000000000000
4.2700000000 0.03343876752315703277 0.00000000000000000000
4.2800000000 0.03341489308372899009 0.00000000000000000000
4.2900000000 0.03339116374760029565 0.00000000000000000000
4.3000000000 0.03336757819678750486 0.00000000000000000000
4.3100000000 0.03334413512919134209 0.00000000000000000000
4.3200000000 0.03332083325835939053 0.00000000000000000000
4.3300000000 0.03329767131325224450 0.00000000000000000000
4.3400000000 0.03327464803801476884 0.00000000000000000000
4.3500000000 0.03325176219175056402 0.00000000000000000000
4.3600000000 0.03322901254830091383 0.00000000000000000000
4.3700000000 0.03320639789602736203 0.00000000000000000000
4.3800000000 0.03318391703759827199 0.00000000000000000000
4.3900000000 0.03316156878977898070 0.00000000000000000000
4.4000000000 0.03313935198322558173 0.00000000000000000000
4.4100000000 0.03311726546228252466 0.00000000000000000000
4.4200000000 0.03309530808478345493 0.00000000000000000000
4.4300000000 0.03307347872185566195 0.00000000000000000000
4.4400000000 0.03305177625772773298 0.00000000000000000000
4.4500000000 0.03303019958954087759 0.00000000000000000000
4.4600000000 0.03300874762716288907 0.00000000000000000000
4.4700000000 0.03298741929300604003 0.00000000000000000000
4.4800000000 0.03296621352184725406 0.00000000000000000000
4.4900000000 0.03294512926065214925 0.00000000000000000000
4.5000000000 0.03292416546840129521 0.00000000000000000000
4.5100000000 0.03290332111592032815 0.00000000000000000000
4.5200000000 0.03288259518571186313 0.00000000000000000000
4.5300000000 0.03286198667179102834 0.00000000000000000000
4.5400000000 0.03284149457952358769 0.00000000000000000000
4.5500000000 0.03282111792546651280 0.00000000000000000000
4.5600000000 0.03280085573721148312 0.00000000000000000000
4.5700000000 0.03278070705323101602 0.00000000000000000000
4.5800000000 0.03276067092272687276 0.00000000000000000000
4.5900000000 0.03274074640548125387 0.00000000000000000000
4.6000000000 0.03272093257171038161 0.00000000000000000000
4.6100000000 0.03270122850192040687 0.00000000000000000000
4.6200000000 0.03268163328676575857 0.00000000000000000000
4.6300000000 0.03266214602690981073 0.00000000000000000000
4.6400000000 0.03264276583288795025 0.00000000000000000000
4.6500000000 0.03262349182497252531 0.00000000000000000000
4.6600000000 0.03260432313304045815 0.00000000000000000000
4.6700000000 0.03258525889644255102 0.00000000000000000000
4.6800000000 0.03256629826387530402 0.00000000000000000000
4.6900000000 0.03254744039325463412 0.00000000000000000000
4.7000000000 0.03252868445159137062 0.00000000000000000000
4.7100000000 0.03251002961486936654 0.00000000000000000000
4.7200000000 0.03249147506792501167 0.00000000000000000000
4.7300000000 0.03247302000432879948 0.00000000000000000000
4.7400000000 0.03245466362626885093 0.00000000000000000000
4.7500000000 0.03243640514443661693 0.00000000000000000000
4.7600000000 0.03241824377791361483 0.00000000000000000000
4.7700000000 0.03240017875406058651 0.00000000000000000000
4.7800000000 0.03238220930840825240 0.00000000000000000000
4.7900000000 0.03236433468454993218 0.00000000000000000000
4.8000000000 0.03234655413403517837 0.00000000000000000000
4.8100000000 0.03232886691626613712 0.00000000000000000000
4.8200000000 0.03231127229839458187 0.00000000000000000000
4.8300000000 0.03229376955522117454 0.00000000000000000000
4.8400000000 0.03227635796909587851 0.00000000000000000000
4.8500000000 0.03225903682982021736 0.00000000000000000000
4.8600000000 0.03224180543455087977 0.00000000000000000000
4.8700000000 0.03222466308770496890 0.00000000000000000000
4.8800000000 0.03220760910086632040 0.00000000000000000000
4.8900000000 0.03219064279269379797 0.00000000000000000000
4.9000000000 0.03217376348883074083 0.00000000000000000000
4.9100000000 0.03215697052181561849 0.00000000000000000000
4.9200000000 0.03214026323099422600 0.00000000000000000000
4.9300000000 0.03212364096243344042 0.00000000000000000000
4.9400000000 0.03210710306883578918 0.00000000000000000000
4.9500000000 0.03209064890945571152 0.00000000000000000000
4.9600000000 0.03207427785001688153 0.00000000000000000000
4.9700000000 0.03205798926263090515 0.00000000000000000000
4.9800000000 0.03204178252571721064 0.00000000000000000000
4.9900000000 0.03202565702392386887 0.00000000000000000000
5.0000000000 0.03200961214805017607 0.00000000000000000000
