0.1000000000 1.60875331513942532169 0.00000000000000000000
0.1100000000 1.56631911795690270672 0.00000000000000000000
0.1200000000 1.52476467514745417375 0.00000000000000000000
0.1300000000 1.48409394050551046718 0.00000000000000000000
0.1400000000 1.44430929620928139023 0.00000000000000000000
0.1500000000 1.40541159688028716168 0.00000000000000000000
0.1600000000 1.36740022043376896477 0.00000000000000000000
0.1700000000 1.33027312494261829023 0.00000000000000000000
0.1800000000 1.29402691071179698490 0.00000000000000000000
0.1900000000 1.25865688674937170610 0.00000000000000000000
0.2000000000 1.22415714082321680500 0.00000000000000000000
0.2100000000 1.19052061230796990543 0.00000000000000000000
0.2200000000 1.15773916705344248612 0.00000000000000000000
0.2300000000 1.12580367354188015661 0.00000000000000000000
0.2400000000 1.09470407964553539948 0.00000000000000000000
0.2500000000 1.06442948934631398394 0.00000000000000000000
0.2600000000 1.03496823883416322332 0.00000000000000000000
0.2700000000 1.00630797145883499333 0.00000000000000000000
0.2800000000 0.97843571106926618963 0.00000000000000000000
0.2900000000 0.95133793333474470089 0.00000000000000000000
0.3000000000 0.92500063470123516929 0.00000000000000000000
0.3100000000 0.89940939869364411319 0.00000000000000000000
0.3200000000 0.87454945932971706046 0.00000000000000000000
0.3300000000 0.85040576146301594118 0.00000000000000000000
0.3400000000 0.82696301792052906432 0.00000000000000000000
0.3500000000 0.80420576334464322077 0.00000000000000000000
0.3600000000 0.78211840468921589586 0.00000000000000000000
0.3700000000 0.76068526835527183749 0.00000000000000000000
0.3800000000 0.73989064398340576023 0.00000000000000000000
0.3900000000 0.71971882494741523661 0.00000000000000000000
0.4000000000 0.70015414561715816344 0.00000000000000000000
0.4100000000 0.68118101547835063769 0.00000000000000000000
0.4200000000 0.66278395021323632808 0.00000000000000000000
0.4300000000 0.64494759985903316046 0.00000000000000000000
0.4400000000 0.62765677417109622116 0.00000000000000000000
0.4500000000 0.61089646532510299970 0.00000000000000000000
0.4600000000 0.59465186809758385778 0.00000000000000000000
0.4700000000 0.57890839766702939517 0.00000000000000000000
0.4800000000 0.56365170517893681268 0.00000000000000000000
0.4900000000 0.54886769121769196644 0.00000000000000000000
0.5000000000 0.53454251732644064710 0.00000000000000000000
0.5100000000 0.52066261571321870161 0.00000000000000000000
0.5200000000 0.50721469727789170179 0.00000000000000000000
0.5300000000 0.49418575808992504239 0.00000000000000000000
0.5400000000 0.48156308444201495478 0.00000000000000000000
0.5500000000 0.46933425659914329575 0.00000000000000000000
0.5600000000 0.45748715135686718325 0.00000000000000000000
0.5700000000 0.44600994351674877469 0.00000000000000000000
0.5800000000 0.43489110638077721482 0.00000000000000000000
0.5900000000 0.42411941136063219249 0.00000000000000000000
0.6000000000 0.41368392679163362713 0.00000000000000000000
0.6100000000 0.40357401603531750656 0.00000000000000000000
0.6200000000 0.39377933494888167631 0.00000000000000000000
0.6300000000 0.38428982879414202989 0.00000000000000000000
0.6400000000 0.37509572865330081948 0.00000000000000000000
0.6500000000 0.36618754741370923567 0.00000000000000000000
0.6600000000 0.35755607537890382597 0.00000000000000000000
0.6700000000 0.34919237555853471777 0.00000000000000000000
0.6800000000 0.34108777868545842038 0.00000000000000000000
0.6900000000 0.33323387800408454940 0.00000000000000000000
0.7000000000 0.32562252387019552380 0.00000000000000000000
0.7100000000 0.31824581819881087030 0.00000000000000000000
0.7200000000 0.31109610879329341326 0.00000000000000000000
0.7300000000 0.30416598358566110383 0.00000000000000000000
0.7400000000 0.29744826481520036943 0.00000000000000000000
0.7500000000 0.29093600316969547848 0.00000000000000000000
0.7600000000 0.28462247191107886701 0.00000000000000000000
0.7700000000 0.27850116100496430382 0.00000000000000000000
0.7800000000 0.27256577127140951822 0.00000000000000000000
0.7900000000 0.26681020857222886855 0.00000000000000000000
0.8000000000 0.26122857804840288187 0.00000000000000000000
0.8100000000 0.25581517841945966563 0.00000000000000000000
0.8200000000 0.25056449635517891172 0.00000000000000000000
0.8300000000 0.24547120092858529250 0.00000000000000000000
0.8400000000 0.24053013815795321051 0.00000000000000000000
0.8500000000 0.23573632564436428072 0.00000000000000000000
0.8600000000 0.23108494731034118219 0.00000000000000000000
0.8700000000 0.22657134824415925412 0.00000000000000000000
0.8800000000 0.22219102965351938961 0.00000000000000000000
0.8900000000 0.21793964393158968273 0.00000000000000000000
0.9000000000 0.21381298983761126697 0.00000000000000000000
0.9100000000 0.20980700779383215648 0.00000000000000000000
0.9200000000 0.20591777529970481386 0.00000000000000000000
0.9300000000 0.20214150246410658718 0.00000000000000000000
0.9400000000 0.19847452765561962584 0.00000000000000000000
0.9500000000 0.19491331327070551827 0.00000000000000000000
0.9600000000 0.19145444161913330317 0.00000000000000000000
0.9700000000 0.18809461092589568887 0.00000000000000000000
0.9800000000 0.18483063144830855218 0.00000000000000000000
0.9900000000 0.18165942170703980318 0.00000000000000000000
1.0000000000 0.17857800482939104048 0.00000000000000000000
1.0100000000 0.17558350500334055089 0.00000000000000000000
1.0200000000 0.17267314404007277906 0.00000000000000000000
1.0300000000 0.16984423804286888360 0.00000000000000000000
1.0400000000 0.16709419418116183698 0.00000000000000000000
1.0500000000 0.16442050756645595899 0.00000000000000000000
1.0600000000 0.16182075822840158441 0.00000000000000000000
1.0700000000 0.15929260818861359916 0.00000000000000000000
1.0800000000 0.15683379862979798802 0.00000000000000000000
1.0900000000 0.15444214715791951265 0.00000000000000000000
1.1000000000 0.15211554515488781569 0.00000000000000000000
1.1100000000 0.14985195521942706876 0.00000000000000000000
1.1200000000 0.14764940869372192300 0.00000000000000000000
1.1300000000 0.14550600327338436557 0.00000000000000000000
1.1400000000 0.14341990069845036992 0.00000000000000000000
1.1500000000 0.14138932452298191844 0.00000000000000000000
1.1600000000 0.13941255796098167563 0.00000000000000000000
1.1700000000 0.13748794180630172224 0.00000000000000000000
1.1800000000 0.13561387242432235145 0.00000000000000000000
1.1900000000 0.13378879981312563618 0.00000000000000000000
1.2000000000 0.13201122573204207566 0.00000000000000000000
1.2100000000 0.13027970189537385615 0.00000000000000000000
1.2200000000 0.12859282822925144352 0.00000000000000000000
1.2300000000 0.12694925118955413534 0.00000000000000000000
1.2400000000 0.12534766213889003694 0.00000000000000000000
1.2500000000 0.12378679578071533074 0.00000000000000000000
1.2600000000 0.12226542864865622140 0.00000000000000000000
1.2700000000 0.12078237764920919661 0.00000000000000000000
1.2800000000 0.11933649865601309026 0.00000000000000000000
1.2900000000 0.11792668515392565332 0.00000000000000000000
1.3000000000 0.11655186693123086028 0.00000000000000000000
1.3100000000 0.11521100881829333951 0.00000000000000000000
1.3200000000 0.11390310947108048256 0.00000000000000000000
1.3300000000 0.11262720019797561877 0.00000000000000000000
1.3400000000 0.11138234382838776981 0.00000000000000000000
1.3500000000 0.11016763362168510709 0.00000000000000000000
1.3600000000 0.10898219221504158727 0.00000000000000000000
1.3700000000 0.10782517060881839643 0.00000000000000000000
1.3800000000 0.10669574718816061953 0.00000000000000000000
1.3900000000 0.10559312677950860593 0.00000000000000000000
1.4000000000 0.10451653974080477028 0.00000000000000000000
1.4100000000 0.10346524108416899068 0.00000000000000000000
1.4200000000 0.10243850962989758946 0.00000000000000000000
1.4300000000 0.10143564719065599478 0.00000000000000000000
1.4400000000 0.10045597778478394801 0.00000000000000000000
1.4500000000 0.09949884687766184788 0.00000000000000000000
1.4600000000 0.09856362065013074547 0.00000000000000000000
1.4700000000 0.09764968529298573285 0.00000000000000000000
1.4800000000 0.09675644632660442002 0.00000000000000000000
1.4900000000 0.09588332794479606513 0.00000000000000000000
1.5000000000 0.09502977238199716847 0.00000000000000000000
1.5100000000 0.09419523930296572201 0.00000000000000000000
1.5200000000 0.09337920521415730979 0.00000000000000000000
1.5300000000 0.09258116289599739590 0.00000000000000000000
1.5400000000 0.09180062085528430116 0.00000000000000000000
1.5500000000 0.09103710279700079344 0.00000000000000000000
1.5600000000 0.09029014711481814226 0.00000000000000000000
1.5700000000 0.08955930639962056405 0.00000000000000000000
1.5800000000 0.08884414696538647793 0.00000000000000000000
1.5900000000 0.08814424839180456939 0.00000000000000000000
1.6000000000 0.08745920308300161872 0.00000000000000000000
1.6100000000 0.08678861584181339628 0.00000000000000000000
1.6200000000 0.08613210345901509135 0.00000000000000000000
1.6300000000 0.08548929431697857573 0.00000000000000000000
1.6400000000 0.08485982800722885466 0.00000000000000000000
1.6500000000 0.08424335496139209734 0.00000000000000000000
1.6600000000 0.08363953609504756748 0.00000000000000000000
1.6700000000 0.08304804246402194834 0.00000000000000000000
1.6800000000 0.08246855493266400106 0.00000000000000000000
1.6900000000 0.08190076385367206502 0.00000000000000000000
1.7000000000 0.08134436875905147468 0.00000000000000000000
1.7100000000 0.08079907806180047780 0.00000000000000000000
1.7200000000 0.08026460876793616028 0.00000000000000000000
1.7300000000 0.07974068619848129202 0.00000000000000000000
1.7400000000 0.07922704372106141590 0.00000000000000000000
1.7500000000 0.07872342249075425791 0.00000000000000000000
1.7600000000 0.07822957119986405361 0.00000000000000000000
1.7700000000 0.07774524583629854879 0.00000000000000000000
1.7800000000 0.07727020945023475862 0.00000000000000000000
1.7900000000 0.07680423192877838812 0.00000000000000000000
1.8000000000 0.07634708977833101762 0.00000000000000000000
1.8100000000 0.07589856591438202960 0.00000000000000000000
1.8200000000 0.07545844945846562346 0.00000000000000000000
1.8300000000 0.07502653554202191877 0.00000000000000000000
1.8400000000 0.07460262511691824472 0.00000000000000000000
1.8500000000 0.07418652477238674159 0.00000000000000000000
1.8600000000 0.07377804655815875523 0.00000000000000000000
1.8700000000 0.07337700781356469582 0.00000000000000000000
1.8800000000 0.07298323100239401118 0.00000000000000000000
1.8900000000 0.07259654355330849573 0.00000000000000000000
1.9000000000 0.07221677770560958054 0.00000000000000000000
1.9100000000 0.07184377036017335072 0.00000000000000000000
1.9200000000 0.07147736293536741115 0.00000000000000000000
1.9300000000 0.07111740122777662765 0.00000000000000000000
1.9400000000 0.07076373527756234239 0.00000000000000000000
1.9500000000 0.07041621923829867458 0.00000000000000000000
1.9600000000 0.07007471125112374466 0.00000000000000000000
1.9700000000 0.06973907332305437357 0.00000000000000000000
1.9800000000 0.06940917120932095508 0.00000000000000000000
1.9900000000 0.06908487429957893555 0.00000000000000000000
2.0000000000 0.06876605550786231424 0.00000000000000000000
2.0100000000 0.06845259116614853256 0.00000000000000000000
2.0200000000 0.06814436092140914447 0.00000000000000000000
2.0300000000 0.06784124763602362995 0.00000000000000000000
2.0400000000 0.06754313729144165168 0.00000000000000000000
2.0500000000 0.06724991889497930475 0.00000000000000000000
2.0600000000 0.06696148438964051597 0.00000000000000000000
2.0700000000 0.06667772856686182692 0.00000000000000000000
2.0800000000 0.06639854898207568634 0.00000000000000000000
2.0900000000 0.06612384587299945105 0.00000000000000000000
2.1000000000 0.06585352208055191003 0.00000000000000000000
2.1100000000 0.06558748297231069280 0.00000000000000000000
2.1200000000 0.06532563636842203536 0.00000000000000000000
2.1300000000 0.06506789246987929043 0.00000000000000000000
2.1400000000 0.06481416378908871900 0.00000000000000000000
2.1500000000 0.06456436508264559726 0.00000000000000000000
2.1600000000 0.06431841328624517129 0.00000000000000000000
2.1700000000 0.06407622745165397760 0.00000000000000000000
2.1800000000 0.06383772868567783032 0.00000000000000000000
2.1900000000 0.06360284009104859304 0.00000000000000000000
2.2000000000 0.06337148670917688853 0.00000000000000000000
2.2100000000 0.06314359546469873463 0.00000000000000000000
2.2200000000 0.06291909511175843017 0.00000000000000000000
2.2300000000 0.06269791618197304017 0.00000000000000000000
2.2400000000 0.06247999093401671727 0.00000000000000000000
2.2500000000 0.06226525330477417075 0.00000000000000000000
2.2600000000 0.06205363886200886830 0.00000000000000000000
2.2700000000 0.06184508475849829351 0.00000000000000000000
2.2800000000 0.06163952968758400208 0.00000000000000000000
2.2900000000 0.06143691384009281053 0.00000000000000000000
2.3000000000 0.06123717886257987880 0.00000000000000000000
2.3100000000 0.06104026781685568948 0.00000000000000000000
2.3200000000 0.06084612514074871914 0.00000000000000000000
2.3300000000 0.06065469661006567259 0.00000000000000000000
2.3400000000 0.06046592930171171970 0.00000000000000000000
2.3500000000 0.06027977155792933750 0.00000000000000000000
2.3600000000 0.06009617295162124340 0.00000000000000000000
2.3700000000 0.05991508425272218386 0.00000000000000000000
2.3800000000 0.05973645739558323259 0.00000000000000000000
2.3900000000 0.05956024544733907328 0.00000000000000000000
2.4000000000 0.05938640257722366950 0.00000000000000000000
2.4100000000 0.05921488402680383234 0.00000000000000000000
2.4200000000 0.05904564608110359630 0.00000000000000000000
2.4300000000 0.05887864604058654083 0.00000000000000000000
2.4400000000 0.05871384219397225018 0.00000000000000000000
2.4500000000 0.05855119379185821926 0.00000000000000000000
2.4600000000 0.05839066102112183687 0.00000000000000000000
2.4700000000 0.05823220498007670304 0.00000000000000000000
2.4800000000 0.05807578765436098578 0.00000000000000000000
2.4900000000 0.05792137189353347565 0.00000000000000000000
2.5000000000 0.05776892138835363483 0.00000000000000000000
2.5100000000 0.05761840064872666284 0.00000000000000000000
2.5200000000 0.05746977498229027120 0.00000000000000000000
2.5300000000 0.05732301047362362012 0.00000000000000000000
2.5400000000 0.05717807396406011239 0.00000000000000000000
2.5500000000 0.05703493303208180543 0.00000000000000000000
2.5600000000 0.05689355597428124439 0.00000000000000000000
2.5700000000 0.05675391178687008709 0.00000000000000000000
2.5800000000 0.05661597014771858200 0.00000000000000000000
2.5900000000 0.05647970139890833713 0.00000000000000000000
2.6000000000 0.05634507652978497372 0.00000000000000000000
2.6100000000 0.05621206716049158281 0.00000000000000000000
2.6200000000 0.05608064552597073066 0.00000000000000000000
2.6300000000 0.05595078446042035109 0.00000000000000000000
2.6400000000 0.05582245738218703790 0.00000000000000000000
2.6500000000 0.05569563827908767528 0.00000000000000000000
2.6600000000 0.05557030169414180210 0.00000000000000000000
2.6700000000 0.05544642271170491937 0.00000000000000000000
2.6800000000 0.05532397694398914073 0.00000000000000000000
2.6900000000 0.05520294051796101331 0.00000000000000000000
2.7000000000 0.05508329006260239552 0.00000000000000000000
2.7100000000 0.05496500269652641879 0.00000000000000000000
2.7200000000 0.05484805601593462088 0.00000000000000000000
2.7300000000 0.05473242808290910977 0.00000000000000000000
2.7400000000 0.05461809741402358365 0.00000000000000000000
2.7500000000 0.05450504296927086850 0.00000000000000000000
2.7600000000 0.05439324414129134005 0.00000000000000000000
2.7700000000 0.05428268074489612377 0.00000000000000000000
2.7800000000 0.05417333300687705161 0.00000000000000000000
2.7900000000 0.05406518155609164183 0.00000000000000000000
2.8000000000 0.05395820741381885527 0.00000000000000000000
2.8100000000 0.05385239198437372088 0.00000000000000000000
2.8200000000 0.05374771704597694488 0.00000000000000000000
2.8300000000 0.05364416474186811667 0.00000000000000000000
2.8400000000 0.05354171757165914619 0.00000000000000000000
2.8500000000 0.05344035838291793378 0.00000000000000000000
2.8600000000 0.05334007036297684634 0.00000000000000000000
2.8700000000 0.05324083703095906089 0.00000000000000000000
2.8800000000 0.05314264223001698845 0.00000000000000000000
2.8900000000 0.05304547011977583937 0.00000000000000000000
2.9000000000 0.05294930516897614764 0.00000000000000000000
2.9100000000 0.05285413214831185397 0.00000000000000000000
2.9200000000 0.05275993612345343531 0.00000000000000000000
2.9300000000 0.05266670244825703839 0.00000000000000000000
2.9400000000 0.05257441675814823051 0.00000000000000000000
2.9500000000 0.05248306496368052715 0.00000000000000000000
2.9600000000 0.05239263324425859347 0.00000000000000000000
2.9700000000 0.05230310804202630698 0.00000000000000000000
2.9800000000 0.05221447605591219426 0.00000000000000000000
2.9900000000 0.05212672423582759285 0.00000000000000000000
3.0000000000 0.05203983977701415881 0.00000000000000000000
3.0100000000 0.05195381011453674425 0.00000000000000000000
3.0200000000 0.05186862291791706492 0.00000000000000000000
3.0300000000 0.05178426608590309260 0.00000000000000000000
3.0400000000 0.05170072774137316612 0.00000000000000000000
3.0500000000 0.05161799622636679963 0.00000000000000000000
3.0600000000 0.05153606009724431836 0.00000000000000000000
3.0700000000 0.05145490811996564218 0.00000000000000000000
3.0800000000 0.05137452926548979892 0.00000000000000000000
3.0900000000 0.05129491270528792335 0.00000000000000000000
3.1000000000 0.05121604780697092130 0.00000000000000000000
3.1100000000 0.05113792413002370835 0.00000000000000000000
3.1200000000 0.05106053142164698050 0.00000000000000000000
3.1300000000 0.05098385961270233968 0.00000000000000000000
3.1400000000 0.05090789881375586828 0.00000000000000000000
3.1500000000 0.05083263931122206092 0.00000000000000000000
3.1600000000 0.05075807156359998795 0.00000000000000000000
3.1700000000 0.05068418619780402229 0.00000000000000000000
3.1800000000 0.05061097400558175335 0.00000000000000000000
3.1900000000 0.05053842594002230793 0.00000000000000000000
3.2000000000 0.05046653311214768095 0.00000000000000000000
3.2100000000 0.05039528678758622982 0.00000000000000000000
3.2200000000 0.05032467838332906757 0.00000000000000000000
3.2300000000 0.05025469946456235376 0.00000000000000000000
3.2400000000 0.05018534174157691236 0.00000000000000000000
3.2500000000 0.05011659706675181125 0.00000000000000000000
3.2600000000 0.05004845743161021043 0.00000000000000000000
3.2700000000 0.04998091496394552191 0.00000000000000000000
3.2800000000 0.04991396192501499490 0.00000000000000000000
3.2900000000 0.04984759070680178095 0.00000000000000000000
3.3000000000 0.04978179382933989316 0.00000000000000000000
3.3100000000 0.04971656393810345437 0.00000000000000000000
3.3200000000 0.04965189380145690334 0.00000000000000000000
3.3300000000 0.04958777630816506993 0.00000000000000000000
3.3400000000 0.04952420446496198780 0.00000000000000000000
3.3500000000 0.04946117139417521846 0.00000000000000000000
3.3600000000 0.04939867033140726144 0.00000000000000000000
3.3700000000 0.04933669462326886052 0.00000000000000000000
3.3800000000 0.04927523772516645417 0.00000000000000000000
3.3900000000 0.04921429319913913497 0.00000000000000000000
3.4000000000 0.04915385471174698456 0.00000000000000000000
3.4100000000 0.04909391603200621151 0.00000000000000000000
3.4200000000 0.04903447102937288915 0.00000000000000000000
3.4300000000 0.04897551367177175458 0.00000000000000000000
3.4400000000 0.04891703802367070725 0.00000000000000000000
3.4500000000 0.04885903824419814828 0.00000000000000000000
3.4600000000 0.04880150858530354907 0.00000000000000000000
3.4700000000 0.04874444338995877896 0.00000000000000000000
3.4800000000 0.04868783709040105240 0.00000000000000000000
3.4900000000 0.04863168420641455353 0.00000000000000000000
3.5000000000 0.04857597934365006503 0.00000000000000000000
3.5100000000 0.04852071719198299687 0.00000000000000000000
3.5200000000 0.04846589252390752500 0.00000000000000000000
3.5300000000 0.04841150019296635437 0.00000000000000000000
3.5400000000 0.04835753513221505845 0.00000000000000000000
3.5500000000 0.04830399235272083563 0.00000000000000000000
3.5600000000 0.04825086694209355237 0.00000000000000000000
3.5700000000 0.04819815406304950312 0.00000000000000000000
3.5800000000 0.04814584895200649944 0.00000000000000000000
3.5900000000 0.04809394691770976088 0.00000000000000000000
3.6000000000 0.04804244333988701154 0.00000000000000000000
3.6100000000 0.04799133366793357364 0.00000000000000000000
3.6200000000 0.04794061341962543160 0.00000000000000000000
3.6300000000 0.04789027817986028085 0.00000000000000000000
3.6400000000 0.04784032359942518714 0.00000000000000000000
3.6500000000 0.04779074539379161990 0.00000000000000000000
3.6600000000 0.04774153934193495902 0.00000000000000000000
3.6700000000 0.04769270128518033475 0.00000000000000000000
3.6800000000 0.04764422712607256638 0.00000000000000000000
3.6900000000 0.04759611282726954745 0.00000000000000000000
3.7000000000 0.04754835441046005584 0.00000000000000000000
3.7100000000 0.04750094795530359487 0.00000000000000000000
3.7200000000 0.04745388959839258458 0.00000000000000000000
3.7300000000 0.04740717553223701419 0.00000000000000000000
3.7400000000 0.04736080200426922432 0.00000000000000000000
3.7500000000 0.04731476531587045647 0.00000000000000000000
3.7600000000 0.04726906182141677598 0.00000000000000000000
3.7700000000 0.04722368792734562420 0.00000000000000000000
3.7800000000 0.04717864009124095315 0.00000000000000000000
3.7900000000 0.04713391482093752527 0.00000000000000000000
3.8000000000 0.04708950867364378873 0.00000000000000000000
3.8100000000 0.04704541825508223862 0.00000000000000000000
3.8200000000 0.04700164021864790959 0.00000000000000000000
3.8300000000 0.04695817126458352864 0.00000000000000000000
3.8400000000 0.04691500813917197366 0.00000000000000000000
3.8500000000 0.04687214763394450395 0.00000000000000000000
3.8600000000 0.04682958658490539439 0.00000000000000000000
3.8700000000 0.04678732187177204321 0.00000000000000000000
3.8800000000 0.04674535041723068551 0.00000000000000000000
3.8900000000 0.04670366918620597052 0.00000000000000000000
3.9000000000 0.04666227518514676903 0.00000000000000000000
3.9100000000 0.04662116546132492184 0.00000000000000000000
3.9200000000 0.04658033710214819906 0.00000000000000000000
3.9300000000 0.04653978723448745636 0.00000000000000000000
3.9400000000 0.04649951302401614944 0.00000000000000000000
3.9500000000 0.04645951167456369851 0.00000000000000000000
3.9600000000 0.04641978042748116234 0.00000000000000000000
3.9700000000 0.04638031656101924277 0.00000000000000000000
3.9800000000 0.04634111738971906369 0.00000000000000000000
3.9900000000 0.04630218026381378166 0.00000000000000000000
4.0000000000 0.04626350256864268651 0.00000000000000000000
4.0100000000 0.04622508172407650828 0.00000000000000000000
4.0200000000 0.04618691518395346557 0.00000000000000000000
4.0300000000 0.04614900043552657566 0.00000000000000000000
4.0400000000 0.04611133499892146326 0.00000000000000000000
4.0500000000 0.04607391642660424447 0.00000000000000000000
4.0600000000 0.04603674230286033259 0.00000000000000000000
4.0700000000 0.04599981024328231999 0.00000000000000000000
4.0800000000 0.04596311789426808098 0.00000000000000000000
4.0900000000 0.04592666293252847809 0.00000000000000000000
4.1000000000 0.04589044306460393630 0.00000000000000000000
4.1100000000 0.04585445602639048879 0.00000000000000000000
4.1200000000 0.04581869958267453802 0.00000000000000000000
4.1300000000 0.04578317152667669282 0.00000000000000000000
4.1400000000 0.04574786967960351586 0.00000000000000000000
4.1500000000 0.04571279189020817368 0.00000000000000000000
4.1600000000 0.04567793603435903876 0.00000000000000000000
4.1700000000 0.04564330001461618797 0.00000000000000000000
4.1800000000 0.04560888175981611670 0.00000000000000000000
4.1900000000 0.04557467922466346133 0.00000000000000000000
4.2000000000 0.04554069038933097197 0.00000000000000000000
4.2100000000 0.04550691325906618123 0.00000000000000000000
4.2200000000 0.04547334586380585852 0.00000000000000000000
4.2300000000 0.04543998625779673700 0.00000000000000000000
4.2400000000 0.04540683251922403296 0.00000000000000000000
4.2500000000 0.04537388274984600900 0.00000000000000000000
4.2600000000 0.04534113507463551074 0.00000000000000000000
4.2700000000 0.04530858764142765838 0.00000000000000000000
4.2800000000 0.04527623862057435222 0.00000000000000000000
4.2900000000 0.04524408620460435015 0.00000000000000000000
4.3000000000 0.04521212860789024929 0.00000000000000000000
4.3100000000 0.04518036406632042201 0.00000000000000000000
4.3200000000 0.04514879083697777296 0.00000000000000000000
4.3300000000 0.04511740719782317277 0.00000000000000000000
4.3400000000 0.04508621144738577530 0.00000000000000000000
4.3500000000 0.04505520190445735235 0.00000000000000000000
4.3600000000 0.04502437690779330370 0.00000000000000000000
4.3700000000 0.04499373481581803863 0.00000000000000000000
4.3800000000 0.04496327400633585297 0.00000000000000000000
4.3900000000 0.04493299287624698962 0.00000000000000000000
4.4000000000 0.04490288984126829946 0.00000000000000000000
4.4100000000 0.04487296333565905793 0.00000000000000000000
4.4200000000 0.04484321181195143752 0.00000000000000000000
4.4300000000 0.04481363374068547678 0.00000000000000000000
4.4400000000 0.04478422761014897585 0.00000000000000000000
4.4500000000 0.04475499192612147209 0.00000000000000000000
4.4600000000 0.04472592521162278845 0.00000000000000000000
4.4700000000 0.04469702600666598108 0.00000000000000000000
4.4800000000 0.04466829286801421439 0.00000000000000000000
4.4900000000 0.04463972436894221574 0.00000000000000000000
4.5000000000 0.04461131909900111631 0.00000000000000000000
4.5100000000 0.04458307566378817699 0.00000000000000000000
4.5200000000 0.04455499268471933838 0.00000000000000000000
4.5300000000 0.04452706879880644758 0.00000000000000000000
4.5400000000 0.04449930265843798222 0.00000000000000000000
4.5500000000 0.04447169293116325778 0.00000000000000000000
4.5600000000 0.04444423829948031257 0.00000000000000000000
4.5700000000 0.04441693746062743559 0.00000000000000000000
4.5800000000 0.04438978912637812219 0.00000000000000000000
4.5900000000 0.04436279202283956169 0.00000000000000000000
4.6000000000 0.04433594489025386581 0.00000000000000000000
4.6100000000 0.04430924648280339107 0.00000000000000000000
4.6200000000 0.04428269556841884363 0.00000000000000000000
4.6300000000 0.04425629092859031943 0.00000000000000000000
4.6400000000 0.04423003135818193154 0.00000000000000000000
4.6500000000 0.04420391566524900506 0.00000000000000000000
4.6600000000 0.04417794267085863036 0.00000000000000000000
4.6700000000 0.04415211120891282537 0.00000000000000000000
4.6800000000 0.04412642012597484120 0.00000000000000000000
4.6900000000 0.04410086828109775064 0.00000000000000000000
4.7000000000 0.04407545454565664489 0.00000000000000000000
4.7100000000 0.04405017780318264131 0.00000000000000000000
4.7200000000 0.04402503694920029131 0.00000000000000000000
4.7300000000 0.04400003089106684778 0.00000000000000000000
4.7400000000 0.04397515854781480771 0.00000000000000000000
4.7500000000 0.04395041884999661280 0.00000000000000000000
4.7600000000 0.04392581073953162607 0.00000000000000000000
4.7700000000 0.04390133316955609211 0.00000000000000000000
4.7800000000 0.04387698510427478354 0.00000000000000000000
4.7900000000 0.04385276551881544388 0.00000000000000000000
4.8000000000 0.04382867339908561033 0.00000000000000000000
4.8100000000 0.04380470774163111591 0.00000000000000000000
4.8200000000 0.04378086755349727688 0.00000000000000000000
4.8300000000 0.04375715185209218261 0.00000000000000000000
4.8400000000 0.04373355966505205333 0.00000000000000000000
4.8500000000 0.04371009003010854072 0.00000000000000000000
4.8600000000 0.04368674199495829052 0.00000000000000000000
4.8700000000 0.04366351461713451065 0.00000000000000000000
4.8800000000 0.04364040696388036406 0.00000000000000000000
4.8900000000 0.04361741811202440866 0.00000000000000000000
4.9000000000 0.04359454714785791080 0.00000000000000000000
4.9100000000 0.04357179316701409455 0.00000000000000000000
4.9200000000 0.04354915527434910505 0.00000000000000000000
4.9300000000 0.04352663258382506728 0.00000000000000000000
4.9400000000 0.04350422421839435921 0.00000000000000000000
4.9500000000 0.04348192930988636212 0.00000000000000000000
4.9600000000 0.04345974699889531417 0.00000000000000000000
4.9700000000 0.04343767643467012080 0.00000000000000000000
4.9800000000 0.04341571677500592058 0.00000000000000000000
4.9900000000 0.04339386718613693489 0.00000000000000000000
5.0000000000 0.04337212684263137830 0.00000000000000000000
