0.1000000000 1.88703553324600337149 0.00000000000000000000
0.1100000000 1.81788085309317959393 0.00000000000000000000
0.1200000000 1.75194021786543840946 0.00000000000000000000
0.1300000000 1.68908286555034692356 0.00000000000000000000
0.1400000000 1.62917137006878554040 0.00000000000000000000
0.1500000000 1.57206460577472406648 0.00000000000000000000
0.1600000000 1.51762033545008123703 0.00000000000000000000
0.1700000000 1.46569739620295846905 0.00000000000000000000
0.1800000000 1.41615748270472696646 0.00000000000000000000
0.1900000000 1.36886654636072013780 0.00000000000000000000
0.2000000000 1.32369584237035531338 0.00000000000000000000
0.2100000000 1.28052266478047216403 0.00000000000000000000
0.2200000000 1.23923081344378815949 0.00000000000000000000
0.2300000000 1.19971083723907767649 0.00000000000000000000
0.2400000000 1.16186009593818972974 0.00000000000000000000
0.2500000000 1.12558267955430735263 0.00000000000000000000
0.2600000000 1.09078921956317320685 0.00000000000000000000
0.2700000000 1.05739662158315872453 0.00000000000000000000
0.2800000000 1.02532774431180517816 0.00000000000000000000
0.2900000000 0.99451104500016473953 0.00000000000000000000
0.3000000000 0.96488020765432036541 0.00000000000000000000
0.3100000000 0.93637376656156179333 0.00000000000000000000
0.3200000000 0.90893473466749585832 0.00000000000000000000
0.3300000000 0.88251024376387721126 0.00000000000000000000
0.3400000000 0.85705120134642931440 0.00000000000000000000
0.3500000000 0.83251196731678855922 0.00000000000000000000
0.3600000000 0.80885005237761575803 0.00000000000000000000
0.3700000000 0.78602583894991229219 0.00000000000000000000
0.3800000000 0.76400232467500484024 0.00000000000000000000
0.3900000000 0.74274488800399218746 0.00000000000000000000
0.4000000000 0.72222107498392851266 0.00000000000000000000
0.4100000000 0.70240040608768805619 0.00000000000000000000
0.4200000000 0.68325420177415163714 0.00000000000000000000
0.4300000000 0.66475542538286069849 0.00000000000000000000
0.4400000000 0.64687854194294114318 0.00000000000000000000
0.4500000000 0.62959939149419563709 0.00000000000000000000
0.4600000000 0.61289507556629219120 0.00000000000000000000
0.4700000000 0.59674385553014142047 0.00000000000000000000
0.4800000000 0.58112506161647325964 0.00000000000000000000
0.4900000000 0.56601901148440691980 0.00000000000000000000
0.5000000000 0.55140693731340395534 0.00000000000000000000
0.5100000000 0.53727092048217861553 0.00000000000000000000
0.5200000000 0.52359383298575601362 0.00000000000000000000
0.5300000000 0.51035928482548165164 0.00000000000000000000
0.5400000000 0.49755157668534044646 0.00000000000000000000
0.5500000000 0.48515565728099863119 0.00000000000000000000
0.5600000000 0.47315708483522173067 0.00000000000000000000
0.5700000000 0.46154199219474822957 0.00000000000000000000
0.5800000000 0.45029705515943496685 0.00000000000000000000
0.5900000000 0.43940946364479638309 0.00000000000000000000
0.6000000000 0.42886689534420480152 0.00000000000000000000
0.6100000000 0.41865749159738446794 0.00000000000000000000
0.6200000000 0.40876983520778825687 0.00000000000000000000
0.6300000000 0.39919292998332200906 0.00000000000000000000
0.6400000000 0.38991618180314557840 0.00000000000000000000
0.6500000000 0.38092938103811507800 0.00000000000000000000
0.6600000000 0.37222268617439774330 0.00000000000000000000
0.6700000000 0.36378660850899252610 0.00000000000000000000
0.6800000000 0.35561199780275726257 0.00000000000000000000
0.6900000000 0.34769002879124322192 0.00000000000000000000
0.7000000000 0.34001218846653818995 0.00000000000000000000
0.7100000000 0.33257026405449902073 0.00000000000000000000
0.7200000000 0.32535633162142740815 0.00000000000000000000
0.7300000000 0.31836274525285274128 0.00000000000000000000
0.7400000000 0.31158212675425767113 0.00000000000000000000
0.7500000000 0.30500735583001253870 0.00000000000000000000
0.7600000000 0.29863156070230340022 0.00000000000000000000
0.7700000000 0.29244810913649471606 0.00000000000000000000
0.7800000000 0.28645059984356813221 0.00000000000000000000
0.7900000000 0.28063285423371708838 0.00000000000000000000
0.8000000000 0.27498890849828272476 0.00000000000000000000
0.8100000000 0.26951300599980698713 0.00000000000000000000
0.8200000000 0.26419958995225795162 0.00000000000000000000
0.8300000000 0.25904329637536394060 0.00000000000000000000
0.8400000000 0.25403894730872367269 0.00000000000000000000
0.8500000000 0.24918154427278887963 0.00000000000000000000
0.8600000000 0.24446626196499118833 0.00000000000000000000
0.8700000000 0.23988844218037241873 0.00000000000000000000
0.8800000000 0.23544358794707823113 0.00000000000000000000
0.8900000000 0.23112735786771285151 0.00000000000000000000
0.9000000000 0.22693556065830577939 0.00000000000000000000
0.9100000000 0.22286414987735386761 0.00000000000000000000
0.9200000000 0.21890921883761124689 0.00000000000000000000
0.9300000000 0.21506699569407253247 0.00000000000000000000
0.9400000000 0.21133383870182737008 0.00000000000000000000
0.9500000000 0.20770623163773224706 0.00000000000000000000
0.9600000000 0.20418077938034967511 0.00000000000000000000
0.9700000000 0.20075420364269980222 0.00000000000000000000
0.9800000000 0.19742333885268123495 0.00000000000000000000
0.9900000000 0.19418512817618732713 0.00000000000000000000
1.0000000000 0.19103661967885288142 0.00000000000000000000
1.0100000000 0.18797496261931542771 0.00000000000000000000
1.0200000000 0.18499740387364724259 0.00000000000000000000
1.0300000000 0.18210128448463241968 0.00000000000000000000
1.0400000000 0.17928403632955627889 0.00000000000000000000
1.0500000000 0.17654317890649603995 0.00000000000000000000
1.0600000000 0.17387631623306970541 0.00000000000000000000
1.0700000000 0.17128113385414009406 0.00000000000000000000
1.0800000000 0.16875539595514454927 0.00000000000000000000
1.0900000000 0.16629694257742372310 0.00000000000000000000
1.1000000000 0.16390368693209020345 0.00000000000000000000
1.1100000000 0.16157361280924040225 0.00000000000000000000
1.1200000000 0.15930477207921156513 0.00000000000000000000
1.1300000000 0.15709528228283756168 0.00000000000000000000
1.1400000000 0.15494332430764262698 0.00000000000000000000
1.1500000000 0.15284714014705316765 0.00000000000000000000
1.1600000000 0.15080503073980536244 0.00000000000000000000
1.1700000000 0.14881535388675151688 0.00000000000000000000
1.1800000000 0.14687652224243205601 0.00000000000000000000
1.1900000000 0.14498700137880224381 0.00000000000000000000
1.2000000000 0.14314530791859544911 0.00000000000000000000
1.2100000000 0.14135000773590308820 0.00000000000000000000
1.2200000000 0.13959971422160694088 0.00000000000000000000
1.2300000000 0.13789308661136945311 0.00000000000000000000
1.2400000000 0.13622882837399963307 0.00000000000000000000
1.2500000000 0.13460568565800995477 0.00000000000000000000
1.2600000000 0.13302244579434902017 0.00000000000000000000
1.2700000000 0.13147793585324726862 0.00000000000000000000
1.2800000000 0.12997102125327933408 0.00000000000000000000
1.2900000000 0.12850060442076263745 0.00000000000000000000
1.3000000000 0.12706562349766253872 0.00000000000000000000
1.3100000000 0.12566505109627421066 0.00000000000000000000
1.3200000000 0.12429789309897931737 0.00000000000000000000
1.3300000000 0.12296318750144631660 0.00000000000000000000
1.3400000000 0.12166000329769353916 0.00000000000000000000
1.3500000000 0.12038743940550518385 0.00000000000000000000
1.3600000000 0.11914462363070935091 0.00000000000000000000
1.3700000000 0.11793071166891401502 0.00000000000000000000
1.3800000000 0.11674488614332825809 0.00000000000000000000
1.3900000000 0.11558635567734239225 0.00000000000000000000
1.4000000000 0.11445435400059433828 0.00000000000000000000
1.4100000000 0.11334813908730601018 0.00000000000000000000
1.4200000000 0.11226699232567892428 0.00000000000000000000
1.4300000000 0.11121021771722951199 0.00000000000000000000
1.4400000000 0.11017714110495099855 0.00000000000000000000
1.4500000000 0.10916710942924465200 0.00000000000000000000
1.4600000000 0.10817949001058944913 0.00000000000000000000
1.4700000000 0.10721366985797479987 0.00000000000000000000
1.4800000000 0.10626905500213879030 0.00000000000000000000
1.4900000000 0.10534506985269601054 0.00000000000000000000
1.5000000000 0.10444115657827938992 0.00000000000000000000
1.5100000000 0.10355677450883792046 0.00000000000000000000
1.5200000000 0.10269139955927958363 0.00000000000000000000
1.5300000000 0.10184452367366748915 0.00000000000000000000
1.5400000000 0.10101565428921109591 0.00000000000000000000
1.5500000000 0.10020431381932186354 0.00000000000000000000
1.5600000000 0.09941003915502816257 0.00000000000000000000
1.5700000000 0.09863238118407957611 0.00000000000000000000
1.5800000000 0.09787090432707225285 0.00000000000000000000
1.5900000000 0.09712518608998947645 0.00000000000000000000
1.6000000000 0.09639481663253116062 0.00000000000000000000
1.6100000000 0.09567939835166577867 0.00000000000000000000
1.6200000000 0.09497854547983709816 0.00000000000000000000
1.6300000000 0.09429188369729105124 0.00000000000000000000
1.6400000000 0.09361904975800093565 0.00000000000000000000
1.6500000000 0.09295969112868653073 0.00000000000000000000
1.6600000000 0.09231346564046315206 0.00000000000000000000
1.6700000000 0.09168004115263680975 0.00000000000000000000
1.6800000000 0.09105909522821595270 0.00000000000000000000
1.6900000000 0.09045031482070177431 0.00000000000000000000
1.7000000000 0.08985339597175148740 0.00000000000000000000
1.7100000000 0.08926804351931541537 0.00000000000000000000
1.7200000000 0.08869397081585769782 0.00000000000000000000
1.7300000000 0.08813089945631324973 0.00000000000000000000
1.7400000000 0.08757855901539945975 0.00000000000000000000
1.7500000000 0.08703668679396822649 0.00000000000000000000
1.7600000000 0.08650502757405233167 0.00000000000000000000
1.7700000000 0.08598333338230083889 0.00000000000000000000
1.7800000000 0.08547136326149620822 0.00000000000000000000
1.7900000000 0.08496888304985888984 0.00000000000000000000
1.8000000000 0.08447566516786333968 0.00000000000000000000
1.8100000000 0.08399148841228992746 0.00000000000000000000
1.8200000000 0.08351613775725494349 0.00000000000000000000
1.8300000000 0.08304940416196783526 0.00000000000000000000
1.8400000000 0.08259108438497228533 0.00000000000000000000
1.8500000000 0.08214098080463953788 0.00000000000000000000
1.8600000000 0.08169890124569319234 0.00000000000000000000
1.8700000000 0.08126465881154276705 0.00000000000000000000
1.8800000000 0.08083807172223157755 0.00000000000000000000
1.8900000000 0.08041896315778163107 0.00000000000000000000
1.9000000000 0.08000716110676046877 0.00000000000000000000
1.9100000000 0.07960249821987407104 0.00000000000000000000
1.9200000000 0.07920481166841221443 0.00000000000000000000
1.9300000000 0.07881394300737179504 0.00000000000000000000
1.9400000000 0.07842973804309973096 0.00000000000000000000
1.9500000000 0.07805204670528323452 0.00000000000000000000
1.9600000000 0.07768072292315210403 0.00000000000000000000
1.9700000000 0.07731562450572700140 0.00000000000000000000
1.9800000000 0.07695661302598828801 0.00000000000000000000
1.9900000000 0.07660355370881477555 0.00000000000000000000
2.0000000000 0.07625631532257019785 0.00000000000000000000
2.0100000000 0.07591477007420635581 0.00000000000000000000
2.0200000000 0.07557879350776076921 0.00000000000000000000
2.0300000000 0.07524826440613090195 0.00000000000000000000
2.0400000000 0.07492306469601395236 0.00000000000000000000
2.0500000000 0.07460307935589900741 0.00000000000000000000
2.0600000000 0.07428819632701035014 0.00000000000000000000
2.0700000000 0.07397830642709525562 0.00000000000000000000
2.0800000000 0.07367330326696451548 0.00000000000000000000
2.0900000000 0.07337308316968689514 0.00000000000000000000
2.1000000000 0.07307754509234823392 0.00000000000000000000
2.1100000000 0.07278659055028648128 0.00000000000000000000
2.1200000000 0.07250012354372253887 0.00000000000000000000
2.1300000000 0.07221805048669893701 0.00000000000000000000
2.1400000000 0.07194028013825259915 0.00000000000000000000
2.1500000000 0.07166672353574628229 0.00000000000000000000
2.1600000000 0.07139729393028131088 0.00000000000000000000
2.1700000000 0.07113190672412846027 0.00000000000000000000
2.1800000000 0.07087047941010066188 0.00000000000000000000
2.1900000000 0.07061293151281107516 0.00000000000000000000
2.2000000000 0.07035918453174631881 0.00000000000000000000
2.2100000000 0.07010916188609840616 0.00000000000000000000
2.2200000000 0.06986278886129435040 0.00000000000000000000
2.2300000000 0.06961999255716955215 0.00000000000000000000
2.2400000000 0.06938070183772676591 0.00000000000000000000
2.2500000000 0.06914484728243255884 0.00000000000000000000
2.2600000000 0.06891236113899634752 0.00000000000000000000
2.2700000000 0.06868317727758495306 0.00000000000000000000
2.2800000000 0.06845723114642737750 0.00000000000000000000
2.2900000000 0.06823445972875810672 0.00000000000000000000
2.3000000000 0.06801480150106489764 0.00000000000000000000
2.3100000000 0.06779819639258716224 0.00000000000000000000
2.3200000000 0.06758458574603348756 0.00000000000000000000
2.3300000000 0.06737391227947207850 0.00000000000000000000
2.3400000000 0.06716612004936187152 0.00000000000000000000
2.3500000000 0.06696115441468178386 0.00000000000000000000
2.3600000000 0.06675896200212673437 0.00000000000000000000
2.3700000000 0.06655949067233273009 0.00000000000000000000
2.3800000000 0.06636268948710305482 0.00000000000000000000
2.3900000000 0.06616850867759624388 0.00000000000000000000
2.4000000000 0.06597689961345150345 0.00000000000000000000
2.4100000000 0.06578781477281844814 0.00000000000000000000
2.4200000000 0.06560120771326287403 0.00000000000000000000
2.4300000000 0.06541703304352015913 0.00000000000000000000
2.4400000000 0.06523524639607193587 0.00000000000000000000
2.4500000000 0.06505580440051574043 0.00000000000000000000
2.4600000000 0.06487866465770790458 0.00000000000000000000
2.4700000000 0.06470378571464921458 0.00000000000000000000
2.4800000000 0.06453112704009558720 0.00000000000000000000
2.4900000000 0.06436064900086853335 0.00000000000000000000
2.5000000000 0.06419231283884316297 0.00000000000000000000
2.5100000000 0.06402608064859229009 0.00000000000000000000
2.5200000000 0.06386191535566936028 0.00000000000000000000
2.5300000000 0.06369978069550562283 0.00000000000000000000
2.5400000000 0.06353964119290800294 0.00000000000000000000
2.5500000000 0.06338146214213201401 0.00000000000000000000
2.5600000000 0.06322520958752056441 0.00000000000000000000
2.5700000000 0.06307085030468363718 0.00000000000000000000
2.5800000000 0.06291835178220665792 0.00000000000000000000
2.5900000000 0.06276768220387025921 0.00000000000000000000
2.6000000000 0.06261881043136505176 0.00000000000000000000
2.6100000000 0.06247170598748752468 0.00000000000000000000
2.6200000000 0.06232633903980203116 0.00000000000000000000
2.6300000000 0.06218268038475426723 0.00000000000000000000
2.6400000000 0.06204070143222271960 0.00000000000000000000
2.6500000000 0.06190037419049596035 0.00000000000000000000
2.6600000000 0.06176167125166111965 0.00000000000000000000
2.6700000000 0.06162456577739311436 0.00000000000000000000
2.6800000000 0.06148903148513112926 0.00000000000000000000
2.6900000000 0.06135504263463173458 0.00000000000000000000
2.7000000000 0.06122257401488655215 0.00000000000000000000
2.7100000000 0.06109160093139462400 0.00000000000000000000
2.7200000000 0.06096209919377787445 0.00000000000000000000
2.7300000000 0.06083404510373222746 0.00000000000000000000
2.7400000000 0.06070741544329746886 0.00000000000000000000
2.7500000000 0.06058218746344795624 0.00000000000000000000
2.7600000000 0.06045833887298252690 0.00000000000000000000
2.7700000000 0.06033584782771333338 0.00000000000000000000
2.7800000000 0.06021469291994220596 0.00000000000000000000
2.7900000000 0.06009485316821339129 0.00000000000000000000
2.8000000000 0.05997630800733992629 0.00000000000000000000
2.8100000000 0.05985903727869220509 0.00000000000000000000
2.8200000000 0.05974302122074068300 0.00000000000000000000
2.8300000000 0.05962824045984832511 0.00000000000000000000
2.8400000000 0.05951467600130289082 0.00000000000000000000
2.8500000000 0.05940230922058308688 0.00000000000000000000
2.8600000000 0.05929112185485231612 0.00000000000000000000
2.8700000000 0.05918109599467322179 0.00000000000000000000
2.8800000000 0.05907221407593644946 0.00000000000000000000
2.8900000000 0.05896445887199731895 0.00000000000000000000
2.9000000000 0.05885781348601614588 0.00000000000000000000
2.9100000000 0.05875226134349294943 0.00000000000000000000
2.9200000000 0.05864778618499660173 0.00000000000000000000
2.9300000000 0.05854437205907624814 0.00000000000000000000
2.9400000000 0.05844200331535518572 0.00000000000000000000
2.9500000000 0.05834066459780026803 0.00000000000000000000
2.9600000000 0.05824034083816082008 0.00000000000000000000
2.9700000000 0.05814101724957367046 0.00000000000000000000
2.9800000000 0.05804267932032971394 0.00000000000000000000
2.9900000000 0.05794531280779734173 0.00000000000000000000
3.0000000000 0.05784890373249634843 0.00000000000000000000
3.0100000000 0.05775343837232283645 0.00000000000000000000
3.0200000000 0.05765890325691584023 0.00000000000000000000
3.0300000000 0.05756528516216450481 0.00000000000000000000
3.0400000000 0.05747257110485218951 0.00000000000000000000
3.0500000000 0.05738074833743274372 0.00000000000000000000
3.0600000000 0.05728980434293499263 0.00000000000000000000
3.0700000000 0.05719972682999339281 0.00000000000000000000
3.0800000000 0.05711050372799993807 0.00000000000000000000
3.0900000000 0.05702212318237544902 0.00000000000000000000
3.1000000000 0.05693457354995561798 0.00000000000000000000
3.1100000000 0.05684784339448949869 0.00000000000000000000
3.1200000000 0.05676192148224777634 0.00000000000000000000
3.1300000000 0.05667679677773648089 0.00000000000000000000
3.1400000000 0.05659245843951468680 0.00000000000000000000
3.1500000000 0.05650889581611321516 0.00000000000000000000
3.1600000000 0.05642609844205075109 0.00000000000000000000
3.1700000000 0.05634405603394608553 0.00000000000000000000
3.1800000000 0.05626275848672204760 0.00000000000000000000
3.1900000000 0.05618219586990130104 0.00000000000000000000
3.2000000000 0.05610235842398966083 0.00000000000000000000
3.2100000000 0.05602323655694421006 0.00000000000000000000
3.2200000000 0.05594482084072613381 0.00000000000000000000
3.2300000000 0.05586710200793464087 0.00000000000000000000
3.2400000000 0.05579007094851893417 0.00000000000000000000
3.2500000000 0.05571371870656856296 0.00000000000000000000
3.2600000000 0.05563803647717831952 0.00000000000000000000
3.2700000000 0.05556301560338626488 0.00000000000000000000
3.2800000000 0.05548864757318248270 0.00000000000000000000
3.2900000000 0.05541492401658833222 0.00000000000000000000
3.3000000000 0.05534183670280230782 0.00000000000000000000
3.3100000000 0.05526937753741203302 0.00000000000000000000
3.3200000000 0.05519753855967066136 0.00000000000000000000
3.3300000000 0.05512631193983556083 0.00000000000000000000
3.3400000000 0.05505568997656780372 0.00000000000000000000
3.3500000000 0.05498566509439122701 0.00000000000000000000
3.3600000000 0.05491622984120944628 0.00000000000000000000
3.3700000000 0.05484737688587865145 0.00000000000000000000
3.3800000000 0.05477909901583646879 0.00000000000000000000
3.3900000000 0.05471138913478287846 0.00000000000000000000
3.4000000000 0.05464424026041507509 0.00000000000000000000
3.4100000000 0.05457764552221171933 0.00000000000000000000
3.4200000000 0.05451159815926762131 0.00000000000000000000
3.4300000000 0.05444609151817650372 0.00000000000000000000
3.4400000000 0.05438111905096172649 0.00000000000000000000
3.4500000000 0.05431667431305139265 0.00000000000000000000
3.4600000000 0.05425275096130010438 0.00000000000000000000
3.4700000000 0.05418934275205338630 0.00000000000000000000
3.4800000000 0.05412644353925467194 0.00000000000000000000
3.4900000000 0.05406404727259507548 0.00000000000000000000
3.5000000000 0.05400214799570229179 0.00000000000000000000
3.5100000000 0.05394073984437015162 0.00000000000000000000
3.5200000000 0.05387981704482632667 0.00000000000000000000
3.5300000000 0.05381937391203781007 0.00000000000000000000
3.5400000000 0.05375940484805329794 0.00000000000000000000
3.5500000000 0.05369990434038082738 0.00000000000000000000
3.5600000000 0.05364086696040191310 0.00000000000000000000
3.5700000000 0.05358228736181780416 0.00000000000000000000
3.5800000000 0.05352416027913066421 0.00000000000000000000
3.5900000000 0.05346648052615656649 0.00000000000000000000
3.6000000000 0.05340924299457039393 0.00000000000000000000
3.6100000000 0.05335244265248211687 0.00000000000000000000
3.6200000000 0.05329607454304197828 0.00000000000000000000
3.6300000000 0.05324013378307718841 0.00000000000000000000
3.6400000000 0.05318461556175595878 0.00000000000000000000
3.6500000000 0.05312951513927972880 0.00000000000000000000
3.6600000000 0.05307482784560397376 0.00000000000000000000
3.6700000000 0.05302054907918487409 0.00000000000000000000
3.6800000000 0.05296667430575200536 0.00000000000000000000
3.6900000000 0.05291319905710756971 0.00000000000000000000
3.7000000000 0.05286011892994964267 0.00000000000000000000
3.7100000000 0.05280742958472046250 0.00000000000000000000
3.7200000000 0.05275512674447824929 0.00000000000000000000
3.7300000000 0.05270320619379228327 0.00000000000000000000
3.7400000000 0.05265166377766051370 0.00000000000000000000
3.7500000000 0.05260049540045015626 0.00000000000000000000
3.7600000000 0.05254969702485889210 0.00000000000000000000
3.7700000000 0.05249926467089830601 0.00000000000000000000
3.7800000000 0.05244919441489678813 0.00000000000000000000
3.7900000000 0.05239948238852400880 0.00000000000000000000
3.8000000000 0.05235012477783437118 0.00000000000000000000
3.8100000000 0.05230111782232974016 0.00000000000000000000
3.8200000000 0.05225245781404118384 0.00000000000000000000
3.8300000000 0.05220414109662970675 0.00000000000000000000
3.8400000000 0.05215616406450359482 0.00000000000000000000
3.8500000000 0.05210852316195501571 0.00000000000000000000
3.8600000000 0.05206121488231282846 0.00000000000000000000
3.8700000000 0.05201423576711239338 0.00000000000000000000
3.8800000000 0.05196758240528193129 0.00000000000000000000
3.8900000000 0.05192125143234491841 0.00000000000000000000
3.9000000000 0.05187523952963846163 0.00000000000000000000
3.9100000000 0.05182954342354628707 0.00000000000000000000
3.9200000000 0.05178415988474793785 0.00000000000000000000
3.9300000000 0.05173908572748128765 0.00000000000000000000
3.9400000000 0.05169431780882084715 0.00000000000000000000
3.9500000000 0.05164985302796878952 0.00000000000000000000
3.9600000000 0.05160568832556053365 0.00000000000000000000
3.9700000000 0.05156182068298400395 0.00000000000000000000
3.9800000000 0.05151824712171080428 0.00000000000000000000
3.9900000000 0.05147496470264172758 0.00000000000000000000
4.0000000000 0.05143197052546370773 0.00000000000000000000
4.0100000000 0.05138926172801980274 0.00000000000000000000
4.0200000000 0.05134683548569070333 0.00000000000000000000
4.0300000000 0.05130468901078859972 0.00000000000000000000
4.0400000000 0.05126281955196163032 0.00000000000000000000
4.0500000000 0.05122122439361068841 0.00000000000000000000
4.0600000000 0.05117990085531672062 0.00000000000000000000
4.0700000000 0.05113884629127836423 0.00000000000000000000
4.0800000000 0.05109805808976109615 0.00000000000000000000
4.0900000000 0.05105753367255620040 0.00000000000000000000
4.1000000000 0.05101727049444955420 0.00000000000000000000
4.1100000000 0.05097726604270109291 0.00000000000000000000
4.1200000000 0.05093751783653303195 0.00000000000000000000
4.1300000000 0.05089802342662863577 0.00000000000000000000
4.1400000000 0.05085878039463906375 0.00000000000000000000
4.1500000000 0.05081978635270043010 0.00000000000000000000
4.1600000000 0.05078103894295911414 0.00000000000000000000
4.1700000000 0.05074253583710556376 0.00000000000000000000
4.1800000000 0.05070427473591763295 0.00000000000000000000
4.1900000000 0.05066625336881124680 0.00000000000000000000
4.2000000000 0.05062846949339954578 0.00000000000000000000
4.2100000000 0.05059092089506029427 0.00000000000000000000
4.2200000000 0.05055360538651093583 0.00000000000000000000
4.2300000000 0.05051652080739119088 0.00000000000000000000
4.2400000000 0.05047966502385348164 0.00000000000000000000
4.2500000000 0.05044303592816047621 0.00000000000000000000
4.2600000000 0.05040663143828984921 0.00000000000000000000
4.2700000000 0.05037044949754650169 0.00000000000000000000
4.2800000000 0.05033448807418094972 0.00000000000000000000
4.2900000000 0.05029874516101529719 0.00000000000000000000
4.3000000000 0.05026321877507510666 0.00000000000000000000
4.3100000000 0.05022790695722868792 0.00000000000000000000
4.3200000000 0.05019280777183170866 0.00000000000000000000
4.3300000000 0.05015791930637896606 0.00000000000000000000
4.3400000000 0.05012323967116163320 0.00000000000000000000
4.3500000000 0.05008876699893073658 0.00000000000000000000
4.3600000000 0.05005449944456690642 0.00000000000000000000
4.3700000000 0.05002043518475512290 0.00000000000000000000
4.3800000000 0.04998657241766565201 0.00000000000000000000
4.3900000000 0.04995290936264035198 0.00000000000000000000
4.4000000000 0.04991944425988450312 0.00000000000000000000
4.4100000000 0.04988617537016365455 0.00000000000000000000
4.4200000000 0.04985310097450616068 0.00000000000000000000
4.4300000000 0.04982021937391034605 0.00000000000000000000
4.4400000000 0.04978752888905702695 0.00000000000000000000
4.4500000000 0.04975502786002680700 0.00000000000000000000
4.4600000000 0.04972271464602211200 0.00000000000000000000
4.4700000000 0.04969058762509394322 0.00000000000000000000
4.4800000000 0.04965864519387363368 0.00000000000000000000
4.4900000000 0.04962688576730853868 0.00000000000000000000
4.5000000000 0.04959530777840263222 0.00000000000000000000
4.5100000000 0.04956390967796133612 0.00000000000000000000
4.5200000000 0.04953268993434056106 0.00000000000000000000
4.5300000000 0.04950164703319986925 0.00000000000000000000
4.5400000000 0.04947077947726010588 0.00000000000000000000
4.5500000000 0.04944008578606469417 0.00000000000000000000
4.5600000000 0.04940956449574512160 0.00000000000000000000
4.5700000000 0.04937921415879015924 0.00000000000000000000
4.5800000000 0.04934903334381890438 0.00000000000000000000
4.5900000000 0.04931902063535782005 0.00000000000000000000
4.6000000000 0.04928917463362097323 0.00000000000000000000
4.6100000000 0.04925949395429429778 0.00000000000000000000
4.6200000000 0.04922997722832330586 0.00000000000000000000
4.6300000000 0.04920062310170385256 0.00000000000000000000
4.6400000000 0.04917143023527701523 0.00000000000000000000
4.6500000000 0.04914239730452671373 0.00000000000000000000
4.6600000000 0.04911352299938073762 0.00000000000000000000
4.6700000000 0.04908480602401532611 0.00000000000000000000
4.6800000000 0.04905624509666244720 0.00000000000000000000
4.6900000000 0.04902783894942024795 0.00000000000000000000
4.7000000000 0.04899958632806700187 0.00000000000000000000
4.7100000000 0.04897148599187731155 0.00000000000000000000
4.7200000000 0.04894353671344179452 0.00000000000000000000
4.7300000000 0.04891573727848950309 0.00000000000000000000
4.7400000000 0.04888808648571307813 0.00000000000000000000
4.7500000000 0.04886058314659653956 0.00000000000000000000
4.7600000000 0.04883322608524631042 0.00000000000000000000
4.7700000000 0.04880601413822414913 0.00000000000000000000
4.7800000000 0.04877894615438352344 0.00000000000000000000
4.7900000000 0.04875202099470782313 0.00000000000000000000
4.8000000000 0.04872523753215168146 0.00000000000000000000
4.8100000000 0.04869859465148424632 0.00000000000000000000
4.8200000000 0.04867209124913536578 0.00000000000000000000
4.8300000000 0.04864572623304394550 0.00000000000000000000
4.8400000000 0.04861949852250849885 0.00000000000000000000
4.8500000000 0.04859340704804050032 0.00000000000000000000
4.8600000000 0.04856745075121906424 0.00000000000000000000
4.8700000000 0.04854162858454933588 0.00000000000000000000
4.8800000000 0.04851593951132139593 0.00000000000000000000
4.8900000000 0.04849038250547256512 0.00000000000000000000
4.9000000000 0.04846495655145099252 0.00000000000000000000
4.9100000000 0.04843966064408226913 0.00000000000000000000
4.9200000000 0.04841449378843683954 0.00000000000000000000
4.9300000000 0.04838945499970043196 0.00000000000000000000
4.9400000000 0.04836454330304608418 0.00000000000000000000
4.9500000000 0.04833975773350793204 0.00000000000000000000
4.9600000000 0.04831509733585716976 0.00000000000000000000
4.9700000000 0.04829056116447982827 0.00000000000000000000
4.9800000000 0.04826614828325617029 0.00000000000000000000
4.9900000000 0.04824185776544213239 0.00000000000000000000
5.0000000000 0.04821768869355236992 0.00000000000000000000
