0.1000000000 1.61456067095630939612 0.00000000000000000000
0.1100000000 1.57262126308223404436 0.00000000000000000000
0.1200000000 1.53154622034327214664 0.00000000000000000000
0.1300000000 1.49133959603933186067 0.00000000000000000000
0.1400000000 1.45200388073068786809 0.00000000000000000000
0.1500000000 1.41354004546000089348 0.00000000000000000000
0.1600000000 1.37594759192771087797 0.00000000000000000000
0.1700000000 1.33922460883385840980 0.00000000000000000000
0.1800000000 1.30336783357040464359 0.00000000000000000000
0.1900000000 1.26837271843465337895 0.00000000000000000000
0.2000000000 1.23423350053542657534 0.00000000000000000000
0.2100000000 1.20094327457804173065 0.00000000000000000000
0.2200000000 1.16849406774029374034 0.00000000000000000000
0.2300000000 1.13687691588798678310 0.00000000000000000000
0.2400000000 1.10608194042334773144 0.00000000000000000000
0.2500000000 1.07609842511111497565 0.00000000000000000000
0.2600000000 1.04691489228351830576 0.00000000000000000000
0.2700000000 1.01851917788515078378 0.00000000000000000000
0.2800000000 0.99089850488029274089 0.00000000000000000000
0.2900000000 0.96403955460727686066 0.00000000000000000000
0.3000000000 0.93792853572574774734 0.00000000000000000000
0.3100000000 0.91255125046214669027 0.00000000000000000000
0.3200000000 0.88789315791559586533 0.00000000000000000000
0.3300000000 0.86393943423990382513 0.00000000000000000000
0.3400000000 0.84067502956715600693 0.00000000000000000000
0.3500000000 0.81808472158394762719 0.00000000000000000000
0.3600000000 0.79615316571254179934 0.00000000000000000000
0.3700000000 0.77486494188602783595 0.00000000000000000000
0.3800000000 0.75420459793890881617 0.00000000000000000000
0.3900000000 0.73415668966258085248 0.00000000000000000000
0.4000000000 0.71470581759905149610 0.00000000000000000000
0.4100000000 0.69583666066619409563 0.00000000000000000000
0.4200000000 0.67753400672416341788 0.00000000000000000000
0.4300000000 0.65978278020549063765 0.00000000000000000000
0.4400000000 0.64256806694129575686 0.00000000000000000000
0.4500000000 0.62587513632315383560 0.00000000000000000000
0.4600000000 0.60968946094485299003 0.00000000000000000000
0.4700000000 0.59399673387082785325 0.00000000000000000000
0.4800000000 0.57878288367875552201 0.00000000000000000000
0.4900000000 0.56403408742292115985 0.00000000000000000000
0.5000000000 0.54973678166274131396 0.00000000000000000000
0.5100000000 0.53587767169753086627 0.00000000000000000000
0.5200000000 0.52244373914439412587 0.00000000000000000000
0.5300000000 0.50942224799121438306 0.00000000000000000000
0.5400000000 0.49680074925127754026 0.00000000000000000000
0.5500000000 0.48456708434021578125 0.00000000000000000000
0.5600000000 0.47270938728989236877 0.00000000000000000000
0.5700000000 0.46121608590754925583 0.00000000000000000000
0.5800000000 0.45007590198225522204 0.00000000000000000000
0.5900000000 0.43927785063438734570 0.00000000000000000000
0.6000000000 0.42881123889764399815 0.00000000000000000000
0.6100000000 0.41866566361700574550 0.00000000000000000000
0.6200000000 0.40883100874016425896 0.00000000000000000000
0.6300000000 0.39929744207419032298 0.00000000000000000000
0.6400000000 0.39005541157378637029 0.00000000000000000000
0.6500000000 0.38109564122220929150 0.00000000000000000000
0.6600000000 0.37240912656098035249 0.00000000000000000000
0.6700000000 0.36398712991984533138 0.00000000000000000000
0.6800000000 0.35582117539394014782 0.00000000000000000000
0.6900000000 0.34790304361105006681 0.00000000000000000000
0.7000000000 0.34022476632787318485 0.00000000000000000000
0.7100000000 0.33277862089060067374 0.00000000000000000000
0.7200000000 0.32555712459175972784 0.00000000000000000000
0.7300000000 0.31855302895204612446 0.00000000000000000000
0.7400000000 0.31175931395307993066 0.00000000000000000000
0.7500000000 0.30516918224415717775 0.00000000000000000000
0.7600000000 0.29877605334378215529 0.00000000000000000000
0.7700000000 0.29257355785430894102 0.00000000000000000000
0.7800000000 0.28655553170602848789 0.00000000000000000000
0.7900000000 0.28071601044505373190 0.00000000000000000000
0.8000000000 0.27504922357764577390 0.00000000000000000000
0.8100000000 0.26954958898194103512 0.00000000000000000000
0.8200000000 0.26421170739670052363 0.00000000000000000000
0.8300000000 0.25903035699519366686 0.00000000000000000000
0.8400000000 0.25400048805129155083 0.00000000000000000000
0.8500000000 0.24911721770365116702 0.00000000000000000000
0.8600000000 0.24437582482286665519 0.00000000000000000000
0.8700000000 0.23977174498568359917 0.00000000000000000000
0.8800000000 0.23530056555937939322 0.00000000000000000000
0.8900000000 0.23095802089891781517 0.00000000000000000000
0.9000000000 0.22673998765861641536 0.00000000000000000000
0.9100000000 0.22264248021963387036 0.00000000000000000000
0.9200000000 0.21866164623401115885 0.00000000000000000000
0.9300000000 0.21479376228555821515 0.00000000000000000000
0.9400000000 0.21103522966745039136 0.00000000000000000000
0.9500000000 0.20738257027603904104 0.00000000000000000000
0.9600000000 0.20383242262009740320 0.00000000000000000000
0.9700000000 0.20038153794443480660 0.00000000000000000000
0.9800000000 0.19702677646656738264 0.00000000000000000000
0.9900000000 0.19376510372479879840 0.00000000000000000000
1.0000000000 0.19059358703628589971 0.00000000000000000000
1.0100000000 0.18750939206296748929 0.00000000000000000000
1.0200000000 0.18450977948360378078 0.00000000000000000000
1.0300000000 0.18159210176924570068 0.00000000000000000000
1.0400000000 0.17875380006118846143 0.00000000000000000000
1.0500000000 0.17599240114780956290 0.00000000000000000000
1.0600000000 0.17330551453883505375 0.00000000000000000000
1.0700000000 0.17069082963442541723 0.00000000000000000000
1.0800000000 0.16814611298670814610 0.00000000000000000000
1.0900000000 0.16566920565148210431 0.00000000000000000000
1.1000000000 0.16325802062757122091 0.00000000000000000000
1.1100000000 0.16091054038156477057 0.00000000000000000000
1.1200000000 0.15862481445550297154 0.00000000000000000000
1.1300000000 0.15639895715515217400 0.00000000000000000000
1.1400000000 0.15423114531654852355 0.00000000000000000000
1.1500000000 0.15211961614848965030 0.00000000000000000000
1.1600000000 0.15006266514872182438 0.00000000000000000000
1.1700000000 0.14805864409151126004 0.00000000000000000000
1.1800000000 0.14610595908447593372 0.00000000000000000000
1.1900000000 0.14420306869245785863 0.00000000000000000000
1.2000000000 0.14234848212633199882 0.00000000000000000000
1.2100000000 0.14054075749467220824 0.00000000000000000000
1.2200000000 0.13877850011624620619 0.00000000000000000000
1.2300000000 0.13706036089135278933 0.00000000000000000000
1.2400000000 0.13538503473006480160 0.00000000000000000000
1.2500000000 0.13375125903549062167 0.00000000000000000000
1.2600000000 0.13215781224023448459 0.00000000000000000000
1.2700000000 0.13060351239422995917 0.00000000000000000000
1.2800000000 0.12908721580225213099 0.00000000000000000000
1.2900000000 0.12760781570937954066 0.00000000000000000000
1.3000000000 0.12616424103279047508 0.00000000000000000000
1.3100000000 0.12475545513829493227 0.00000000000000000000
1.3200000000 0.12338045466004485262 0.00000000000000000000
1.3300000000 0.12203826836193756855 0.00000000000000000000
1.3400000000 0.12072795603925530472 0.00000000000000000000
1.3500000000 0.11944860745913346567 0.00000000000000000000
1.3600000000 0.11819934133849735458 0.00000000000000000000
1.3700000000 0.11697930435814234140 0.00000000000000000000
1.3800000000 0.11578767021169175666 0.00000000000000000000
1.3900000000 0.11462363868818878365 0.00000000000000000000
1.4000000000 0.11348643478713449362 0.00000000000000000000
1.4100000000 0.11237530786481529643 0.00000000000000000000
1.4200000000 0.11128953081080725229 0.00000000000000000000
1.4300000000 0.11022839925357730273 0.00000000000000000000
1.4400000000 0.10919123079414570776 0.00000000000000000000
1.4500000000 0.10817736426679529227 0.00000000000000000000
1.4600000000 0.10718615902587083633 0.00000000000000000000
1.4700000000 0.10621699425771607972 0.00000000000000000000
1.4800000000 0.10526926831686334030 0.00000000000000000000
1.4900000000 0.10434239808558214146 0.00000000000000000000
1.5000000000 0.10343581835596454832 0.00000000000000000000
1.5100000000 0.10254898123372409302 0.00000000000000000000
1.5200000000 0.10168135556292731692 0.00000000000000000000
1.5300000000 0.10083242637090540639 0.00000000000000000000
1.5400000000 0.10000169433261452134 0.00000000000000000000
1.5500000000 0.09918867525374640282 0.00000000000000000000
1.5600000000 0.09839289957190767988 0.00000000000000000000
1.5700000000 0.09761391187522011625 0.00000000000000000000
1.5800000000 0.09685127043771074584 0.00000000000000000000
1.5900000000 0.09610454677088188513 0.00000000000000000000
1.6000000000 0.09537332519088703719 0.00000000000000000000
1.6100000000 0.09465720240073646763 0.00000000000000000000
1.6200000000 0.09395578708700300097 0.00000000000000000000
1.6300000000 0.09326869953049342354 0.00000000000000000000
1.6400000000 0.09259557123039185988 0.00000000000000000000
1.6500000000 0.09193604454138373794 0.00000000000000000000
1.6600000000 0.09128977232329320290 0.00000000000000000000
1.6700000000 0.09065641760278773942 0.00000000000000000000
1.6800000000 0.09003565324671258807 0.00000000000000000000
1.6900000000 0.08942716164663573608 0.00000000000000000000
1.7000000000 0.08883063441420567530 0.00000000000000000000
1.7100000000 0.08824577208692900576 0.00000000000000000000
1.7200000000 0.08767228384399920749 0.00000000000000000000
1.7300000000 0.08710988723181137261 0.00000000000000000000
1.7400000000 0.08655830789882117127 0.00000000000000000000
1.7500000000 0.08601727933940964133 0.00000000000000000000
1.7600000000 0.08548654264643769374 0.00000000000000000000
1.7700000000 0.08496584627217423913 0.00000000000000000000
1.7800000000 0.08445494579730430940 0.00000000000000000000
1.7900000000 0.08395360370772800285 0.00000000000000000000
1.8000000000 0.08346158917887355755 0.00000000000000000000
1.8100000000 0.08297867786725525441 0.00000000000000000000
1.8200000000 0.08250465170902684942 0.00000000000000000000
1.8300000000 0.08203929872527325473 0.00000000000000000000
1.8400000000 0.08158241283380800180 0.00000000000000000000
1.8500000000 0.08113379366724793318 0.00000000000000000000
1.8600000000 0.08069324639713787439 0.00000000000000000000
1.8700000000 0.08026058156391727150 0.00000000000000000000
1.8800000000 0.07983561491252566533 0.00000000000000000000
1.8900000000 0.07941816723343811391 0.00000000000000000000
1.9000000000 0.07900806420895539750 0.00000000000000000000
1.9100000000 0.07860513626455138680 0.00000000000000000000
1.9200000000 0.07820921842510973609 0.00000000000000000000
1.9300000000 0.07782015017587602668 0.00000000000000000000
1.9400000000 0.07743777532796118634 0.00000000000000000000
1.9500000000 0.07706194188823768665 0.00000000000000000000
1.9600000000 0.07669250193347798561 0.00000000000000000000
1.9700000000 0.07632931148858557169 0.00000000000000000000
1.9800000000 0.07597223040877774947 0.00000000000000000000
1.9900000000 0.07562112226558581618 0.00000000000000000000
2.0000000000 0.07527585423653744556 0.00000000000000000000
2.0100000000 0.07493629699839776670 0.00000000000000000000
2.0200000000 0.07460232462384489005 0.00000000000000000000
2.0300000000 0.07427381448146173903 0.00000000000000000000
2.0400000000 0.07395064713893324815 0.00000000000000000000
2.0500000000 0.07363270626933599017 0.00000000000000000000
2.0600000000 0.07331987856041738416 0.00000000000000000000
2.0700000000 0.07301205362676141397 0.00000000000000000000
2.0800000000 0.07270912392474299102 0.00000000000000000000
2.0900000000 0.07241098467017559326 0.00000000000000000000
2.1000000000 0.07211753375856325143 0.00000000000000000000
2.1100000000 0.07182867168786569168 0.00000000000000000000
2.1200000000 0.07154430148369504694 0.00000000000000000000
2.1300000000 0.07126432862685821990 0.00000000000000000000
2.1400000000 0.07098866098317216378 0.00000000000000000000
2.1500000000 0.07071720873546859243 0.00000000000000000000
2.1600000000 0.07044988431772072901 0.00000000000000000000
2.1700000000 0.07018660235121690349 0.00000000000000000000
2.1800000000 0.06992727958271770239 0.00000000000000000000
2.1900000000 0.06967183482452388166 0.00000000000000000000
2.2000000000 0.06942018889639879620 0.00000000000000000000
2.2100000000 0.06917226456927763611 0.00000000000000000000
2.2200000000 0.06892798651070917992 0.00000000000000000000
2.2300000000 0.06868728123196950197 0.00000000000000000000
2.2400000000 0.06845007703679442668 0.00000000000000000000
2.2500000000 0.06821630397167656457 0.00000000000000000000
2.2600000000 0.06798589377767619291 0.00000000000000000000
2.2700000000 0.06775877984369647888 0.00000000000000000000
2.2800000000 0.06753489716117304364 0.00000000000000000000
2.2900000000 0.06731418228013677507 0.00000000000000000000
2.3000000000 0.06709657326659819454 0.00000000000000000000
2.3100000000 0.06688200966121654600 0.00000000000000000000
2.3200000000 0.06667043243920951767 0.00000000000000000000
2.3300000000 0.06646178397146200456 0.00000000000000000000
2.3400000000 0.06625600798679882886 0.00000000000000000000
2.3500000000 0.06605304953538007617 0.00000000000000000000
2.3600000000 0.06585285495318515814 0.00000000000000000000
2.3700000000 0.06565537182755061540 0.00000000000000000000
2.3800000000 0.06546054896372743848 0.00000000000000000000
2.3900000000 0.06526833635242530740 0.00000000000000000000
2.4000000000 0.06507868513831245594 0.00000000000000000000
2.4100000000 0.06489154758943990742 0.00000000000000000000
2.4200000000 0.06470687706756370061 0.00000000000000000000
2.4300000000 0.06452462799933163240 0.00000000000000000000
2.4400000000 0.06434475584831234052 0.00000000000000000000
2.4500000000 0.06416721708783762468 0.00000000000000000000
2.4600000000 0.06399196917463029211 0.00000000000000000000
2.4700000000 0.06381897052319963903 0.00000000000000000000
2.4800000000 0.06364818048097138636 0.00000000000000000000
2.4900000000 0.06347955930413676229 0.00000000000000000000
2.5000000000 0.06331306813419521062 0.00000000000000000000
2.5100000000 0.06314866897516786814 0.00000000000000000000
2.5200000000 0.06298632467146368652 0.00000000000000000000
2.5300000000 0.06282599888637575847 0.00000000000000000000
2.5400000000 0.06266765608119020947 0.00000000000000000000
2.5500000000 0.06251126149488660244 0.00000000000000000000
2.5600000000 0.06235678112441434690 0.00000000000000000000
2.5700000000 0.06220418170552444864 0.00000000000000000000
2.5800000000 0.06205343069414177848 0.00000000000000000000
2.5900000000 0.06190449624826049879 0.00000000000000000000
2.6000000000 0.06175734721034677882 0.00000000000000000000
2.6100000000 0.06161195309023332484 0.00000000000000000000
2.6200000000 0.06146828404849007804 0.00000000000000000000
2.6300000000 0.06132631088025874977 0.00000000000000000000
2.6400000000 0.06118600499953433247 0.00000000000000000000
2.6500000000 0.06104733842388228304 0.00000000000000000000
2.6600000000 0.06091028375957735497 0.00000000000000000000
2.6700000000 0.06077481418715134642 0.00000000000000000000
2.6800000000 0.06064090344733746168 0.00000000000000000000
2.6900000000 0.06050852582740108565 0.00000000000000000000
2.7000000000 0.06037765614784085244 0.00000000000000000000
2.7100000000 0.06024826974945612229 0.00000000000000000000
2.7200000000 0.06012034248076237458 0.00000000000000000000
2.7300000000 0.05999385068575044389 0.00000000000000000000
2.7400000000 0.05986877119197426406 0.00000000000000000000
2.7500000000 0.05974508129896274888 0.00000000000000000000
2.7600000000 0.05962275876694098781 0.00000000000000000000
2.7700000000 0.05950178180585505294 0.00000000000000000000
2.7800000000 0.05938212906469112623 0.00000000000000000000
2.7900000000 0.05926377962107848979 0.00000000000000000000
2.8000000000 0.05914671297117035653 0.00000000000000000000
2.8100000000 0.05903090901979369393 0.00000000000000000000
2.8200000000 0.05891634807085822240 0.00000000000000000000
2.8300000000 0.05880301081802142421 0.00000000000000000000
2.8400000000 0.05869087833559724632 0.00000000000000000000
2.8500000000 0.05857993206970501382 0.00000000000000000000
2.8600000000 0.05847015382965030372 0.00000000000000000000
2.8700000000 0.05836152577953087478 0.00000000000000000000
2.8800000000 0.05825403043006197740 0.00000000000000000000
2.8900000000 0.05814765063061358430 0.00000000000000000000
2.9000000000 0.05804236956145480963 0.00000000000000000000
2.9100000000 0.05793817072619970865 0.00000000000000000000
2.9200000000 0.05783503794444582596 0.00000000000000000000
2.9300000000 0.05773295534460531203 0.00000000000000000000
2.9400000000 0.05763190735691761657 0.00000000000000000000
2.9500000000 0.05753187870664192710 0.00000000000000000000
2.9600000000 0.05743285440742428721 0.00000000000000000000
2.9700000000 0.05733481975483305931 0.00000000000000000000
2.9800000000 0.05723776032005796488 0.00000000000000000000
2.9900000000 0.05714166194376991276 0.00000000000000000000
3.0000000000 0.05704651073013607826 0.00000000000000000000
3.0100000000 0.05695229304098450157 0.00000000000000000000
3.0200000000 0.05685899549011724785 0.00000000000000000000
3.0300000000 0.05676660493776468364 0.00000000000000000000
3.0400000000 0.05667510848517921807 0.00000000000000000000
3.0500000000 0.05658449346936401947 0.00000000000000000000
3.0600000000 0.05649474745793239827 0.00000000000000000000
3.0700000000 0.05640585824409522636 0.00000000000000000000
3.0800000000 0.05631781384177146632 0.00000000000000000000
3.0900000000 0.05623060248082124846 0.00000000000000000000
3.1000000000 0.05614421260239442490 0.00000000000000000000
3.1100000000 0.05605863285439403182 0.00000000000000000000
3.1200000000 0.05597385208705164816 0.00000000000000000000
3.1300000000 0.05588985934860911386 0.00000000000000000000
3.1400000000 0.05580664388110706531 0.00000000000000000000
3.1500000000 0.05572419511627521582 0.00000000000000000000
3.1600000000 0.05564250267152117541 0.00000000000000000000
3.1700000000 0.05556155634601842724 0.00000000000000000000
3.1800000000 0.05548134611688664702 0.00000000000000000000
3.1900000000 0.05540186213546437199 0.00000000000000000000
3.2000000000 0.05532309472367136910 0.00000000000000000000
3.2100000000 0.05524503437045814869 0.00000000000000000000
3.2200000000 0.05516767172833884902 0.00000000000000000000
3.2300000000 0.05509099761000847695 0.00000000000000000000
3.2400000000 0.05501500298503863434 0.00000000000000000000
3.2500000000 0.05493967897665267414 0.00000000000000000000
3.2600000000 0.05486501685857587268 0.00000000000000000000
3.2700000000 0.05479100805196099322 0.00000000000000000000
3.2800000000 0.05471764412238444564 0.00000000000000000000
3.2900000000 0.05464491677691425686 0.00000000000000000000
3.3000000000 0.05457281786124518891 0.00000000000000000000
3.3100000000 0.05450133935690144871 0.00000000000000000000
3.3200000000 0.05443047337850393658 0.00000000000000000000
3.3300000000 0.05436021217110086762 0.00000000000000000000
3.3400000000 0.05429054810755967742 0.00000000000000000000
3.3500000000 0.05422147368601984430 0.00000000000000000000
3.3600000000 0.05415298152740310317 0.00000000000000000000
3.3700000000 0.05408506437298150199 0.00000000000000000000
3.3800000000 0.05401771508200079591 0.00000000000000000000
3.3900000000 0.05395092662935759703 0.00000000000000000000
3.4000000000 0.05388469210333002302 0.00000000000000000000
3.4100000000 0.05381900470335907599 0.00000000000000000000
3.4200000000 0.05375385773788065452 0.00000000000000000000
3.4300000000 0.05368924462220573540 0.00000000000000000000
3.4400000000 0.05362515887644914853 0.00000000000000000000
3.4500000000 0.05356159412350420396 0.00000000000000000000
3.4600000000 0.05349854408706241488 0.00000000000000000000
3.4700000000 0.05343600258967782374 0.00000000000000000000
3.4800000000 0.05337396355087398875 0.00000000000000000000
3.4900000000 0.05331242098529320739 0.00000000000000000000
3.5000000000 0.05325136900088654757 0.00000000000000000000
3.5100000000 0.05319080179714404805 0.00000000000000000000
3.5200000000 0.05313071366336275664 0.00000000000000000000
3.5300000000 0.05307109897695466011 0.00000000000000000000
3.5400000000 0.05301195220178987755 0.00000000000000000000
3.5500000000 0.05295326788657657435 0.00000000000000000000
3.5600000000 0.05289504066327677112 0.00000000000000000000
3.5700000000 0.05283726524555550780 0.00000000000000000000
3.5800000000 0.05277993642726416107 0.00000000000000000000
3.5900000000 0.05272304908095581943 0.00000000000000000000
3.6000000000 0.05266659815643440212 0.00000000000000000000
3.6100000000 0.05261057867933213728 0.00000000000000000000
3.6200000000 0.05255498574971990966 0.00000000000000000000
3.6300000000 0.05249981454074597459 0.00000000000000000000
3.6400000000 0.05244506029730411356 0.00000000000000000000
3.6500000000 0.05239071833472967732 0.00000000000000000000
3.6600000000 0.05233678403752419633 0.00000000000000000000
3.6700000000 0.05228325285810532519 0.00000000000000000000
3.6800000000 0.05223012031558438989 0.00000000000000000000
3.6900000000 0.05217738199456946335 0.00000000000000000000
3.7000000000 0.05212503354399315725 0.00000000000000000000
3.7100000000 0.05207307067596447792 0.00000000000000000000
3.7200000000 0.05202148916464568312 0.00000000000000000000
3.7300000000 0.05197028484515174573 0.00000000000000000000
3.7400000000 0.05191945361247259083 0.00000000000000000000
3.7500000000 0.05186899142041793281 0.00000000000000000000
3.7600000000 0.05181889428058342878 0.00000000000000000000
3.7700000000 0.05176915826133874493 0.00000000000000000000
3.7800000000 0.05171977948683563475 0.00000000000000000000
3.7900000000 0.05167075413603645917 0.00000000000000000000
3.8000000000 0.05162207844176277399 0.00000000000000000000
3.8100000000 0.05157374868976329768 0.00000000000000000000
3.8200000000 0.05152576121780009372 0.00000000000000000000
3.8300000000 0.05147811241475419575 0.00000000000000000000
3.8400000000 0.05143079871974844119 0.00000000000000000000
3.8500000000 0.05138381662128829047 0.00000000000000000000
3.8600000000 0.05133716265642007670 0.00000000000000000000
3.8700000000 0.05129083340990543693 0.00000000000000000000
3.8800000000 0.05124482551341293102 0.00000000000000000000
3.8900000000 0.05119913564472525908 0.00000000000000000000
3.9000000000 0.05115376052696270909 0.00000000000000000000
3.9100000000 0.05110869692782071122 0.00000000000000000000
3.9200000000 0.05106394165882445491 0.00000000000000000000
3.9300000000 0.05101949157459643308 0.00000000000000000000
3.9400000000 0.05097534357213877321 0.00000000000000000000
3.9500000000 0.05093149459013035507 0.00000000000000000000
3.9600000000 0.05088794160823655738 0.00000000000000000000
3.9700000000 0.05084468164643345806 0.00000000000000000000
3.9800000000 0.05080171176434417069 0.00000000000000000000
3.9900000000 0.05075902906058873260 0.00000000000000000000
4.0000000000 0.05071663067214639969 0.00000000000000000000
4.0100000000 0.05067451377373005661 0.00000000000000000000
4.0200000000 0.05063267557717254091 0.00000000000000000000
4.0300000000 0.05059111333082501327 0.00000000000000000000
4.0400000000 0.05054982431896698492 0.00000000000000000000
4.0500000000 0.05050880586122659388 0.00000000000000000000
4.0600000000 0.05046805531201331574 0.00000000000000000000
4.0700000000 0.05042757005996013203 0.00000000000000000000
4.0800000000 0.05038734752737698136 0.00000000000000000000
4.0900000000 0.05034738516971448696 0.00000000000000000000
4.1000000000 0.05030768047503723223 0.00000000000000000000
4.1100000000 0.05026823096350743064 0.00000000000000000000
4.1200000000 0.05022903418687813676 0.00000000000000000000
4.1300000000 0.05019008772799571361 0.00000000000000000000
4.1400000000 0.05015138920031166764 0.00000000000000000000
4.1500000000 0.05011293624740362912 0.00000000000000000000
4.1600000000 0.05007472654250498534 0.00000000000000000000
4.1700000000 0.05003675778804327762 0.00000000000000000000
4.1800000000 0.04999902771518723033 0.00000000000000000000
4.1900000000 0.04996153408340180124 0.00000000000000000000
4.2000000000 0.04992427468001166962 0.00000000000000000000
4.2100000000 0.04988724731977239174 0.00000000000000000000
4.2200000000 0.04985044984444965410 0.00000000000000000000
4.2300000000 0.04981388012240595825 0.00000000000000000000
4.2400000000 0.04977753604819464689 0.00000000000000000000
4.2500000000 0.04974141554216198607 0.00000000000000000000
4.2600000000 0.04970551655005523567 0.00000000000000000000
4.2700000000 0.04966983704263885913 0.00000000000000000000
4.2800000000 0.04963437501531681173 0.00000000000000000000
4.2900000000 0.04959912848776232980 0.00000000000000000000
4.3000000000 0.04956409550355348609 0.00000000000000000000
4.3100000000 0.04952927412981581595 0.00000000000000000000
4.3200000000 0.04949466245687106358 0.00000000000000000000
4.3300000000 0.04946025859789215245 0.00000000000000000000
4.3400000000 0.04942606068856425505 0.00000000000000000000
4.3500000000 0.04939206688675174678 0.00000000000000000000
4.3600000000 0.04935827537217118977 0.00000000000000000000
4.3700000000 0.04932468434606971514 0.00000000000000000000
4.3800000000 0.04929129203090941436 0.00000000000000000000
4.3900000000 0.04925809667005676129 0.00000000000000000000
4.4000000000 0.04922509652747802944 0.00000000000000000000
4.4100000000 0.04919228988743922643 0.00000000000000000000
4.4200000000 0.04915967505421198203 0.00000000000000000000
4.4300000000 0.04912725035178365507 0.00000000000000000000
4.4400000000 0.04909501412357339389 0.00000000000000000000
4.4500000000 0.04906296473215222137 0.00000000000000000000
4.4600000000 0.04903110055896834490 0.00000000000000000000
4.4700000000 0.04899942000407699755 0.00000000000000000000
4.4800000000 0.04896792148587490734 0.00000000000000000000
4.4900000000 0.04893660344083928387 0.00000000000000000000
4.5000000000 0.04890546432327110699 0.00000000000000000000
4.5100000000 0.04887450260504299510 0.00000000000000000000
4.5200000000 0.04884371677535101486 0.00000000000000000000
4.5300000000 0.04881310534047079985 0.00000000000000000000
4.5400000000 0.04878266682351793671 0.00000000000000000000
4.5500000000 0.04875239976421181370 0.00000000000000000000
4.5600000000 0.04872230271864396584 0.00000000000000000000
4.5700000000 0.04869237425905006966 0.00000000000000000000
4.5800000000 0.04866261297358547011 0.00000000000000000000
4.5900000000 0.04863301746610496079 0.00000000000000000000
4.6000000000 0.04860358635594552723 0.00000000000000000000
4.6100000000 0.04857431827771314242 0.00000000000000000000
4.6200000000 0.04854521188107308038 0.00000000000000000000
4.6300000000 0.04851626583054314407 0.00000000000000000000
4.6400000000 0.04848747880529085535 0.00000000000000000000
4.6500000000 0.04845884949893351779 0.00000000000000000000
4.6600000000 0.04843037661934208177 0.00000000000000000000
4.6700000000 0.04840205888844730658 0.00000000000000000000
4.6800000000 0.04837389504204995389 0.00000000000000000000
4.6900000000 0.04834588382963331266 0.00000000000000000000
4.7000000000 0.04831802401417940179 0.00000000000000000000
4.7100000000 0.04829031437198746252 0.00000000000000000000
4.7200000000 0.04826275369249595493 0.00000000000000000000
4.7300000000 0.04823534077810687215 0.00000000000000000000
4.7400000000 0.04820807444401317698 0.00000000000000000000
4.7500000000 0.04818095351802892390 0.00000000000000000000
4.7600000000 0.04815397684042194149 0.00000000000000000000
4.7700000000 0.04812714326374924884 0.00000000000000000000
4.7800000000 0.04810045165269521278 0.00000000000000000000
4.7900000000 0.04807390088391186311 0.00000000000000000000
4.8000000000 0.04804748984586208749 0.00000000000000000000
4.8100000000 0.04802121743866503284 0.00000000000000000000
4.8200000000 0.04799508257394415056 0.00000000000000000000
4.8300000000 0.04796908417467735108 0.00000000000000000000
4.8400000000 0.04794322117504958708 0.00000000000000000000
4.8500000000 0.04791749252030789302 0.00000000000000000000
4.8600000000 0.04789189716661824275 0.00000000000000000000
4.8700000000 0.04786643408092509239 0.00000000000000000000
4.8800000000 0.04784110224081274121 0.00000000000000000000
4.8900000000 0.04781590063436901017 0.00000000000000000000
4.9000000000 0.04779082826005098122 0.00000000000000000000
4.9100000000 0.04776588412655239507 0.00000000000000000000
4.9200000000 0.04774106725267379669 0.00000000000000000000
4.9300000000 0.04771637666719425602 0.00000000000000000000
4.9400000000 0.04769181140874467761 0.00000000000000000000
4.9500000000 0.04766737052568368466 0.00000000000000000000
4.9600000000 0.04764305307597496708 0.00000000000000000000
4.9700000000 0.04761885812706676685 0.00000000000000000000
4.9800000000 0.04759478475577244572 0.00000000000000000000
4.9900000000 0.04757083204815410610 0.00000000000000000000
5.0000000000 0.04754699909940660052 0.00000000000000000000
