0.1000000000 1.08906282580614210964 0.00000000000000000000
0.1100000000 1.06205747532553140822 0.00000000000000000000
0.1200000000 1.03557056557552007447 0.00000000000000000000
0.1300000000 1.00960528268356397597 0.00000000000000000000
0.1400000000 0.98416394693259956483 0.00000000000000000000
0.1500000000 0.95924803143129022676 0.00000000000000000000
0.1600000000 0.93485818440443957389 0.00000000000000000000
0.1700000000 0.91099425477128448403 0.00000000000000000000
0.1800000000 0.88765532066159236191 0.00000000000000000000
0.1900000000 0.86483972050784585495 0.00000000000000000000
0.2000000000 0.84254508634601632533 0.00000000000000000000
0.2100000000 0.82076837895725651695 0.00000000000000000000
0.2200000000 0.79950592448775970045 0.00000000000000000000
0.2300000000 0.77875345219360014859 0.00000000000000000000
0.2400000000 0.75850613297098468113 0.00000000000000000000
0.2500000000 0.73875861834941369821 0.00000000000000000000
0.2600000000 0.71950507964516863257 0.00000000000000000000
0.2700000000 0.70073924699468936872 0.00000000000000000000
0.2800000000 0.68245444801119670153 0.00000000000000000000
0.2900000000 0.66464364583276391851 0.00000000000000000000
0.3000000000 0.64729947635548534812 0.00000000000000000000
0.3100000000 0.63041428447087455300 0.00000000000000000000
0.3200000000 0.61398015915181625157 0.00000000000000000000
0.3300000000 0.59798896725588845946 0.00000000000000000000
0.3400000000 0.58243238593836688111 0.00000000000000000000
0.3500000000 0.56730193358950886662 0.00000000000000000000
0.3600000000 0.55258899923156523659 0.00000000000000000000
0.3700000000 0.53828487033027450082 0.00000000000000000000
0.3800000000 0.52438075899325409246 0.00000000000000000000
0.3900000000 0.51086782654367357548 0.00000000000000000000
0.4000000000 0.49773720647186930899 0.00000000000000000000
0.4100000000 0.48498002578013116315 0.00000000000000000000
0.4200000000 0.47258742474686632473 0.00000000000000000000
0.4300000000 0.46055057514571834387 0.00000000000000000000
0.4400000000 0.44886069696312319577 0.00000000000000000000
0.4500000000 0.43750907366430558110 0.00000000000000000000
0.4600000000 0.42648706606295444521 0.00000000000000000000
0.4700000000 0.41578612485386140518 0.00000000000000000000
0.4800000000 0.40539780187081936313 0.00000000000000000000
0.4900000000 0.39531376013411329007 0.00000000000000000000
0.5000000000 0.38552578275313104106 0.00000000000000000000
0.5100000000 0.37602578075008202818 0.00000000000000000000
0.5200000000 0.36680579987062233993 0.00000000000000000000
0.5300000000 0.35785802644646147463 0.00000000000000000000
0.5400000000 0.34917479237379828172 0.00000000000000000000
0.5500000000 0.34074857926988205703 0.00000000000000000000
0.5600000000 0.33257202186806894550 0.00000000000000000000
0.5700000000 0.32463791070960945628 0.00000000000000000000
0.5800000000 0.31693919418806509869 0.00000000000000000000
0.5900000000 0.30946897999976352711 0.00000000000000000000
0.6000000000 0.30222053605114063135 0.00000000000000000000
0.6100000000 0.29518729087118428245 0.00000000000000000000
0.6200000000 0.28836283357453024179 0.00000000000000000000
0.6300000000 0.28174091341814733180 0.00000000000000000000
0.6400000000 0.27531543899188887226 0.00000000000000000000
0.6500000000 0.26908047708065879755 0.00000000000000000000
0.6600000000 0.26303025123341483571 0.00000000000000000000
0.6700000000 0.25715914007182555379 0.00000000000000000000
0.6800000000 0.25146167536903674122 0.00000000000000000000
0.6900000000 0.24593253992681227138 0.00000000000000000000
0.7000000000 0.24056656527710232329 0.00000000000000000000
0.7100000000 0.23535872923213843610 0.00000000000000000000
0.7200000000 0.23030415330515474626 0.00000000000000000000
0.7300000000 0.22539810002206886463 0.00000000000000000000
0.7400000000 0.22063597014268856999 0.00000000000000000000
0.7500000000 0.21601329980843722578 0.00000000000000000000
0.7600000000 0.21152575763206712955 0.00000000000000000000
0.7700000000 0.20716914174338654786 0.00000000000000000000
0.7800000000 0.20293937680376353261 0.00000000000000000000
0.7900000000 0.19883251100089427421 0.00000000000000000000
0.8000000000 0.19484471303420622390 0.00000000000000000000
0.8100000000 0.19097226910020817514 0.00000000000000000000
0.8200000000 0.18721157988611925038 0.00000000000000000000
0.8300000000 0.18355915757920429621 0.00000000000000000000
0.8400000000 0.18001162289842365105 0.00000000000000000000
0.8500000000 0.17656570215422459635 0.00000000000000000000
0.8600000000 0.17321822434158362647 0.00000000000000000000
0.8700000000 0.16996611827084651125 0.00000000000000000000
0.8800000000 0.16680640974018834388 0.00000000000000000000
0.8900000000 0.16373621875309105067 0.00000000000000000000
0.9000000000 0.16075275678371137023 0.00000000000000000000
0.9100000000 0.15785332409251479069 0.00000000000000000000
0.9200000000 0.15503530709424412359 0.00000000000000000000
0.9300000000 0.15229617577980253396 0.00000000000000000000
0.9400000000 0.14963348119339064946 0.00000000000000000000
0.9500000000 0.14704485296593078347 0.00000000000000000000
0.9600000000 0.14452799690542816879 0.00000000000000000000
0.9700000000 0.14208069264486697381 0.00000000000000000000
0.9800000000 0.13970079134779370134 0.00000000000000000000
0.9900000000 0.13738621347179974519 0.00000000000000000000
1.0000000000 0.13513494658953992267 0.00000000000000000000
1.0100000000 0.13294504326762082713 0.00000000000000000000
1.0200000000 0.13081461900205429427 0.00000000000000000000
1.0300000000 0.12874185021055936651 0.00000000000000000000
1.0400000000 0.12672497228077650444 0.00000000000000000000
1.0500000000 0.12476227767368214261 0.00000000000000000000
1.0600000000 0.12285211408138144162 0.00000000000000000000
1.0700000000 0.12099288263855359493 0.00000000000000000000
1.0800000000 0.11918303618647281550 0.00000000000000000000
1.0900000000 0.11742107758873975010 0.00000000000000000000
1.1000000000 0.11570555809768548472 0.00000000000000000000
1.1100000000 0.11403507577036342546 0.00000000000000000000
1.1200000000 0.11240827393313214400 0.00000000000000000000
1.1300000000 0.11082383969366201015 0.00000000000000000000
1.1400000000 0.10928050249930720828 0.00000000000000000000
1.1500000000 0.10777703274072181205 0.00000000000000000000
1.1600000000 0.10631224039956084504 0.00000000000000000000
1.1700000000 0.10488497373920047107 0.00000000000000000000
1.1800000000 0.10349411803729771653 0.00000000000000000000
1.1900000000 0.10213859435911822049 0.00000000000000000000
1.2000000000 0.10081735837048354243 0.00000000000000000000
1.2100000000 0.09952939918927901364 0.00000000000000000000
1.2200000000 0.09827373827439393750 0.00000000000000000000
1.2300000000 0.09704942835105041798 0.00000000000000000000
1.2400000000 0.09585555237145287899 0.00000000000000000000
1.2500000000 0.09469122250971050148 0.00000000000000000000
1.2600000000 0.09355557919002782663 0.00000000000000000000
1.2700000000 0.09244779014713656873 0.00000000000000000000
1.2800000000 0.09136704951801141728 0.00000000000000000000
1.2900000000 0.09031257696387992584 0.00000000000000000000
1.3000000000 0.08928361682160747270 0.00000000000000000000
1.3100000000 0.08827943728352123653 0.00000000000000000000
1.3200000000 0.08729932960478214987 0.00000000000000000000
1.3300000000 0.08634260733742722682 0.00000000000000000000
1.3400000000 0.08540860559022574183 0.00000000000000000000
1.3500000000 0.08449668031351315056 0.00000000000000000000
1.3600000000 0.08360620760820282327 0.00000000000000000000
1.3700000000 0.08273658305817495340 0.00000000000000000000
1.3800000000 0.08188722108528435906 0.00000000000000000000
1.3900000000 0.08105755432623265588 0.00000000000000000000
1.4000000000 0.08024703303059596560 0.00000000000000000000
1.4100000000 0.07945512447928131106 0.00000000000000000000
1.4200000000 0.07868131242275790138 0.00000000000000000000
1.4300000000 0.07792509653837585704 0.00000000000000000000
1.4400000000 0.07718599190614407191 0.00000000000000000000
1.4500000000 0.07646352850234597320 0.00000000000000000000
1.4600000000 0.07575725071037711644 0.00000000000000000000
1.4700000000 0.07506671684823880419 0.00000000000000000000
1.4800000000 0.07439149871210214149 0.00000000000000000000
1.4900000000 0.07373118113541149432 0.00000000000000000000
1.5000000000 0.07308536156298540976 0.00000000000000000000
1.5100000000 0.07245364963960730653 0.00000000000000000000
1.5200000000 0.07183566681260648845 0.00000000000000000000
1.5300000000 0.07123104594795204303 0.00000000000000000000
1.5400000000 0.07063943095939083372 0.00000000000000000000
1.5500000000 0.07006047645018491365 0.00000000000000000000
1.5600000000 0.06949384736700837950 0.00000000000000000000
1.5700000000 0.06893921866559142575 0.00000000000000000000
1.5800000000 0.06839627498769683400 0.00000000000000000000
1.5900000000 0.06786471034904520416 0.00000000000000000000
1.6000000000 0.06734422783780386057 0.00000000000000000000
1.6100000000 0.06683453932327759750 0.00000000000000000000
1.6200000000 0.06633536517444543756 0.00000000000000000000
1.6300000000 0.06584643398800188452 0.00000000000000000000
1.6400000000 0.06536748232557680616 0.00000000000000000000
1.6500000000 0.06489825445980842988 0.00000000000000000000
1.6600000000 0.06443850212897110630 0.00000000000000000000
1.6700000000 0.06398798429985252945 0.00000000000000000000
1.6800000000 0.06354646693859962447 0.00000000000000000000
1.6900000000 0.06311372278925528323 0.00000000000000000000
1.7000000000 0.06268953115971663548 0.00000000000000000000
1.7100000000 0.06227367771486259918 0.00000000000000000000
1.7200000000 0.06186595427659529606 0.00000000000000000000
1.7300000000 0.06146615863056170692 0.00000000000000000000
1.7400000000 0.06107409433931929726 0.00000000000000000000
1.7500000000 0.06068957056172620546 0.00000000000000000000
1.7600000000 0.06031240187833827177 0.00000000000000000000
1.7700000000 0.05994240812260318019 0.00000000000000000000
1.7800000000 0.05957941421765689666 0.00000000000000000000
1.7900000000 0.05922325001852195292 0.00000000000000000000
1.8000000000 0.05887375015952547863 0.00000000000000000000
1.8100000000 0.05853075390675459289 0.00000000000000000000
1.8200000000 0.05819410501537813224 0.00000000000000000000
1.8300000000 0.05786365159166100003 0.00000000000000000000
1.8400000000 0.05753924595951768334 0.00000000000000000000
1.8500000000 0.05722074453144181116 0.00000000000000000000
1.8600000000 0.05690800768366416351 0.00000000000000000000
1.8700000000 0.05660089963539503832 0.00000000000000000000
1.8800000000 0.05629928833200735505 0.00000000000000000000
1.8900000000 0.05600304533202975221 0.00000000000000000000
1.9000000000 0.05571204569781516847 0.00000000000000000000
1.9100000000 0.05542616788976098552 0.00000000000000000000
1.9200000000 0.05514529366396108551 0.00000000000000000000
1.9300000000 0.05486930797316871139 0.00000000000000000000
1.9400000000 0.05459809887096099545 0.00000000000000000000
1.9500000000 0.05433155741899309277 0.00000000000000000000
1.9600000000 0.05406957759724130563 0.00000000000000000000
1.9700000000 0.05381205621712668863 0.00000000000000000000
1.9800000000 0.05355889283742920615 0.00000000000000000000
1.9900000000 0.05330998968289228646 0.00000000000000000000
2.0000000000 0.05306525156542802463 0.00000000000000000000
2.0100000000 0.05282458580783852553 0.00000000000000000000
2.0200000000 0.05258790216996320210 0.00000000000000000000
2.0300000000 0.05235511277717377898 0.00000000000000000000
2.0400000000 0.05212613205113700299 0.00000000000000000000
2.0500000000 0.05190087664277009266 0.00000000000000000000
2.0600000000 0.05167926536731260595 0.00000000000000000000
2.0700000000 0.05146121914144612119 0.00000000000000000000
2.0800000000 0.05124666092239388293 0.00000000000000000000
2.0900000000 0.05103551564893073211 0.00000000000000000000
2.1000000000 0.05082771018424423609 0.00000000000000000000
2.1100000000 0.05062317326058108496 0.00000000000000000000
2.1200000000 0.05042183542562352766 0.00000000000000000000
2.1300000000 0.05022362899053465363 0.00000000000000000000
2.1400000000 0.05002848797961956251 0.00000000000000000000
2.1500000000 0.04983634808154798618 0.00000000000000000000
2.1600000000 0.04964714660208808389 0.00000000000000000000
2.1700000000 0.04946082241829949377 0.00000000000000000000
2.1800000000 0.04927731593413969130 0.00000000000000000000
2.1900000000 0.04909656903743515183 0.00000000000000000000
2.2000000000 0.04891852505817482349 0.00000000000000000000
2.2100000000 0.04874312872808097413 0.00000000000000000000
2.2200000000 0.04857032614141586213 0.00000000000000000000
2.2300000000 0.04840006471698439505 0.00000000000000000000
2.2400000000 0.04823229316129409167 0.00000000000000000000
2.2500000000 0.04806696143283278877 0.00000000000000000000
2.2600000000 0.04790402070743118856 0.00000000000000000000
2.2700000000 0.04774342334467084753 0.00000000000000000000
2.2800000000 0.04758512285530815816 0.00000000000000000000
2.2900000000 0.04742907386967815109 0.00000000000000000000
2.3000000000 0.04727523210704755174 0.00000000000000000000
2.3100000000 0.04712355434588810094 0.00000000000000000000
2.3200000000 0.04697399839503813707 0.00000000000000000000
2.3300000000 0.04682652306572490652 0.00000000000000000000
2.3400000000 0.04668108814442158139 0.00000000000000000000
2.3500000000 0.04653765436650945247 0.00000000000000000000
2.3600000000 0.04639618339072185821 0.00000000000000000000
2.3700000000 0.04625663777434448759 0.00000000000000000000
2.3800000000 0.04611898094914726465 0.00000000000000000000
2.3900000000 0.04598317719802540171 0.00000000000000000000
2.4000000000 0.04584919163232720890 0.00000000000000000000
2.4100000000 0.04571699016984586555 0.00000000000000000000
2.4200000000 0.04558653951345609939 0.00000000000000000000
2.4300000000 0.04545780713037389509 0.00000000000000000000
2.4400000000 0.04533076123201992130 0.00000000000000000000
2.4500000000 0.04520537075446852404 0.00000000000000000000
2.4600000000 0.04508160533946353049 0.00000000000000000000
2.4700000000 0.04495943531598278059 0.00000000000000000000
2.4800000000 0.04483883168233434441 0.00000000000000000000
2.4900000000 0.04471976608876931936 0.00000000000000000000
2.5000000000 0.04460221082059259018 0.00000000000000000000
2.5100000000 0.04448613878175872866 0.00000000000000000000
2.5200000000 0.04437152347893612292 0.00000000000000000000
2.5300000000 0.04425833900602564597 0.00000000000000000000
2.5400000000 0.04414656002912054067 0.00000000000000000000
2.5500000000 0.04403616177189246389 0.00000000000000000000
2.5600000000 0.04392712000139192136 0.00000000000000000000
2.5700000000 0.04381941101424935425 0.00000000000000000000
2.5800000000 0.04371301162326609452 0.00000000000000000000
2.5900000000 0.04360789914438115145 0.00000000000000000000
2.6000000000 0.04350405138400517679 0.00000000000000000000
2.6100000000 0.04340144662670710612 0.00000000000000000000
2.6200000000 0.04330006362324628766 0.00000000000000000000
2.6300000000 0.04319988157893682457 0.00000000000000000000
2.6400000000 0.04310088014233563747 0.00000000000000000000
2.6500000000 0.04300303939424446331 0.00000000000000000000
2.6600000000 0.04290633983701506310 0.00000000000000000000
2.6700000000 0.04281076238415001955 0.00000000000000000000
2.6800000000 0.04271628835019042336 0.00000000000000000000
2.6900000000 0.04262289944087939431 0.00000000000000000000
2.7000000000 0.04253057774359712134 0.00000000000000000000
2.7100000000 0.04243930571805509117 0.00000000000000000000
2.7200000000 0.04234906618724558480 0.00000000000000000000
2.7300000000 0.04225984232863672779 0.00000000000000000000
2.7400000000 0.04217161766560574565 0.00000000000000000000
2.7500000000 0.04208437605910483187 0.00000000000000000000
2.7600000000 0.04199810169955124628 0.00000000000000000000
2.7700000000 0.04191277909893652981 0.00000000000000000000
2.7800000000 0.04182839308314616894 0.00000000000000000000
2.7900000000 0.04174492878448714944 0.00000000000000000000
2.8000000000 0.04166237163441333796 0.00000000000000000000
2.8100000000 0.04158070735644521509 0.00000000000000000000
2.8200000000 0.04149992195927861005 0.00000000000000000000
2.8300000000 0.04142000173007551189 0.00000000000000000000
2.8400000000 0.04134093322793223890 0.00000000000000000000
2.8500000000 0.04126270327752037254 0.00000000000000000000
2.8600000000 0.04118529896289545994 0.00000000000000000000
2.8700000000 0.04110870762146744128 0.00000000000000000000
2.8800000000 0.04103291683812905488 0.00000000000000000000
2.8900000000 0.04095791443953876454 0.00000000000000000000
2.9000000000 0.04088368848855133270 0.00000000000000000000
2.9100000000 0.04081022727879372869 0.00000000000000000000
2.9200000000 0.04073751932938186882 0.00000000000000000000
2.9300000000 0.04066555337977363627 0.00000000000000000000
2.9400000000 0.04059431838475512089 0.00000000000000000000
2.9500000000 0.04052380350955502725 0.00000000000000000000
2.9600000000 0.04045399812508550935 0.00000000000000000000
2.9700000000 0.04038489180330410294 0.00000000000000000000
2.9800000000 0.04031647431269444470 0.00000000000000000000
2.9900000000 0.04024873561386187876 0.00000000000000000000
3.0000000000 0.04018166585524109158 0.00000000000000000000
3.0100000000 0.04011525536891270838 0.00000000000000000000
3.0200000000 0.04004949466652492351 0.00000000000000000000
3.0300000000 0.03998437443531879798 0.00000000000000000000
3.0400000000 0.03991988553425281083 0.00000000000000000000
3.0500000000 0.03985601899022492289 0.00000000000000000000
3.0600000000 0.03979276599438932860 0.00000000000000000000
3.0700000000 0.03973011789856459308 0.00000000000000000000
3.0800000000 0.03966806621173150221 0.00000000000000000000
3.0900000000 0.03960660259661764881 0.00000000000000000000
3.1000000000 0.03954571886636696482 0.00000000000000000000
3.1100000000 0.03948540698129087562 0.00000000000000000000
3.1200000000 0.03942565904569983459 0.00000000000000000000
3.1300000000 0.03936646730481264261 0.00000000000000000000
3.1400000000 0.03930782414174165129 0.00000000000000000000
3.1500000000 0.03924972207455070666 0.00000000000000000000
3.1600000000 0.03919215375338650637 0.00000000000000000000
3.1700000000 0.03913511195767754164 0.00000000000000000000
3.1800000000 0.03907858959340299726 0.00000000000000000000
3.1900000000 0.03902257969042594032 0.00000000000000000000
3.2000000000 0.03896707539989207464 0.00000000000000000000
3.2100000000 0.03891206999169045250 0.00000000000000000000
3.2200000000 0.03885755685197481157 0.00000000000000000000
3.2300000000 0.03880352948074536346 0.00000000000000000000
3.2400000000 0.03874998148948664844 0.00000000000000000000
3.2500000000 0.03869690659886272643 0.00000000000000000000
3.2600000000 0.03864429863646712954 0.00000000000000000000
3.2700000000 0.03859215153462497438 0.00000000000000000000
3.2800000000 0.03854045932824826798 0.00000000000000000000
3.2900000000 0.03848921615274093766 0.00000000000000000000
3.3000000000 0.03843841624195289131 0.00000000000000000000
3.3100000000 0.03838805392618288570 0.00000000000000000000
3.3200000000 0.03833812363022690711 0.00000000000000000000
3.3300000000 0.03828861987147273716 0.00000000000000000000
3.3400000000 0.03823953725803840714 0.00000000000000000000
3.3500000000 0.03819087048695463810 0.00000000000000000000
3.3600000000 0.03814261434238733900 0.00000000000000000000
3.3700000000 0.03809476369390338985 0.00000000000000000000
3.3800000000 0.03804731349477475516 0.00000000000000000000
3.3900000000 0.03800025878032155940 0.00000000000000000000
3.4000000000 0.03795359466629377038 0.00000000000000000000
3.4100000000 0.03790731634728938121 0.00000000000000000000
3.4200000000 0.03786141909520807092 0.00000000000000000000
3.4300000000 0.03781589825774065577 0.00000000000000000000
3.4400000000 0.03777074925689228452 0.00000000000000000000
3.4500000000 0.03772596758753905821 0.00000000000000000000
3.4600000000 0.03768154881601710332 0.00000000000000000000
3.4700000000 0.03763748857874303633 0.00000000000000000000
3.4800000000 0.03759378258086575053 0.00000000000000000000
3.4900000000 0.03755042659494782498 0.00000000000000000000
3.5000000000 0.03750741645967649307 0.00000000000000000000
3.5100000000 0.03746474807860318557 0.00000000000000000000
3.5200000000 0.03742241741891088463 0.00000000000000000000
3.5300000000 0.03738042051020849799 0.00000000000000000000
3.5400000000 0.03733875344335237101 0.00000000000000000000
3.5500000000 0.03729741236929285525 0.00000000000000000000
3.5600000000 0.03725639349794680755 0.00000000000000000000
3.5700000000 0.03721569309709396589 0.00000000000000000000
3.5800000000 0.03717530749129818735 0.00000000000000000000
3.5900000000 0.03713523306085145248 0.00000000000000000000
3.6000000000 0.03709546624074076121 0.00000000000000000000
3.6100000000 0.03705600351963784372 0.00000000000000000000
3.6200000000 0.03701684143891006973 0.00000000000000000000
3.6300000000 0.03697797659165256989 0.00000000000000000000
3.6400000000 0.03693940562174175685 0.00000000000000000000
3.6500000000 0.03690112522290813629 0.00000000000000000000
3.6600000000 0.03686313213782953235 0.00000000000000000000
3.6700000000 0.03682542315724317977 0.00000000000000000000
3.6800000000 0.03678799511907684949 0.00000000000000000000
3.6900000000 0.03675084490759820272 0.00000000000000000000
3.7000000000 0.03671396945258185995 0.00000000000000000000
3.7100000000 0.03667736572849482346 0.00000000000000000000
3.7200000000 0.03664103075369729706 0.00000000000000000000
3.7300000000 0.03660496158966206059 0.00000000000000000000
3.7400000000 0.03656915534020883929 0.00000000000000000000
3.7500000000 0.03653360915075507670 0.00000000000000000000
3.7600000000 0.03649832020758198015 0.00000000000000000000
3.7700000000 0.03646328573711612314 0.00000000000000000000
3.7800000000 0.03642850300522531420 0.00000000000000000000
3.7900000000 0.03639396931652924549 0.00000000000000000000
3.8000000000 0.03635968201372435232 0.00000000000000000000
3.8100000000 0.03632563847692220349 0.00000000000000000000
3.8200000000 0.03629183612300160289 0.00000000000000000000
3.8300000000 0.03625827240497338927 0.00000000000000000000
3.8400000000 0.03622494481135891259 0.00000000000000000000
3.8500000000 0.03619185086558021625 0.00000000000000000000
3.8600000000 0.03615898812536322282 0.00000000000000000000
3.8700000000 0.03612635418215225797 0.00000000000000000000
3.8800000000 0.03609394666053687695 0.00000000000000000000
3.8900000000 0.03606176321768962689 0.00000000000000000000
3.9000000000 0.03602980154281558434 0.00000000000000000000
3.9100000000 0.03599805935661229417 0.00000000000000000000
3.9200000000 0.03596653441074074142 0.00000000000000000000
3.9300000000 0.03593522448730659263 0.00000000000000000000
3.9400000000 0.03590412739835178307 0.00000000000000000000
3.9500000000 0.03587324098535613764 0.00000000000000000000
3.9600000000 0.03584256311874850498 0.00000000000000000000
3.9700000000 0.03581209169742783499 0.00000000000000000000
3.9800000000 0.03578182464829320758 0.00000000000000000000
3.9900000000 0.03575175992578309009 0.00000000000000000000
4.0000000000 0.03572189551142396224 0.00000000000000000000
4.0100000000 0.03569222941338689309 0.00000000000000000000
4.0200000000 0.03566275966605336051 0.00000000000000000000
4.0300000000 0.03563348432958905743 0.00000000000000000000
4.0400000000 0.03560440148952583733 0.00000000000000000000
4.0500000000 0.03557550925635197259 0.00000000000000000000
4.0600000000 0.03554680576510985818 0.00000000000000000000
4.0700000000 0.03551828917500172295 0.00000000000000000000
4.0800000000 0.03548995766900234217 0.00000000000000000000
4.0900000000 0.03546180945347966046 0.00000000000000000000
4.1000000000 0.03543384275782214543 0.00000000000000000000
4.1100000000 0.03540605583407301082 0.00000000000000000000
4.1200000000 0.03537844695657223204 0.00000000000000000000
4.1300000000 0.03535101442160390461 0.00000000000000000000
4.1400000000 0.03532375654705130485 0.00000000000000000000
4.1500000000 0.03529667167205775835 0.00000000000000000000
4.1600000000 0.03526975815669403796 0.00000000000000000000
4.1700000000 0.03524301438163185418 0.00000000000000000000
4.1800000000 0.03521643874782336842 0.00000000000000000000
4.1900000000 0.03519002967618657662 0.00000000000000000000
4.2000000000 0.03516378560729675751 0.00000000000000000000
4.2100000000 0.03513770500108287509 0.00000000000000000000
4.2200000000 0.03511178633653040670 0.00000000000000000000
4.2300000000 0.03508602811138892413 0.00000000000000000000
4.2400000000 0.03506042884188523279 0.00000000000000000000
4.2500000000 0.03503498706244170119 0.00000000000000000000
4.2600000000 0.03500970132539969054 0.00000000000000000000
4.2700000000 0.03498457020074784846 0.00000000000000000000
4.2800000000 0.03495959227585553747 0.00000000000000000000
4.2900000000 0.03493476615521067669 0.00000000000000000000
4.3000000000 0.03491009046016260720 0.00000000000000000000
4.3100000000 0.03488556382866930816 0.00000000000000000000
4.3200000000 0.03486118491504933137 0.00000000000000000000
4.3300000000 0.03483695238973772562 0.00000000000000000000
4.3400000000 0.03481286493904695717 0.00000000000000000000
4.3500000000 0.03478892126493131343 0.00000000000000000000
4.3600000000 0.03476512008475581700 0.00000000000000000000
4.3700000000 0.03474146013106933772 0.00000000000000000000
4.3800000000 0.03471794015138126438 0.00000000000000000000
4.3900000000 0.03469455890794240216 0.00000000000000000000
4.4000000000 0.03467131517752968656 0.00000000000000000000
4.4100000000 0.03464820775123419322 0.00000000000000000000
4.4200000000 0.03462523543425351236 0.00000000000000000000
4.4300000000 0.03460239704568716934 0.00000000000000000000
4.4400000000 0.03457969141833573679 0.00000000000000000000
4.4500000000 0.03455711739850339526 0.00000000000000000000
4.4600000000 0.03453467384580399813 0.00000000000000000000
4.4700000000 0.03451235963297009240 0.00000000000000000000
4.4800000000 0.03449017364566576982 0.00000000000000000000
4.4900000000 0.03446811478230196735 0.00000000000000000000
4.5000000000 0.03444618195385567433 0.00000000000000000000
4.5100000000 0.03442437408369149188 0.00000000000000000000
4.5200000000 0.03440269010738674499 0.00000000000000000000
4.5300000000 0.03438112897255929390 0.00000000000000000000
4.5400000000 0.03435968963869798221 0.00000000000000000000
4.5500000000 0.03433837107699662383 0.00000000000000000000
4.5600000000 0.03431717227018996064 0.00000000000000000000
4.5700000000 0.03429609221239292294 0.00000000000000000000
4.5800000000 0.03427512990894221456 0.00000000000000000000
4.5900000000 0.03425428437624085387 0.00000000000000000000
4.6000000000 0.03423355464160484501 0.00000000000000000000
4.6100000000 0.03421293974311284680 0.00000000000000000000
4.6200000000 0.03419243872945783996 0.00000000000000000000
4.6300000000 0.03417205065980170875 0.00000000000000000000
4.6400000000 0.03415177460363171685 0.00000000000000000000
4.6500000000 0.03413160964061986297 0.00000000000000000000
4.6600000000 0.03411155486048389474 0.00000000000000000000
4.6700000000 0.03409160936285112603 0.00000000000000000000
4.6800000000 0.03407177225712417629 0.00000000000000000000
4.6900000000 0.03405204266234893723 0.00000000000000000000
4.7000000000 0.03403241970708455882 0.00000000000000000000
4.7100000000 0.03401290252927590546 0.00000000000000000000
4.7200000000 0.03399349027612747626 0.00000000000000000000
4.7300000000 0.03397418210397979560 0.00000000000000000000
4.7400000000 0.03395497717818761474 0.00000000000000000000
4.7500000000 0.03393587467299999383 0.00000000000000000000
4.7600000000 0.03391687377144235460 0.00000000000000000000
4.7700000000 0.03389797366520060085 0.00000000000000000000
4.7800000000 0.03387917355450634910 0.00000000000000000000
4.7900000000 0.03386047264802505286 0.00000000000000000000
4.8000000000 0.03384187016274496640 0.00000000000000000000
4.8100000000 0.03382336532386826661 0.00000000000000000000
4.8200000000 0.03380495736470367357 0.00000000000000000000
4.8300000000 0.03378664552656104880 0.00000000000000000000
4.8400000000 0.03376842905864746447 0.00000000000000000000
4.8500000000 0.03375030721796452166 0.00000000000000000000
4.8600000000 0.03373227926920800701 0.00000000000000000000
4.8700000000 0.03371434448466843065 0.00000000000000000000
4.8800000000 0.03369650214413348610 0.00000000000000000000
4.8900000000 0.03367875153479182870 0.00000000000000000000
4.9000000000 0.03366109195113827640 0.00000000000000000000
4.9100000000 0.03364352269488073144 0.00000000000000000000
4.9200000000 0.03362604307484824001 0.00000000000000000000
4.9300000000 0.03360865240690048134 0.00000000000000000000
4.9400000000 0.03359135001383889430 0.00000000000000000000
4.9500000000 0.03357413522531876859 0.00000000000000000000
4.9600000000 0.03355700737776287634 0.00000000000000000000
4.9700000000 0.03353996581427658857 0.00000000000000000000
4.9800000000 0.03352300988456371339 0.00000000000000000000
4.9900000000 0.03350613894484416599 0.00000000000000000000
5.0000000000 0.03348935235777257546 0.00000000000000000000
