0.1000000000 2.14029335736047832128 0.00000000000000000000
0.1100000000 2.08343378632334852441 0.00000000000000000000
0.1200000000 2.02778367882298926617 0.00000000000000000000
0.1300000000 1.97334815334189794811 0.00000000000000000000
0.1400000000 1.92013005416446946860 0.00000000000000000000
0.1500000000 1.86813001814974422032 0.00000000000000000000
0.1600000000 1.81734655209736484238 0.00000000000000000000
0.1700000000 1.76777611945211021727 0.00000000000000000000
0.1800000000 1.71941323504650367404 0.00000000000000000000
0.1900000000 1.67225056656118398202 0.00000000000000000000
0.2000000000 1.62627904138728318628 0.00000000000000000000
0.2100000000 1.58148795760178506598 0.00000000000000000000
0.2200000000 1.53786509781311764300 0.00000000000000000000
0.2300000000 1.49539684469719014182 0.00000000000000000000
0.2400000000 1.45406829712067953153 0.00000000000000000000
0.2500000000 1.41386338583560555726 0.00000000000000000000
0.2600000000 1.37476498782405420762 0.00000000000000000000
0.2700000000 1.33675503847160959126 0.00000000000000000000
0.2800000000 1.29981464084998643571 0.00000000000000000000
0.2900000000 1.26392417149122415765 0.00000000000000000000
0.3000000000 1.22906338213569088502 0.00000000000000000000
0.3100000000 1.19521149703226425842 0.00000000000000000000
0.3200000000 1.16234730546017961395 0.00000000000000000000
0.3300000000 1.13044924922703593495 0.00000000000000000000
0.3400000000 1.09949550497565295970 0.00000000000000000000
0.3500000000 1.06946406120335502088 0.00000000000000000000
0.3600000000 1.04033278996061895327 0.00000000000000000000
0.3700000000 1.01207951325177480939 0.00000000000000000000
0.3800000000 0.98468206420879456076 0.00000000000000000000
0.3900000000 0.95811834315033539422 0.00000000000000000000
0.4000000000 0.93236636867254085725 0.00000000000000000000
0.4100000000 0.90740432394610270883 0.00000000000000000000
0.4200000000 0.88321059841621907260 0.00000000000000000000
0.4300000000 0.85976382511889593019 0.00000000000000000000
0.4400000000 0.83704291383914097846 0.00000000000000000000
0.4500000000 0.81502708034439863560 0.00000000000000000000
0.4600000000 0.79369587193078117160 0.00000000000000000000
0.4700000000 0.77302918952060639679 0.00000000000000000000
0.4800000000 0.75300730654806857789 0.00000000000000000000
0.4900000000 0.73361088486588310609 0.00000000000000000000
0.5000000000 0.71482098789994741317 0.00000000000000000000
0.5100000000 0.69661909127176113721 0.00000000000000000000
0.5200000000 0.67898709109988197863 0.00000000000000000000
0.5300000000 0.66190731018241710792 0.00000000000000000000
0.5400000000 0.64536250225255109569 0.00000000000000000000
0.5500000000 0.62933585448884499236 0.00000000000000000000
0.5600000000 0.61381098845147175069 0.00000000000000000000
0.5700000000 0.59877195960494411509 0.00000000000000000000
0.5800000000 0.58420325557741192846 0.00000000000000000000
0.5900000000 0.57008979329622855303 0.00000000000000000000
0.6000000000 0.55641691512945601339 0.00000000000000000000
0.6100000000 0.54317038415319851552 0.00000000000000000000
0.6200000000 0.53033637865536020772 0.00000000000000000000
0.6300000000 0.51790148597744400938 0.00000000000000000000
0.6400000000 0.50585269578755964748 0.00000000000000000000
0.6500000000 0.49417739286977874213 0.00000000000000000000
0.6600000000 0.48286334950742287875 0.00000000000000000000
0.6700000000 0.47189871753079859484 0.00000000000000000000
0.6800000000 0.46127202009325857235 0.00000000000000000000
0.6900000000 0.45097214323331108465 0.00000000000000000000
0.7000000000 0.44098832727476466875 0.00000000000000000000
0.7100000000 0.43131015811160983153 0.00000000000000000000
0.7200000000 0.42192755841939122430 0.00000000000000000000
0.7300000000 0.41283077883035712574 0.00000000000000000000
0.7400000000 0.40401038910550240990 0.00000000000000000000
0.7500000000 0.39545726933279290449 0.00000000000000000000
0.7600000000 0.38716260117739986768 0.00000000000000000000
0.7700000000 0.37911785920658008786 0.00000000000000000000
0.7800000000 0.37131480230893870731 0.00000000000000000000
0.7900000000 0.36374546522517237079 0.00000000000000000000
0.8000000000 0.35640215020498461351 0.00000000000000000000
0.8100000000 0.34927741880273238673 0.00000000000000000000
0.8200000000 0.34236408382234406744 0.00000000000000000000
0.8300000000 0.33565520142037508222 0.00000000000000000000
0.8400000000 0.32914406337435098138 0.00000000000000000000
0.8500000000 0.32282418952225339082 0.00000000000000000000
0.8600000000 0.31668932037759695008 0.00000000000000000000
0.8700000000 0.31073340992356707213 0.00000000000000000000
0.8800000000 0.30495061858844046965 0.00000000000000000000
0.8900000000 0.29933530640386779575 0.00000000000000000000
0.9000000000 0.29388202634659443824 0.00000000000000000000
0.9100000000 0.28858551786356612112 0.00000000000000000000
0.9200000000 0.28344070057978443256 0.00000000000000000000
0.9300000000 0.27844266818766183480 0.00000000000000000000
0.9400000000 0.27358668251615297917 0.00000000000000000000
0.9500000000 0.26886816777768346443 0.00000000000000000000
0.9600000000 0.26428270499026906837 0.00000000000000000000
0.9700000000 0.25982602657211634201 0.00000000000000000000
0.9800000000 0.25549401110581509977 0.00000000000000000000
0.9900000000 0.25128267826867028978 0.00000000000000000000
1.0000000000 0.24718818392624544722 0.00000000000000000000
1.0100000000 0.24320681538452648685 0.00000000000000000000
1.0200000000 0.23933498679844794621 0.00000000000000000000
1.0300000000 0.23556923473246280110 0.00000000000000000000
1.0400000000 0.23190621386857515618 0.00000000000000000000
1.0500000000 0.22834269285911973357 0.00000000000000000000
1.0600000000 0.22487555032002753963 0.00000000000000000000
1.0700000000 0.22150177096053258463 0.00000000000000000000
1.0800000000 0.21821844184564215263 0.00000000000000000000
1.0900000000 0.21502274878750984866 0.00000000000000000000
1.1000000000 0.21191197286183474646 0.00000000000000000000
1.1100000000 0.20888348704561848779 0.00000000000000000000
1.1200000000 0.20593475297245905642 0.00000000000000000000
1.1300000000 0.20306331780179598390 0.00000000000000000000
1.1400000000 0.20026681119848271928 0.00000000000000000000
1.1500000000 0.19754294241912179197 0.00000000000000000000
1.1600000000 0.19488949750176587372 0.00000000000000000000
1.1700000000 0.19230433655551415484 0.00000000000000000000
1.1800000000 0.18978539114677536737 0.00000000000000000000
1.1900000000 0.18733066177888987869 0.00000000000000000000
1.2000000000 0.18493821546202135475 0.00000000000000000000
1.2100000000 0.18260618337020795288 0.00000000000000000000
1.2200000000 0.18033275858258873692 0.00000000000000000000
1.2300000000 0.17811619390591471035 0.00000000000000000000
1.2400000000 0.17595479977551684025 0.00000000000000000000
1.2500000000 0.17384694223196489604 0.00000000000000000000
1.2600000000 0.17179104097078931601 0.00000000000000000000
1.2700000000 0.16978556746267498001 0.00000000000000000000
1.2800000000 0.16782904314160002057 0.00000000000000000000
1.2900000000 0.16592003765854709818 0.00000000000000000000
1.3000000000 0.16405716719839036344 0.00000000000000000000
1.3100000000 0.16223909285772941669 0.00000000000000000000
1.3200000000 0.16046451908143716247 0.00000000000000000000
1.3300000000 0.15873219215584249975 0.00000000000000000000
1.3400000000 0.15704089875644625107 0.00000000000000000000
1.3500000000 0.15538946454822974430 0.00000000000000000000
1.3600000000 0.15377675283661576544 0.00000000000000000000
1.3700000000 0.15220166326724265948 0.00000000000000000000
1.3800000000 0.15066313057275818044 0.00000000000000000000
1.3900000000 0.14916012336492157075 0.00000000000000000000
1.4000000000 0.14769164297034328981 0.00000000000000000000
1.4100000000 0.14625672230825492726 0.00000000000000000000
1.4200000000 0.14485442480877297466 0.00000000000000000000
1.4300000000 0.14348384337015857026 0.00000000000000000000
1.4400000000 0.14214409935363347959 0.00000000000000000000
1.4500000000 0.14083434161437297094 0.00000000000000000000
1.4600000000 0.13955374556732860758 0.00000000000000000000
1.4700000000 0.13830151228661102802 0.00000000000000000000
1.4800000000 0.13707686763717388811 0.00000000000000000000
1.4900000000 0.13587906143761727118 0.00000000000000000000
1.5000000000 0.13470736665294968937 0.00000000000000000000
1.5100000000 0.13356107861621585586 0.00000000000000000000
1.5200000000 0.13243951427790112696 0.00000000000000000000
1.5300000000 0.13134201148210392085 0.00000000000000000000
1.5400000000 0.13026792826847549689 0.00000000000000000000
1.5500000000 0.12921664219897896486 0.00000000000000000000
1.5600000000 0.12818754970855036901 0.00000000000000000000
1.5700000000 0.12718006547876914425 0.00000000000000000000
1.5800000000 0.12619362183370672059 0.00000000000000000000
1.5900000000 0.12522766815711769417 0.00000000000000000000
1.6000000000 0.12428167033019084375 0.00000000000000000000
1.6100000000 0.12335511018911138326 0.00000000000000000000
1.6200000000 0.12244748500168681216 0.00000000000000000000
1.6300000000 0.12155830696235193911 0.00000000000000000000
1.6400000000 0.12068710270486654457 0.00000000000000000000
1.6500000000 0.11983341283206108696 0.00000000000000000000
1.6600000000 0.11899679146200109470 0.00000000000000000000
1.6700000000 0.11817680578996643537 0.00000000000000000000
1.6800000000 0.11737303566567469648 0.00000000000000000000
1.6900000000 0.11658507318518147866 0.00000000000000000000
1.7000000000 0.11581252229692401423 0.00000000000000000000
1.7100000000 0.11505499842139352284 0.00000000000000000000
1.7200000000 0.11431212808393972913 0.00000000000000000000
1.7300000000 0.11358354856022512269 0.00000000000000000000
1.7400000000 0.11286890753387134045 0.00000000000000000000
1.7500000000 0.11216786276585571924 0.00000000000000000000
1.7600000000 0.11148008177523174855 0.00000000000000000000
1.7700000000 0.11080524153076137805 0.00000000000000000000
1.7800000000 0.11014302815306330208 0.00000000000000000000
1.7900000000 0.10949313662690268734 0.00000000000000000000
1.8000000000 0.10885527052325293107 0.00000000000000000000
1.8100000000 0.10822914173077587130 0.00000000000000000000
1.8200000000 0.10761447019638530065 0.00000000000000000000
1.8300000000 0.10701098367456716998 0.00000000000000000000
1.8400000000 0.10641841748513940213 0.00000000000000000000
1.8500000000 0.10583651427915463650 0.00000000000000000000
1.8600000000 0.10526502381265154251 0.00000000000000000000
1.8700000000 0.10470370272797224764 0.00000000000000000000
1.8800000000 0.10415231434238464425 0.00000000000000000000
1.8900000000 0.10361062844374180347 0.00000000000000000000
1.9000000000 0.10307842109293217925 0.00000000000000000000
1.9100000000 0.10255547443288294540 0.00000000000000000000
1.9200000000 0.10204157650387754575 0.00000000000000000000
1.9300000000 0.10153652106497344787 0.00000000000000000000
1.9400000000 0.10104010742129662659 0.00000000000000000000
1.9500000000 0.10055214025701537939 0.00000000000000000000
1.9600000000 0.10007242947378387765 0.00000000000000000000
1.9700000000 0.09960079003447239177 0.00000000000000000000
1.9800000000 0.09913704181199622933 0.00000000000000000000
1.9900000000 0.09868100944306498756 0.00000000000000000000
2.0000000000 0.09823252218668064584 0.00000000000000000000
2.0100000000 0.09779141378722146227 0.00000000000000000000
2.0200000000 0.09735752234194884613 0.00000000000000000000
2.0300000000 0.09693069017278997668 0.00000000000000000000
2.0400000000 0.09651076370224224987 0.00000000000000000000
2.0500000000 0.09609759333326178821 0.00000000000000000000
2.0600000000 0.09569103333299543157 0.00000000000000000000
2.0700000000 0.09529094172022896381 0.00000000000000000000
2.0800000000 0.09489718015641857018 0.00000000000000000000
2.0900000000 0.09450961384018731481 0.00000000000000000000
2.1000000000 0.09412811140516648412 0.00000000000000000000
2.1100000000 0.09375254482106895604 0.00000000000000000000
2.1200000000 0.09338278929788168536 0.00000000000000000000
2.1300000000 0.09301872319307780135 0.00000000000000000000
2.1400000000 0.09266022792173769784 0.00000000000000000000
2.1500000000 0.09230718786949011767 0.00000000000000000000
2.1600000000 0.09195949030816842618 0.00000000000000000000
2.1700000000 0.09161702531410104156 0.00000000000000000000
2.1800000000 0.09127968568893615742 0.00000000000000000000
2.1900000000 0.09094736688292938409 0.00000000000000000000
2.2000000000 0.09061996692059891279 0.00000000000000000000
2.2100000000 0.09029738632867742587 0.00000000000000000000
2.2200000000 0.08997952806628209399 0.00000000000000000000
2.2300000000 0.08966629745722769218 0.00000000000000000000
2.2400000000 0.08935760212441569428 0.00000000000000000000
2.2500000000 0.08905335192622486351 0.00000000000000000000
2.2600000000 0.08875345889484398398 0.00000000000000000000
2.2700000000 0.08845783717647488775 0.00000000000000000000
2.2800000000 0.08816640297335445742 0.00000000000000000000
2.2900000000 0.08787907448752645123 0.00000000000000000000
2.3000000000 0.08759577186631137269 0.00000000000000000000
2.3100000000 0.08731641714941769383 0.00000000000000000000
2.3200000000 0.08704093421763973992 0.00000000000000000000
2.3300000000 0.08676924874309524527 0.00000000000000000000
2.3400000000 0.08650128814094426577 0.00000000000000000000
2.3500000000 0.08623698152255092342 0.00000000000000000000
2.3600000000 0.08597625965003538595 0.00000000000000000000
2.3700000000 0.08571905489217265806 0.00000000000000000000
2.3800000000 0.08546530118159817446 0.00000000000000000000
2.3900000000 0.08521493397327026265 0.00000000000000000000
2.4000000000 0.08496789020416119220 0.00000000000000000000
2.4100000000 0.08472410825412599045 0.00000000000000000000
2.4200000000 0.08448352790791742450 0.00000000000000000000
2.4300000000 0.08424609031831360728 0.00000000000000000000
2.4400000000 0.08401173797031402657 0.00000000000000000000
2.4500000000 0.08378041464637912827 0.00000000000000000000
2.4600000000 0.08355206539267606702 0.00000000000000000000
2.4700000000 0.08332663648629926034 0.00000000000000000000
2.4800000000 0.08310407540343618671 0.00000000000000000000
2.4900000000 0.08288433078844861801 0.00000000000000000000
2.5000000000 0.08266735242383932425 0.00000000000000000000
2.5100000000 0.08245309120108064438 0.00000000000000000000
2.5200000000 0.08224149909227077004 0.00000000000000000000
2.5300000000 0.08203252912260032559 0.00000000000000000000
2.5400000000 0.08182613534359899077 0.00000000000000000000
2.5500000000 0.08162227280713950373 0.00000000000000000000
2.5600000000 0.08142089754017578507 0.00000000000000000000
2.5700000000 0.08122196652019121610 0.00000000000000000000
2.5800000000 0.08102543765133966847 0.00000000000000000000
2.5900000000 0.08083126974125152964 0.00000000000000000000
2.6000000000 0.08063942247848965295 0.00000000000000000000
2.6100000000 0.08044985641063370774 0.00000000000000000000
2.6200000000 0.08026253292297348685 0.00000000000000000000
2.6300000000 0.08007741421779261681 0.00000000000000000000
2.6400000000 0.07989446329422501825 0.00000000000000000000
2.6500000000 0.07971364392866849002 0.00000000000000000000
2.6600000000 0.07953492065573582182 0.00000000000000000000
2.6700000000 0.07935825874972808613 0.00000000000000000000
2.6800000000 0.07918362420661753664 0.00000000000000000000
2.6900000000 0.07901098372651885193 0.00000000000000000000
2.7000000000 0.07884030469664067564 0.00000000000000000000
2.7100000000 0.07867155517469807957 0.00000000000000000000
2.7200000000 0.07850470387277556916 0.00000000000000000000
2.7300000000 0.07833972014162575437 0.00000000000000000000
2.7400000000 0.07817657395538986365 0.00000000000000000000
2.7500000000 0.07801523589673105274 0.00000000000000000000
2.7600000000 0.07785567714236411863 0.00000000000000000000
2.7700000000 0.07769786944897330572 0.00000000000000000000
2.7800000000 0.07754178513950552021 0.00000000000000000000
2.7900000000 0.07738739708982673993 0.00000000000000000000
2.8000000000 0.07723467871573469479 0.00000000000000000000
2.8100000000 0.07708360396031263551 0.00000000000000000000
2.8200000000 0.07693414728161865335 0.00000000000000000000
2.8300000000 0.07678628364069796375 0.00000000000000000000
2.8400000000 0.07663998848990967450 0.00000000000000000000
2.8500000000 0.07649523776156022525 0.00000000000000000000
2.8600000000 0.07635200785683259050 0.00000000000000000000
2.8700000000 0.07621027563500371027 0.00000000000000000000
2.8800000000 0.07607001840294265460 0.00000000000000000000
2.8900000000 0.07593121390488132005 0.00000000000000000000
2.9000000000 0.07579384031244643105 0.00000000000000000000
2.9100000000 0.07565787621495302651 0.00000000000000000000
2.9200000000 0.07552330060994291716 0.00000000000000000000
2.9300000000 0.07539009289396852997 0.00000000000000000000
2.9400000000 0.07525823285361135651 0.00000000000000000000
2.9500000000 0.07512770065672956521 0.00000000000000000000
2.9600000000 0.07499847684392753344 0.00000000000000000000
2.9700000000 0.07487054232024248357 0.00000000000000000000
2.9800000000 0.07474387834704196432 0.00000000000000000000
2.9900000000 0.07461846653412361474 0.00000000000000000000
3.0000000000 0.07449428883201607288 0.00000000000000000000
3.0100000000 0.07437132752447171702 0.00000000000000000000
3.0200000000 0.07424956522114763147 0.00000000000000000000
3.0300000000 0.07412898485046851005 0.00000000000000000000
3.0400000000 0.07400956965266985987 0.00000000000000000000
3.0500000000 0.07389130317300951489 0.00000000000000000000
3.0600000000 0.07377416925515241364 0.00000000000000000000
3.0700000000 0.07365815203471383354 0.00000000000000000000
3.0800000000 0.07354323593296525907 0.00000000000000000000
3.0900000000 0.07342940565069319692 0.00000000000000000000
3.1000000000 0.07331664616220891217 0.00000000000000000000
3.1100000000 0.07320494270950432536 0.00000000000000000000
3.1200000000 0.07309428079655019839 0.00000000000000000000
3.1300000000 0.07298464618373363966 0.00000000000000000000
3.1400000000 0.07287602488242966858 0.00000000000000000000
3.1500000000 0.07276840314970411949 0.00000000000000000000
3.1600000000 0.07266176748314501221 0.00000000000000000000
3.1700000000 0.07255610461581678272 0.00000000000000000000
3.1800000000 0.07245140151133690198 0.00000000000000000000
3.1900000000 0.07234764535907012295 0.00000000000000000000
3.2000000000 0.07224482356943609518 0.00000000000000000000
3.2100000000 0.07214292376932984752 0.00000000000000000000
3.2200000000 0.07204193379765087835 0.00000000000000000000
3.2300000000 0.07194184170093730069 0.00000000000000000000
3.2400000000 0.07184263572910359885 0.00000000000000000000
3.2500000000 0.07174430433127870765 0.00000000000000000000
3.2600000000 0.07164683615174147202 0.00000000000000000000
3.2700000000 0.07155022002595136377 0.00000000000000000000
3.2800000000 0.07145444497667254036 0.00000000000000000000
3.2900000000 0.07135950021018623579 0.00000000000000000000
3.3000000000 0.07126537511259409263 0.00000000000000000000
3.3100000000 0.07117205924620396973 0.00000000000000000000
3.3200000000 0.07107954234600233345 0.00000000000000000000
3.3300000000 0.07098781431620419802 0.00000000000000000000
3.3400000000 0.07089686522688622150 0.00000000000000000000
3.3500000000 0.07080668531069464477 0.00000000000000000000
3.3600000000 0.07071726495962861458 0.00000000000000000000
3.3700000000 0.07062859472189741972 0.00000000000000000000
3.3800000000 0.07054066529884892023 0.00000000000000000000
3.3900000000 0.07045346754196769867 0.00000000000000000000
3.4000000000 0.07036699244994069902 0.00000000000000000000
3.4100000000 0.07028123116578958995 0.00000000000000000000
3.4200000000 0.07019617497406696605 0.00000000000000000000
3.4300000000 0.07011181529811610913 0.00000000000000000000
3.4400000000 0.07002814369739165934 0.00000000000000000000
3.4500000000 0.06994515186483961366 0.00000000000000000000
3.4600000000 0.06986283162433690186 0.00000000000000000000
3.4700000000 0.06978117492818583512 0.00000000000000000000
3.4800000000 0.06970017385466624471 0.00000000000000000000
3.4900000000 0.06961982060563991215 0.00000000000000000000
3.5000000000 0.06954010750420798470 0.00000000000000000000
3.5100000000 0.06946102699242039102 0.00000000000000000000
3.5200000000 0.06938257162903530006 0.00000000000000000000
3.5300000000 0.06930473408732706897 0.00000000000000000000
3.5400000000 0.06922750715294186119 0.00000000000000000000
3.5500000000 0.06915088372180069887 0.00000000000000000000
3.5600000000 0.06907485679804649392 0.00000000000000000000
3.5700000000 0.06899941949203697300 0.00000000000000000000
3.5800000000 0.06892456501837949945 0.00000000000000000000
3.5900000000 0.06885028669400894419 0.00000000000000000000
3.6000000000 0.06877657793630648220 0.00000000000000000000
3.6100000000 0.06870343226125828762 0.00000000000000000000
3.6200000000 0.06863084328165365566 0.00000000000000000000
3.6300000000 0.06855880470532217663 0.00000000000000000000
3.6400000000 0.06848731033340658969 0.00000000000000000000
3.6500000000 0.06841635405867359243 0.00000000000000000000
3.6600000000 0.06834592986385962243 0.00000000000000000000
3.6700000000 0.06827603182005159699 0.00000000000000000000
3.6800000000 0.06820665408510130645 0.00000000000000000000
3.6900000000 0.06813779090207372491 0.00000000000000000000
3.7000000000 0.06806943659772636546 0.00000000000000000000
3.7100000000 0.06800158558102130379 0.00000000000000000000
3.7200000000 0.06793423234166832969 0.00000000000000000000
3.7300000000 0.06786737144869656180 0.00000000000000000000
3.7400000000 0.06780099754905760667 0.00000000000000000000
3.7500000000 0.06773510536625564071 0.00000000000000000000
3.7600000000 0.06766968969900724606 0.00000000000000000000
3.7700000000 0.06760474541992703146 0.00000000000000000000
3.7800000000 0.06754026747424139721 0.00000000000000000000
3.7900000000 0.06747625087852783532 0.00000000000000000000
3.8000000000 0.06741269071947955660 0.00000000000000000000
3.8100000000 0.06734958215269604143 0.00000000000000000000
3.8200000000 0.06728692040149697462 0.00000000000000000000
3.8300000000 0.06722470075576093829 0.00000000000000000000
3.8400000000 0.06716291857078679484 0.00000000000000000000
3.8500000000 0.06710156926617774631 0.00000000000000000000
3.8600000000 0.06704064832474850022 0.00000000000000000000
3.8700000000 0.06698015129145357127 0.00000000000000000000
3.8800000000 0.06692007377233720467 0.00000000000000000000
3.8900000000 0.06686041143350321403 0.00000000000000000000
3.9000000000 0.06680116000010649646 0.00000000000000000000
3.9100000000 0.06674231525536368503 0.00000000000000000000
3.9200000000 0.06668387303958309142 0.00000000000000000000
3.9300000000 0.06662582924921399419 0.00000000000000000000
3.9400000000 0.06656817983591449550 0.00000000000000000000
3.9500000000 0.06651092080563754394 0.00000000000000000000
3.9600000000 0.06645404821773416570 0.00000000000000000000
3.9700000000 0.06639755818407512555 0.00000000000000000000
3.9800000000 0.06634144686818889414 0.00000000000000000000
3.9900000000 0.06628571048441590785 0.00000000000000000000
4.0000000000 0.06623034529707982898 0.00000000000000000000
4.0100000000 0.06617534761967486245 0.00000000000000000000
4.0200000000 0.06612071381406711690 0.00000000000000000000
4.0300000000 0.06606644028971332683 0.00000000000000000000
4.0400000000 0.06601252350289250892 0.00000000000000000000
4.0500000000 0.06595895995595377204 0.00000000000000000000
4.0600000000 0.06590574619657701971 0.00000000000000000000
4.0700000000 0.06585287881704855739 0.00000000000000000000
4.0800000000 0.06580035445354996682 0.00000000000000000000
4.0900000000 0.06574816978546060842 0.00000000000000000000
4.1000000000 0.06569632153467214186 0.00000000000000000000
4.1100000000 0.06564480646491777094 0.00000000000000000000
4.1200000000 0.06559362138111210494 0.00000000000000000000
4.1300000000 0.06554276312870434273 0.00000000000000000000
4.1400000000 0.06549222859304296152 0.00000000000000000000
4.1500000000 0.06544201469875260413 0.00000000000000000000
4.1600000000 0.06539211840912205476 0.00000000000000000000
4.1700000000 0.06534253672550327519 0.00000000000000000000
4.1800000000 0.06529326668672250089 0.00000000000000000000
4.1900000000 0.06524430536850076012 0.00000000000000000000
4.2000000000 0.06519564988288562013 0.00000000000000000000
4.2100000000 0.06514729737769356377 0.00000000000000000000
4.2200000000 0.06509924503596203893 0.00000000000000000000
4.2300000000 0.06505149007541119466 0.00000000000000000000
4.2400000000 0.06500402974791623378 0.00000000000000000000
4.2500000000 0.06495686133898816161 0.00000000000000000000
4.2600000000 0.06490998216726484582 0.00000000000000000000
4.2700000000 0.06486338958401036137 0.00000000000000000000
4.2800000000 0.06481708097262370294 0.00000000000000000000
4.2900000000 0.06477105374815671224 0.00000000000000000000
4.3000000000 0.06472530535683922170 0.00000000000000000000
4.3100000000 0.06467983327561400986 0.00000000000000000000
4.3200000000 0.06463463501167932002 0.00000000000000000000
4.3300000000 0.06458970810203927548 0.00000000000000000000
4.3400000000 0.06454505011306287121 0.00000000000000000000
4.3500000000 0.06450065864004993210 0.00000000000000000000
4.3600000000 0.06445653130680503717 0.00000000000000000000
4.3700000000 0.06441266576521915976 0.00000000000000000000
4.3800000000 0.06436905969485780254 0.00000000000000000000
4.3900000000 0.06432571080255701512 0.00000000000000000000
4.4000000000 0.06428261682202648930 0.00000000000000000000
4.4100000000 0.06423977551345837200 0.00000000000000000000
4.4200000000 0.06419718466314412730 0.00000000000000000000
4.4300000000 0.06415484208309761571 0.00000000000000000000
4.4400000000 0.06411274561068380784 0.00000000000000000000
4.4500000000 0.06407089310825514472 0.00000000000000000000
4.4600000000 0.06402928246279322722 0.00000000000000000000
4.4700000000 0.06398791158555661163 0.00000000000000000000
4.4800000000 0.06394677841173500299 0.00000000000000000000
4.4900000000 0.06390588090010936029 0.00000000000000000000
4.5000000000 0.06386521703271683115 0.00000000000000000000
4.5100000000 0.06382478481452230623 0.00000000000000000000
4.5200000000 0.06378458227309516393 0.00000000000000000000
4.5300000000 0.06374460745829138575 0.00000000000000000000
4.5400000000 0.06370485844194073710 0.00000000000000000000
4.5500000000 0.06366533331753970737 0.00000000000000000000
4.5600000000 0.06362603019994923781 0.00000000000000000000
4.5700000000 0.06358694722509722341 0.00000000000000000000
4.5800000000 0.06354808254968627446 0.00000000000000000000
4.5900000000 0.06350943435090647404 0.00000000000000000000
4.6000000000 0.06347100082615218797 0.00000000000000000000
4.6100000000 0.06343278019274416202 0.00000000000000000000
4.6200000000 0.06339477068765589363 0.00000000000000000000
4.6300000000 0.06335697056724454157 0.00000000000000000000
4.6400000000 0.06331937810698588798 0.00000000000000000000
4.6500000000 0.06328199160121432409 0.00000000000000000000
4.6600000000 0.06324480936286640265 0.00000000000000000000
4.6700000000 0.06320782972322870619 0.00000000000000000000
4.6800000000 0.06317105103168982327 0.00000000000000000000
4.6900000000 0.06313447165549650186 0.00000000000000000000
4.7000000000 0.06309808997951325826 0.00000000000000000000
4.7100000000 0.06306190440598644087 0.00000000000000000000
4.7200000000 0.06302591335431111108 0.00000000000000000000
4.7300000000 0.06299011526080311452 0.00000000000000000000
4.7400000000 0.06295450857847299797 0.00000000000000000000
4.7500000000 0.06291909177680514442 0.00000000000000000000
4.7600000000 0.06288386334153914237 0.00000000000000000000
4.7700000000 0.06284882177445547113 0.00000000000000000000
4.7800000000 0.06281396559316397565 0.00000000000000000000
4.7900000000 0.06277929333089593555 0.00000000000000000000
4.8000000000 0.06274480353629949270 0.00000000000000000000
4.8100000000 0.06271049477323793753 0.00000000000000000000
4.8200000000 0.06267636562059138161 0.00000000000000000000
4.8300000000 0.06264241467206152492 0.00000000000000000000
4.8400000000 0.06260864053597932355 0.00000000000000000000
4.8500000000 0.06257504183511547469 0.00000000000000000000
4.8600000000 0.06254161720649449585 0.00000000000000000000
4.8700000000 0.06250836530121067769 0.00000000000000000000
4.8800000000 0.06247528478424775600 0.00000000000000000000
4.8900000000 0.06244237433430078338 0.00000000000000000000
4.9000000000 0.06240963264360101931 0.00000000000000000000
4.9100000000 0.06237705841774317944 0.00000000000000000000
4.9200000000 0.06234465037551568251 0.00000000000000000000
4.9300000000 0.06231240724873338827 0.00000000000000000000
4.9400000000 0.06228032778207255593 0.00000000000000000000
4.9500000000 0.06224841073290831445 0.00000000000000000000
4.9600000000 0.06221665487115547039 0.00000000000000000000
4.9700000000 0.06218505897911035668 0.00000000000000000000
4.9800000000 0.06215362185129582467 0.00000000000000000000
4.9900000000 0.06212234229430882437 0.00000000000000000000
5.0000000000 0.06209121912666919901 0.00000000000000000000
