0.1000000000 3.18171311218217400807 0.00000000000000000000
0.1100000000 3.06302752495094932073 0.00000000000000000000
0.1200000000 2.94902790358280553207 0.00000000000000000000
0.1300000000 2.83971537517257255345 0.00000000000000000000
0.1400000000 2.73505029936447741079 0.00000000000000000000
0.1500000000 2.63495655336312673001 0.00000000000000000000
0.1600000000 2.53932660226993611730 0.00000000000000000000
0.1700000000 2.44802700498746528268 0.00000000000000000000
0.1800000000 2.36090402689631950750 0.00000000000000000000
0.1900000000 2.27778907693982235472 0.00000000000000000000
0.2000000000 2.19850374855955843501 0.00000000000000000000
0.2100000000 2.12286431124819507943 0.00000000000000000000
0.2200000000 2.05068556416518354979 0.00000000000000000000
0.2300000000 1.98178401959466099491 0.00000000000000000000
0.2400000000 1.91598042887647723731 0.00000000000000000000
0.2500000000 1.85310169588679296560 0.00000000000000000000
0.2600000000 1.79298224388833626897 0.00000000000000000000
0.2700000000 1.73546491231487665097 0.00000000000000000000
0.2800000000 1.68040146295269776644 0.00000000000000000000
0.2900000000 1.62765277222770987642 0.00000000000000000000
0.3000000000 1.57708877987587170466 0.00000000000000000000
0.3100000000 1.52858825579135459982 0.00000000000000000000
0.3200000000 1.48203843754849251546 0.00000000000000000000
0.3300000000 1.43733458185200624335 0.00000000000000000000
0.3400000000 1.39437946454704930765 0.00000000000000000000
0.3500000000 1.35308285613455203666 0.00000000000000000000
0.3600000000 1.31336099312707266229 0.00000000000000000000
0.3700000000 1.27513606006209134769 0.00000000000000000000
0.3800000000 1.23833569250211072976 0.00000000000000000000
0.3900000000 1.20289250778917833351 0.00000000000000000000
0.4000000000 1.16874366756110004140 0.00000000000000000000
0.4100000000 1.13583047395003200464 0.00000000000000000000
0.4200000000 1.10409799985014833723 0.00000000000000000000
0.4300000000 1.07349475255044635169 0.00000000000000000000
0.4400000000 1.04397236928672842993 0.00000000000000000000
0.4500000000 1.01548534279349267351 0.00000000000000000000
0.4600000000 0.98799077466591478380 0.00000000000000000000
0.4700000000 0.96144815422127505311 0.00000000000000000000
0.4800000000 0.93581916053579794479 0.00000000000000000000
0.4900000000 0.91106748539411630539 0.00000000000000000000
0.5000000000 0.88715867499919098815 0.00000000000000000000
0.5100000000 0.86405998843164200096 0.00000000000000000000
0.5200000000 0.84174027100488091335 0.00000000000000000000
0.5300000000 0.82016984082617050422 0.00000000000000000000
0.5400000000 0.79932038703663188528 0.00000000000000000000
0.5500000000 0.77916487836034997727 0.00000000000000000000
0.5600000000 0.75967748074108343292 0.00000000000000000000
0.5700000000 0.74083348298296558543 0.00000000000000000000
0.5800000000 0.72260922943761041193 0.00000000000000000000
0.5900000000 0.70498205889481657671 0.00000000000000000000
0.6000000000 0.68793024893678589304 0.00000000000000000000
0.6100000000 0.67143296510794414633 0.00000000000000000000
0.6200000000 0.65547021433394758727 0.00000000000000000000
0.6300000000 0.64002280209579465176 0.00000000000000000000
0.6400000000 0.62507229292818067279 0.00000000000000000000
0.6500000000 0.61060097386718303891 0.00000000000000000000
0.6600000000 0.59659182052076287217 0.00000000000000000000
0.6700000000 0.58302846547812470224 0.00000000000000000000
0.6800000000 0.56989516881086899058 0.00000000000000000000
0.6900000000 0.55717679045070822585 0.00000000000000000000
0.7000000000 0.54485876425670654033 0.00000000000000000000
0.7100000000 0.53292707360844115971 0.00000000000000000000
0.7200000000 0.52136822838292717908 0.00000000000000000000
0.7300000000 0.51016924319052558978 0.00000000000000000000
0.7400000000 0.49931761676097374814 0.00000000000000000000
0.7500000000 0.48880131238387869441 0.00000000000000000000
0.7600000000 0.47860873931948100246 0.00000000000000000000
0.7700000000 0.46872873510571066991 0.00000000000000000000
0.7800000000 0.45915054869585975039 0.00000000000000000000
0.7900000000 0.44986382436883021185 0.00000000000000000000
0.8000000000 0.44085858636016900247 0.00000000000000000000
0.8100000000 0.43212522416776633083 0.00000000000000000000
0.8200000000 0.42365447849069487463 0.00000000000000000000
0.8300000000 0.41543742776399039673 0.00000000000000000000
0.8400000000 0.40746547525573872939 0.00000000000000000000
0.8500000000 0.39973033669569041360 0.00000000000000000000
0.8600000000 0.39222402840787023992 0.00000000000000000000
0.8700000000 0.38493885592131077411 0.00000000000000000000
0.8800000000 0.37786740303582194711 0.00000000000000000000
0.8900000000 0.37100252132097100155 0.00000000000000000000
0.9000000000 0.36433732002842200703 0.00000000000000000000
0.9100000000 0.35786515639867488847 0.00000000000000000000
0.9200000000 0.35157962634548012293 0.00000000000000000000
0.9300000000 0.34547455550085326426 0.00000000000000000000
0.9400000000 0.33954399060620438222 0.00000000000000000000
0.9500000000 0.33378219123459890172 0.00000000000000000000
0.9600000000 0.32818362183082838701 0.00000000000000000000
0.9700000000 0.32274294405660292062 0.00000000000000000000
0.9800000000 0.31745500942830118252 0.00000000000000000000
0.9900000000 0.31231485223547122976 0.00000000000000000000
1.0000000000 0.30731768273049375750 0.00000000000000000000
1.0100000000 0.30245888057621916900 0.00000000000000000000
1.0200000000 0.29773398854391969204 0.00000000000000000000
1.0300000000 0.29313870645204059828 0.00000000000000000000
1.0400000000 0.28866888533312640153 0.00000000000000000000
1.0500000000 0.28432052182443623423 0.00000000000000000000
1.0600000000 0.28008975277104297685 0.00000000000000000000
1.0700000000 0.27597285003419003147 0.00000000000000000000
1.0800000000 0.27196621549682692409 0.00000000000000000000
1.0900000000 0.26806637625901252875 0.00000000000000000000
1.1000000000 0.26426998001579976583 0.00000000000000000000
1.1100000000 0.26057379061068991488 0.00000000000000000000
1.1200000000 0.25697468375803400598 0.00000000000000000000
1.1300000000 0.25346964292788826123 0.00000000000000000000
1.1400000000 0.25005575538710383965 0.00000000000000000000
1.1500000000 0.24673020839083745215 0.00000000000000000000
1.1600000000 0.24349028551856907732 0.00000000000000000000
1.1700000000 0.24033336314923686716 0.00000000000000000000
1.1800000000 0.23725690707012786484 0.00000000000000000000
1.1900000000 0.23425846921443935211 0.00000000000000000000
1.2000000000 0.23133568452253314152 0.00000000000000000000
1.2100000000 0.22848626792220666504 0.00000000000000000000
1.2200000000 0.22570801142343024925 0.00000000000000000000
1.2300000000 0.22299878132304276623 0.00000000000000000000
1.2400000000 0.22035651551538457116 0.00000000000000000000
1.2500000000 0.21777922090459311821 0.00000000000000000000
1.2600000000 0.21526497091479496193 0.00000000000000000000
1.2700000000 0.21281190309437433839 0.00000000000000000000
1.2800000000 0.21041821681070219108 0.00000000000000000000
1.2900000000 0.20808217103183854202 0.00000000000000000000
1.3000000000 0.20580208219188680929 0.00000000000000000000
1.3100000000 0.20357632213672624544 0.00000000000000000000
1.3200000000 0.20140331614707734920 0.00000000000000000000
1.3300000000 0.19928154103586906420 0.00000000000000000000
1.3400000000 0.19720952331706642635 0.00000000000000000000
1.3500000000 0.19518583744323123041 0.00000000000000000000
1.3600000000 0.19320910410907307653 0.00000000000000000000
1.3700000000 0.19127798861855027646 0.00000000000000000000
1.3800000000 0.18939119931299847055 0.00000000000000000000
1.3900000000 0.18754748605794893668 0.00000000000000000000
1.4000000000 0.18574563878638436498 0.00000000000000000000
1.4100000000 0.18398448609624057370 0.00000000000000000000
1.4200000000 0.18226289390007144320 0.00000000000000000000
1.4300000000 0.18057976412484919027 0.00000000000000000000
1.4400000000 0.17893403345999789322 0.00000000000000000000
1.4500000000 0.17732467215176844766 0.00000000000000000000
1.4600000000 0.17575068284219558246 0.00000000000000000000
1.4700000000 0.17421109945090448856 0.00000000000000000000
1.4800000000 0.17270498609812900970 0.00000000000000000000
1.4900000000 0.17123143606735113931 0.00000000000000000000
1.5000000000 0.16978957080605180940 0.00000000000000000000
1.5100000000 0.16837853896308677126 0.00000000000000000000
1.5200000000 0.16699751546131030855 0.00000000000000000000
1.5300000000 0.16564570060407551866 0.00000000000000000000
1.5400000000 0.16432231921432194355 0.00000000000000000000
1.5500000000 0.16302661980501426120 0.00000000000000000000
1.5600000000 0.16175787377970318737 0.00000000000000000000
1.5700000000 0.16051537466210502592 0.00000000000000000000
1.5800000000 0.15929843735354712320 0.00000000000000000000
1.5900000000 0.15810639741725310281 0.00000000000000000000
1.6000000000 0.15693861038842399358 0.00000000000000000000
1.6100000000 0.15579445110914674766 0.00000000000000000000
1.6200000000 0.15467331308718981764 0.00000000000000000000
1.6300000000 0.15357460787776999744 0.00000000000000000000
1.6400000000 0.15249776448742430324 0.00000000000000000000
1.6500000000 0.15144222879916929836 0.00000000000000000000
1.6600000000 0.15040746301811189212 0.00000000000000000000
1.6700000000 0.14939294513677106591 0.00000000000000000000
1.6800000000 0.14839816841934863612 0.00000000000000000000
1.6900000000 0.14742264090424772593 0.00000000000000000000
1.7000000000 0.14646588492415449356 0.00000000000000000000
1.7100000000 0.14552743664301542870 0.00000000000000000000
1.7200000000 0.14460684560928654951 0.00000000000000000000
1.7300000000 0.14370367432485231518 0.00000000000000000000
1.7400000000 0.14281749782901287382 0.00000000000000000000
1.7500000000 0.14194790329699757958 0.00000000000000000000
1.7600000000 0.14109448965245088847 0.00000000000000000000
1.7700000000 0.14025686719338090191 0.00000000000000000000
1.7800000000 0.13943465723107187348 0.00000000000000000000
1.7900000000 0.13862749174147317999 0.00000000000000000000
1.8000000000 0.13783501302861758675 0.00000000000000000000
1.8100000000 0.13705687339961580840 0.00000000000000000000
1.8200000000 0.13629273485080226069 0.00000000000000000000
1.8300000000 0.13554226876463418283 0.00000000000000000000
1.8400000000 0.13480515561693176552 0.00000000000000000000
1.8500000000 0.13408108469410220942 0.00000000000000000000
1.8600000000 0.13336975381996354906 0.00000000000000000000
1.8700000000 0.13267086909183720134 0.00000000000000000000
1.8800000000 0.13198414462555738136 0.00000000000000000000
1.8900000000 0.13130930230908577361 0.00000000000000000000
1.9000000000 0.13064607156440719016 0.00000000000000000000
1.9100000000 0.12999418911742993687 0.00000000000000000000
1.9200000000 0.12935339877556845112 0.00000000000000000000
1.9300000000 0.12872345121276709823 0.00000000000000000000
1.9400000000 0.12810410376167474800 0.00000000000000000000
1.9500000000 0.12749512021272108031 0.00000000000000000000
1.9600000000 0.12689627061985539469 0.00000000000000000000
1.9700000000 0.12630733111269312752 0.00000000000000000000
1.9800000000 0.12572808371486263179 0.00000000000000000000
1.9900000000 0.12515831616831848971 0.00000000000000000000
2.0000000000 0.12459782176340918058 0.00000000000000000000
2.0100000000 0.12404639917450895059 0.00000000000000000000
2.0200000000 0.12350385230100166534 0.00000000000000000000
2.0300000000 0.12296999011344070252 0.00000000000000000000
2.0400000000 0.12244462650469542520 0.00000000000000000000
2.0500000000 0.12192758014591321969 0.00000000000000000000
2.0600000000 0.12141867434712867724 0.00000000000000000000
2.0700000000 0.12091773692235623094 0.00000000000000000000
2.0800000000 0.12042460005901295395 0.00000000000000000000
2.0900000000 0.11993910019151755864 0.00000000000000000000
2.1000000000 0.11946107787892498719 0.00000000000000000000
2.1100000000 0.11899037768645351343 0.00000000000000000000
2.1200000000 0.11852684807077648599 0.00000000000000000000
2.1300000000 0.11807034126893684034 0.00000000000000000000
2.1400000000 0.11762071319077654907 0.00000000000000000000
2.1500000000 0.11717782331474674296 0.00000000000000000000
2.1600000000 0.11674153458699144947 0.00000000000000000000
2.1700000000 0.11631171332358959669 0.00000000000000000000
2.1800000000 0.11588822911585042186 0.00000000000000000000
2.1900000000 0.11547095473855513437 0.00000000000000000000
2.2000000000 0.11505976606104965920 0.00000000000000000000
2.2100000000 0.11465454196109022000 0.00000000000000000000
2.2200000000 0.11425516424134897486 0.00000000000000000000
2.2300000000 0.11386151754848818085 0.00000000000000000000
2.2400000000 0.11347348929472385326 0.00000000000000000000
2.2500000000 0.11309096958178838088 0.00000000000000000000
2.2600000000 0.11271385112721396538 0.00000000000000000000
2.2700000000 0.11234202919286484512 0.00000000000000000000
2.2800000000 0.11197540151563714628 0.00000000000000000000
2.2900000000 0.11161386824025640307 0.00000000000000000000
2.3000000000 0.11125733185410562054 0.00000000000000000000
2.3100000000 0.11090569712401880664 0.00000000000000000000
2.3200000000 0.11055887103496583879 0.00000000000000000000
2.3300000000 0.11021676273058099438 0.00000000000000000000
2.3400000000 0.10987928345546095488 0.00000000000000000000
2.3500000000 0.10954634649918550127 0.00000000000000000000
2.3600000000 0.10921786714199921420 0.00000000000000000000
2.3700000000 0.10889376260210049951 0.00000000000000000000
2.3800000000 0.10857395198448775708 0.00000000000000000000
2.3900000000 0.10825835623131384311 0.00000000000000000000
2.4000000000 0.10794689807369446666 0.00000000000000000000
2.4100000000 0.10763950198493123234 0.00000000000000000000
2.4200000000 0.10733609413509824504 0.00000000000000000000
2.4300000000 0.10703660234695176745 0.00000000000000000000
2.4400000000 0.10674095605312104718 0.00000000000000000000
2.4500000000 0.10644908625453608497 0.00000000000000000000
2.4600000000 0.10616092548005923168 0.00000000000000000000
2.4700000000 0.10587640774727485882 0.00000000000000000000
2.4800000000 0.10559546852440977738 0.00000000000000000000
2.4900000000 0.10531804469333778951 0.00000000000000000000
2.5000000000 0.10504407451364689008 0.00000000000000000000
2.5100000000 0.10477349758772398769 0.00000000000000000000
2.5200000000 0.10450625482683376100 0.00000000000000000000
2.5300000000 0.10424228841815771918 0.00000000000000000000
2.5400000000 0.10398154179276272724 0.00000000000000000000
2.5500000000 0.10372395959447185121 0.00000000000000000000
2.5600000000 0.10346948764960839373 0.00000000000000000000
2.5700000000 0.10321807293758832047 0.00000000000000000000
2.5800000000 0.10296966356233042128 0.00000000000000000000
2.5900000000 0.10272420872446810791 0.00000000000000000000
2.6000000000 0.10248165869432539210 0.00000000000000000000
2.6100000000 0.10224196478564576140 0.00000000000000000000
2.6200000000 0.10200507933004554495 0.00000000000000000000
2.6300000000 0.10177095565216773276 0.00000000000000000000
2.6400000000 0.10153954804552220437 0.00000000000000000000
2.6500000000 0.10131081174898202979 0.00000000000000000000
2.6600000000 0.10108470292392660039 0.00000000000000000000
2.6700000000 0.10086117863200258493 0.00000000000000000000
2.6800000000 0.10064019681349012370 0.00000000000000000000
2.6900000000 0.10042171626625508163 0.00000000000000000000
2.7000000000 0.10020569662526911114 0.00000000000000000000
2.7100000000 0.09999209834268010799 0.00000000000000000000
2.7200000000 0.09978088266841805831 0.00000000000000000000
2.7300000000 0.09957201163132009536 0.00000000000000000000
2.7400000000 0.09936544802075937544 0.00000000000000000000
2.7500000000 0.09916115536876302095 0.00000000000000000000
2.7600000000 0.09895909793260287968 0.00000000000000000000
2.7700000000 0.09875924067785017690 0.00000000000000000000
2.7800000000 0.09856154926187524201 0.00000000000000000000
2.7900000000 0.09836599001778166540 0.00000000000000000000
2.8000000000 0.09817252993876245115 0.00000000000000000000
2.8100000000 0.09798113666286555057 0.00000000000000000000
2.8200000000 0.09779177845815813230 0.00000000000000000000
2.8300000000 0.09760442420827462884 0.00000000000000000000
2.8400000000 0.09741904339834171755 0.00000000000000000000
2.8500000000 0.09723560610126701087 0.00000000000000000000
2.8600000000 0.09705408296438174098 0.00000000000000000000
2.8700000000 0.09687444519642729457 0.00000000000000000000
2.8800000000 0.09669666455487631318 0.00000000000000000000
2.8900000000 0.09652071333357573057 0.00000000000000000000
2.9000000000 0.09634656435071006775 0.00000000000000000000
2.9100000000 0.09617419093706636168 0.00000000000000000000
2.9200000000 0.09600356692459922903 0.00000000000000000000
2.9300000000 0.09583466663528598939 0.00000000000000000000
2.9400000000 0.09566746487026135670 0.00000000000000000000
2.9500000000 0.09550193689922722995 0.00000000000000000000
2.9600000000 0.09533805845012729985 0.00000000000000000000
2.9700000000 0.09517580569908092036 0.00000000000000000000
2.9800000000 0.09501515526056816818 0.00000000000000000000
2.9900000000 0.09485608417785819368 0.00000000000000000000
3.0000000000 0.09469856991367711641 0.00000000000000000000
3.0100000000 0.09454259034110656934 0.00000000000000000000
3.0200000000 0.09438812373470420458 0.00000000000000000000
3.0300000000 0.09423514876184795053 0.00000000000000000000
3.0400000000 0.09408364447428838040 0.00000000000000000000
3.0500000000 0.09393359029990962228 0.00000000000000000000
3.0600000000 0.09378496603469282933 0.00000000000000000000
3.0700000000 0.09363775183487209330 0.00000000000000000000
3.0800000000 0.09349192820928489689 0.00000000000000000000
3.0900000000 0.09334747601190498956 0.00000000000000000000
3.1000000000 0.09320437643455624366 0.00000000000000000000
3.1100000000 0.09306261099980286944 0.00000000000000000000
3.1200000000 0.09292216155400968847 0.00000000000000000000
3.1300000000 0.09278301026056928746 0.00000000000000000000
3.1400000000 0.09264513959329048753 0.00000000000000000000
3.1500000000 0.09250853232994368791 0.00000000000000000000
3.1600000000 0.09237317154596219604 0.00000000000000000000
3.1700000000 0.09223904060828974627 0.00000000000000000000
3.1800000000 0.09210612316937515087 0.00000000000000000000
3.1900000000 0.09197440316130833793 0.00000000000000000000
3.2000000000 0.09184386479009414017 0.00000000000000000000
3.2100000000 0.09171449253005961588 0.00000000000000000000
3.2200000000 0.09158627111839340307 0.00000000000000000000
3.2300000000 0.09145918554981190274 0.00000000000000000000
3.2400000000 0.09133322107134875245 0.00000000000000000000
3.2500000000 0.09120836317726561948 0.00000000000000000000
3.2600000000 0.09108459760408192663 0.00000000000000000000
3.2700000000 0.09096191032571666890 0.00000000000000000000
3.2800000000 0.09084028754874484690 0.00000000000000000000
3.2900000000 0.09071971570775981542 0.00000000000000000000
3.3000000000 0.09060018146084453106 0.00000000000000000000
3.3100000000 0.09048167168514392733 0.00000000000000000000
3.3200000000 0.09036417347253937471 0.00000000000000000000
3.3300000000 0.09024767412542041012 0.00000000000000000000
3.3400000000 0.09013216115255354155 0.00000000000000000000
3.3500000000 0.09001762226504243791 0.00000000000000000000
3.3600000000 0.08990404537238015636 0.00000000000000000000
3.3700000000 0.08979141857859038178 0.00000000000000000000
3.3800000000 0.08967973017845411177 0.00000000000000000000
3.3900000000 0.08956896865382069084 0.00000000000000000000
3.4000000000 0.08945912267000209750 0.00000000000000000000
3.4100000000 0.08935018107224625139 0.00000000000000000000
3.4200000000 0.08924213288228820262 0.00000000000000000000
3.4300000000 0.08913496729497863424 0.00000000000000000000
3.4400000000 0.08902867367498627782 0.00000000000000000000
3.4500000000 0.08892324155357164694 0.00000000000000000000
3.4600000000 0.08881866062543337936 0.00000000000000000000
3.4700000000 0.08871492074562141450 0.00000000000000000000
3.4800000000 0.08861201192651997627 0.00000000000000000000
3.4900000000 0.08850992433489368594 0.00000000000000000000
3.5000000000 0.08840864828899853978 0.00000000000000000000
3.5100000000 0.08830817425575698820 0.00000000000000000000
3.5200000000 0.08820849284799064938 0.00000000000000000000
3.5300000000 0.08810959482171630552 0.00000000000000000000
3.5400000000 0.08801147107349641119 0.00000000000000000000
3.5500000000 0.08791411263784891517 0.00000000000000000000
3.5600000000 0.08781751068471087274 0.00000000000000000000
3.5700000000 0.08772165651695658373 0.00000000000000000000
3.5800000000 0.08762654156796843841 0.00000000000000000000
3.5900000000 0.08753215739925895855 0.00000000000000000000
3.6000000000 0.08743849569814324263 0.00000000000000000000
3.6100000000 0.08734554827545970568 0.00000000000000000000
3.6200000000 0.08725330706334037678 0.00000000000000000000
3.6300000000 0.08716176411302598015 0.00000000000000000000
3.6400000000 0.08707091159272768721 0.00000000000000000000
3.6500000000 0.08698074178553333313 0.00000000000000000000
3.6600000000 0.08689124708735693203 0.00000000000000000000
3.6700000000 0.08680242000493064436 0.00000000000000000000
3.6800000000 0.08671425315383866905 0.00000000000000000000
3.6900000000 0.08662673925659113150 0.00000000000000000000
3.7000000000 0.08653987114073789788 0.00000000000000000000
3.7100000000 0.08645364173702109467 0.00000000000000000000
3.7200000000 0.08636804407756494550 0.00000000000000000000
3.7300000000 0.08628307129410350829 0.00000000000000000000
3.7400000000 0.08619871661624264880 0.00000000000000000000
3.7500000000 0.08611497336976027539 0.00000000000000000000
3.7600000000 0.08603183497493746557 0.00000000000000000000
3.7700000000 0.08594929494492599409 0.00000000000000000000
3.7800000000 0.08586734688414733585 0.00000000000000000000
3.7900000000 0.08578598448672403176 0.00000000000000000000
3.8000000000 0.08570520153494311233 0.00000000000000000000
3.8100000000 0.08562499189774959441 0.00000000000000000000
3.8200000000 0.08554534952926946823 0.00000000000000000000
3.8300000000 0.08546626846736342376 0.00000000000000000000
3.8400000000 0.08538774283220838812 0.00000000000000000000
3.8500000000 0.08530976682490708229 0.00000000000000000000
3.8600000000 0.08523233472612505579 0.00000000000000000000
3.8700000000 0.08515544089475445000 0.00000000000000000000
3.8800000000 0.08507907976660421256 0.00000000000000000000
3.8900000000 0.08500324585311636039 0.00000000000000000000
3.9000000000 0.08492793374010582097 0.00000000000000000000
3.9100000000 0.08485313808652615586 0.00000000000000000000
3.9200000000 0.08477885362325889018 0.00000000000000000000
3.9300000000 0.08470507515192600423 0.00000000000000000000
3.9400000000 0.08463179754372539276 0.00000000000000000000
3.9500000000 0.08455901573828930595 0.00000000000000000000
3.9600000000 0.08448672474256369025 0.00000000000000000000
3.9700000000 0.08441491962971045537 0.00000000000000000000
3.9800000000 0.08434359553802865672 0.00000000000000000000
3.9900000000 0.08427274766989897858 0.00000000000000000000
4.0000000000 0.08420237129074505111 0.00000000000000000000
4.0100000000 0.08413246172801754075 0.00000000000000000000
4.0200000000 0.08406301437019515765 0.00000000000000000000
4.0300000000 0.08399402466580603577 0.00000000000000000000
4.0400000000 0.08392548812246619638 0.00000000000000000000
4.0500000000 0.08385740030593771821 0.00000000000000000000
4.0600000000 0.08378975683920253381 0.00000000000000000000
4.0700000000 0.08372255340155544678 0.00000000000000000000
4.0800000000 0.08365578572771247001 0.00000000000000000000
4.0900000000 0.08358944960693656667 0.00000000000000000000
4.1000000000 0.08352354088217985029 0.00000000000000000000
4.1100000000 0.08345805544924056463 0.00000000000000000000
4.1200000000 0.08339298925593670309 0.00000000000000000000
4.1300000000 0.08332833830129424135 0.00000000000000000000
4.1400000000 0.08326409863474978912 0.00000000000000000000
4.1500000000 0.08320026635536974247 0.00000000000000000000
4.1600000000 0.08313683761108074666 0.00000000000000000000
4.1700000000 0.08307380859791706207 0.00000000000000000000
4.1800000000 0.08301117555927933767 0.00000000000000000000
4.1900000000 0.08294893478520840024 0.00000000000000000000
4.2000000000 0.08288708261167093694 0.00000000000000000000
4.2100000000 0.08282561541985929143 0.00000000000000000000
4.2200000000 0.08276452963550239017 0.00000000000000000000
4.2300000000 0.08270382172819036593 0.00000000000000000000
4.2400000000 0.08264348821071057505 0.00000000000000000000
4.2500000000 0.08258352563839484184 0.00000000000000000000
4.2600000000 0.08252393060848035866 0.00000000000000000000
4.2700000000 0.08246469975947930131 0.00000000000000000000
4.2800000000 0.08240582977056148950 0.00000000000000000000
4.2900000000 0.08234731736094720589 0.00000000000000000000
4.3000000000 0.08228915928931096468 0.00000000000000000000
4.3100000000 0.08223135235319534164 0.00000000000000000000
4.3200000000 0.08217389338843546220 0.00000000000000000000
4.3300000000 0.08211677926859359267 0.00000000000000000000
4.3400000000 0.08206000690440311274 0.00000000000000000000
4.3500000000 0.08200357324322264663 0.00000000000000000000
4.3600000000 0.08194747526849943675 0.00000000000000000000
4.3700000000 0.08189170999924190453 0.00000000000000000000
4.3800000000 0.08183627448950170358 0.00000000000000000000
4.3900000000 0.08178116582786430777 0.00000000000000000000
4.4000000000 0.08172638113694817574 0.00000000000000000000
4.4100000000 0.08167191757291321352 0.00000000000000000000
4.4200000000 0.08161777232497686996 0.00000000000000000000
4.4300000000 0.08156394261493922493 0.00000000000000000000
4.4400000000 0.08151042569671484994 0.00000000000000000000
4.4500000000 0.08145721885587468847 0.00000000000000000000
4.4600000000 0.08140431940919337639 0.00000000000000000000
4.4700000000 0.08135172470420620749 0.00000000000000000000
4.4800000000 0.08129943211877169174 0.00000000000000000000
4.4900000000 0.08124743906064338383 0.00000000000000000000
4.5000000000 0.08119574296704726302 0.00000000000000000000
4.5100000000 0.08114434130426705083 0.00000000000000000000
4.5200000000 0.08109323156723610704 0.00000000000000000000
4.5300000000 0.08104241127913637543 0.00000000000000000000
4.5400000000 0.08099187799100378282 0.00000000000000000000
4.5500000000 0.08094162928133992463 0.00000000000000000000
4.5600000000 0.08089166275573075882 0.00000000000000000000
4.5700000000 0.08084197604647105906 0.00000000000000000000
4.5800000000 0.08079256681219543212 0.00000000000000000000
4.5900000000 0.08074343273751484473 0.00000000000000000000
4.6000000000 0.08069457153265967297 0.00000000000000000000
4.6100000000 0.08064598093312817795 0.00000000000000000000
4.6200000000 0.08059765869934087945 0.00000000000000000000
4.6300000000 0.08054960261630052243 0.00000000000000000000
4.6400000000 0.08050181049325735860 0.00000000000000000000
4.6500000000 0.08045428016338011801 0.00000000000000000000
4.6600000000 0.08040700948343205978 0.00000000000000000000
4.6700000000 0.08035999633345242144 0.00000000000000000000
4.6800000000 0.08031323861644282247 0.00000000000000000000
4.6900000000 0.08026673425805833095 0.00000000000000000000
4.7000000000 0.08022048120630446977 0.00000000000000000000
4.7100000000 0.08017447743123806703 0.00000000000000000000
4.7200000000 0.08012872092467317187 0.00000000000000000000
4.7300000000 0.08008320969989166094 0.00000000000000000000
4.7400000000 0.08003794179135860498 0.00000000000000000000
4.7500000000 0.07999291525444170159 0.00000000000000000000
4.7600000000 0.07994812816513556519 0.00000000000000000000
4.7700000000 0.07990357861978958365 0.00000000000000000000
4.7800000000 0.07985926473484128429 0.00000000000000000000
4.7900000000 0.07981518464655271150 0.00000000000000000000
4.8000000000 0.07977133651075138387 0.00000000000000000000
4.8100000000 0.07972771850257522053 0.00000000000000000000
4.8200000000 0.07968432881622143638 0.00000000000000000000
4.8300000000 0.07964116566469958691 0.00000000000000000000
4.8400000000 0.07959822727958737465 0.00000000000000000000
4.8500000000 0.07955551191079179851 0.00000000000000000000
4.8600000000 0.07951301782631289838 0.00000000000000000000
4.8700000000 0.07947074331201102459 0.00000000000000000000
4.8800000000 0.07942868667137863159 0.00000000000000000000
4.8900000000 0.07938684622531395896 0.00000000000000000000
4.9000000000 0.07934522031190040237 0.00000000000000000000
4.9100000000 0.07930380728618668940 0.00000000000000000000
4.9200000000 0.07926260551997257875 0.00000000000000000000
4.9300000000 0.07922161340159626641 0.00000000000000000000
4.9400000000 0.07918082933572574700 0.00000000000000000000
4.9500000000 0.07914025174315338085 0.00000000000000000000
4.9600000000 0.07909987906059283425 0.00000000000000000000
4.9700000000 0.07905970974047997479 0.00000000000000000000
4.9800000000 0.07901974225077591785 0.00000000000000000000
4.9900000000 0.07897997507477366730 0.00000000000000000000
5.0000000000 0.07894040671090722661 0.00000000000000000000
