0.1000000000 3.24420730963869186070 0.00000000000000000000
0.1100000000 3.12437440032695379344 0.00000000000000000000
0.1200000000 3.00888858172444173533 0.00000000000000000000
0.1300000000 2.89780049306300080403 0.00000000000000000000
0.1400000000 2.79112227985579153255 0.00000000000000000000
0.1500000000 2.68882993856500762675 0.00000000000000000000
0.1600000000 2.59086661773573867507 0.00000000000000000000
0.1700000000 2.49714662569532608316 0.00000000000000000000
0.1800000000 2.40755987792399972491 0.00000000000000000000
0.1900000000 2.32197652527950371137 0.00000000000000000000
0.2000000000 2.24025153245334873731 0.00000000000000000000
0.2100000000 2.16222901774660591911 0.00000000000000000000
0.2200000000 2.08774621358297407525 0.00000000000000000000
0.2300000000 2.01663695601669701318 0.00000000000000000000
0.2400000000 1.94873465618250452103 0.00000000000000000000
0.2500000000 1.88387474419938083514 0.00000000000000000000
0.2600000000 1.82189660509324768967 0.00000000000000000000
0.2700000000 1.76264504673916122535 0.00000000000000000000
0.2800000000 1.70597135242401520827 0.00000000000000000000
0.2900000000 1.65173397668654176051 0.00000000000000000000
0.3000000000 1.59979894408625122892 0.00000000000000000000
0.3100000000 1.55004000793841045791 0.00000000000000000000
0.3200000000 1.50233862110930327383 0.00000000000000000000
0.3300000000 1.45658376473928186101 0.00000000000000000000
0.3400000000 1.41267167404427063104 0.00000000000000000000
0.3500000000 1.37050549370110363867 0.00000000000000000000
0.3600000000 1.32999488911330954188 0.00000000000000000000
0.3700000000 1.29105563429167391476 0.00000000000000000000
0.3800000000 1.25360919226321465558 0.00000000000000000000
0.3900000000 1.21758229985757426839 0.00000000000000000000
0.4000000000 1.18290656537497862466 0.00000000000000000000
0.4100000000 1.14951808494754126322 0.00000000000000000000
0.4200000000 1.11735708128490185409 0.00000000000000000000
0.4300000000 1.08636756686072044609 0.00000000000000000000
0.4400000000 1.05649703236646308468 0.00000000000000000000
0.4500000000 1.02769616035829591816 0.00000000000000000000
0.4600000000 0.99991856338541051930 0.00000000000000000000
0.4700000000 0.97312054545742865397 0.00000000000000000000
0.4800000000 0.94726088543692643640 0.00000000000000000000
0.4900000000 0.92230064079213847084 0.00000000000000000000
0.5000000000 0.89820297008279859075 0.00000000000000000000
0.5100000000 0.87493297255433988280 0.00000000000000000000
0.5200000000 0.85245754326254152833 0.00000000000000000000
0.5300000000 0.83074524222747381241 0.00000000000000000000
0.5400000000 0.80976617621069801878 0.00000000000000000000
0.5500000000 0.78949189181494294765 0.00000000000000000000
0.5600000000 0.76989527871429086492 0.00000000000000000000
0.5700000000 0.75095048193170221840 0.00000000000000000000
0.5800000000 0.73263282218539782509 0.00000000000000000000
0.5900000000 0.71491872342540729868 0.00000000000000000000
0.6000000000 0.69778564677430043872 0.00000000000000000000
0.6100000000 0.68121203017187026418 0.00000000000000000000
0.6200000000 0.66517723310160592476 0.00000000000000000000
0.6300000000 0.64966148584765193164 0.00000000000000000000
0.6400000000 0.63464584279459967942 0.00000000000000000000
0.6500000000 0.62011213933946907062 0.00000000000000000000
0.6600000000 0.60604295203599145569 0.00000000000000000000
0.6700000000 0.59242156163631121135 0.00000000000000000000
0.6800000000 0.57923191873508972360 0.00000000000000000000
0.6900000000 0.56645861175622636008 0.00000000000000000000
0.7000000000 0.55408683705306471801 0.00000000000000000000
0.7100000000 0.54210237092046487106 0.00000000000000000000
0.7200000000 0.53049154334069370531 0.00000000000000000000
0.7300000000 0.51924121330603145719 0.00000000000000000000
0.7400000000 0.50833874557928337978 0.00000000000000000000
0.7500000000 0.49777198876937478467 0.00000000000000000000
0.7600000000 0.48752925461299184695 0.00000000000000000000
0.7700000000 0.47759929836572273532 0.00000000000000000000
0.7800000000 0.46797130021651189846 0.00000000000000000000
0.7900000000 0.45863484764877510136 0.00000000000000000000
0.8000000000 0.44957991867952612486 0.00000000000000000000
0.8100000000 0.44079686591509481541 0.00000000000000000000
0.8200000000 0.43227640136802675253 0.00000000000000000000
0.8300000000 0.42400958198564903112 0.00000000000000000000
0.8400000000 0.41598779584499873119 0.00000000000000000000
0.8500000000 0.40820274897356195742 0.00000000000000000000
0.8600000000 0.40064645275855670370 0.00000000000000000000
0.8700000000 0.39331121191100443246 0.00000000000000000000
0.8800000000 0.38618961295359527375 0.00000000000000000000
0.8900000000 0.37927451320387606248 0.00000000000000000000
0.9000000000 0.37255903022675518343 0.00000000000000000000
0.9100000000 0.36603653173191985637 0.00000000000000000000
0.9200000000 0.35970062589394974362 0.00000000000000000000
0.9300000000 0.35354515207428111045 0.00000000000000000000
0.9400000000 0.34756417192573452191 0.00000000000000000000
0.9500000000 0.34175196086133358131 0.00000000000000000000
0.9600000000 0.33610299987070296757 0.00000000000000000000
0.9700000000 0.33061196766825845517 0.00000000000000000000
0.9800000000 0.32527373315779439800 0.00000000000000000000
0.9900000000 0.32008334819988337738 0.00000000000000000000
1.0000000000 0.31503604066794133054 0.00000000000000000000
1.0100000000 0.31012720778411040357 0.00000000000000000000
1.0200000000 0.30535240971623728301 0.00000000000000000000
1.0300000000 0.30070736342889697879 0.00000000000000000000
1.0400000000 0.29618793678083649157 0.00000000000000000000
1.0500000000 0.29179014285226551051 0.00000000000000000000
1.0600000000 0.28751013449614620798 0.00000000000000000000
1.0700000000 0.28334419910334185388 0.00000000000000000000
1.0800000000 0.27928875357296667481 0.00000000000000000000
1.0900000000 0.27534033947943253873 0.00000000000000000000
1.1000000000 0.27149561842822284019 0.00000000000000000000
1.1100000000 0.26775136759270762310 0.00000000000000000000
1.1200000000 0.26410447542472725857 0.00000000000000000000
1.1300000000 0.26055193753187372296 0.00000000000000000000
1.1400000000 0.25709085271483317348 0.00000000000000000000
1.1500000000 0.25371841915825699143 0.00000000000000000000
1.1600000000 0.25043193076915076789 0.00000000000000000000
1.1700000000 0.24722877365677095596 0.00000000000000000000
1.1800000000 0.24410642274844884803 0.00000000000000000000
1.1900000000 0.24106243853587552839 0.00000000000000000000
1.2000000000 0.23809446394673891567 0.00000000000000000000
1.2100000000 0.23520022133659820862 0.00000000000000000000
1.2200000000 0.23237750959637126780 0.00000000000000000000
1.2300000000 0.22962420137074282533 0.00000000000000000000
1.2400000000 0.22693824038314550084 0.00000000000000000000
1.2500000000 0.22431763886311603673 0.00000000000000000000
1.2600000000 0.22176047507188692554 0.00000000000000000000
1.2700000000 0.21926489092248685475 0.00000000000000000000
1.2800000000 0.21682908969042788416 0.00000000000000000000
1.2900000000 0.21445133381160783048 0.00000000000000000000
1.3000000000 0.21212994276381585967 0.00000000000000000000
1.3100000000 0.20986329102865985963 0.00000000000000000000
1.3200000000 0.20764980613071484794 0.00000000000000000000
1.3300000000 0.20548796675083116914 0.00000000000000000000
1.3400000000 0.20337630091074659910 0.00000000000000000000
1.3500000000 0.20131338422614944439 0.00000000000000000000
1.3600000000 0.19929783822553223671 0.00000000000000000000
1.3700000000 0.19732832873225705783 0.00000000000000000000
1.3800000000 0.19540356430735122961 0.00000000000000000000
1.3900000000 0.19352229475065968467 0.00000000000000000000
1.4000000000 0.19168330965807631183 0.00000000000000000000
1.4100000000 0.18988543703264901263 0.00000000000000000000
1.4200000000 0.18812754194748804171 0.00000000000000000000
1.4300000000 0.18640852525842269150 0.00000000000000000000
1.4400000000 0.18472732236448066723 0.00000000000000000000
1.4500000000 0.18308290201435292732 0.00000000000000000000
1.4600000000 0.18147426515701939320 0.00000000000000000000
1.4700000000 0.17990044383485848112 0.00000000000000000000
1.4800000000 0.17836050011754470135 0.00000000000000000000
1.4900000000 0.17685352507521906462 0.00000000000000000000
1.5000000000 0.17537863778936060855 0.00000000000000000000
1.5100000000 0.17393498439992166604 0.00000000000000000000
1.5200000000 0.17252173718732749519 0.00000000000000000000
1.5300000000 0.17113809368799506871 0.00000000000000000000
1.5400000000 0.16978327584209335077 0.00000000000000000000
1.5500000000 0.16845652917227510459 0.00000000000000000000
1.5600000000 0.16715712199222443335 0.00000000000000000000
1.5700000000 0.16588434464386186962 0.00000000000000000000
1.5800000000 0.16463750876210495044 0.00000000000000000000
1.5900000000 0.16341594656615046621 0.00000000000000000000
1.6000000000 0.16221901017624279495 0.00000000000000000000
1.6100000000 0.16104607095497963654 0.00000000000000000000
1.6200000000 0.15989651887219902271 0.00000000000000000000
1.6300000000 0.15876976189257516192 0.00000000000000000000
1.6400000000 0.15766522538504335049 0.00000000000000000000
1.6500000000 0.15658235155323926846 0.00000000000000000000
1.6600000000 0.15552059888615524241 0.00000000000000000000
1.6700000000 0.15447944162824336911 0.00000000000000000000
1.6800000000 0.15345836926824393820 0.00000000000000000000
1.6900000000 0.15245688604603546690 0.00000000000000000000
1.7000000000 0.15147451047681173564 0.00000000000000000000
1.7100000000 0.15051077489196518222 0.00000000000000000000
1.7200000000 0.14956522499602681320 0.00000000000000000000
1.7300000000 0.14863741943907493592 0.00000000000000000000
1.7400000000 0.14772692940403819861 0.00000000000000000000
1.7500000000 0.14683333820833163741 0.00000000000000000000
1.7600000000 0.14595624091929618182 0.00000000000000000000
1.7700000000 0.14509524398293810465 0.00000000000000000000
1.7800000000 0.14424996486546617924 0.00000000000000000000
1.7900000000 0.14342003170715600380 0.00000000000000000000
1.8000000000 0.14260508298809032590 0.00000000000000000000
1.8100000000 0.14180476720534876400 0.00000000000000000000
1.8200000000 0.14101874256119506512 0.00000000000000000000
1.8300000000 0.14024667666190407389 0.00000000000000000000
1.8400000000 0.13948824622680258689 0.00000000000000000000
1.8500000000 0.13874313680716829356 0.00000000000000000000
1.8600000000 0.13801104251462659178 0.00000000000000000000
1.8700000000 0.13729166575870288547 0.00000000000000000000
1.8800000000 0.13658471699318699977 0.00000000000000000000
1.8900000000 0.13588991447100995380 0.00000000000000000000
1.9000000000 0.13520698400730543631 0.00000000000000000000
1.9100000000 0.13453565875038309141 0.00000000000000000000
1.9200000000 0.13387567896030519443 0.00000000000000000000
1.9300000000 0.13322679179482199707 0.00000000000000000000
1.9400000000 0.13258875110237591799 0.00000000000000000000
1.9500000000 0.13196131722194112679 0.00000000000000000000
1.9600000000 0.13134425678944514071 0.00000000000000000000
1.9700000000 0.13073734255054730857 0.00000000000000000000
1.9800000000 0.13014035317953884241 0.00000000000000000000
1.9900000000 0.12955307310415878352 0.00000000000000000000
2.0000000000 0.12897529233610471877 0.00000000000000000000
2.0100000000 0.12840680630705281207 0.00000000000000000000
2.0200000000 0.12784741570998031657 0.00000000000000000000
2.0300000000 0.12729692634561387554 0.00000000000000000000
2.0400000000 0.12675514897381973123 0.00000000000000000000
2.0500000000 0.12622189916976614410 0.00000000000000000000
2.0600000000 0.12569699718469051763 0.00000000000000000000
2.0700000000 0.12518026781111293855 0.00000000000000000000
2.0800000000 0.12467154025234071513 0.00000000000000000000
2.0900000000 0.12417064799611768344 0.00000000000000000000
2.1000000000 0.12367742869227461855 0.00000000000000000000
2.1100000000 0.12319172403424033524 0.00000000000000000000
2.1200000000 0.12271337964428899459 0.00000000000000000000
2.1300000000 0.12224224496238847437 0.00000000000000000000
2.1400000000 0.12177817313852763725 0.00000000000000000000
2.1500000000 0.12132102092841029473 0.00000000000000000000
2.1600000000 0.12087064859239404768 0.00000000000000000000
2.1700000000 0.12042691979757025322 0.00000000000000000000
2.1800000000 0.11998970152287326274 0.00000000000000000000
2.1900000000 0.11955886396712246678 0.00000000000000000000
2.2000000000 0.11913428045989779558 0.00000000000000000000
2.2100000000 0.11871582737514640993 0.00000000000000000000
2.2200000000 0.11830338404744149272 0.00000000000000000000
2.2300000000 0.11789683269079370698 0.00000000000000000000
2.2400000000 0.11749605831993870098 0.00000000000000000000
2.2500000000 0.11710094867400948349 0.00000000000000000000
2.2600000000 0.11671139414252795774 0.00000000000000000000
2.2700000000 0.11632728769362284116 0.00000000000000000000
2.2800000000 0.11594852480441442122 0.00000000000000000000
2.2900000000 0.11557500339348887597 0.00000000000000000000
2.3000000000 0.11520662375539217348 0.00000000000000000000
2.3100000000 0.11484328849708246023 0.00000000000000000000
2.3200000000 0.11448490247627354788 0.00000000000000000000
2.3300000000 0.11413137274160753409 0.00000000000000000000
2.3400000000 0.11378260847460058836 0.00000000000000000000
2.3500000000 0.11343852093330378250 0.00000000000000000000
2.3600000000 0.11309902339761797319 0.00000000000000000000
2.3700000000 0.11276403111622018693 0.00000000000000000000
2.3800000000 0.11243346125503814181 0.00000000000000000000
2.3900000000 0.11210723284723264626 0.00000000000000000000
2.4000000000 0.11178526674463441781 0.00000000000000000000
2.4100000000 0.11146748557059112106 0.00000000000000000000
2.4200000000 0.11115381367417892511 0.00000000000000000000
2.4300000000 0.11084417708573671146 0.00000000000000000000
2.4400000000 0.11053850347367821794 0.00000000000000000000
2.4500000000 0.11023672210254711890 0.00000000000000000000
2.4600000000 0.10993876379226903695 0.00000000000000000000
2.4700000000 0.10964456087856871980 0.00000000000000000000
2.4800000000 0.10935404717451438494 0.00000000000000000000
2.4900000000 0.10906715793315119312 0.00000000000000000000
2.5000000000 0.10878382981119397166 0.00000000000000000000
2.5100000000 0.10850400083374629745 0.00000000000000000000
2.5200000000 0.10822761036000841384 0.00000000000000000000
2.5300000000 0.10795459904995045874 0.00000000000000000000
2.5400000000 0.10768490883191769725 0.00000000000000000000
2.5500000000 0.10741848287114108551 0.00000000000000000000
2.5600000000 0.10715526553912167740 0.00000000000000000000
2.5700000000 0.10689520238386739093 0.00000000000000000000
2.5800000000 0.10663824010095078465 0.00000000000000000000
2.5900000000 0.10638432650536860935 0.00000000000000000000
2.6000000000 0.10613341050417302025 0.00000000000000000000
2.6100000000 0.10588544206985717189 0.00000000000000000000
2.6200000000 0.10564037221446448411 0.00000000000000000000
2.6300000000 0.10539815296440897818 0.00000000000000000000
2.6400000000 0.10515873733597952411 0.00000000000000000000
2.6500000000 0.10492207931150822342 0.00000000000000000000
2.6600000000 0.10468813381618351233 0.00000000000000000000
2.6700000000 0.10445685669549047148 0.00000000000000000000
2.6800000000 0.10422820469325767834 0.00000000000000000000
2.6900000000 0.10400213543029390717 0.00000000000000000000
2.7000000000 0.10377860738359437343 0.00000000000000000000
2.7100000000 0.10355757986610499011 0.00000000000000000000
2.7200000000 0.10333901300702391657 0.00000000000000000000
2.7300000000 0.10312286773262545336 0.00000000000000000000
2.7400000000 0.10290910574759276619 0.00000000000000000000
2.7500000000 0.10269768951684241087 0.00000000000000000000
2.7600000000 0.10248858224782747550 0.00000000000000000000
2.7700000000 0.10228174787330727991 0.00000000000000000000
2.7800000000 0.10207715103456420358 0.00000000000000000000
2.7900000000 0.10187475706506209094 0.00000000000000000000
2.8000000000 0.10167453197452971936 0.00000000000000000000
2.8100000000 0.10147644243345550763 0.00000000000000000000
2.8200000000 0.10128045575798663713 0.00000000000000000000
2.8300000000 0.10108653989521557137 0.00000000000000000000
2.8400000000 0.10089466340884688245 0.00000000000000000000
2.8500000000 0.10070479546523188052 0.00000000000000000000
2.8600000000 0.10051690581976137351 0.00000000000000000000
2.8700000000 0.10033096480360494118 0.00000000000000000000
2.8800000000 0.10014694331078834166 0.00000000000000000000
2.8900000000 0.09996481278560064021 0.00000000000000000000
2.9000000000 0.09978454521031800140 0.00000000000000000000
2.9100000000 0.09960611309323920415 0.00000000000000000000
2.9200000000 0.09942948945702291541 0.00000000000000000000
2.9300000000 0.09925464782731599489 0.00000000000000000000
2.9400000000 0.09908156222166893123 0.00000000000000000000
2.9500000000 0.09891020713872751557 0.00000000000000000000
2.9600000000 0.09874055754769350823 0.00000000000000000000
2.9700000000 0.09857258887804787317 0.00000000000000000000
2.9800000000 0.09840627700952850332 0.00000000000000000000
2.9900000000 0.09824159826235517867 0.00000000000000000000
3.0000000000 0.09807852938769701101 0.00000000000000000000
3.0100000000 0.09791704755837200846 0.00000000000000000000
3.0200000000 0.09775713035977745546 0.00000000000000000000
3.0300000000 0.09759875578103978377 0.00000000000000000000
3.0400000000 0.09744190220638045130 0.00000000000000000000
3.0500000000 0.09728654840669433146 0.00000000000000000000
3.0600000000 0.09713267353132958026 0.00000000000000000000
3.0700000000 0.09698025710006645539 0.00000000000000000000
3.0800000000 0.09682927899529264471 0.00000000000000000000
3.0900000000 0.09667971945436314163 0.00000000000000000000
3.1000000000 0.09653155906214590243 0.00000000000000000000
3.1100000000 0.09638477874374483390 0.00000000000000000000
3.1200000000 0.09623935975739739135 0.00000000000000000000
3.1300000000 0.09609528368753963989 0.00000000000000000000
3.1400000000 0.09595253243803822385 0.00000000000000000000
3.1500000000 0.09581108822558036253 0.00000000000000000000
3.1600000000 0.09567093357322180303 0.00000000000000000000
3.1700000000 0.09553205130408505552 0.00000000000000000000
3.1800000000 0.09539442453520673160 0.00000000000000000000
3.1900000000 0.09525803667152941967 0.00000000000000000000
3.2000000000 0.09512287140003233832 0.00000000000000000000
3.2100000000 0.09498891268399982379 0.00000000000000000000
3.2200000000 0.09485614475742401575 0.00000000000000000000
3.2300000000 0.09472455211953401122 0.00000000000000000000
3.2400000000 0.09459411952945556701 0.00000000000000000000
3.2500000000 0.09446483200099156652 0.00000000000000000000
3.2600000000 0.09433667479752104457 0.00000000000000000000
3.2700000000 0.09420963342702062815 0.00000000000000000000
3.2800000000 0.09408369363719250311 0.00000000000000000000
3.2900000000 0.09395884141070955098 0.00000000000000000000
3.3000000000 0.09383506296056536022 0.00000000000000000000
3.3100000000 0.09371234472553170713 0.00000000000000000000
3.3200000000 0.09359067336571663676 0.00000000000000000000
3.3300000000 0.09347003575822505905 0.00000000000000000000
3.3400000000 0.09335041899291555978 0.00000000000000000000
3.3500000000 0.09323181036825269052 0.00000000000000000000
3.3600000000 0.09311419738725294770 0.00000000000000000000
3.3700000000 0.09299756775352038818 0.00000000000000000000
3.3800000000 0.09288190936737054926 0.00000000000000000000
3.3900000000 0.09276721032204128525 0.00000000000000000000
3.4000000000 0.09265345889998673201 0.00000000000000000000
3.4100000000 0.09254064356925377488 0.00000000000000000000
3.4200000000 0.09242875297993750905 0.00000000000000000000
3.4300000000 0.09231777596071585879 0.00000000000000000000
3.4400000000 0.09220770151545902571 0.00000000000000000000
3.4500000000 0.09209851881991359956 0.00000000000000000000
3.4600000000 0.09199021721845965227 0.00000000000000000000
3.4700000000 0.09188278622093612458 0.00000000000000000000
3.4800000000 0.09177621549953815516 0.00000000000000000000
3.4900000000 0.09167049488577899696 0.00000000000000000000
3.5000000000 0.09156561436751876892 0.00000000000000000000
3.5100000000 0.09146156408605768395 0.00000000000000000000
3.5200000000 0.09135833433328877096 0.00000000000000000000
3.5300000000 0.09125591554891646084 0.00000000000000000000
3.5400000000 0.09115429831772893510 0.00000000000000000000
3.5500000000 0.09105347336693407623 0.00000000000000000000
3.5600000000 0.09095343156354712688 0.00000000000000000000
3.5700000000 0.09085416391183726015 0.00000000000000000000
3.5800000000 0.09075566155082617770 0.00000000000000000000
3.5900000000 0.09065791575184047046 0.00000000000000000000
3.6000000000 0.09056091791611452224 0.00000000000000000000
3.6100000000 0.09046465957244409495 0.00000000000000000000
3.6200000000 0.09036913237488980455 0.00000000000000000000
3.6300000000 0.09027432810052650469 0.00000000000000000000
3.6400000000 0.09018023864724192262 0.00000000000000000000
3.6500000000 0.09008685603157880195 0.00000000000000000000
3.6600000000 0.08999417238662338336 0.00000000000000000000
3.6700000000 0.08990217995993618483 0.00000000000000000000
3.6800000000 0.08981087111152651070 0.00000000000000000000
3.6900000000 0.08972023831186723419 0.00000000000000000000
3.7000000000 0.08963027413995192094 0.00000000000000000000
3.7100000000 0.08954097128139006101 0.00000000000000000000
3.7200000000 0.08945232252654188032 0.00000000000000000000
3.7300000000 0.08936432076869109398 0.00000000000000000000
3.7400000000 0.08927695900225461612 0.00000000000000000000
3.7500000000 0.08919023032102819937 0.00000000000000000000
3.7600000000 0.08910412791646768471 0.00000000000000000000
3.7700000000 0.08901864507600502907 0.00000000000000000000
3.7800000000 0.08893377518139777838 0.00000000000000000000
3.7900000000 0.08884951170711141710 0.00000000000000000000
3.8000000000 0.08876584821873430287 0.00000000000000000000
3.8100000000 0.08868277837142478359 0.00000000000000000000
3.8200000000 0.08860029590838752744 0.00000000000000000000
3.8300000000 0.08851839465938167451 0.00000000000000000000
3.8400000000 0.08843706853925704936 0.00000000000000000000
3.8500000000 0.08835631154652069663 0.00000000000000000000
3.8600000000 0.08827611776193028392 0.00000000000000000000
3.8700000000 0.08819648134711599585 0.00000000000000000000
3.8800000000 0.08811739654322829629 0.00000000000000000000
3.8900000000 0.08803885766961365433 0.00000000000000000000
3.9000000000 0.08796085912251444539 0.00000000000000000000
3.9100000000 0.08788339537379462330 0.00000000000000000000
3.9200000000 0.08780646096969084435 0.00000000000000000000
3.9300000000 0.08773005052958643413 0.00000000000000000000
3.9400000000 0.08765415874480989022 0.00000000000000000000
3.9500000000 0.08757878037745575606 0.00000000000000000000
3.9600000000 0.08750391025922861499 0.00000000000000000000
3.9700000000 0.08742954329030899752 0.00000000000000000000
3.9800000000 0.08735567443824103495 0.00000000000000000000
3.9900000000 0.08728229873684067996 0.00000000000000000000
4.0000000000 0.08720941128512528506 0.00000000000000000000
4.0100000000 0.08713700724626349814 0.00000000000000000000
4.0200000000 0.08706508184654400406 0.00000000000000000000
4.0300000000 0.08699363037436447232 0.00000000000000000000
4.0400000000 0.08692264817923975317 0.00000000000000000000
4.0500000000 0.08685213067082812877 0.00000000000000000000
4.0600000000 0.08678207331797507806 0.00000000000000000000
4.0700000000 0.08671247164777640126 0.00000000000000000000
4.0800000000 0.08664332124465773388 0.00000000000000000000
4.0900000000 0.08657461774947082522 0.00000000000000000000
4.1000000000 0.08650635685860769142 0.00000000000000000000
4.1100000000 0.08643853432313010343 0.00000000000000000000
4.1200000000 0.08637114594791521494 0.00000000000000000000
4.1300000000 0.08630418759081751046 0.00000000000000000000
4.1400000000 0.08623765516184493662 0.00000000000000000000
4.1500000000 0.08617154462235124268 0.00000000000000000000
4.1600000000 0.08610585198424255959 0.00000000000000000000
4.1700000000 0.08604057330919796798 0.00000000000000000000
4.1800000000 0.08597570470790483199 0.00000000000000000000
4.1900000000 0.08591124233930752530 0.00000000000000000000
4.2000000000 0.08584718240986996540 0.00000000000000000000
4.2100000000 0.08578352117285141520 0.00000000000000000000
4.2200000000 0.08572025492759455245 0.00000000000000000000
4.2300000000 0.08565738001882747255 0.00000000000000000000
4.2400000000 0.08559489283597715437 0.00000000000000000000
4.2500000000 0.08553278981249574919 0.00000000000000000000
4.2600000000 0.08547106742519858247 0.00000000000000000000
4.2700000000 0.08540972219361339657 0.00000000000000000000
4.2800000000 0.08534875067934229176 0.00000000000000000000
4.2900000000 0.08528814948543352037 0.00000000000000000000
4.3000000000 0.08522791525576554894 0.00000000000000000000
4.3100000000 0.08516804467444104298 0.00000000000000000000
4.3200000000 0.08510853446519152377 0.00000000000000000000
4.3300000000 0.08504938139079333548 0.00000000000000000000
4.3400000000 0.08499058225249232768 0.00000000000000000000
4.3500000000 0.08493213388943986197 0.00000000000000000000
4.3600000000 0.08487403317813747849 0.00000000000000000000
4.3700000000 0.08481627703189227596 0.00000000000000000000
4.3800000000 0.08475886240028014662 0.00000000000000000000
4.3900000000 0.08470178626862041871 0.00000000000000000000
4.4000000000 0.08464504565745684106 0.00000000000000000000
4.4100000000 0.08458863762205003078 0.00000000000000000000
4.4200000000 0.08453255925187661002 0.00000000000000000000
4.4300000000 0.08447680767013793224 0.00000000000000000000
4.4400000000 0.08442138003327687157 0.00000000000000000000
4.4500000000 0.08436627353050274447 0.00000000000000000000
4.4600000000 0.08431148538332415565 0.00000000000000000000
4.4700000000 0.08425701284508992084 0.00000000000000000000
4.4800000000 0.08420285320053781664 0.00000000000000000000
4.4900000000 0.08414900376535019988 0.00000000000000000000
4.5000000000 0.08409546188571818959 0.00000000000000000000
4.5100000000 0.08404222493791205228 0.00000000000000000000
4.5200000000 0.08398929032785922011 0.00000000000000000000
4.5300000000 0.08393665549072941434 0.00000000000000000000
4.5400000000 0.08388431789052645804 0.00000000000000000000
4.5500000000 0.08383227501968663897 0.00000000000000000000
4.5600000000 0.08378052439868417800 0.00000000000000000000
4.5700000000 0.08372906357564306734 0.00000000000000000000
4.5800000000 0.08367789012595452935 0.00000000000000000000
4.5900000000 0.08362700165190189994 0.00000000000000000000
4.6000000000 0.08357639578229081323 0.00000000000000000000
4.6100000000 0.08352607017208563134 0.00000000000000000000
4.6200000000 0.08347602250205204966 0.00000000000000000000
4.6300000000 0.08342625047840497576 0.00000000000000000000
4.6400000000 0.08337675183246230637 0.00000000000000000000
4.6500000000 0.08332752432030478273 0.00000000000000000000
4.6600000000 0.08327856572244038413 0.00000000000000000000
4.6700000000 0.08322987384347493856 0.00000000000000000000
4.6800000000 0.08318144651178766003 0.00000000000000000000
4.6900000000 0.08313328157921152928 0.00000000000000000000
4.7000000000 0.08308537692071958636 0.00000000000000000000
4.7100000000 0.08303773043411530330 0.00000000000000000000
4.7200000000 0.08299034003972891038 0.00000000000000000000
4.7300000000 0.08294320368011696976 0.00000000000000000000
4.7400000000 0.08289631931976877699 0.00000000000000000000
4.7500000000 0.08284968494481502466 0.00000000000000000000
4.7600000000 0.08280329856274337708 0.00000000000000000000
4.7700000000 0.08275715820211672347 0.00000000000000000000
4.7800000000 0.08271126191229655200 0.00000000000000000000
4.7900000000 0.08266560776317066761 0.00000000000000000000
4.8000000000 0.08262019384488522578 0.00000000000000000000
4.8100000000 0.08257501826758040231 0.00000000000000000000
4.8200000000 0.08253007916113072606 0.00000000000000000000
4.8300000000 0.08248537467488914476 0.00000000000000000000
4.8400000000 0.08244090297743512930 0.00000000000000000000
4.8500000000 0.08239666225632660823 0.00000000000000000000
4.8600000000 0.08235265071785539959 0.00000000000000000000
4.8700000000 0.08230886658680733325 0.00000000000000000000
4.8800000000 0.08226530810622476042 0.00000000000000000000
4.8900000000 0.08222197353717349000 0.00000000000000000000
4.9000000000 0.08217886115851358309 0.00000000000000000000
4.9100000000 0.08213596926667225684 0.00000000000000000000
4.9200000000 0.08209329617542165947 0.00000000000000000000
4.9300000000 0.08205084021565926811 0.00000000000000000000
4.9400000000 0.08200859973519195045 0.00000000000000000000
4.9500000000 0.08196657309852273254 0.00000000000000000000
4.9600000000 0.08192475868664131355 0.00000000000000000000
4.9700000000 0.08188315489681746717 0.00000000000000000000
4.9800000000 0.08184176014239734342 0.00000000000000000000
4.9900000000 0.08180057285260350364 0.00000000000000000000
5.0000000000 0.08175959147233688440 0.00000000000000000000
