0.1000000000 0.56400399694924752136 0.00000000000000000000
0.1100000000 0.55202422114043914192 0.00000000000000000000
0.1200000000 0.54022494238914786635 0.00000000000000000000
0.1300000000 0.52860807245355556638 0.00000000000000000000
0.1400000000 0.51717529443908061282 0.00000000000000000000
0.1500000000 0.50592806371396925602 0.00000000000000000000
0.1600000000 0.49486760957865094657 0.00000000000000000000
0.1700000000 0.48399493765926604461 0.00000000000000000000
0.1800000000 0.47331083299172505008 0.00000000000000000000
0.1900000000 0.46281586375910443998 0.00000000000000000000
0.2000000000 0.45251038564207796133 0.00000000000000000000
0.2100000000 0.44239454673950839858 0.00000000000000000000
0.2200000000 0.43246829301422617942 0.00000000000000000000
0.2300000000 0.42273137421743572917 0.00000000000000000000
0.2400000000 0.41318335024409619249 0.00000000000000000000
0.2500000000 0.40382359787099653126 0.00000000000000000000
0.2600000000 0.39465131782908074998 0.00000000000000000000
0.2700000000 0.38566554216183807080 0.00000000000000000000
0.2800000000 0.37686514182223163072 0.00000000000000000000
0.2900000000 0.36824883446166506440 0.00000000000000000000
0.3000000000 0.35981519236583492383 0.00000000000000000000
0.3100000000 0.35156265049396939748 0.00000000000000000000
0.3200000000 0.34348951457984033819 0.00000000000000000000
0.3300000000 0.33559396925506113085 0.00000000000000000000
0.3400000000 0.32787408615746188589 0.00000000000000000000
0.3500000000 0.32032783198976516603 0.00000000000000000000
0.3600000000 0.31295307649632009284 0.00000000000000000000
0.3700000000 0.30574760032824910283 0.00000000000000000000
0.3800000000 0.29870910276999967925 0.00000000000000000000
0.3900000000 0.29183520930294581941 0.00000000000000000000
0.4000000000 0.28512347898430573379 0.00000000000000000000
0.4100000000 0.27857141162223147957 0.00000000000000000000
0.4200000000 0.27217645473044776994 0.00000000000000000000
0.4300000000 0.26593601024825902490 0.00000000000000000000
0.4400000000 0.25984744101408374650 0.00000000000000000000
0.4500000000 0.25390807698291456562 0.00000000000000000000
0.4600000000 0.24811522118021109296 0.00000000000000000000
0.4700000000 0.24246615538671728585 0.00000000000000000000
0.4800000000 0.23695814555055363937 0.00000000000000000000
0.4900000000 0.23158844692464061743 0.00000000000000000000
0.5000000000 0.22635430892909350065 0.00000000000000000000
0.5100000000 0.22125297973966159826 0.00000000000000000000
0.5200000000 0.21628171060458958874 0.00000000000000000000
0.5300000000 0.21143775989344179567 0.00000000000000000000
0.5400000000 0.20671839688247178879 0.00000000000000000000
0.5500000000 0.20212090528202150685 0.00000000000000000000
0.5600000000 0.19764258651224206331 0.00000000000000000000
0.5700000000 0.19328076273408331676 0.00000000000000000000
0.5800000000 0.18903277964309475601 0.00000000000000000000
0.5900000000 0.18489600903402184096 0.00000000000000000000
0.6000000000 0.18086785114458997503 0.00000000000000000000
0.6100000000 0.17694573678712907649 0.00000000000000000000
0.6200000000 0.17312712927691872866 0.00000000000000000000
0.6300000000 0.16940952616627533156 0.00000000000000000000
0.6400000000 0.16579046079345702291 0.00000000000000000000
0.6500000000 0.16226750365549855171 0.00000000000000000000
0.6600000000 0.15883826361403249883 0.00000000000000000000
0.6700000000 0.15550038894307585680 0.00000000000000000000
0.6800000000 0.15225156822763707964 0.00000000000000000000
0.6900000000 0.14908953112182374290 0.00000000000000000000
0.7000000000 0.14601204897495814738 0.00000000000000000000
0.7100000000 0.14301693533397347169 0.00000000000000000000
0.7200000000 0.14010204633013004227 0.00000000000000000000
0.7300000000 0.13726528095783582795 0.00000000000000000000
0.7400000000 0.13450458125308126234 0.00000000000000000000
0.7500000000 0.13181793237871963775 0.00000000000000000000
0.7600000000 0.12920336262352200007 0.00000000000000000000
0.7700000000 0.12665894332167018654 0.00000000000000000000
0.7800000000 0.12418278869901736017 0.00000000000000000000
0.7900000000 0.12177305565217771965 0.00000000000000000000
0.8000000000 0.11942794346619556300 0.00000000000000000000
0.8100000000 0.11714569347625257423 0.00000000000000000000
0.8200000000 0.11492458867858970639 0.00000000000000000000
0.8300000000 0.11276295329552511737 0.00000000000000000000
0.8400000000 0.11065915229918051044 0.00000000000000000000
0.8500000000 0.10861159089826535884 0.00000000000000000000
0.8600000000 0.10661871399197900279 0.00000000000000000000
0.8700000000 0.10467900559488188539 0.00000000000000000000
0.8800000000 0.10279098823629907733 0.00000000000000000000
0.8900000000 0.10095322233760486985 0.00000000000000000000
0.9000000000 0.09916430557052913208 0.00000000000000000000
0.9100000000 0.09742287219935258369 0.00000000000000000000
0.9200000000 0.09572759240975134420 0.00000000000000000000
0.9300000000 0.09407717162672848965 0.00000000000000000000
0.9400000000 0.09247034982399698899 0.00000000000000000000
0.9500000000 0.09090590082694242902 0.00000000000000000000
0.9600000000 0.08938263161111868749 0.00000000000000000000
0.9700000000 0.08789938159811773455 0.00000000000000000000
0.9800000000 0.08645502195047433114 0.00000000000000000000
0.9900000000 0.08504845486709435021 0.00000000000000000000
1.0000000000 0.08367861288038910828 0.00000000000000000000
1.0100000000 0.08234445815746435637 0.00000000000000000000
1.0200000000 0.08104498180464318746 0.00000000000000000000
1.0300000000 0.07977920317733669386 0.00000000000000000000
1.0400000000 0.07854616919733317659 0.00000000000000000000
1.0500000000 0.07734495367623317463 0.00000000000000000000
1.0600000000 0.07617465664711640938 0.00000000000000000000
1.0700000000 0.07503440370474634413 0.00000000000000000000
1.0800000000 0.07392334535489719638 0.00000000000000000000
1.0900000000 0.07284065637334204146 0.00000000000000000000
1.1000000000 0.07178553517494339065 0.00000000000000000000
1.1100000000 0.07075720319320996654 0.00000000000000000000
1.1200000000 0.06975490427067047861 0.00000000000000000000
1.1300000000 0.06877790406033214288 0.00000000000000000000
1.1400000000 0.06782548943843150213 0.00000000000000000000
1.1500000000 0.06689696792867649844 0.00000000000000000000
1.1600000000 0.06599166713811001339 0.00000000000000000000
1.1700000000 0.06510893420468960580 0.00000000000000000000
1.1800000000 0.06424813525665870606 0.00000000000000000000
1.1900000000 0.06340865488374018699 0.00000000000000000000
1.2000000000 0.06258989562015436492 0.00000000000000000000
1.2100000000 0.06179127743944343859 0.00000000000000000000
1.2200000000 0.06101223726105739487 0.00000000000000000000
1.2300000000 0.06025222846864074222 0.00000000000000000000
1.2400000000 0.05951072043992226140 0.00000000000000000000
1.2500000000 0.05878719808812372938 0.00000000000000000000
1.2600000000 0.05808116141475553468 0.00000000000000000000
1.2700000000 0.05739212507367459637 0.00000000000000000000
1.2800000000 0.05671961794626027148 0.00000000000000000000
1.2900000000 0.05606318272755701770 0.00000000000000000000
1.3000000000 0.05542237552321527261 0.00000000000000000000
1.3100000000 0.05479676545706470281 0.00000000000000000000
1.3200000000 0.05418593428913970333 0.00000000000000000000
1.3300000000 0.05358947604397289177 0.00000000000000000000
1.3400000000 0.05300699664897020463 0.00000000000000000000
1.3500000000 0.05243811358267118361 0.00000000000000000000
1.3600000000 0.05188245553270209864 0.00000000000000000000
1.3700000000 0.05133966206322194969 0.00000000000000000000
1.3800000000 0.05080938329166171524 0.00000000000000000000
1.3900000000 0.05029127957455444692 0.00000000000000000000
1.4000000000 0.04978502120225928446 0.00000000000000000000
1.4100000000 0.04929028810236769226 0.00000000000000000000
1.4200000000 0.04880676955160282576 0.00000000000000000000
1.4300000000 0.04833416389600127955 0.00000000000000000000
1.4400000000 0.04787217827918344160 0.00000000000000000000
1.4500000000 0.04742052837851171848 0.00000000000000000000
1.4600000000 0.04697893814894227998 0.00000000000000000000
1.4700000000 0.04654713957437601329 0.00000000000000000000
1.4800000000 0.04612487242631448103 0.00000000000000000000
1.4900000000 0.04571188402963482361 0.00000000000000000000
1.5000000000 0.04530792903529744925 0.00000000000000000000
1.5100000000 0.04491276919979695498 0.00000000000000000000
1.5200000000 0.04452617317118476997 0.00000000000000000000
1.5300000000 0.04414791628147615027 0.00000000000000000000
1.5400000000 0.04377778034527769063 0.00000000000000000000
1.5500000000 0.04341555346445188229 0.00000000000000000000
1.5600000000 0.04306102983866356981 0.00000000000000000000
1.5700000000 0.04271400958163528577 0.00000000000000000000
1.5800000000 0.04237429854295235443 0.00000000000000000000
1.5900000000 0.04204170813526467154 0.00000000000000000000
1.6000000000 0.04171605516672344249 0.00000000000000000000
1.6100000000 0.04139716167851154038 0.00000000000000000000
1.6200000000 0.04108485478731169899 0.00000000000000000000
1.6300000000 0.04077896653257523374 0.00000000000000000000
1.6400000000 0.04047933372844860628 0.00000000000000000000
1.6500000000 0.04018579782022201063 0.00000000000000000000
1.6600000000 0.03989820474516487386 0.00000000000000000000
1.6700000000 0.03961640479762330858 0.00000000000000000000
1.6800000000 0.03934025249824492365 0.00000000000000000000
1.6900000000 0.03906960646721724384 0.00000000000000000000
1.7000000000 0.03880432930139194464 0.00000000000000000000
1.7100000000 0.03854428745518220789 0.00000000000000000000
1.7200000000 0.03828935112511862304 0.00000000000000000000
1.7300000000 0.03803939413795304203 0.00000000000000000000
1.7400000000 0.03779429384220221733 0.00000000000000000000
1.7500000000 0.03755393100302793080 0.00000000000000000000
1.7600000000 0.03731818970035176430 0.00000000000000000000
1.7700000000 0.03708695723010339146 0.00000000000000000000
1.7800000000 0.03686012400851084586 0.00000000000000000000
1.7900000000 0.03663758347933596116 0.00000000000000000000
1.8000000000 0.03641923202396463860 0.00000000000000000000
1.8100000000 0.03620496887426735699 0.00000000000000000000
1.8200000000 0.03599469602813977487 0.00000000000000000000
1.8300000000 0.03578831816764417584 0.00000000000000000000
1.8400000000 0.03558574257967080101 0.00000000000000000000
1.8500000000 0.03538687907903884100 0.00000000000000000000
1.8600000000 0.03519163993396384749 0.00000000000000000000
1.8700000000 0.03499993979381733900 0.00000000000000000000
1.8800000000 0.03481169561910688048 0.00000000000000000000
1.8900000000 0.03462682661360785147 0.00000000000000000000
1.9000000000 0.03444525415858012279 0.00000000000000000000
1.9100000000 0.03426690174900415276 0.00000000000000000000
1.9200000000 0.03409169493177358068 0.00000000000000000000
1.9300000000 0.03391956124578440063 0.00000000000000000000
1.9400000000 0.03375043016385934763 0.00000000000000000000
1.9500000000 0.03358423303645154123 0.00000000000000000000
1.9600000000 0.03342090303707232618 0.00000000000000000000
1.9700000000 0.03326037510938735509 0.00000000000000000000
1.9800000000 0.03310258591593027294 0.00000000000000000000
1.9900000000 0.03294747378838355778 0.00000000000000000000
2.0000000000 0.03279497867937618272 0.00000000000000000000
2.0100000000 0.03264504211575074144 0.00000000000000000000
2.0200000000 0.03249760715325650251 0.00000000000000000000
2.0300000000 0.03235261833261902226 0.00000000000000000000
2.0400000000 0.03221002163694815235 0.00000000000000000000
2.0500000000 0.03206976445043946411 0.00000000000000000000
2.0600000000 0.03193179551832844854 0.00000000000000000000
2.0700000000 0.03179606490806097946 0.00000000000000000000
2.0800000000 0.03166252397163887150 0.00000000000000000000
2.0900000000 0.03153112530910490846 0.00000000000000000000
2.1000000000 0.03140182273313275180 0.00000000000000000000
2.1100000000 0.03127457123468526529 0.00000000000000000000
2.1200000000 0.03114932694970888594 0.00000000000000000000
2.1300000000 0.03102604712683228877 0.00000000000000000000
2.1400000000 0.03090469009603543510 0.00000000000000000000
2.1500000000 0.03078521523826231385 0.00000000000000000000
2.1600000000 0.03066758295594440922 0.00000000000000000000
2.1700000000 0.03055175464440887390 0.00000000000000000000
2.1800000000 0.03043769266414275351 0.00000000000000000000
2.1900000000 0.03032536031388635006 0.00000000000000000000
2.2000000000 0.03021472180453070241 0.00000000000000000000
2.2100000000 0.03010574223379384323 0.00000000000000000000
2.2200000000 0.02999838756165012707 0.00000000000000000000
2.2300000000 0.02989262458649295448 0.00000000000000000000
2.2400000000 0.02978842092200284508 0.00000000000000000000
2.2500000000 0.02968574497470371706 0.00000000000000000000
2.2600000000 0.02958456592218346864 0.00000000000000000000
2.2700000000 0.02948485369195826683 0.00000000000000000000
2.2800000000 0.02938657894096194378 0.00000000000000000000
2.2900000000 0.02928971303563978473 0.00000000000000000000
2.3000000000 0.02919422803262872179 0.00000000000000000000
2.3100000000 0.02910009666000573994 0.00000000000000000000
2.3200000000 0.02900729229908668647 0.00000000000000000000
2.3300000000 0.02891578896675843155 0.00000000000000000000
2.3400000000 0.02882556129832864258 0.00000000000000000000
2.3500000000 0.02873658453087650499 0.00000000000000000000
2.3600000000 0.02864883448708872501 0.00000000000000000000
2.3700000000 0.02856228755956709969 0.00000000000000000000
2.3800000000 0.02847692069559215611 0.00000000000000000000
2.3900000000 0.02839271138232867323 0.00000000000000000000
2.4000000000 0.02830963763246073517 0.00000000000000000000
2.4100000000 0.02822767797024233055 0.00000000000000000000
2.4200000000 0.02814681141794980052 0.00000000000000000000
2.4300000000 0.02806701748272681998 0.00000000000000000000
2.4400000000 0.02798827614380669515 0.00000000000000000000
2.4500000000 0.02791056784010181174 0.00000000000000000000
2.4600000000 0.02783387345815024894 0.00000000000000000000
2.4700000000 0.02775817432040625365 0.00000000000000000000
2.4800000000 0.02768345217386625548 0.00000000000000000000
2.4900000000 0.02760968917901889669 0.00000000000000000000
2.5000000000 0.02753686789911010194 0.00000000000000000000
2.5100000000 0.02746497128971348012 0.00000000000000000000
2.5200000000 0.02739398268859565347 0.00000000000000000000
2.5300000000 0.02732388580587037999 0.00000000000000000000
2.5400000000 0.02725466471442906241 0.00000000000000000000
2.5500000000 0.02718630384064312649 0.00000000000000000000
2.5600000000 0.02711878795532646214 0.00000000000000000000
2.5700000000 0.02705210216495346903 0.00000000000000000000
2.5800000000 0.02698623190312262471 0.00000000000000000000
2.5900000000 0.02692116292225889621 0.00000000000000000000
2.6000000000 0.02685688128554888573 0.00000000000000000000
2.6100000000 0.02679337335909988752 0.00000000000000000000
2.6200000000 0.02673062580431831772 0.00000000000000000000
2.6300000000 0.02666862557049858029 0.00000000000000000000
2.6400000000 0.02660735988761870133 0.00000000000000000000
2.6500000000 0.02654681625933400305 0.00000000000000000000
2.6600000000 0.02648698245616550734 0.00000000000000000000
2.6700000000 0.02642784650887500253 0.00000000000000000000
2.6800000000 0.02636939670202280775 0.00000000000000000000
2.6900000000 0.02631162156770226052 0.00000000000000000000
2.7000000000 0.02625450987944564704 0.00000000000000000000
2.7100000000 0.02619805064629674926 0.00000000000000000000
2.7200000000 0.02614223310704494666 0.00000000000000000000
2.7300000000 0.02608704672461633137 0.00000000000000000000
2.7400000000 0.02603248118061723265 0.00000000000000000000
2.7500000000 0.02597852637002504711 0.00000000000000000000
2.7600000000 0.02592517239602312729 0.00000000000000000000
2.7700000000 0.02587240956497521491 0.00000000000000000000
2.7800000000 0.02582022838153414171 0.00000000000000000000
2.7900000000 0.02576861954388321926 0.00000000000000000000
2.8000000000 0.02571757393910395831 0.00000000000000000000
2.8100000000 0.02566708263866882000 0.00000000000000000000
2.8200000000 0.02561713689405282698 0.00000000000000000000
2.8300000000 0.02556772813246387110 0.00000000000000000000
2.8400000000 0.02551884795268428638 0.00000000000000000000
2.8500000000 0.02547048812102452320 0.00000000000000000000
2.8600000000 0.02542264056738250538 0.00000000000000000000
2.8700000000 0.02537529738140774371 0.00000000000000000000
2.8800000000 0.02532845080876601832 0.00000000000000000000
2.8900000000 0.02528209324750241641 0.00000000000000000000
2.9000000000 0.02523621724449912063 0.00000000000000000000
2.9100000000 0.02519081549202674408 0.00000000000000000000
2.9200000000 0.02514588082438449362 0.00000000000000000000
2.9300000000 0.02510140621462865831 0.00000000000000000000
2.9400000000 0.02505738477138567608 0.00000000000000000000
2.9500000000 0.02501380973574729438 0.00000000000000000000
2.9600000000 0.02497067447824678765 0.00000000000000000000
2.9700000000 0.02492797249591244615 0.00000000000000000000
2.9800000000 0.02488569740939739275 0.00000000000000000000
2.9900000000 0.02484384296018184515 0.00000000000000000000
3.0000000000 0.02480240300784889579 0.00000000000000000000
3.0100000000 0.02476137152742782788 0.00000000000000000000
3.0200000000 0.02472074260680637292 0.00000000000000000000
3.0300000000 0.02468051044420833257 0.00000000000000000000
3.0400000000 0.02464066934573499318 0.00000000000000000000
3.0500000000 0.02460121372296871292 0.00000000000000000000
3.0600000000 0.02456213809063717210 0.00000000000000000000
3.0700000000 0.02452343706433606635 0.00000000000000000000
3.0800000000 0.02448510535830918447 0.00000000000000000000
3.0900000000 0.02444713778328383089 0.00000000000000000000
3.1000000000 0.02440952924436045821 0.00000000000000000000
3.1100000000 0.02437227473895481680 0.00000000000000000000
3.1200000000 0.02433536935479121630 0.00000000000000000000
3.1300000000 0.02429880826794525786 0.00000000000000000000
3.1400000000 0.02426258674093551698 0.00000000000000000000
3.1500000000 0.02422670012086167862 0.00000000000000000000
3.1600000000 0.02419114383758879869 0.00000000000000000000
3.1700000000 0.02415591340197586687 0.00000000000000000000
3.1800000000 0.02412100440414806368 0.00000000000000000000
3.1900000000 0.02408641251181083479 0.00000000000000000000
3.2000000000 0.02405213346860493248 0.00000000000000000000
3.2100000000 0.02401816309250185896 0.00000000000000000000
3.2200000000 0.02398449727423777530 0.00000000000000000000
3.2300000000 0.02395113197578517886 0.00000000000000000000
3.2400000000 0.02391806322886170719 0.00000000000000000000
3.2500000000 0.02388528713347441018 0.00000000000000000000
3.2600000000 0.02385279985649932030 0.00000000000000000000
3.2700000000 0.02382059763029455504 0.00000000000000000000
3.2800000000 0.02378867675134677812 0.00000000000000000000
3.2900000000 0.02375703357894945467 0.00000000000000000000
3.3000000000 0.02372566453391293864 0.00000000000000000000
3.3100000000 0.02369456609730486926 0.00000000000000000000
3.3200000000 0.02366373480921997799 0.00000000000000000000
3.3300000000 0.02363316726757924008 0.00000000000000000000
3.3400000000 0.02360286012695707314 0.00000000000000000000
3.3500000000 0.02357281009743563208 0.00000000000000000000
3.3600000000 0.02354301394348662368 0.00000000000000000000
3.3700000000 0.02351346848287818106 0.00000000000000000000
3.3800000000 0.02348417058560788723 0.00000000000000000000
3.3900000000 0.02345511717285993919 0.00000000000000000000
3.4000000000 0.02342630521598697280 0.00000000000000000000
3.4100000000 0.02339773173551440086 0.00000000000000000000
3.4200000000 0.02336939380016896106 0.00000000000000000000
3.4300000000 0.02334128852592797648 0.00000000000000000000
3.4400000000 0.02331341307509154914 0.00000000000000000000
3.4500000000 0.02328576465537518861 0.00000000000000000000
3.4600000000 0.02325834051902338911 0.00000000000000000000
3.4700000000 0.02323113796194304845 0.00000000000000000000
3.4800000000 0.02320415432285658289 0.00000000000000000000
3.4900000000 0.02317738698247423859 0.00000000000000000000
3.5000000000 0.02315083336268454819 0.00000000000000000000
3.5100000000 0.02312449092576358139 0.00000000000000000000
3.5200000000 0.02309835717360109869 0.00000000000000000000
3.5300000000 0.02307242964694470114 0.00000000000000000000
3.5400000000 0.02304670592466028303 0.00000000000000000000
3.5500000000 0.02302118362300881182 0.00000000000000000000
3.5600000000 0.02299586039493948381 0.00000000000000000000
3.5700000000 0.02297073392939821129 0.00000000000000000000
3.5800000000 0.02294580195065125047 0.00000000000000000000
3.5900000000 0.02292106221762372012 0.00000000000000000000
3.6000000000 0.02289651252325254974 0.00000000000000000000
3.6100000000 0.02287215069385369060 0.00000000000000000000
3.6200000000 0.02284797458850269455 0.00000000000000000000
3.6300000000 0.02282398209842911516 0.00000000000000000000
3.6400000000 0.02280017114642383588 0.00000000000000000000
3.6500000000 0.02277653968625891270 0.00000000000000000000
3.6600000000 0.02275308570212047216 0.00000000000000000000
3.6700000000 0.02272980720805303431 0.00000000000000000000
3.6800000000 0.02270670224741646454 0.00000000000000000000
3.6900000000 0.02268376889235375338 0.00000000000000000000
3.7000000000 0.02266100524327063076 0.00000000000000000000
3.7100000000 0.02263840942832601524 0.00000000000000000000
3.7200000000 0.02261597960293320123 0.00000000000000000000
3.7300000000 0.02259371394927167306 0.00000000000000000000
3.7400000000 0.02257161067580905692 0.00000000000000000000
3.7500000000 0.02254966801683290847 0.00000000000000000000
3.7600000000 0.02252788423199282575 0.00000000000000000000
3.7700000000 0.02250625760585172122 0.00000000000000000000
3.7800000000 0.02248478644744621863 0.00000000000000000000
3.7900000000 0.02246346908985653867 0.00000000000000000000
3.8000000000 0.02244230388978529778 0.00000000000000000000
3.8100000000 0.02242128922714450856 0.00000000000000000000
3.8200000000 0.02240042350465151072 0.00000000000000000000
3.8300000000 0.02237970514743303774 0.00000000000000000000
3.8400000000 0.02235913260263739863 0.00000000000000000000
3.8500000000 0.02233870433905446595 0.00000000000000000000
3.8600000000 0.02231841884674336599 0.00000000000000000000
3.8700000000 0.02229827463666790577 0.00000000000000000000
3.8800000000 0.02227827024033923395 0.00000000000000000000
3.8900000000 0.02225840420946552725 0.00000000000000000000
3.9000000000 0.02223867511560906687 0.00000000000000000000
3.9100000000 0.02221908154984996928 0.00000000000000000000
3.9200000000 0.02219962212245657832 0.00000000000000000000
3.9300000000 0.02218029546256250137 0.00000000000000000000
3.9400000000 0.02216110021785011597 0.00000000000000000000
3.9500000000 0.02214203505424034921 0.00000000000000000000
3.9600000000 0.02212309865558820601 0.00000000000000000000
3.9700000000 0.02210428972338508366 0.00000000000000000000
3.9800000000 0.02208560697646592269 0.00000000000000000000
3.9900000000 0.02206704915072307122 0.00000000000000000000
4.0000000000 0.02204861499882493706 0.00000000000000000000
4.0100000000 0.02203030328994059692 0.00000000000000000000
4.0200000000 0.02201211280946979015 0.00000000000000000000
4.0300000000 0.02199404235877748873 0.00000000000000000000
4.0400000000 0.02197609075493460115 0.00000000000000000000
4.0500000000 0.02195825683046274263 0.00000000000000000000
4.0600000000 0.02194053943308449037 0.00000000000000000000
4.0700000000 0.02192293742547819432 0.00000000000000000000
4.0800000000 0.02190544968503730511 0.00000000000000000000
4.0900000000 0.02188807510363480549 0.00000000000000000000
4.1000000000 0.02187081258739147910 0.00000000000000000000
4.1100000000 0.02185366105644904675 0.00000000000000000000
4.1200000000 0.02183661944474729263 0.00000000000000000000
4.1300000000 0.02181968669980563838 0.00000000000000000000
4.1400000000 0.02180286178250840159 0.00000000000000000000
4.1500000000 0.02178614366689472434 0.00000000000000000000
4.1600000000 0.02176953133995174552 0.00000000000000000000
4.1700000000 0.02175302380141204070 0.00000000000000000000
4.1800000000 0.02173662006355464929 0.00000000000000000000
4.1900000000 0.02172031915100997371 0.00000000000000000000
4.2000000000 0.02170412010056802996 0.00000000000000000000
4.2100000000 0.02168802196099030299 0.00000000000000000000
4.2200000000 0.02167202379282516869 0.00000000000000000000
4.2300000000 0.02165612466822669849 0.00000000000000000000
4.2400000000 0.02164032367077661084 0.00000000000000000000
4.2500000000 0.02162461989530944581 0.00000000000000000000
4.2600000000 0.02160901244774119864 0.00000000000000000000
4.2700000000 0.02159350044490081569 0.00000000000000000000
4.2800000000 0.02157808301436480933 0.00000000000000000000
4.2900000000 0.02156275929429474561 0.00000000000000000000
4.3000000000 0.02154752843327783704 0.00000000000000000000
4.3100000000 0.02153238959017018950 0.00000000000000000000
4.3200000000 0.02151734193394310574 0.00000000000000000000
4.3300000000 0.02150238464353186607 0.00000000000000000000
4.3400000000 0.02148751690768728115 0.00000000000000000000
4.3500000000 0.02147273792482993701 0.00000000000000000000
4.3600000000 0.02145804690290701797 0.00000000000000000000
4.3700000000 0.02144344305925145744 0.00000000000000000000
4.3800000000 0.02142892562044385052 0.00000000000000000000
4.3900000000 0.02141449382217658348 0.00000000000000000000
4.4000000000 0.02140014690912050641 0.00000000000000000000
4.4100000000 0.02138588413479359726 0.00000000000000000000
4.4200000000 0.02137170476143234604 0.00000000000000000000
4.4300000000 0.02135760805986506444 0.00000000000000000000
4.4400000000 0.02134359330938750618 0.00000000000000000000
4.4500000000 0.02132965979764054817 0.00000000000000000000
4.4600000000 0.02131580682049008871 0.00000000000000000000
4.4700000000 0.02130203368190897867 0.00000000000000000000
4.4800000000 0.02128833969386084018 0.00000000000000000000
4.4900000000 0.02127472417618596345 0.00000000000000000000
4.5000000000 0.02126118645648937197 0.00000000000000000000
4.5100000000 0.02124772587003016106 0.00000000000000000000
4.5200000000 0.02123434175961349396 0.00000000000000000000
4.5300000000 0.02122103347548376373 0.00000000000000000000
4.5400000000 0.02120780037522003794 0.00000000000000000000
4.5500000000 0.02119464182363292939 0.00000000000000000000
4.5600000000 0.02118155719266320500 0.00000000000000000000
4.5700000000 0.02116854586128245896 0.00000000000000000000
4.5800000000 0.02115560721539493094 0.00000000000000000000
4.5900000000 0.02114274064774131906 0.00000000000000000000
4.6000000000 0.02112994555780406750 0.00000000000000000000
4.6100000000 0.02111722135171406611 0.00000000000000000000
4.6200000000 0.02110456744215928257 0.00000000000000000000
4.6300000000 0.02109198324829440405 0.00000000000000000000
4.6400000000 0.02107946819565246002 0.00000000000000000000
4.6500000000 0.02106702171605732976 0.00000000000000000000
4.6600000000 0.02105464324753825167 0.00000000000000000000
4.6700000000 0.02104233223424535615 0.00000000000000000000
4.6800000000 0.02103008812636665212 0.00000000000000000000
4.6900000000 0.02101791038004625911 0.00000000000000000000
4.7000000000 0.02100579845730439835 0.00000000000000000000
4.7100000000 0.02099375182595798403 0.00000000000000000000
4.7200000000 0.02098176995954310550 0.00000000000000000000
4.7300000000 0.02096985233723824837 0.00000000000000000000
4.7400000000 0.02095799844378939611 0.00000000000000000000
4.7500000000 0.02094620776943531895 0.00000000000000000000
4.7600000000 0.02093447980983525678 0.00000000000000000000
4.7700000000 0.02092281406599681010 0.00000000000000000000
4.7800000000 0.02091121004420525356 0.00000000000000000000
4.7900000000 0.02089966725595423028 0.00000000000000000000
4.8000000000 0.02088818521787720248 0.00000000000000000000
4.8100000000 0.02087676345168005404 0.00000000000000000000
4.8200000000 0.02086540148407485529 0.00000000000000000000
4.8300000000 0.02085409884671460268 0.00000000000000000000
4.8400000000 0.02084285507612887792 0.00000000000000000000
4.8500000000 0.02083166971366073178 0.00000000000000000000
4.8600000000 0.02082054230540421672 0.00000000000000000000
4.8700000000 0.02080947240214330030 0.00000000000000000000
4.8800000000 0.02079845955929137541 0.00000000000000000000
4.8900000000 0.02078750333683174537 0.00000000000000000000
4.9000000000 0.02077660329925929208 0.00000000000000000000
4.9100000000 0.02076575901552265083 0.00000000000000000000
4.9200000000 0.02075497005896761310 0.00000000000000000000
4.9300000000 0.02074423600728119918 0.00000000000000000000
4.9400000000 0.02073355644243651125 0.00000000000000000000
4.9500000000 0.02072293095063861348 0.00000000000000000000
4.9600000000 0.02071235912227124484 0.00000000000000000000
4.9700000000 0.02070184055184411120 0.00000000000000000000
4.9800000000 0.02069137483794102755 0.00000000000000000000
4.9900000000 0.02068096158316909752 0.00000000000000000000
5.0000000000 0.02067060039410837866 0.00000000000000000000
