0.1000000000 1.61029054417194683602 0.00000000000000000000
0.1100000000 1.56798412237049822338 0.00000000000000000000
0.1200000000 1.52655265287613040037 0.00000000000000000000
0.1300000000 1.48600009979370373259 0.00000000000000000000
0.1400000000 1.44632886455422693395 0.00000000000000000000
0.1500000000 1.40753982961682710950 0.00000000000000000000
0.1600000000 1.36963240893113158414 0.00000000000000000000
0.1700000000 1.33260460438735583999 0.00000000000000000000
0.1800000000 1.29645306745568889006 0.00000000000000000000
0.1900000000 1.26117316520562416926 0.00000000000000000000
0.2000000000 1.22675904989865491856 0.00000000000000000000
0.2100000000 1.19320373136307811279 0.00000000000000000000
0.2200000000 1.16049915138602832698 0.00000000000000000000
0.2300000000 1.12863625939378886542 0.00000000000000000000
0.2400000000 1.09760508873517936834 0.00000000000000000000
0.2500000000 1.06739483293283932142 0.00000000000000000000
0.2600000000 1.03799392132178502912 0.00000000000000000000
0.2700000000 1.00939009355229836196 0.00000000000000000000
0.2800000000 0.98157047249346240925 0.00000000000000000000
0.2900000000 0.95452163513332299871 0.00000000000000000000
0.3000000000 0.92822968113053450079 0.00000000000000000000
0.3100000000 0.90268029872949051562 0.00000000000000000000
0.3200000000 0.87785882780560176020 0.00000000000000000000
0.3300000000 0.85375031985887794850 0.00000000000000000000
0.3400000000 0.83033959482187258416 0.00000000000000000000
0.3500000000 0.80761129459201075331 0.00000000000000000000
0.3600000000 0.78554993323816313389 0.00000000000000000000
0.3700000000 0.76413994386693573357 0.00000000000000000000
0.3800000000 0.74336572216557383896 0.00000000000000000000
0.3900000000 0.72321166666569625114 0.00000000000000000000
0.4000000000 0.70366221579542653775 0.00000000000000000000
0.4100000000 0.68470188180713897896 0.00000000000000000000
0.4200000000 0.66631528168415432578 0.00000000000000000000
0.4300000000 0.64848716514265103417 0.00000000000000000000
0.4400000000 0.63120243985503377004 0.00000000000000000000
0.4500000000 0.61444619402832711952 0.00000000000000000000
0.4600000000 0.59820371647615366850 0.00000000000000000000
0.4700000000 0.58246051432576328999 0.00000000000000000000
0.4800000000 0.56720232850265339675 0.00000000000000000000
0.4900000000 0.55241514713491990385 0.00000000000000000000
0.5000000000 0.53808521701766476308 0.00000000000000000000
0.5100000000 0.52419905327497795522 0.00000000000000000000
0.5200000000 0.51074344735325261091 0.00000000000000000000
0.5300000000 0.49770547347511306935 0.00000000000000000000
0.5400000000 0.48507249367825150399 0.00000000000000000000
0.5500000000 0.47283216155802049174 0.00000000000000000000
0.5600000000 0.46097242482692546428 0.00000000000000000000
0.5700000000 0.44948152679823200062 0.00000000000000000000
0.5800000000 0.43834800689496172810 0.00000000000000000000
0.5900000000 0.42756070027947401524 0.00000000000000000000
0.6000000000 0.41710873669293574428 0.00000000000000000000
0.6100000000 0.40698153858808538974 0.00000000000000000000
0.6200000000 0.39716881863299402511 0.00000000000000000000
0.6300000000 0.38766057665801356702 0.00000000000000000000
0.6400000000 0.37844709611275706429 0.00000000000000000000
0.6500000000 0.36951894009484603787 0.00000000000000000000
0.6600000000 0.36086694700733945584 0.00000000000000000000
0.6700000000 0.35248222589708505526 0.00000000000000000000
0.6800000000 0.34435615152191345611 0.00000000000000000000
0.6900000000 0.33648035919046870301 0.00000000000000000000
0.7000000000 0.32884673941457898128 0.00000000000000000000
0.7100000000 0.32144743241050444116 0.00000000000000000000
0.7200000000 0.31427482248196980663 0.00000000000000000000
0.7300000000 0.30732153231476555533 0.00000000000000000000
0.7400000000 0.30058041720978267985 0.00000000000000000000
0.7500000000 0.29404455927861178344 0.00000000000000000000
0.7600000000 0.28770726162334853138 0.00000000000000000000
0.7700000000 0.28156204251993688370 0.00000000000000000000
0.7800000000 0.27560262962221093730 0.00000000000000000000
0.7900000000 0.26982295420188945334 0.00000000000000000000
0.8000000000 0.26421714543793900498 0.00000000000000000000
0.8100000000 0.25877952476708376839 0.00000000000000000000
0.8200000000 0.25350460030574534231 0.00000000000000000000
0.8300000000 0.24838706135229646210 0.00000000000000000000
0.8400000000 0.24342177297729880592 0.00000000000000000000
0.8500000000 0.23860377070820087964 0.00000000000000000000
0.8600000000 0.23392825531403269035 0.00000000000000000000
0.8700000000 0.22939058769455789033 0.00000000000000000000
0.8800000000 0.22498628387764482706 0.00000000000000000000
0.8900000000 0.22071101012780747208 0.00000000000000000000
0.9000000000 0.21656057816808674255 0.00000000000000000000
0.9100000000 0.21253094051700482936 0.00000000000000000000
0.9200000000 0.20861818594161291029 0.00000000000000000000
0.9300000000 0.20481853502727540017 0.00000000000000000000
0.9400000000 0.20112833586432990463 0.00000000000000000000
0.9500000000 0.19754405985141548774 0.00000000000000000000
0.9600000000 0.19406229761486126772 0.00000000000000000000
0.9700000000 0.19067975504335316073 0.00000000000000000000
0.9800000000 0.18739324943662238887 0.00000000000000000000
0.9900000000 0.18419970576704544629 0.00000000000000000000
1.0000000000 0.18109615305154688758 0.00000000000000000000
1.0100000000 0.17807972083521805828 0.00000000000000000000
1.0200000000 0.17514763578003478273 0.00000000000000000000
1.0300000000 0.17229721835934341811 0.00000000000000000000
1.0400000000 0.16952587965791482416 0.00000000000000000000
1.0500000000 0.16683111827141736128 0.00000000000000000000
1.0600000000 0.16421051730560276560 0.00000000000000000000
1.0700000000 0.16166174147214645851 0.00000000000000000000
1.0800000000 0.15918253427900505570 0.00000000000000000000
1.0900000000 0.15677071531276312588 0.00000000000000000000
1.1000000000 0.15442417761076665528 0.00000000000000000000
1.1100000000 0.15214088512049836477 0.00000000000000000000
1.1200000000 0.14991887024394898176 0.00000000000000000000
1.1300000000 0.14775623146454794354 0.00000000000000000000
1.1400000000 0.14565113105431376495 0.00000000000000000000
1.1500000000 0.14360179285891463974 0.00000000000000000000
1.1600000000 0.14160650015830947290 0.00000000000000000000
1.1700000000 0.13966359360072347351 0.00000000000000000000
1.1800000000 0.13777146920770769190 0.00000000000000000000
1.1900000000 0.13592857644809533402 0.00000000000000000000
1.2000000000 0.13413341637869088951 0.00000000000000000000
1.2100000000 0.13238453984957659904 0.00000000000000000000
1.2200000000 0.13068054577197346644 0.00000000000000000000
1.2300000000 0.12902007944663965167 0.00000000000000000000
1.2400000000 0.12740183095080592768 0.00000000000000000000
1.2500000000 0.12582453358174672253 0.00000000000000000000
1.2600000000 0.12428696235509488488 0.00000000000000000000
1.2700000000 0.12278793255606131052 0.00000000000000000000
1.2800000000 0.12132629834180307105 0.00000000000000000000
1.2900000000 0.11990095139317380468 0.00000000000000000000
1.3000000000 0.11851081961419732136 0.00000000000000000000
1.3100000000 0.11715486587761950177 0.00000000000000000000
1.3200000000 0.11583208681495019143 0.00000000000000000000
1.3300000000 0.11454151164945265695 0.00000000000000000000
1.3400000000 0.11328220107059294719 0.00000000000000000000
1.3500000000 0.11205324614849417053 0.00000000000000000000
1.3600000000 0.11085376728700152560 0.00000000000000000000
1.3700000000 0.10968291321398762617 0.00000000000000000000
1.3800000000 0.10853986000759674457 0.00000000000000000000
1.3900000000 0.10742381015714135006 0.00000000000000000000
1.4000000000 0.10633399165744124304 0.00000000000000000000
1.4100000000 0.10526965713538478930 0.00000000000000000000
1.4200000000 0.10423008300759679934 0.00000000000000000000
1.4300000000 0.10321456866807042496 0.00000000000000000000
1.4400000000 0.10222243570470790353 0.00000000000000000000
1.4500000000 0.10125302714373017599 0.00000000000000000000
1.4600000000 0.10030570672094039908 0.00000000000000000000
1.4700000000 0.09937985817889702367 0.00000000000000000000
1.4800000000 0.09847488458903545794 0.00000000000000000000
1.4900000000 0.09759020769786591609 0.00000000000000000000
1.5000000000 0.09672526729634664533 0.00000000000000000000
1.5100000000 0.09587952061162750839 0.00000000000000000000
1.5200000000 0.09505244172032252525 0.00000000000000000000
1.5300000000 0.09424352098255417420 0.00000000000000000000
1.5400000000 0.09345226449600521623 0.00000000000000000000
1.5500000000 0.09267819356925591223 0.00000000000000000000
1.5600000000 0.09192084421370597114 0.00000000000000000000
1.5700000000 0.09117976665340543629 0.00000000000000000000
1.5800000000 0.09045452485215173255 0.00000000000000000000
1.5900000000 0.08974469605721172027 0.00000000000000000000
1.6000000000 0.08904987035908125403 0.00000000000000000000
1.6100000000 0.08836965026668797130 0.00000000000000000000
1.6200000000 0.08770365029748382335 0.00000000000000000000
1.6300000000 0.08705149658188425510 0.00000000000000000000
1.6400000000 0.08641282648153156276 0.00000000000000000000
1.6500000000 0.08578728822088528549 0.00000000000000000000
1.6600000000 0.08517454053165408878 0.00000000000000000000
1.6700000000 0.08457425230960431695 0.00000000000000000000
1.6800000000 0.08398610228329450589 0.00000000000000000000
1.6900000000 0.08340977869430984959 0.00000000000000000000
1.7000000000 0.08284497898857406950 0.00000000000000000000
1.7100000000 0.08229140951834394702 0.00000000000000000000
1.7200000000 0.08174878525449405520 0.00000000000000000000
1.7300000000 0.08121682950872984030 0.00000000000000000000
1.7400000000 0.08069527366536097257 0.00000000000000000000
1.7500000000 0.08018385692229357264 0.00000000000000000000
1.7600000000 0.07968232604091771143 0.00000000000000000000
1.7700000000 0.07919043510455606172 0.00000000000000000000
1.7800000000 0.07870794528517584265 0.00000000000000000000
1.7900000000 0.07823462461806665602 0.00000000000000000000
1.8000000000 0.07777024778419489026 0.00000000000000000000
1.8100000000 0.07731459589996177162 0.00000000000000000000
1.8200000000 0.07686745631410143997 0.00000000000000000000
1.8300000000 0.07642862241146304580 0.00000000000000000000
1.8400000000 0.07599789342342923304 0.00000000000000000000
1.8500000000 0.07557507424473702828 0.00000000000000000000
1.8600000000 0.07515997525647369337 0.00000000000000000000
1.8700000000 0.07475241215502451131 0.00000000000000000000
1.8800000000 0.07435220578676685066 0.00000000000000000000
1.8900000000 0.07395918198829884438 0.00000000000000000000
1.9000000000 0.07357317143201516640 0.00000000000000000000
1.9100000000 0.07319400947683556147 0.00000000000000000000
1.9200000000 0.07282153602390668834 0.00000000000000000000
1.9300000000 0.07245559537709964082 0.00000000000000000000
1.9400000000 0.07209603610813571095 0.00000000000000000000
1.9500000000 0.07174271092618082768 0.00000000000000000000
1.9600000000 0.07139547655174413587 0.00000000000000000000
1.9700000000 0.07105419359473863494 0.00000000000000000000
1.9800000000 0.07071872643655223445 0.00000000000000000000
1.9900000000 0.07038894311599185050 0.00000000000000000000
2.0000000000 0.07006471521896553978 0.00000000000000000000
2.0100000000 0.06974591777176911145 0.00000000000000000000
2.0200000000 0.06943242913785963033 0.00000000000000000000
2.0300000000 0.06912413091798555453 0.00000000000000000000
2.0400000000 0.06882090785356302642 0.00000000000000000000
2.0500000000 0.06852264773318633706 0.00000000000000000000
2.0600000000 0.06822924130216062588 0.00000000000000000000
2.0700000000 0.06794058217495596574 0.00000000000000000000
2.0800000000 0.06765656675048097035 0.00000000000000000000
2.0900000000 0.06737709413007970938 0.00000000000000000000
2.1000000000 0.06710206603815642434 0.00000000000000000000
2.1100000000 0.06683138674534332135 0.00000000000000000000
2.1200000000 0.06656496299411852891 0.00000000000000000000
2.1300000000 0.06630270392679427083 0.00000000000000000000
2.1400000000 0.06604452101579362522 0.00000000000000000000
2.1500000000 0.06579032799613894478 0.00000000000000000000
2.1600000000 0.06554004080007570787 0.00000000000000000000
2.1700000000 0.06529357749375845621 0.00000000000000000000
2.1800000000 0.06505085821593563356 0.00000000000000000000
2.1900000000 0.06481180511855574866 0.00000000000000000000
2.2000000000 0.06457634230923878227 0.00000000000000000000
2.2100000000 0.06434439579554651623 0.00000000000000000000
2.2200000000 0.06411589343099058369 0.00000000000000000000
2.2300000000 0.06389076486272471378 0.00000000000000000000
2.2400000000 0.06366894148085805449 0.00000000000000000000
2.2500000000 0.06345035636934223677 0.00000000000000000000
2.2600000000 0.06323494425837493382 0.00000000000000000000
2.2700000000 0.06302264147827298102 0.00000000000000000000
2.2800000000 0.06281338591476405553 0.00000000000000000000
2.2900000000 0.06260711696565104956 0.00000000000000000000
2.3000000000 0.06240377549880400665 0.00000000000000000000
2.3100000000 0.06220330381143572562 0.00000000000000000000
2.3200000000 0.06200564559061770564 0.00000000000000000000
2.3300000000 0.06181074587499898326 0.00000000000000000000
2.3400000000 0.06161855101768302229 0.00000000000000000000
2.3500000000 0.06142900865023102897 0.00000000000000000000
2.3600000000 0.06124206764775161349 0.00000000000000000000
2.3700000000 0.06105767809503993837 0.00000000000000000000
2.3800000000 0.06087579125373632910 0.00000000000000000000
2.3900000000 0.06069635953046866039 0.00000000000000000000
2.4000000000 0.06051933644594672396 0.00000000000000000000
2.4100000000 0.06034467660497951080 0.00000000000000000000
2.4200000000 0.06017233566738364181 0.00000000000000000000
2.4300000000 0.06000227031975557956 0.00000000000000000000
2.4400000000 0.05983443824808026834 0.00000000000000000000
2.4500000000 0.05966879811114775972 0.00000000000000000000
2.4600000000 0.05950530951475455771 0.00000000000000000000
2.4700000000 0.05934393298666141431 0.00000000000000000000
2.4800000000 0.05918462995228682827 0.00000000000000000000
2.4900000000 0.05902736271111150984 0.00000000000000000000
2.5000000000 0.05887209441376877600 0.00000000000000000000
2.5100000000 0.05871878903980616571 0.00000000000000000000
2.5200000000 0.05856741137608772324 0.00000000000000000000
2.5300000000 0.05841792699582466081 0.00000000000000000000
2.5400000000 0.05827030223821171029 0.00000000000000000000
2.5500000000 0.05812450418864878454 0.00000000000000000000
2.5600000000 0.05798050065953105209 0.00000000000000000000
2.5700000000 0.05783826017159197225 0.00000000000000000000
2.5800000000 0.05769775193577748873 0.00000000000000000000
2.5900000000 0.05755894583563735817 0.00000000000000000000
2.6000000000 0.05742181241021946519 0.00000000000000000000
2.6100000000 0.05728632283744657799 0.00000000000000000000
2.6200000000 0.05715244891796745358 0.00000000000000000000
2.6300000000 0.05702016305945942914 0.00000000000000000000
2.6400000000 0.05688943826137683735 0.00000000000000000000
2.6500000000 0.05676024810012625377 0.00000000000000000000
2.6600000000 0.05663256671465700248 0.00000000000000000000
2.6700000000 0.05650636879245497790 0.00000000000000000000
2.6800000000 0.05638162955592626591 0.00000000000000000000
2.6900000000 0.05625832474915967024 0.00000000000000000000
2.7000000000 0.05613643062505714598 0.00000000000000000000
2.7100000000 0.05601592393281826926 0.00000000000000000000
2.7200000000 0.05589678190577240108 0.00000000000000000000
2.7300000000 0.05577898224954324496 0.00000000000000000000
2.7400000000 0.05566250313054056653 0.00000000000000000000
2.7500000000 0.05554732316476496123 0.00000000000000000000
2.7600000000 0.05543342140692033432 0.00000000000000000000
2.7700000000 0.05532077733982071477 0.00000000000000000000
2.7800000000 0.05520937086408618522 0.00000000000000000000
2.7900000000 0.05509918228811819946 0.00000000000000000000
2.8000000000 0.05499019231834432336 0.00000000000000000000
2.8100000000 0.05488238204972783335 0.00000000000000000000
2.8200000000 0.05477573295653053592 0.00000000000000000000
2.8300000000 0.05467022688332443675 0.00000000000000000000
2.8400000000 0.05456584603624332203 0.00000000000000000000
2.8500000000 0.05446257297446790296 0.00000000000000000000
2.8600000000 0.05436039060193698091 0.00000000000000000000
2.8700000000 0.05425928215927859621 0.00000000000000000000
2.8800000000 0.05415923121595536682 0.00000000000000000000
2.8900000000 0.05406022166261604395 0.00000000000000000000
2.9000000000 0.05396223770364937805 0.00000000000000000000
2.9100000000 0.05386526384993203104 0.00000000000000000000
2.9200000000 0.05376928491176816843 0.00000000000000000000
2.9300000000 0.05367428599201184286 0.00000000000000000000
2.9400000000 0.05358025247936940710 0.00000000000000000000
2.9500000000 0.05348717004187479584 0.00000000000000000000
2.9600000000 0.05339502462053536541 0.00000000000000000000
2.9700000000 0.05330380242314049916 0.00000000000000000000
2.9800000000 0.05321348991823017516 0.00000000000000000000
2.9900000000 0.05312407382921895127 0.00000000000000000000
3.0000000000 0.05303554112866906006 0.00000000000000000000
3.0100000000 0.05294787903271207935 0.00000000000000000000
3.0200000000 0.05286107499561094186 0.00000000000000000000
3.0300000000 0.05277511670446063952 0.00000000000000000000
3.0400000000 0.05268999207402368795 0.00000000000000000000
3.0500000000 0.05260568924169559124 0.00000000000000000000
3.0600000000 0.05252219656259784347 0.00000000000000000000
3.0700000000 0.05243950260479336017 0.00000000000000000000
3.0800000000 0.05235759614462296568 0.00000000000000000000
3.0900000000 0.05227646616215814168 0.00000000000000000000
3.1000000000 0.05219610183676619275 0.00000000000000000000
3.1100000000 0.05211649254278744037 0.00000000000000000000
3.1200000000 0.05203762784531806157 0.00000000000000000000
3.1300000000 0.05195949749609855839 0.00000000000000000000
3.1400000000 0.05188209142950255676 0.00000000000000000000
3.1500000000 0.05180539975862491486 0.00000000000000000000
3.1600000000 0.05172941277146553968 0.00000000000000000000
3.1700000000 0.05165412092720684384 0.00000000000000000000
3.1800000000 0.05157951485258147062 0.00000000000000000000
3.1900000000 0.05150558533832926000 0.00000000000000000000
3.2000000000 0.05143232333573955622 0.00000000000000000000
3.2100000000 0.05135971995327692774 0.00000000000000000000
3.2200000000 0.05128776645328933514 0.00000000000000000000
3.2300000000 0.05121645424879440328 0.00000000000000000000
3.2400000000 0.05114577490034375590 0.00000000000000000000
3.2500000000 0.05107572011296176995 0.00000000000000000000
3.2600000000 0.05100628173315761155 0.00000000000000000000
3.2700000000 0.05093745174600801395 0.00000000000000000000
3.2800000000 0.05086922227231074206 0.00000000000000000000
3.2900000000 0.05080158556580281759 0.00000000000000000000
3.3000000000 0.05073453401044742545 0.00000000000000000000
3.3100000000 0.05066806011778245827 0.00000000000000000000
3.3200000000 0.05060215652433155270 0.00000000000000000000
3.3300000000 0.05053681598907758254 0.00000000000000000000
3.3400000000 0.05047203139099263464 0.00000000000000000000
3.3500000000 0.05040779572662715258 0.00000000000000000000
3.3600000000 0.05034410210775441818 0.00000000000000000000
3.3700000000 0.05028094375906947550 0.00000000000000000000
3.3800000000 0.05021831401594174793 0.00000000000000000000
3.3900000000 0.05015620632221880204 0.00000000000000000000
3.4000000000 0.05009461422808093173 0.00000000000000000000
3.4100000000 0.05003353138794439103 0.00000000000000000000
3.4200000000 0.04997295155841277592 0.00000000000000000000
3.4300000000 0.04991286859627562522 0.00000000000000000000
3.4400000000 0.04985327645655141665 0.00000000000000000000
3.4500000000 0.04979416919057540886 0.00000000000000000000
3.4600000000 0.04973554094413043525 0.00000000000000000000
3.4700000000 0.04967738595562042753 0.00000000000000000000
3.4800000000 0.04961969855428400439 0.00000000000000000000
3.4900000000 0.04956247315844858337 0.00000000000000000000
3.5000000000 0.04950570427382389171 0.00000000000000000000
3.5100000000 0.04944938649183208690 0.00000000000000000000
3.5200000000 0.04939351448797659611 0.00000000000000000000
3.5300000000 0.04933808302024580983 0.00000000000000000000
3.5400000000 0.04928308692755302423 0.00000000000000000000
3.5500000000 0.04922852112820948201 0.00000000000000000000
3.5600000000 0.04917438061843270453 0.00000000000000000000
3.5700000000 0.04912066047088534115 0.00000000000000000000
3.5800000000 0.04906735583324765837 0.00000000000000000000
3.5900000000 0.04901446192682046982 0.00000000000000000000
3.6000000000 0.04896197404515812562 0.00000000000000000000
3.6100000000 0.04890988755273172756 0.00000000000000000000
3.6200000000 0.04885819788362024546 0.00000000000000000000
3.6300000000 0.04880690054023106156 0.00000000000000000000
3.6400000000 0.04875599109204702825 0.00000000000000000000
3.6500000000 0.04870546517440043494 0.00000000000000000000
3.6600000000 0.04865531848727389086 0.00000000000000000000
3.6700000000 0.04860554679412525808 0.00000000000000000000
3.6800000000 0.04855614592073979191 0.00000000000000000000
3.6900000000 0.04850711175410378495 0.00000000000000000000
3.7000000000 0.04845844024130478017 0.00000000000000000000
3.7100000000 0.04841012738845267005 0.00000000000000000000
3.7200000000 0.04836216925962465857 0.00000000000000000000
3.7300000000 0.04831456197583217094 0.00000000000000000000
3.7400000000 0.04826730171400892000 0.00000000000000000000
3.7500000000 0.04822038470602073995 0.00000000000000000000
3.7600000000 0.04817380723769484896 0.00000000000000000000
3.7700000000 0.04812756564787049746 0.00000000000000000000
3.7800000000 0.04808165632746805307 0.00000000000000000000
3.7900000000 0.04803607571857838182 0.00000000000000000000
3.8000000000 0.04799082031356978473 0.00000000000000000000
3.8100000000 0.04794588665421398166 0.00000000000000000000
3.8200000000 0.04790127133082979632 0.00000000000000000000
3.8300000000 0.04785697098144389011 0.00000000000000000000
3.8400000000 0.04781298229096916930 0.00000000000000000000
3.8500000000 0.04776930199039911007 0.00000000000000000000
3.8600000000 0.04772592685601902140 0.00000000000000000000
3.8700000000 0.04768285370863256656 0.00000000000000000000
3.8800000000 0.04764007941280432729 0.00000000000000000000
3.8900000000 0.04759760087611733526 0.00000000000000000000
3.9000000000 0.04755541504844486983 0.00000000000000000000
3.9100000000 0.04751351892123809734 0.00000000000000000000
3.9200000000 0.04747190952682655424 0.00000000000000000000
3.9300000000 0.04743058393773255665 0.00000000000000000000
3.9400000000 0.04738953926600059791 0.00000000000000000000
3.9500000000 0.04734877266253768868 0.00000000000000000000
3.9600000000 0.04730828131646863666 0.00000000000000000000
3.9700000000 0.04726806245450283078 0.00000000000000000000
3.9800000000 0.04722811334031380703 0.00000000000000000000
3.9900000000 0.04718843127393061027 0.00000000000000000000
4.0000000000 0.04714901359114109791 0.00000000000000000000
4.0100000000 0.04710985766290731735 0.00000000000000000000
4.0200000000 0.04707096089479119450 0.00000000000000000000
4.0300000000 0.04703232072639186578 0.00000000000000000000
4.0400000000 0.04699393463079379329 0.00000000000000000000
4.0500000000 0.04695580011402531589 0.00000000000000000000
4.0600000000 0.04691791471452764345 0.00000000000000000000
4.0700000000 0.04688027600263405814 0.00000000000000000000
4.0800000000 0.04684288158005842778 0.00000000000000000000
4.0900000000 0.04680572907939414828 0.00000000000000000000
4.1000000000 0.04676881616362216915 0.00000000000000000000
4.1100000000 0.04673214052562845583 0.00000000000000000000
4.1200000000 0.04669569988773005637 0.00000000000000000000
4.1300000000 0.04665949200121062568 0.00000000000000000000
4.1400000000 0.04662351464586460270 0.00000000000000000000
4.1500000000 0.04658776562954913825 0.00000000000000000000
4.1600000000 0.04655224278774526547 0.00000000000000000000
4.1700000000 0.04651694398312682110 0.00000000000000000000
4.1800000000 0.04648186710513677045 0.00000000000000000000
4.1900000000 0.04644701006957264316 0.00000000000000000000
4.2000000000 0.04641237081817832510 0.00000000000000000000
4.2100000000 0.04637794731824390615 0.00000000000000000000
4.2200000000 0.04634373756221284862 0.00000000000000000000
4.2300000000 0.04630973956729603908 0.00000000000000000000
4.2400000000 0.04627595137509325079 0.00000000000000000000
4.2500000000 0.04624237105122117747 0.00000000000000000000
4.2600000000 0.04620899668494822532 0.00000000000000000000
4.2700000000 0.04617582638883595963 0.00000000000000000000
4.2800000000 0.04614285829838675468 0.00000000000000000000
4.2900000000 0.04611009057169862535 0.00000000000000000000
4.3000000000 0.04607752138912458301 0.00000000000000000000
4.3100000000 0.04604514895293992938 0.00000000000000000000
4.3200000000 0.04601297148701409545 0.00000000000000000000
4.3300000000 0.04598098723648903763 0.00000000000000000000
4.3400000000 0.04594919446746302538 0.00000000000000000000
4.3500000000 0.04591759146668009800 0.00000000000000000000
4.3600000000 0.04588617654122482264 0.00000000000000000000
4.3700000000 0.04585494801822262434 0.00000000000000000000
4.3800000000 0.04582390424454541034 0.00000000000000000000
4.3900000000 0.04579304358652198925 0.00000000000000000000
4.4000000000 0.04576236442965381929 0.00000000000000000000
4.4100000000 0.04573186517833573855 0.00000000000000000000
4.4200000000 0.04570154425558115713 0.00000000000000000000
4.4300000000 0.04567140010275254347 0.00000000000000000000
4.4400000000 0.04564143117929593541 0.00000000000000000000
4.4500000000 0.04561163596248055813 0.00000000000000000000
4.4600000000 0.04558201294714270269 0.00000000000000000000
4.4700000000 0.04555256064543374006 0.00000000000000000000
4.4800000000 0.04552327758657282591 0.00000000000000000000
4.4900000000 0.04549416231660353277 0.00000000000000000000
4.5000000000 0.04546521339815477042 0.00000000000000000000
4.5100000000 0.04543642941020557824 0.00000000000000000000
4.5200000000 0.04540780894785421268 0.00000000000000000000
4.5300000000 0.04537935062209048215 0.00000000000000000000
4.5400000000 0.04535105305957284200 0.00000000000000000000
4.5500000000 0.04532291490240822340 0.00000000000000000000
4.5600000000 0.04529493480793628929 0.00000000000000000000
4.5700000000 0.04526711144851681273 0.00000000000000000000
4.5800000000 0.04523944351132092034 0.00000000000000000000
4.5900000000 0.04521192969812558304 0.00000000000000000000
4.6000000000 0.04518456872511143058 0.00000000000000000000
4.6100000000 0.04515735932266431302 0.00000000000000000000
4.6200000000 0.04513030023517947825 0.00000000000000000000
4.6300000000 0.04510339022086968380 0.00000000000000000000
4.6400000000 0.04507662805157575114 0.00000000000000000000
4.6500000000 0.04505001251258074213 0.00000000000000000000
4.6600000000 0.04502354240242691791 0.00000000000000000000
4.6700000000 0.04499721653273551503 0.00000000000000000000
4.6800000000 0.04497103372802997018 0.00000000000000000000
4.6900000000 0.04494499282556133068 0.00000000000000000000
4.7000000000 0.04491909267513694709 0.00000000000000000000
4.7100000000 0.04489333213895176089 0.00000000000000000000
4.7200000000 0.04486771009142224292 0.00000000000000000000
4.7300000000 0.04484222541902301018 0.00000000000000000000
4.7400000000 0.04481687702012626673 0.00000000000000000000
4.7500000000 0.04479166380484343041 0.00000000000000000000
4.7600000000 0.04476658469486941710 0.00000000000000000000
4.7700000000 0.04474163862332962427 0.00000000000000000000
4.7800000000 0.04471682453462879486 0.00000000000000000000
4.7900000000 0.04469214138430305239 0.00000000000000000000
4.8000000000 0.04466758813887328899 0.00000000000000000000
4.8100000000 0.04464316377570160671 0.00000000000000000000
4.8200000000 0.04461886728284984727 0.00000000000000000000
4.8300000000 0.04459469765894005788 0.00000000000000000000
4.8400000000 0.04457065391301727464 0.00000000000000000000
4.8500000000 0.04454673506441455405 0.00000000000000000000
4.8600000000 0.04452294014261998223 0.00000000000000000000
4.8700000000 0.04449926818714566856 0.00000000000000000000
4.8800000000 0.04447571824739891128 0.00000000000000000000
4.8900000000 0.04445228938255508383 0.00000000000000000000
4.9000000000 0.04442898066143302627 0.00000000000000000000
4.9100000000 0.04440579116237151208 0.00000000000000000000
4.9200000000 0.04438271997310834494 0.00000000000000000000
4.9300000000 0.04435976619066082927 0.00000000000000000000
4.9400000000 0.04433692892120821155 0.00000000000000000000
4.9500000000 0.04431420727997605752 0.00000000000000000000
4.9600000000 0.04429160039112218367 0.00000000000000000000
4.9700000000 0.04426910738762407371 0.00000000000000000000
4.9800000000 0.04424672741116864733 0.00000000000000000000
4.9900000000 0.04422445961204297254 0.00000000000000000000
5.0000000000 0.04420230314902711538 0.00000000000000000000
