0.1000000000 2.14029335734346259912 0.00000000000000000000
0.1100000000 2.08343378630592024336 0.00000000000000000000
0.1200000000 2.02778367880532783829 0.00000000000000000000
0.1300000000 1.97334815332416724232 0.00000000000000000000
0.1400000000 1.92013005414681692251 0.00000000000000000000
0.1500000000 1.86813001813229995207 0.00000000000000000000
0.1600000000 1.81734655208024298290 0.00000000000000000000
0.1700000000 1.76777611943540979844 0.00000000000000000000
0.1800000000 1.71941323503030840669 0.00000000000000000000
0.1900000000 1.67225056654556247793 0.00000000000000000000
0.2000000000 1.62627904137229073456 0.00000000000000000000
0.2100000000 1.58148795758746452123 0.00000000000000000000
0.2200000000 1.53786509779950208987 0.00000000000000000000
0.2300000000 1.49539684468430000841 0.00000000000000000000
0.2400000000 1.45406829710852636417 0.00000000000000000000
0.2500000000 1.41386338582419357479 0.00000000000000000000
0.2600000000 1.37476498781337852506 0.00000000000000000000
0.2700000000 1.33675503846166154887 0.00000000000000000000
0.2800000000 1.29981464084074982424 0.00000000000000000000
0.2900000000 1.26392417148267921512 0.00000000000000000000
0.3000000000 1.22906338212781363062 0.00000000000000000000
0.3100000000 1.19521149702502715861 0.00000000000000000000
0.3200000000 1.16234730545355402498 0.00000000000000000000
0.3300000000 1.13044924922099210285 0.00000000000000000000
0.3400000000 1.09949550497015824391 0.00000000000000000000
0.3500000000 1.06946406119837833515 0.00000000000000000000
0.3600000000 1.04033278995612743500 0.00000000000000000000
0.3700000000 1.01207951324773648416 0.00000000000000000000
0.3800000000 0.98468206420517789823 0.00000000000000000000
0.3900000000 0.95811834314710886407 0.00000000000000000000
0.4000000000 0.93236636866967514958 0.00000000000000000000
0.4100000000 0.90740432394357006807 0.00000000000000000000
0.4200000000 0.88321059841398985579 0.00000000000000000000
0.4300000000 0.85976382511694582345 0.00000000000000000000
0.4400000000 0.83704291383744477972 0.00000000000000000000
0.4500000000 0.81502708034293314121 0.00000000000000000000
0.4600000000 0.79369587192952395505 0.00000000000000000000
0.4700000000 0.77302918951953736304 0.00000000000000000000
0.4800000000 0.75300730654716852008 0.00000000000000000000
0.4900000000 0.73361088486513570395 0.00000000000000000000
0.5000000000 0.71482098789933634642 0.00000000000000000000
0.5100000000 0.69661909127127130681 0.00000000000000000000
0.5200000000 0.67898709109949961782 0.00000000000000000000
0.5300000000 0.66190731018213011527 0.00000000000000000000
0.5400000000 0.64536250225234725875 0.00000000000000000000
0.5500000000 0.62933585448871609547 0.00000000000000000000
0.5600000000 0.61381098845140624753 0.00000000000000000000
0.5700000000 0.59877195960493501126 0.00000000000000000000
0.5800000000 0.58420325557745078626 0.00000000000000000000
0.5900000000 0.57008979329630959931 0.00000000000000000000
0.6000000000 0.55641691512957280885 0.00000000000000000000
0.6100000000 0.54317038415334639723 0.00000000000000000000
0.6200000000 0.53033637865553362456 0.00000000000000000000
0.6300000000 0.51790148597763863147 0.00000000000000000000
0.6400000000 0.50585269578777303234 0.00000000000000000000
0.6500000000 0.49417739287000717052 0.00000000000000000000
0.6600000000 0.48286334950766118812 0.00000000000000000000
0.6700000000 0.47189871753104789542 0.00000000000000000000
0.6800000000 0.46127202009351658818 0.00000000000000000000
0.6900000000 0.45097214323357398547 0.00000000000000000000
0.7000000000 0.44098832727503112228 0.00000000000000000000
0.7100000000 0.43131015811188011533 0.00000000000000000000
0.7200000000 0.42192755841966039787 0.00000000000000000000
0.7300000000 0.41283077883063079572 0.00000000000000000000
0.7400000000 0.40401038910577613539 0.00000000000000000000
0.7500000000 0.39545726933306407647 0.00000000000000000000
0.7600000000 0.38716260117767298254 0.00000000000000000000
0.7700000000 0.37911785920684909490 0.00000000000000000000
0.7800000000 0.37131480230920660413 0.00000000000000000000
0.7900000000 0.36374546522543882432 0.00000000000000000000
0.8000000000 0.35640215020525028988 0.00000000000000000000
0.8100000000 0.34927741880299373323 0.00000000000000000000
0.8200000000 0.34236408382260385963 0.00000000000000000000
0.8300000000 0.33565520142063415276 0.00000000000000000000
0.8400000000 0.32914406337461032948 0.00000000000000000000
0.8500000000 0.32282418952250868660 0.00000000000000000000
0.8600000000 0.31668932037785180178 0.00000000000000000000
0.8700000000 0.31073340992381970338 0.00000000000000000000
0.8800000000 0.30495061858868660609 0.00000000000000000000
0.8900000000 0.29933530640411776247 0.00000000000000000000
0.9000000000 0.29388202634683807668 0.00000000000000000000
0.9100000000 0.28858551786381375637 0.00000000000000000000
0.9200000000 0.28344070058002596157 0.00000000000000000000
0.9300000000 0.27844266818790130991 0.00000000000000000000
0.9400000000 0.27358668251639689517 0.00000000000000000000
0.9500000000 0.26886816777792887923 0.00000000000000000000
0.9600000000 0.26428270499050521281 0.00000000000000000000
0.9700000000 0.25982602657235137622 0.00000000000000000000
0.9800000000 0.25549401110602493192 0.00000000000000000000
0.9900000000 0.25128267826886963032 0.00000000000000000000
1.0000000000 0.24718818392649372084 0.00000000000000000000
1.0100000000 0.24320681538480473649 0.00000000000000000000
1.0200000000 0.23933498679870451875 0.00000000000000000000
1.0300000000 0.23556923473273486125 0.00000000000000000000
1.0400000000 0.23190621386883567001 0.00000000000000000000
1.0500000000 0.22834269285938030292 0.00000000000000000000
1.0600000000 0.22487555032028824775 0.00000000000000000000
1.0700000000 0.22150177096078871308 0.00000000000000000000
1.0800000000 0.21821844184589914151 0.00000000000000000000
1.0900000000 0.21502274878776517220 0.00000000000000000000
1.1000000000 0.21191197286209667583 0.00000000000000000000
1.1100000000 0.20888348704587977878 0.00000000000000000000
1.1200000000 0.20593475297272079150 0.00000000000000000000
1.1300000000 0.20306331780205816306 0.00000000000000000000
1.1400000000 0.20026681119874531478 0.00000000000000000000
1.1500000000 0.19754294241938635812 0.00000000000000000000
1.1600000000 0.19488949750203291011 0.00000000000000000000
1.1700000000 0.19230433655578271779 0.00000000000000000000
1.1800000000 0.18978539114704404134 0.00000000000000000000
1.1900000000 0.18733066177915813633 0.00000000000000000000
1.2000000000 0.18493821546229211039 0.00000000000000000000
1.2100000000 0.18260618337047823667 0.00000000000000000000
1.2200000000 0.18033275858286124116 0.00000000000000000000
1.2300000000 0.17811619390618879666 0.00000000000000000000
1.2400000000 0.17595479977579142616 0.00000000000000000000
1.2500000000 0.17384694223223995380 0.00000000000000000000
1.2600000000 0.17179104097106706606 0.00000000000000000000
1.2700000000 0.16978556746295220270 0.00000000000000000000
1.2800000000 0.16782904314187804817 0.00000000000000000000
1.2900000000 0.16592003765882709643 0.00000000000000000000
1.3000000000 0.16405716719867144415 0.00000000000000000000
1.3100000000 0.16223909285801035862 0.00000000000000000000
1.3200000000 0.16046451908171877054 0.00000000000000000000
1.3300000000 0.15873219215612541233 0.00000000000000000000
1.3400000000 0.15704089875673007959 0.00000000000000000000
1.3500000000 0.15538946454851343404 0.00000000000000000000
1.3600000000 0.15377675283690064867 0.00000000000000000000
1.3700000000 0.15220166326752804231 0.00000000000000000000
1.3800000000 0.15066313057304467349 0.00000000000000000000
1.3900000000 0.14916012336520823034 0.00000000000000000000
1.4000000000 0.14769164297063036573 0.00000000000000000000
1.4100000000 0.14625672230854216971 0.00000000000000000000
1.4200000000 0.14485442480906093876 0.00000000000000000000
1.4300000000 0.14348384337044664538 0.00000000000000000000
1.4400000000 0.14214409935392197104 0.00000000000000000000
1.4500000000 0.14083434161466157342 0.00000000000000000000
1.4600000000 0.13955374556761759863 0.00000000000000000000
1.4700000000 0.13830151228690090726 0.00000000000000000000
1.4800000000 0.13707686763746365632 0.00000000000000000000
1.4900000000 0.13587906143790740021 0.00000000000000000000
1.5000000000 0.13470736665323992942 0.00000000000000000000
1.5100000000 0.13356107861650617918 0.00000000000000000000
1.5200000000 0.13243951427819136701 0.00000000000000000000
1.5300000000 0.13134201148239407764 0.00000000000000000000
1.5400000000 0.13026792826876601450 0.00000000000000000000
1.5500000000 0.12921664219926959349 0.00000000000000000000
1.5600000000 0.12818754970884024824 0.00000000000000000000
1.5700000000 0.12718006547905899573 0.00000000000000000000
1.5800000000 0.12619362183399651656 0.00000000000000000000
1.5900000000 0.12522766815740721258 0.00000000000000000000
1.6000000000 0.12428167033048070911 0.00000000000000000000
1.6100000000 0.12335511018940141514 0.00000000000000000000
1.6200000000 0.12244748500197602525 0.00000000000000000000
1.6300000000 0.12155830696264074975 0.00000000000000000000
1.6400000000 0.12068710270515532745 0.00000000000000000000
1.6500000000 0.11983341283234985597 0.00000000000000000000
1.6600000000 0.11899679146228932247 0.00000000000000000000
1.6700000000 0.11817680579025448273 0.00000000000000000000
1.6800000000 0.11737303566596275772 0.00000000000000000000
1.6900000000 0.11658507318546902642 0.00000000000000000000
1.7000000000 0.11581252229721106239 0.00000000000000000000
1.7100000000 0.11505499842168011304 0.00000000000000000000
1.7200000000 0.11431212808422586136 0.00000000000000000000
1.7300000000 0.11358354856051113002 0.00000000000000000000
1.7400000000 0.11286890753415658450 0.00000000000000000000
1.7500000000 0.11216786276614090778 0.00000000000000000000
1.7600000000 0.11148008177551588238 0.00000000000000000000
1.7700000000 0.11080524153104558127 0.00000000000000000000
1.7800000000 0.11014302815334667263 0.00000000000000000000
1.7900000000 0.10949313662718554441 0.00000000000000000000
1.8000000000 0.10885527052353560773 0.00000000000000000000
1.8100000000 0.10822914173105775693 0.00000000000000000000
1.8200000000 0.10761447019666688096 0.00000000000000000000
1.8300000000 0.10701098367484813967 0.00000000000000000000
1.8400000000 0.10641841748541978896 0.00000000000000000000
1.8500000000 0.10583651427943430168 0.00000000000000000000
1.8600000000 0.10526502381293066646 0.00000000000000000000
1.8700000000 0.10470370272825081648 0.00000000000000000000
1.8800000000 0.10415231434266283839 0.00000000000000000000
1.8900000000 0.10361062844401922045 0.00000000000000000000
1.9000000000 0.10307842109320923540 0.00000000000000000000
1.9100000000 0.10255547443315939093 0.00000000000000000000
1.9200000000 0.10204157650415338066 0.00000000000000000000
1.9300000000 0.10153652106524883869 0.00000000000000000000
1.9400000000 0.10104010742157118474 0.00000000000000000000
1.9500000000 0.10055214025728925753 0.00000000000000000000
1.9600000000 0.10007242947405707578 0.00000000000000000000
1.9700000000 0.09960079003474507642 0.00000000000000000000
1.9800000000 0.09913704181226853929 0.00000000000000000000
1.9900000000 0.09868100944333629831 0.00000000000000000000
2.0000000000 0.09823252218695170679 0.00000000000000000000
2.0100000000 0.09779141378749180158 0.00000000000000000000
2.0200000000 0.09735752234221835277 0.00000000000000000000
2.0300000000 0.09693069017305891433 0.00000000000000000000
2.0400000000 0.09651076370251064629 0.00000000000000000000
2.0500000000 0.09609759333352939359 0.00000000000000000000
2.0600000000 0.09569103333326263450 0.00000000000000000000
2.0700000000 0.09529094172049562550 0.00000000000000000000
2.0800000000 0.09489718015668451023 0.00000000000000000000
2.0900000000 0.09450961384045253322 0.00000000000000000000
2.1000000000 0.09412811140543123067 0.00000000000000000000
2.1100000000 0.09375254482133289768 0.00000000000000000000
2.1200000000 0.09338278929814493312 0.00000000000000000000
2.1300000000 0.09301872319334050787 0.00000000000000000000
2.1400000000 0.09266022792199973823 0.00000000000000000000
2.1500000000 0.09230718786975140866 0.00000000000000000000
2.1600000000 0.09195949030842952288 0.00000000000000000000
2.1700000000 0.09161702531436109742 0.00000000000000000000
2.1800000000 0.09127968568919561654 0.00000000000000000000
2.1900000000 0.09094736688318834361 0.00000000000000000000
2.2000000000 0.09061996692085708127 0.00000000000000000000
2.2100000000 0.09029738632893524741 0.00000000000000000000
2.2200000000 0.08997952806653915225 0.00000000000000000000
2.2300000000 0.08966629745748419533 0.00000000000000000000
2.2400000000 0.08935760212467155905 0.00000000000000000000
2.2500000000 0.08905335192648029807 0.00000000000000000000
2.2600000000 0.08875345889509871078 0.00000000000000000000
2.2700000000 0.08845783717672900393 0.00000000000000000000
2.2800000000 0.08816640297360787970 0.00000000000000000000
2.2900000000 0.08787907448777930453 0.00000000000000000000
2.3000000000 0.08759577186656364312 0.00000000000000000000
2.3100000000 0.08731641714966950629 0.00000000000000000000
2.3200000000 0.08704093421789098339 0.00000000000000000000
2.3300000000 0.08676924874334585036 0.00000000000000000000
2.3400000000 0.08650128814119424636 0.00000000000000000000
2.3500000000 0.08623698152280037665 0.00000000000000000000
2.3600000000 0.08597625965028424244 0.00000000000000000000
2.3700000000 0.08571905489242091780 0.00000000000000000000
2.3800000000 0.08546530118184583746 0.00000000000000000000
2.3900000000 0.08521493397351725951 0.00000000000000000000
2.4000000000 0.08496789020440780049 0.00000000000000000000
2.4100000000 0.08472410825437204362 0.00000000000000000000
2.4200000000 0.08448352790816292257 0.00000000000000000000
2.4300000000 0.08424609031855856411 0.00000000000000000000
2.4400000000 0.08401173797055837278 0.00000000000000000000
2.4500000000 0.08378041464662309978 0.00000000000000000000
2.4600000000 0.08355206539291937240 0.00000000000000000000
2.4700000000 0.08332663648654220490 0.00000000000000000000
2.4800000000 0.08310407540367846513 0.00000000000000000000
2.4900000000 0.08288433078869032744 0.00000000000000000000
2.5000000000 0.08266735242408063122 0.00000000000000000000
2.5100000000 0.08245309120132139624 0.00000000000000000000
2.5200000000 0.08224149909251103618 0.00000000000000000000
2.5300000000 0.08203252912284014764 0.00000000000000000000
2.5400000000 0.08182613534383817444 0.00000000000000000000
2.5500000000 0.08162227280737832658 0.00000000000000000000
2.5600000000 0.08142089754041391403 0.00000000000000000000
2.5700000000 0.08122196652042899812 0.00000000000000000000
2.5800000000 0.08102543765157700639 0.00000000000000000000
2.5900000000 0.08083126974148822919 0.00000000000000000000
2.6000000000 0.08063942247872585289 0.00000000000000000000
2.6100000000 0.08044985641086958850 0.00000000000000000000
2.6200000000 0.08026253292320896515 0.00000000000000000000
2.6300000000 0.08007741421802745674 0.00000000000000000000
2.6400000000 0.07989446329445930306 0.00000000000000000000
2.6500000000 0.07971364392890233075 0.00000000000000000000
2.6600000000 0.07953492065596921845 0.00000000000000000000
2.6700000000 0.07935825874996101092 0.00000000000000000000
2.6800000000 0.07918362420685004510 0.00000000000000000000
2.6900000000 0.07901098372675091630 0.00000000000000000000
2.7000000000 0.07884030469687230980 0.00000000000000000000
2.7100000000 0.07867155517492921413 0.00000000000000000000
2.7200000000 0.07850470387300645392 0.00000000000000000000
2.7300000000 0.07833972014185613952 0.00000000000000000000
2.7400000000 0.07817657395561977696 0.00000000000000000000
2.7500000000 0.07801523589696054972 0.00000000000000000000
2.7600000000 0.07785567714259310212 0.00000000000000000000
2.7700000000 0.07769786944920183125 0.00000000000000000000
2.7800000000 0.07754178513973364328 0.00000000000000000000
2.7900000000 0.07738739709005455769 0.00000000000000000000
2.8000000000 0.07723467871596213785 0.00000000000000000000
2.8100000000 0.07708360396053971775 0.00000000000000000000
2.8200000000 0.07693414728184522211 0.00000000000000000000
2.8300000000 0.07678628364092418557 0.00000000000000000000
2.8400000000 0.07663998849013547998 0.00000000000000000000
2.8500000000 0.07649523776178560053 0.00000000000000000000
2.8600000000 0.07635200785705763271 0.00000000000000000000
2.8700000000 0.07621027563522826676 0.00000000000000000000
2.8800000000 0.07607001840316693353 0.00000000000000000000
2.8900000000 0.07593121390510515489 0.00000000000000000000
2.9000000000 0.07579384031266993282 0.00000000000000000000
2.9100000000 0.07565787621517615358 0.00000000000000000000
2.9200000000 0.07552330061016565566 0.00000000000000000000
2.9300000000 0.07539009289419089377 0.00000000000000000000
2.9400000000 0.07525823285383340111 0.00000000000000000000
2.9500000000 0.07512770065695123511 0.00000000000000000000
2.9600000000 0.07499847684414878701 0.00000000000000000000
2.9700000000 0.07487054232046350122 0.00000000000000000000
2.9800000000 0.07474387834726255175 0.00000000000000000000
2.9900000000 0.07461846653434379972 0.00000000000000000000
3.0000000000 0.07449428883223598030 0.00000000000000000000
3.0100000000 0.07437132752469120811 0.00000000000000000000
3.0200000000 0.07424956522136691439 0.00000000000000000000
3.0300000000 0.07412898485068737664 0.00000000000000000000
3.0400000000 0.07400956965288833789 0.00000000000000000000
3.0500000000 0.07389130317322772923 0.00000000000000000000
3.0600000000 0.07377416925537018388 0.00000000000000000000
3.0700000000 0.07365815203493140950 0.00000000000000000000
3.0800000000 0.07354323593318244645 0.00000000000000000000
3.0900000000 0.07342940565091013450 0.00000000000000000000
3.1000000000 0.07331664616242554444 0.00000000000000000000
3.1100000000 0.07320494270972052742 0.00000000000000000000
3.1200000000 0.07309428079676616452 0.00000000000000000000
3.1300000000 0.07298464618394931436 0.00000000000000000000
3.1400000000 0.07287602488264503797 0.00000000000000000000
3.1500000000 0.07276840314991914194 0.00000000000000000000
3.1600000000 0.07266176748335970159 0.00000000000000000000
3.1700000000 0.07255610461603123618 0.00000000000000000000
3.1800000000 0.07245140151155113339 0.00000000000000000000
3.1900000000 0.07234764535928396578 0.00000000000000000000
3.2000000000 0.07224482356964959107 0.00000000000000000000
3.2100000000 0.07214292376954306585 0.00000000000000000000
3.2200000000 0.07204193379786384688 0.00000000000000000000
3.2300000000 0.07194184170114993615 0.00000000000000000000
3.2400000000 0.07184263572931597064 0.00000000000000000000
3.2500000000 0.07174430433149077413 0.00000000000000000000
3.2600000000 0.07164683615195327482 0.00000000000000000000
3.2700000000 0.07155022002616291676 0.00000000000000000000
3.2800000000 0.07145444497688378804 0.00000000000000000000
3.2900000000 0.07135950021039724755 0.00000000000000000000
3.3000000000 0.07126537511280478521 0.00000000000000000000
3.3100000000 0.07117205924641448189 0.00000000000000000000
3.3200000000 0.07107954234621249867 0.00000000000000000000
3.3300000000 0.07098781431641405792 0.00000000000000000000
3.3400000000 0.07089686522709585936 0.00000000000000000000
3.3500000000 0.07080668531090399120 0.00000000000000000000
3.3600000000 0.07071726495983773897 0.00000000000000000000
3.3700000000 0.07062859472210630818 0.00000000000000000000
3.3800000000 0.07054066529905753113 0.00000000000000000000
3.3900000000 0.07045346754217603202 0.00000000000000000000
3.4000000000 0.07036699245014876869 0.00000000000000000000
3.4100000000 0.07028123116599745146 0.00000000000000000000
3.4200000000 0.07019617497427455000 0.00000000000000000000
3.4300000000 0.07011181529832348491 0.00000000000000000000
3.4400000000 0.07002814369759871593 0.00000000000000000000
3.4500000000 0.06994515186504648985 0.00000000000000000000
3.4600000000 0.06986283162454355600 0.00000000000000000000
3.4700000000 0.06978117492839223945 0.00000000000000000000
3.4800000000 0.06970017385487245476 0.00000000000000000000
3.4900000000 0.06961982060584592791 0.00000000000000000000
3.5000000000 0.06954010750441368127 0.00000000000000000000
3.5100000000 0.06946102699262586555 0.00000000000000000000
3.5200000000 0.06938257162924058030 0.00000000000000000000
3.5300000000 0.06930473408753209941 0.00000000000000000000
3.5400000000 0.06922750715314666958 0.00000000000000000000
3.5500000000 0.06915088372200525746 0.00000000000000000000
3.5600000000 0.06907485679825087210 0.00000000000000000000
3.5700000000 0.06899941949224112914 0.00000000000000000000
3.5800000000 0.06892456501858344742 0.00000000000000000000
3.5900000000 0.06885028669421264236 0.00000000000000000000
3.6000000000 0.06877657793650991669 0.00000000000000000000
3.6100000000 0.06870343226146150006 0.00000000000000000000
3.6200000000 0.06863084328185674321 0.00000000000000000000
3.6300000000 0.06855880470552505601 0.00000000000000000000
3.6400000000 0.06848731033360926090 0.00000000000000000000
3.6500000000 0.06841635405887599997 0.00000000000000000000
3.6600000000 0.06834592986406180792 0.00000000000000000000
3.6700000000 0.06827603182025358819 0.00000000000000000000
3.6800000000 0.06820665408530308949 0.00000000000000000000
3.6900000000 0.06813779090227529978 0.00000000000000000000
3.7000000000 0.06806943659792778767 0.00000000000000000000
3.7100000000 0.06800158558122250396 0.00000000000000000000
3.7200000000 0.06793423234186936333 0.00000000000000000000
3.7300000000 0.06786737144889738726 0.00000000000000000000
3.7400000000 0.06780099754925823785 0.00000000000000000000
3.7500000000 0.06773510536645607760 0.00000000000000000000
3.7600000000 0.06766968969920743315 0.00000000000000000000
3.7700000000 0.06760474542012709365 0.00000000000000000000
3.7800000000 0.06754026747444130674 0.00000000000000000000
3.7900000000 0.06747625087872750893 0.00000000000000000000
3.8000000000 0.06741269071967900817 0.00000000000000000000
3.8100000000 0.06734958215289531258 0.00000000000000000000
3.8200000000 0.06728692040169610700 0.00000000000000000000
3.8300000000 0.06722470075595989025 0.00000000000000000000
3.8400000000 0.06716291857098552476 0.00000000000000000000
3.8500000000 0.06710156926637625419 0.00000000000000000000
3.8600000000 0.06704064832494688320 0.00000000000000000000
3.8700000000 0.06698015129165180159 0.00000000000000000000
3.8800000000 0.06692007377253525457 0.00000000000000000000
3.8900000000 0.06686041143370109741 0.00000000000000000000
3.9000000000 0.06680116000030425494 0.00000000000000000000
3.9100000000 0.06674231525556119371 0.00000000000000000000
3.9200000000 0.06668387303978041969 0.00000000000000000000
3.9300000000 0.06662582924941112816 0.00000000000000000000
3.9400000000 0.06656817983611151845 0.00000000000000000000
3.9500000000 0.06651092080583435873 0.00000000000000000000
3.9600000000 0.06645404821793077232 0.00000000000000000000
3.9700000000 0.06639755818427163503 0.00000000000000000000
3.9800000000 0.06634144686838525096 0.00000000000000000000
3.9900000000 0.06628571048461211201 0.00000000000000000000
4.0000000000 0.06623034529727582498 0.00000000000000000000
4.0100000000 0.06617534761987076131 0.00000000000000000000
4.0200000000 0.06612071381426282146 0.00000000000000000000
4.0300000000 0.06606644028990885098 0.00000000000000000000
4.0400000000 0.06601252350308789429 0.00000000000000000000
4.0500000000 0.06595895995614892149 0.00000000000000000000
4.0600000000 0.06590574619677203039 0.00000000000000000000
4.0700000000 0.06585287881724342929 0.00000000000000000000
4.0800000000 0.06580035445374468606 0.00000000000000000000
4.0900000000 0.06574816978565518888 0.00000000000000000000
4.1000000000 0.06569632153486650028 0.00000000000000000000
4.1100000000 0.06564480646511199058 0.00000000000000000000
4.1200000000 0.06559362138130628295 0.00000000000000000000
4.1300000000 0.06554276312889831257 0.00000000000000000000
4.1400000000 0.06549222859323679258 0.00000000000000000000
4.1500000000 0.06544201469894631029 0.00000000000000000000
4.1600000000 0.06539211840931558051 0.00000000000000000000
4.1700000000 0.06534253672569667604 0.00000000000000000000
4.1800000000 0.06529326668691573521 0.00000000000000000000
4.1900000000 0.06524430536869388342 0.00000000000000000000
4.2000000000 0.06519564988307856301 0.00000000000000000000
4.2100000000 0.06514729737788638175 0.00000000000000000000
4.2200000000 0.06509924503615466262 0.00000000000000000000
4.2300000000 0.06505149007560372121 0.00000000000000000000
4.2400000000 0.06500402974810860768 0.00000000000000000000
4.2500000000 0.06495686133918038285 0.00000000000000000000
4.2600000000 0.06490998216745690053 0.00000000000000000000
4.2700000000 0.06486338958420230505 0.00000000000000000000
4.2800000000 0.06481708097281553560 0.00000000000000000000
4.2900000000 0.06477105374834839224 0.00000000000000000000
4.3000000000 0.06472530535703077681 0.00000000000000000000
4.3100000000 0.06467983327580544006 0.00000000000000000000
4.3200000000 0.06463463501187054205 0.00000000000000000000
4.3300000000 0.06458970810223044201 0.00000000000000000000
4.3400000000 0.06454505011325388508 0.00000000000000000000
4.3500000000 0.06450065864024084883 0.00000000000000000000
4.3600000000 0.06445653130699580124 0.00000000000000000000
4.3700000000 0.06441266576540981281 0.00000000000000000000
4.3800000000 0.06436905969504827518 0.00000000000000000000
4.3900000000 0.06432571080274737674 0.00000000000000000000
4.4000000000 0.06428261682221672602 0.00000000000000000000
4.4100000000 0.06423977551364842831 0.00000000000000000000
4.4200000000 0.06419718466333416973 0.00000000000000000000
4.4300000000 0.06415484208328747773 0.00000000000000000000
4.4400000000 0.06411274561087357271 0.00000000000000000000
4.4500000000 0.06407089310844477081 0.00000000000000000000
4.4600000000 0.06402928246298271453 0.00000000000000000000
4.4700000000 0.06398791158574597404 0.00000000000000000000
4.4800000000 0.06394677841192428214 0.00000000000000000000
4.4900000000 0.06390588090029850066 0.00000000000000000000
4.5000000000 0.06386521703290583274 0.00000000000000000000
4.5100000000 0.06382478481471118292 0.00000000000000000000
4.5200000000 0.06378458227328395735 0.00000000000000000000
4.5300000000 0.06374460745848005427 0.00000000000000000000
4.5400000000 0.06370485844212928073 0.00000000000000000000
4.5500000000 0.06366533331772815385 0.00000000000000000000
4.5600000000 0.06362603020013757327 0.00000000000000000000
4.5700000000 0.06358694722528543397 0.00000000000000000000
4.5800000000 0.06354808254987436011 0.00000000000000000000
4.5900000000 0.06350943435109443480 0.00000000000000000000
4.6000000000 0.06347100082634003770 0.00000000000000000000
4.6100000000 0.06343278019293188685 0.00000000000000000000
4.6200000000 0.06339477068784350744 0.00000000000000000000
4.6300000000 0.06335697056743203048 0.00000000000000000000
4.6400000000 0.06331937810717330750 0.00000000000000000000
4.6500000000 0.06328199160140163260 0.00000000000000000000
4.6600000000 0.06324480936305355849 0.00000000000000000000
4.6700000000 0.06320782972341575101 0.00000000000000000000
4.6800000000 0.06317105103187679871 0.00000000000000000000
4.6900000000 0.06313447165568332464 0.00000000000000000000
4.7000000000 0.06309808997970001165 0.00000000000000000000
4.7100000000 0.06306190440617305548 0.00000000000000000000
4.7200000000 0.06302591335449761467 0.00000000000000000000
4.7300000000 0.06299011526098954872 0.00000000000000000000
4.7400000000 0.06295450857865929339 0.00000000000000000000
4.7500000000 0.06291909177699132882 0.00000000000000000000
4.7600000000 0.06288386334172522962 0.00000000000000000000
4.7700000000 0.06284882177464148900 0.00000000000000000000
4.7800000000 0.06281396559334988250 0.00000000000000000000
4.7900000000 0.06277929333108174526 0.00000000000000000000
4.8000000000 0.06274480353648519138 0.00000000000000000000
4.8100000000 0.06271049477342351131 0.00000000000000000000
4.8200000000 0.06267636562077685825 0.00000000000000000000
4.8300000000 0.06264241467224694604 0.00000000000000000000
4.8400000000 0.06260864053616463365 0.00000000000000000000
4.8500000000 0.06257504183530070152 0.00000000000000000000
4.8600000000 0.06254161720667958391 0.00000000000000000000
4.8700000000 0.06250836530139568248 0.00000000000000000000
4.8800000000 0.06247528478443265670 0.00000000000000000000
4.8900000000 0.06244237433448560082 0.00000000000000000000
4.9000000000 0.06240963264378569797 0.00000000000000000000
4.9100000000 0.06237705841792780259 0.00000000000000000000
4.9200000000 0.06234465037570018769 0.00000000000000000000
4.9300000000 0.06231240724891779631 0.00000000000000000000
4.9400000000 0.06228032778225688071 0.00000000000000000000
4.9500000000 0.06224841073309255596 0.00000000000000000000
4.9600000000 0.06221665487133958700 0.00000000000000000000
4.9700000000 0.06218505897929438309 0.00000000000000000000
4.9800000000 0.06215362185147976781 0.00000000000000000000
4.9900000000 0.06212234229449267731 0.00000000000000000000
5.0000000000 0.06209121912685297562 0.00000000000000000000
