0.1000000000 2.61066563856044053793 0.00000000000000000000
0.1100000000 2.51139015477849003588 0.00000000000000000000
0.1200000000 2.41640776793868727879 0.00000000000000000000
0.1300000000 2.32565175808122504009 0.00000000000000000000
0.1400000000 2.23902717154978558867 0.00000000000000000000
0.1500000000 2.15641535274276607836 0.00000000000000000000
0.1600000000 2.07767864496596565971 0.00000000000000000000
0.1700000000 2.00266502597712658940 0.00000000000000000000
0.1800000000 1.93121248699170999785 0.00000000000000000000
0.1900000000 1.86315301376406994294 0.00000000000000000000
0.2000000000 1.79831607855135788832 0.00000000000000000000
0.2100000000 1.73653159751584218462 0.00000000000000000000
0.2200000000 1.67763234639587777153 0.00000000000000000000
0.2300000000 1.62145585669889125136 0.00000000000000000000
0.2400000000 1.56784583518665354696 0.00000000000000000000
0.2500000000 1.51665316188835275213 0.00000000000000000000
0.2600000000 1.46773652765638673579 0.00000000000000000000
0.2700000000 1.42096277292332340281 0.00000000000000000000
0.2800000000 1.37620698633010052347 0.00000000000000000000
0.2900000000 1.33335241659271819259 0.00000000000000000000
0.3000000000 1.29229024442399054173 0.00000000000000000000
0.3100000000 1.25291925433306206017 0.00000000000000000000
0.3200000000 1.21514543925252227474 0.00000000000000000000
0.3300000000 1.17888156455348669382 0.00000000000000000000
0.3400000000 1.14404671230750953903 0.00000000000000000000
0.3500000000 1.11056582172892226446 0.00000000000000000000
0.3600000000 1.07836923759039726711 0.00000000000000000000
0.3700000000 1.04739227500531040249 0.00000000000000000000
0.3800000000 1.01757480624101570577 0.00000000000000000000
0.3900000000 0.98886087308174752675 0.00000000000000000000
0.4000000000 0.96119832661043502764 0.00000000000000000000
0.4100000000 0.93453849504062769249 0.00000000000000000000
0.4200000000 0.90883587932615883531 0.00000000000000000000
0.4300000000 0.88404787563959741359 0.00000000000000000000
0.4400000000 0.86013452338337170744 0.00000000000000000000
0.4500000000 0.83705827713156621961 0.00000000000000000000
0.4600000000 0.81478380075642897751 0.00000000000000000000
0.4700000000 0.79327778193975850840 0.00000000000000000000
0.4800000000 0.77250876528051759529 0.00000000000000000000
0.4900000000 0.75244700226632943441 0.00000000000000000000
0.5000000000 0.73306431646308178873 0.00000000000000000000
0.5100000000 0.71433398238181489148 0.00000000000000000000
0.5200000000 0.69623061659720841821 0.00000000000000000000
0.5300000000 0.67873007981072619454 0.00000000000000000000
0.5400000000 0.66180938866949179378 0.00000000000000000000
0.5500000000 0.64544663626628340225 0.00000000000000000000
0.5600000000 0.62962092035430161641 0.00000000000000000000
0.5700000000 0.61431227841179969484 0.00000000000000000000
0.5800000000 0.59950162878512747167 0.00000000000000000000
0.5900000000 0.58517071722446012405 0.00000000000000000000
0.6000000000 0.57130206820418028002 0.00000000000000000000
0.6100000000 0.55787894049001363062 0.00000000000000000000
0.6200000000 0.54488528647798761817 0.00000000000000000000
0.6300000000 0.53230571488636724276 0.00000000000000000000
0.6400000000 0.52012545643190166711 0.00000000000000000000
0.6500000000 0.50833033216584477820 0.00000000000000000000
0.6600000000 0.49690672418457482173 0.00000000000000000000
0.6700000000 0.48584154846411858886 0.00000000000000000000
0.6800000000 0.47512222959834582436 0.00000000000000000000
0.6900000000 0.46473667724732503626 0.00000000000000000000
0.7000000000 0.45467326412579994743 0.00000000000000000000
0.7100000000 0.44492080538223000019 0.00000000000000000000
0.7200000000 0.43546853923689482491 0.00000000000000000000
0.7300000000 0.42630610876317942548 0.00000000000000000000
0.7400000000 0.41742354470997822258 0.00000000000000000000
0.7500000000 0.40881124927503270650 0.00000000000000000000
0.7600000000 0.40045998074957256385 0.00000000000000000000
0.7700000000 0.39236083896366219514 0.00000000000000000000
0.7800000000 0.38450525146971886725 0.00000000000000000000
0.7900000000 0.37688496040841140688 0.00000000000000000000
0.8000000000 0.36949201000750719892 0.00000000000000000000
0.8100000000 0.36231873466919928273 0.00000000000000000000
0.8200000000 0.35535774760628602298 0.00000000000000000000
0.8300000000 0.34860192999146544235 0.00000000000000000000
0.8400000000 0.34204442058769607415 0.00000000000000000000
0.8500000000 0.33567860583039194067 0.00000000000000000000
0.8600000000 0.32949811033533410454 0.00000000000000000000
0.8700000000 0.32349678780804758116 0.00000000000000000000
0.8800000000 0.31766871233295113086 0.00000000000000000000
0.8900000000 0.31200817002213754314 0.00000000000000000000
0.9000000000 0.30650965100534288688 0.00000000000000000000
0.9100000000 0.30116784174417160491 0.00000000000000000000
0.9200000000 0.29597761765471869433 0.00000000000000000000
0.9300000000 0.29093403602417422515 0.00000000000000000000
0.9400000000 0.28603232920770466086 0.00000000000000000000
0.9500000000 0.28126789809282409793 0.00000000000000000000
0.9600000000 0.27663630581973980282 0.00000000000000000000
0.9700000000 0.27213327174600637770 0.00000000000000000000
0.9800000000 0.26775466564560873595 0.00000000000000000000
0.9900000000 0.26349650213195546788 0.00000000000000000000
1.0000000000 0.25935493529538067303 0.00000000000000000000
1.0100000000 0.25532625354824783903 0.00000000000000000000
1.0200000000 0.25140687466579025866 0.00000000000000000000
1.0300000000 0.24759334101656896299 0.00000000000000000000
1.0400000000 0.24388231497667275938 0.00000000000000000000
1.0500000000 0.24027057451726085979 0.00000000000000000000
1.0600000000 0.23675500896026974162 0.00000000000000000000
1.0700000000 0.23333261489554241175 0.00000000000000000000
1.0800000000 0.23000049225264740382 0.00000000000000000000
1.0900000000 0.22675584052184399875 0.00000000000000000000
1.1000000000 0.22359595511798874279 0.00000000000000000000
1.1100000000 0.22051822388209810222 0.00000000000000000000
1.1200000000 0.21752012371513593236 0.00000000000000000000
1.1300000000 0.21459921733896916707 0.00000000000000000000
1.1400000000 0.21175315017960674724 0.00000000000000000000
1.1500000000 0.20897964736793511742 0.00000000000000000000
1.1600000000 0.20627651085358936212 0.00000000000000000000
1.1700000000 0.20364161662750676629 0.00000000000000000000
1.1800000000 0.20107291204900196169 0.00000000000000000000
1.1900000000 0.19856841327343083270 0.00000000000000000000
1.2000000000 0.19612620277651854339 0.00000000000000000000
1.2100000000 0.19374442697171256889 0.00000000000000000000
1.2200000000 0.19142129391693440965 0.00000000000000000000
1.2300000000 0.18915507110737855845 0.00000000000000000000
1.2400000000 0.18694408335102699614 0.00000000000000000000
1.2500000000 0.18478671072370081441 0.00000000000000000000
1.2600000000 0.18268138660066096657 0.00000000000000000000
1.2700000000 0.18062659576178047294 0.00000000000000000000
1.2800000000 0.17862087256748770958 0.00000000000000000000
1.2900000000 0.17666279920278082916 0.00000000000000000000
1.3000000000 0.17475100398671569724 0.00000000000000000000
1.3100000000 0.17288415974482340687 0.00000000000000000000
1.3200000000 0.17106098224210281034 0.00000000000000000000
1.3300000000 0.16928022867424633024 0.00000000000000000000
1.3400000000 0.16754069621485506714 0.00000000000000000000
1.3500000000 0.16584122061653802649 0.00000000000000000000
1.3600000000 0.16418067486379264719 0.00000000000000000000
1.3700000000 0.16255796787574156026 0.00000000000000000000
1.3800000000 0.16097204325676042758 0.00000000000000000000
1.3900000000 0.15942187809321861636 0.00000000000000000000
1.4000000000 0.15790648179452354549 0.00000000000000000000
1.4100000000 0.15642489497682887656 0.00000000000000000000
1.4200000000 0.15497618838773052907 0.00000000000000000000
1.4300000000 0.15355946187041633055 0.00000000000000000000
1.4400000000 0.15217384336576289527 0.00000000000000000000
1.4500000000 0.15081848795090518900 0.00000000000000000000
1.4600000000 0.14949257691293432737 0.00000000000000000000
1.4700000000 0.14819531685635584095 0.00000000000000000000
1.4800000000 0.14692593884302188045 0.00000000000000000000
1.4900000000 0.14568369756333438003 0.00000000000000000000
1.5000000000 0.14446787053748436080 0.00000000000000000000
1.5100000000 0.14327775734563816257 0.00000000000000000000
1.5200000000 0.14211267888593154263 0.00000000000000000000
1.5300000000 0.14097197665924734999 0.00000000000000000000
1.5400000000 0.13985501207973760618 0.00000000000000000000
1.5500000000 0.13876116581014694140 0.00000000000000000000
1.5600000000 0.13768983712096868888 0.00000000000000000000
1.5700000000 0.13664044327256025246 0.00000000000000000000
1.5800000000 0.13561241891934058823 0.00000000000000000000
1.5900000000 0.13460521553523413507 0.00000000000000000000
1.6000000000 0.13361830085957773773 0.00000000000000000000
1.6100000000 0.13265115836270705008 0.00000000000000000000
1.6200000000 0.13170328673049211399 0.00000000000000000000
1.6300000000 0.13077419936711226489 0.00000000000000000000
1.6400000000 0.12986342391538691077 0.00000000000000000000
1.6500000000 0.12897050179400548764 0.00000000000000000000
1.6600000000 0.12809498775102198809 0.00000000000000000000
1.6700000000 0.12723644943303005772 0.00000000000000000000
1.6800000000 0.12639446696939918291 0.00000000000000000000
1.6900000000 0.12556863257104411424 0.00000000000000000000
1.7000000000 0.12475855014318140701 0.00000000000000000000
1.7100000000 0.12396383491153430134 0.00000000000000000000
1.7200000000 0.12318411306152755869 0.00000000000000000000
1.7300000000 0.12241902138995476579 0.00000000000000000000
1.7400000000 0.12166820696868362039 0.00000000000000000000
1.7500000000 0.12093132681994585298 0.00000000000000000000
1.7600000000 0.12020804760278851198 0.00000000000000000000
1.7700000000 0.11949804531028131171 0.00000000000000000000
1.7800000000 0.11880100497707797580 0.00000000000000000000
1.7900000000 0.11811662039696524396 0.00000000000000000000
1.8000000000 0.11744459385002305185 0.00000000000000000000
1.8100000000 0.11678463583905739076 0.00000000000000000000
1.8200000000 0.11613646483496238571 0.00000000000000000000
1.8300000000 0.11549980703068640775 0.00000000000000000000
1.8400000000 0.11487439610349804708 0.00000000000000000000
1.8500000000 0.11425997298525406021 0.00000000000000000000
1.8600000000 0.11365628564035980264 0.00000000000000000000
1.8700000000 0.11306308885117369312 0.00000000000000000000
1.8800000000 0.11248014401057791767 0.00000000000000000000
1.8900000000 0.11190721892144368799 0.00000000000000000000
1.9000000000 0.11134408760276971739 0.00000000000000000000
1.9100000000 0.11079053010223886833 0.00000000000000000000
1.9200000000 0.11024633231497074637 0.00000000000000000000
1.9300000000 0.10971128580824553167 0.00000000000000000000
1.9400000000 0.10918518765199604348 0.00000000000000000000
1.9500000000 0.10866784025485488885 0.00000000000000000000
1.9600000000 0.10815905120556426611 0.00000000000000000000
1.9700000000 0.10765863311956214154 0.00000000000000000000
1.9800000000 0.10716640349055754633 0.00000000000000000000
1.9900000000 0.10668218454692367236 0.00000000000000000000
2.0000000000 0.10620580311274188667 0.00000000000000000000
2.0100000000 0.10573709047332428834 0.00000000000000000000
2.0200000000 0.10527588224507793135 0.00000000000000000000
2.0300000000 0.10482201824953574221 0.00000000000000000000
2.0400000000 0.10437534239143005099 0.00000000000000000000
2.0500000000 0.10393570254065871705 0.00000000000000000000
2.0600000000 0.10350295041800992857 0.00000000000000000000
2.0700000000 0.10307694148451902738 0.00000000000000000000
2.0800000000 0.10265753483433041893 0.00000000000000000000
2.0900000000 0.10224459309094824366 0.00000000000000000000
2.1000000000 0.10183798230675206176 0.00000000000000000000
2.1100000000 0.10143757186567491091 0.00000000000000000000
2.1200000000 0.10104323438893013376 0.00000000000000000000
2.1300000000 0.10065484564368666620 0.00000000000000000000
2.1400000000 0.10027228445459020201 0.00000000000000000000
2.1500000000 0.09989543261803646157 0.00000000000000000000
2.1600000000 0.09952417481910273700 0.00000000000000000000
2.1700000000 0.09915839855104804923 0.00000000000000000000
2.1800000000 0.09879799403729593033 0.00000000000000000000
2.1900000000 0.09844285415581555121 0.00000000000000000000
2.2000000000 0.09809287436582503350 0.00000000000000000000
2.2100000000 0.09774795263673452528 0.00000000000000000000
2.2200000000 0.09740798937925666812 0.00000000000000000000
2.2300000000 0.09707288737861448358 0.00000000000000000000
2.2400000000 0.09674255172977409833 0.00000000000000000000
2.2500000000 0.09641688977463812316 0.00000000000000000000
2.2600000000 0.09609581104113197603 0.00000000000000000000
2.2700000000 0.09577922718412518188 0.00000000000000000000
2.2800000000 0.09546705192812519891 0.00000000000000000000
2.2900000000 0.09515920101168415246 0.00000000000000000000
2.3000000000 0.09485559213346606011 0.00000000000000000000
2.3100000000 0.09455614489991913396 0.00000000000000000000
2.3200000000 0.09426078077449991099 0.00000000000000000000
2.3300000000 0.09396942302840130545 0.00000000000000000000
2.3400000000 0.09368199669273390151 0.00000000000000000000
2.3500000000 0.09339842851211552222 0.00000000000000000000
2.3600000000 0.09311864689962051633 0.00000000000000000000
2.3700000000 0.09284258189305269471 0.00000000000000000000
2.3800000000 0.09257016511248934709 0.00000000000000000000
2.3900000000 0.09230132971906278294 0.00000000000000000000
2.4000000000 0.09203601037494142656 0.00000000000000000000
2.4100000000 0.09177414320446372620 0.00000000000000000000
2.4200000000 0.09151566575640004975 0.00000000000000000000
2.4300000000 0.09126051696729482743 0.00000000000000000000
2.4400000000 0.09100863712586777787 0.00000000000000000000
2.4500000000 0.09075996783842739390 0.00000000000000000000
2.4600000000 0.09051445199527916041 0.00000000000000000000
2.4700000000 0.09027203373808279085 0.00000000000000000000
2.4800000000 0.09003265842814288378 0.00000000000000000000
2.4900000000 0.08979627261559233742 0.00000000000000000000
2.5000000000 0.08956282400944959310 0.00000000000000000000
2.5100000000 0.08933226144851683093 0.00000000000000000000
2.5200000000 0.08910453487309573373 0.00000000000000000000
2.5300000000 0.08887959529749756005 0.00000000000000000000
2.5400000000 0.08865739478331691181 0.00000000000000000000
2.5500000000 0.08843788641345308454 0.00000000000000000000
2.5600000000 0.08822102426685210497 0.00000000000000000000
2.5700000000 0.08800676339394826464 0.00000000000000000000
2.5800000000 0.08779505979278300065 0.00000000000000000000
2.5900000000 0.08758587038578305450 0.00000000000000000000
2.6000000000 0.08737915299717652351 0.00000000000000000000
2.6100000000 0.08717486633102626559 0.00000000000000000000
2.6200000000 0.08697296994986485064 0.00000000000000000000
2.6300000000 0.08677342425391022795 0.00000000000000000000
2.6400000000 0.08657619046084745473 0.00000000000000000000
2.6500000000 0.08638123058615722327 0.00000000000000000000
2.6600000000 0.08618850742397725362 0.00000000000000000000
2.6700000000 0.08599798452847731700 0.00000000000000000000
2.6800000000 0.08580962619573652417 0.00000000000000000000
2.6900000000 0.08562339744610657222 0.00000000000000000000
2.7000000000 0.08543926400704406066 0.00000000000000000000
2.7100000000 0.08525719229640338348 0.00000000000000000000
2.7200000000 0.08507714940617142063 0.00000000000000000000
2.7300000000 0.08489910308663449479 0.00000000000000000000
2.7400000000 0.08472302173096422917 0.00000000000000000000
2.7500000000 0.08454887436020847025 0.00000000000000000000
2.7600000000 0.08437663060867815756 0.00000000000000000000
2.7700000000 0.08420626070971667931 0.00000000000000000000
2.7800000000 0.08403773548184219344 0.00000000000000000000
2.7900000000 0.08387102631524979979 0.00000000000000000000
2.8000000000 0.08370610515866594437 0.00000000000000000000
2.8100000000 0.08354294450654456416 0.00000000000000000000
2.8200000000 0.08338151738659210777 0.00000000000000000000
2.8300000000 0.08322179734761708803 0.00000000000000000000
2.8400000000 0.08306375844768949801 0.00000000000000000000
2.8500000000 0.08290737524260692604 0.00000000000000000000
2.8600000000 0.08275262277465364469 0.00000000000000000000
2.8700000000 0.08259947656164690066 0.00000000000000000000
2.8800000000 0.08244791258626345265 0.00000000000000000000
2.8900000000 0.08229790728563493585 0.00000000000000000000
2.9000000000 0.08214943754120862529 0.00000000000000000000
2.9100000000 0.08200248066886269005 0.00000000000000000000
2.9200000000 0.08185701440927099781 0.00000000000000000000
2.9300000000 0.08171301691850964277 0.00000000000000000000
2.9400000000 0.08157046675889927101 0.00000000000000000000
2.9500000000 0.08142934289007490445 0.00000000000000000000
2.9600000000 0.08128962466028021028 0.00000000000000000000
2.9700000000 0.08115129179787569647 0.00000000000000000000
2.9800000000 0.08101432440305939009 0.00000000000000000000
2.9900000000 0.08087870293979028402 0.00000000000000000000
3.0000000000 0.08074440822791227601 0.00000000000000000000
3.0100000000 0.08061142143547120331 0.00000000000000000000
3.0200000000 0.08047972407121971317 0.00000000000000000000
3.0300000000 0.08034929797730611112 0.00000000000000000000
3.0400000000 0.08022012532214083114 0.00000000000000000000
3.0500000000 0.08009218859343705810 0.00000000000000000000
3.0600000000 0.07996547059141956293 0.00000000000000000000
3.0700000000 0.07983995442219751770 0.00000000000000000000
3.0800000000 0.07971562349129841796 0.00000000000000000000
3.0900000000 0.07959246149735657583 0.00000000000000000000
3.1000000000 0.07947045242595243697 0.00000000000000000000
3.1100000000 0.07934958054360177759 0.00000000000000000000
3.1200000000 0.07922983039188495613 0.00000000000000000000
3.1300000000 0.07911118678171907836 0.00000000000000000000
3.1400000000 0.07899363478776398606 0.00000000000000000000
3.1500000000 0.07887715974296205523 0.00000000000000000000
3.1600000000 0.07876174723320557292 0.00000000000000000000
3.1700000000 0.07864738309213131773 0.00000000000000000000
3.1800000000 0.07853405339603637680 0.00000000000000000000
3.1900000000 0.07842174445891310353 0.00000000000000000000
3.2000000000 0.07831044282760032949 0.00000000000000000000
3.2100000000 0.07820013527704774980 0.00000000000000000000
3.2200000000 0.07809080880568981808 0.00000000000000000000
3.2300000000 0.07798245063092798524 0.00000000000000000000
3.2400000000 0.07787504818471573109 0.00000000000000000000
3.2500000000 0.07776858910924659696 0.00000000000000000000
3.2600000000 0.07766306125274140271 0.00000000000000000000
3.2700000000 0.07755845266533181737 0.00000000000000000000
3.2800000000 0.07745475159503735496 0.00000000000000000000
3.2900000000 0.07735194648383601768 0.00000000000000000000
3.3000000000 0.07725002596382221642 0.00000000000000000000
3.3100000000 0.07714897885345355089 0.00000000000000000000
3.3200000000 0.07704879415388161956 0.00000000000000000000
3.3300000000 0.07694946104536654063 0.00000000000000000000
3.3400000000 0.07685096888377039581 0.00000000000000000000
3.3500000000 0.07675330719713233107 0.00000000000000000000
3.3600000000 0.07665646568231757052 0.00000000000000000000
3.3700000000 0.07656043420174281355 0.00000000000000000000
3.3800000000 0.07646520278017458760 0.00000000000000000000
3.3900000000 0.07637076160159804450 0.00000000000000000000
3.4000000000 0.07627710100615535393 0.00000000000000000000
3.4100000000 0.07618421148715284752 0.00000000000000000000
3.4200000000 0.07609208368813250023 0.00000000000000000000
3.4300000000 0.07600070840000884564 0.00000000000000000000
3.4400000000 0.07591007655826872980 0.00000000000000000000
3.4500000000 0.07582017924023205790 0.00000000000000000000
3.4600000000 0.07573100766237193804 0.00000000000000000000
3.4700000000 0.07564255317769373599 0.00000000000000000000
3.4800000000 0.07555480727317140377 0.00000000000000000000
3.4900000000 0.07546776156723788986 0.00000000000000000000
3.5000000000 0.07538140780733136592 0.00000000000000000000
3.5100000000 0.07529573786749292619 0.00000000000000000000
3.5200000000 0.07521074374601714740 0.00000000000000000000
3.5300000000 0.07512641756315188712 0.00000000000000000000
3.5400000000 0.07504275155884788939 0.00000000000000000000
3.5500000000 0.07495973809055625492 0.00000000000000000000
3.5600000000 0.07487736963107284593 0.00000000000000000000
3.5700000000 0.07479563876642769671 0.00000000000000000000
3.5800000000 0.07471453819382012362 0.00000000000000000000
3.5900000000 0.07463406071959659271 0.00000000000000000000
3.6000000000 0.07455419925727163610 0.00000000000000000000
3.6100000000 0.07447494682558974954 0.00000000000000000000
3.6200000000 0.07439629654662847924 0.00000000000000000000
3.6300000000 0.07431824164394058851 0.00000000000000000000
3.6400000000 0.07424077544073541535 0.00000000000000000000
3.6500000000 0.07416389135809739463 0.00000000000000000000
3.6600000000 0.07408758291324205048 0.00000000000000000000
3.6700000000 0.07401184371780757110 0.00000000000000000000
3.6800000000 0.07393666747618203583 0.00000000000000000000
3.6900000000 0.07386204798386483694 0.00000000000000000000
3.7000000000 0.07378797912586107510 0.00000000000000000000
3.7100000000 0.07371445487510991379 0.00000000000000000000
3.7200000000 0.07364146929094456118 0.00000000000000000000
3.7300000000 0.07356901651758274152 0.00000000000000000000
3.7400000000 0.07349709078264936302 0.00000000000000000000
3.7500000000 0.07342568639572742695 0.00000000000000000000
3.7600000000 0.07335479774693957900 0.00000000000000000000
3.7700000000 0.07328441930555754102 0.00000000000000000000
3.7800000000 0.07321454561863893762 0.00000000000000000000
3.7900000000 0.07314517130969287739 0.00000000000000000000
3.8000000000 0.07307629107737115270 0.00000000000000000000
3.8100000000 0.07300789969418521042 0.00000000000000000000
3.8200000000 0.07293999200524978188 0.00000000000000000000
3.8300000000 0.07287256292705027172 0.00000000000000000000
3.8400000000 0.07280560744623561231 0.00000000000000000000
3.8500000000 0.07273912061843371135 0.00000000000000000000
3.8600000000 0.07267309756709114388 0.00000000000000000000
3.8700000000 0.07260753348233532634 0.00000000000000000000
3.8800000000 0.07254242361985900611 0.00000000000000000000
3.8900000000 0.07247776329982603960 0.00000000000000000000
3.9000000000 0.07241354790579934697 0.00000000000000000000
3.9100000000 0.07234977288368910076 0.00000000000000000000
3.9200000000 0.07228643374072118988 0.00000000000000000000
3.9300000000 0.07222352604442622281 0.00000000000000000000
3.9400000000 0.07216104542164716862 0.00000000000000000000
3.9500000000 0.07209898755756714850 0.00000000000000000000
3.9600000000 0.07203734819475460238 0.00000000000000000000
3.9700000000 0.07197612313222800928 0.00000000000000000000
3.9800000000 0.07191530822453720551 0.00000000000000000000
3.9900000000 0.07185489938086317419 0.00000000000000000000
4.0000000000 0.07179489256413451592 0.00000000000000000000
4.0100000000 0.07173528379016050338 0.00000000000000000000
4.0200000000 0.07167606912678101128 0.00000000000000000000
4.0300000000 0.07161724469303133722 0.00000000000000000000
4.0400000000 0.07155880665832460574 0.00000000000000000000
4.0500000000 0.07150075124164749496 0.00000000000000000000
4.0600000000 0.07144307471077214478 0.00000000000000000000
4.0700000000 0.07138577338148252571 0.00000000000000000000
4.0800000000 0.07132884361681536556 0.00000000000000000000
4.0900000000 0.07127228182631437092 0.00000000000000000000
4.1000000000 0.07121608446529947845 0.00000000000000000000
4.1100000000 0.07116024803414851274 0.00000000000000000000
4.1200000000 0.07110476907759284704 0.00000000000000000000
4.1300000000 0.07104964418402492932 0.00000000000000000000
4.1400000000 0.07099486998482019973 0.00000000000000000000
4.1500000000 0.07094044315366956899 0.00000000000000000000
4.1600000000 0.07088636040592545540 0.00000000000000000000
4.1700000000 0.07083261849795856324 0.00000000000000000000
4.1800000000 0.07077921422652770633 0.00000000000000000000
4.1900000000 0.07072614442815941538 0.00000000000000000000
4.2000000000 0.07067340597854002149 0.00000000000000000000
4.2100000000 0.07062099579191795373 0.00000000000000000000
4.2200000000 0.07056891082051747199 0.00000000000000000000
4.2300000000 0.07051714805396173957 0.00000000000000000000
4.2400000000 0.07046570451870746987 0.00000000000000000000
4.2500000000 0.07041457727748876017 0.00000000000000000000
4.2600000000 0.07036376342877130596 0.00000000000000000000
4.2700000000 0.07031326010621588574 0.00000000000000000000
4.2800000000 0.07026306447815217071 0.00000000000000000000
4.2900000000 0.07021317374705994541 0.00000000000000000000
4.3000000000 0.07016358514906213817 0.00000000000000000000
4.3100000000 0.07011429595342415222 0.00000000000000000000
4.3200000000 0.07006530346206406301 0.00000000000000000000
4.3300000000 0.07001660500906950468 0.00000000000000000000
4.3400000000 0.06996819796022463178 0.00000000000000000000
4.3500000000 0.06992007971254432519 0.00000000000000000000
4.3600000000 0.06987224769381643330 0.00000000000000000000
4.3700000000 0.06982469936215243700 0.00000000000000000000
4.3800000000 0.06977743220554583070 0.00000000000000000000
4.3900000000 0.06973044374143740065 0.00000000000000000000
4.4000000000 0.06968373151628874662 0.00000000000000000000
4.4100000000 0.06963729310516285353 0.00000000000000000000
4.4200000000 0.06959112611131158810 0.00000000000000000000
4.4300000000 0.06954522816577057842 0.00000000000000000000
4.4400000000 0.06949959692696079661 0.00000000000000000000
4.4500000000 0.06945423008029655287 0.00000000000000000000
4.4600000000 0.06940912533780109472 0.00000000000000000000
4.4700000000 0.06936428043772752128 0.00000000000000000000
4.4800000000 0.06931969314418687245 0.00000000000000000000
4.4900000000 0.06927536124678225493 0.00000000000000000000
4.5000000000 0.06923128256024878302 0.00000000000000000000
4.5100000000 0.06918745492409995868 0.00000000000000000000
4.5200000000 0.06914387620227981091 0.00000000000000000000
4.5300000000 0.06910054428282075278 0.00000000000000000000
4.5400000000 0.06905745707750686468 0.00000000000000000000
4.5500000000 0.06901461252154360293 0.00000000000000000000
4.5600000000 0.06897200857323164402 0.00000000000000000000
4.5700000000 0.06892964321364744573 0.00000000000000000000
4.5800000000 0.06888751444632795762 0.00000000000000000000
4.5900000000 0.06884562029696131291 0.00000000000000000000
4.6000000000 0.06880395881308198902 0.00000000000000000000
4.6100000000 0.06876252806377131099 0.00000000000000000000
4.6200000000 0.06872132613936242362 0.00000000000000000000
4.6300000000 0.06868035115115075917 0.00000000000000000000
4.6400000000 0.06863960123110827982 0.00000000000000000000
4.6500000000 0.06859907453160300761 0.00000000000000000000
4.6600000000 0.06855876922512274541 0.00000000000000000000
4.6700000000 0.06851868350400357188 0.00000000000000000000
4.6800000000 0.06847881558016205572 0.00000000000000000000
4.6900000000 0.06843916368483249357 0.00000000000000000000
4.7000000000 0.06839972606830778401 0.00000000000000000000
4.7100000000 0.06836050099968474236 0.00000000000000000000
4.7200000000 0.06832148676661320419 0.00000000000000000000
4.7300000000 0.06828268167504941699 0.00000000000000000000
4.7400000000 0.06824408404901306791 0.00000000000000000000
4.7500000000 0.06820569223034797512 0.00000000000000000000
4.7600000000 0.06816750457848727573 0.00000000000000000000
4.7700000000 0.06812951947022123644 0.00000000000000000000
4.7800000000 0.06809173529946986603 0.00000000000000000000
4.7900000000 0.06805415047705803966 0.00000000000000000000
4.8000000000 0.06801676343049442575 0.00000000000000000000
4.8100000000 0.06797957260375452060 0.00000000000000000000
4.8200000000 0.06794257645706608395 0.00000000000000000000
4.8300000000 0.06790577346669827985 0.00000000000000000000
4.8400000000 0.06786916212475439802 0.00000000000000000000
4.8500000000 0.06783274093896714263 0.00000000000000000000
4.8600000000 0.06779650843249773740 0.00000000000000000000
4.8700000000 0.06776046314373711243 0.00000000000000000000
4.8800000000 0.06772460362611157358 0.00000000000000000000
4.8900000000 0.06768892844789008156 0.00000000000000000000
4.9000000000 0.06765343619199515324 0.00000000000000000000
4.9100000000 0.06761812545581628864 0.00000000000000000000
4.9200000000 0.06758299485102699233 0.00000000000000000000
4.9300000000 0.06754804300340312706 0.00000000000000000000
4.9400000000 0.06751326855264561111 0.00000000000000000000
4.9500000000 0.06747867015220453124 0.00000000000000000000
4.9600000000 0.06744424646910676668 0.00000000000000000000
4.9700000000 0.06740999618378530622 0.00000000000000000000
4.9800000000 0.06737591798991214576 0.00000000000000000000
4.9900000000 0.06734201059423278179 0.00000000000000000000
5.0000000000 0.06730827271640361931 0.00000000000000000000
