0.1000000000 1.61475604938937733479 0.00000000000000000000
0.1100000000 1.57283327278290641082 0.00000000000000000000
0.1200000000 1.53177438521207687216 0.00000000000000000000
0.1300000000 1.49158345200834974165 0.00000000000000000000
0.1400000000 1.45226297514815105849 0.00000000000000000000
0.1500000000 1.41381393641696706531 0.00000000000000000000
0.1600000000 1.37623584754507199968 0.00000000000000000000
0.1700000000 1.33952680652713485010 0.00000000000000000000
0.1800000000 1.30368355930866708370 0.00000000000000000000
0.1900000000 1.26870156600851968776 0.00000000000000000000
0.2000000000 1.23457507084751982873 0.00000000000000000000
0.2100000000 1.20129717496754939710 0.00000000000000000000
0.2200000000 1.16885991135146660724 0.00000000000000000000
0.2300000000 1.13725432109057611463 0.00000000000000000000
0.2400000000 1.10647053029114661449 0.00000000000000000000
0.2500000000 1.07649782696300788665 0.00000000000000000000
0.2600000000 1.04732473728978336958 0.00000000000000000000
0.2700000000 1.01893910074020577206 0.00000000000000000000
0.2800000000 0.99132814354168519166 0.00000000000000000000
0.2900000000 0.96447855009949490235 0.00000000000000000000
0.3000000000 0.93837653200635973150 0.00000000000000000000
0.3100000000 0.91300789434688800483 0.00000000000000000000
0.3200000000 0.88835809905831653044 0.00000000000000000000
0.3300000000 0.86441232516272958897 0.00000000000000000000
0.3400000000 0.84115552573582752505 0.00000000000000000000
0.3500000000 0.81857248152304751265 0.00000000000000000000
0.3600000000 0.79664785115519887171 0.00000000000000000000
0.3700000000 0.77536621795267790525 0.00000000000000000000
0.3800000000 0.75471213333978748317 0.00000000000000000000
0.3900000000 0.73467015691878223560 0.00000000000000000000
0.4000000000 0.71522489327724858565 0.00000000000000000000
0.4100000000 0.69636102562240054237 0.00000000000000000000
0.4200000000 0.67806334635224463359 0.00000000000000000000
0.4300000000 0.66031678468651322511 0.00000000000000000000
0.4400000000 0.64310643149017421294 0.00000000000000000000
0.4500000000 0.62641756142943760821 0.00000000000000000000
0.4600000000 0.61023565260490431061 0.00000000000000000000
0.4700000000 0.59454640380899759222 0.00000000000000000000
0.4800000000 0.57933574955556632613 0.00000000000000000000
0.4900000000 0.56458987302857788215 0.00000000000000000000
0.5000000000 0.55029521709466766577 0.00000000000000000000
0.5100000000 0.53643849352089834071 0.00000000000000000000
0.5200000000 0.52300669053492665483 0.00000000000000000000
0.5300000000 0.50998707885979221999 0.00000000000000000000
0.5400000000 0.49736721635010461284 0.00000000000000000000
0.5500000000 0.48513495135053219531 0.00000000000000000000
0.5600000000 0.47327842489137295079 0.00000000000000000000
0.5700000000 0.46178607182972225553 0.00000000000000000000
0.5800000000 0.45064662103838348806 0.00000000000000000000
0.5900000000 0.43984909473838679217 0.00000000000000000000
0.6000000000 0.42938280706470582926 0.00000000000000000000
0.6100000000 0.41923736194866317861 0.00000000000000000000
0.6200000000 0.40940265039460604912 0.00000000000000000000
0.6300000000 0.39986884722267573844 0.00000000000000000000
0.6400000000 0.39062640734404197040 0.00000000000000000000
0.6500000000 0.38166606162969712868 0.00000000000000000000
0.6600000000 0.37297881242896940845 0.00000000000000000000
0.6700000000 0.36455592878916692756 0.00000000000000000000
0.6800000000 0.35638894142335725279 0.00000000000000000000
0.6900000000 0.34846963746910014637 0.00000000000000000000
0.7000000000 0.34079005507706650047 0.00000000000000000000
0.7100000000 0.33334247786480530884 0.00000000000000000000
0.7200000000 0.32611942926757631067 0.00000000000000000000
0.7300000000 0.31911366681496911024 0.00000000000000000000
0.7400000000 0.31231817635914072007 0.00000000000000000000
0.7500000000 0.30572616627781218357 0.00000000000000000000
0.7600000000 0.29933106167266221309 0.00000000000000000000
0.7700000000 0.29312649858147665771 0.00000000000000000000
0.7800000000 0.28710631822033133576 0.00000000000000000000
0.7900000000 0.28126456127011273400 0.00000000000000000000
0.8000000000 0.27559546221999142723 0.00000000000000000000
0.8100000000 0.27009344377879052068 0.00000000000000000000
0.8200000000 0.26475311136377305266 0.00000000000000000000
0.8300000000 0.25956924767498990025 0.00000000000000000000
0.8400000000 0.25453680736221678815 0.00000000000000000000
0.8500000000 0.24965091179025786228 0.00000000000000000000
0.8600000000 0.24490684390760411593 0.00000000000000000000
0.8700000000 0.24030004322233405878 0.00000000000000000000
0.8800000000 0.23582610088850619601 0.00000000000000000000
0.8900000000 0.23148075490548059019 0.00000000000000000000
0.9000000000 0.22725988543197764291 0.00000000000000000000
0.9100000000 0.22315951021611088456 0.00000000000000000000
0.9200000000 0.21917578014213215387 0.00000000000000000000
0.9300000000 0.21530497489413230605 0.00000000000000000000
0.9400000000 0.21154349873655631242 0.00000000000000000000
0.9500000000 0.20788787641100911485 0.00000000000000000000
0.9600000000 0.20433474914866808780 0.00000000000000000000
0.9700000000 0.20088087079691710479 0.00000000000000000000
0.9800000000 0.19752310405924017322 0.00000000000000000000
0.9900000000 0.19425841684662797926 0.00000000000000000000
1.0000000000 0.19108387873838397764 0.00000000000000000000
1.0100000000 0.18799665755217742635 0.00000000000000000000
1.0200000000 0.18499401601865764211 0.00000000000000000000
1.0300000000 0.18207330855997777563 0.00000000000000000000
1.0400000000 0.17923197817141517385 0.00000000000000000000
1.0500000000 0.17646755340117656341 0.00000000000000000000
1.0600000000 0.17377764542779783330 0.00000000000000000000
1.0700000000 0.17115994523230446123 0.00000000000000000000
1.0800000000 0.16861222086282323662 0.00000000000000000000
1.0900000000 0.16613231478925419293 0.00000000000000000000
1.1000000000 0.16371814134557932663 0.00000000000000000000
1.1100000000 0.16136768425749661859 0.00000000000000000000
1.1200000000 0.15907899425292201800 0.00000000000000000000
1.1300000000 0.15685018675303014080 0.00000000000000000000
1.1400000000 0.15467943964151176228 0.00000000000000000000
1.1500000000 0.15256499110970489497 0.00000000000000000000
1.1600000000 0.15050513757533742765 0.00000000000000000000
1.1700000000 0.14849823167262934942 0.00000000000000000000
1.1800000000 0.14654268031155034957 0.00000000000000000000
1.1900000000 0.14463694280406055870 0.00000000000000000000
1.2000000000 0.14277952905523544347 0.00000000000000000000
1.2100000000 0.14096899781716143440 0.00000000000000000000
1.2200000000 0.13920395500359855623 0.00000000000000000000
1.2300000000 0.13748305206342412155 0.00000000000000000000
1.2400000000 0.13580498441091046202 0.00000000000000000000
1.2500000000 0.13416848991096222421 0.00000000000000000000
1.2600000000 0.13257234741747425666 0.00000000000000000000
1.2700000000 0.13101537536301130493 0.00000000000000000000
1.2800000000 0.12949643039810754264 0.00000000000000000000
1.2900000000 0.12801440607843619923 0.00000000000000000000
1.3000000000 0.12656823159827537695 0.00000000000000000000
1.3100000000 0.12515687056862856430 0.00000000000000000000
1.3200000000 0.12377931983848719510 0.00000000000000000000
1.3300000000 0.12243460835771297068 0.00000000000000000000
1.3400000000 0.12112179608011154619 0.00000000000000000000
1.3500000000 0.11983997290527681479 0.00000000000000000000
1.3600000000 0.11858825765784948569 0.00000000000000000000
1.3700000000 0.11736579710287653455 0.00000000000000000000
1.3800000000 0.11617176499599095318 0.00000000000000000000
1.3900000000 0.11500536116717881285 0.00000000000000000000
1.4000000000 0.11386581063694789506 0.00000000000000000000
1.4100000000 0.11275236276374225874 0.00000000000000000000
1.4200000000 0.11166429042148354189 0.00000000000000000000
1.4300000000 0.11060088920617405783 0.00000000000000000000
1.4400000000 0.10956147667051208128 0.00000000000000000000
1.4500000000 0.10854539158552169165 0.00000000000000000000
1.4600000000 0.10755199322822996122 0.00000000000000000000
1.4700000000 0.10658066069444623036 0.00000000000000000000
1.4800000000 0.10563079223575519427 0.00000000000000000000
1.4900000000 0.10470180461983859266 0.00000000000000000000
1.5000000000 0.10379313251329763679 0.00000000000000000000
1.5100000000 0.10290422788615427585 0.00000000000000000000
1.5200000000 0.10203455943725982247 0.00000000000000000000
1.5300000000 0.10118361203984904684 0.00000000000000000000
1.5400000000 0.10035088620651398672 0.00000000000000000000
1.5500000000 0.09953589757290408346 0.00000000000000000000
1.5600000000 0.09873817639946246005 0.00000000000000000000
1.5700000000 0.09795726709056393200 0.00000000000000000000
1.5800000000 0.09719272773040833757 0.00000000000000000000
1.5900000000 0.09644412963508453007 0.00000000000000000000
1.6000000000 0.09571105692019919731 0.00000000000000000000
1.6100000000 0.09499310608353030150 0.00000000000000000000
1.6200000000 0.09428988560214780767 0.00000000000000000000
1.6300000000 0.09360101554348473907 0.00000000000000000000
1.6400000000 0.09292612718985929221 0.00000000000000000000
1.6500000000 0.09226486267595848667 0.00000000000000000000
1.6600000000 0.09161687463882019211 0.00000000000000000000
1.6700000000 0.09098182587985907677 0.00000000000000000000
1.6800000000 0.09035938903851167825 0.00000000000000000000
1.6900000000 0.08974924627707220326 0.00000000000000000000
1.7000000000 0.08915108897632913199 0.00000000000000000000
1.7100000000 0.08856461744160382121 0.00000000000000000000
1.7200000000 0.08798954061882899302 0.00000000000000000000
1.7300000000 0.08742557582029651664 0.00000000000000000000
1.7400000000 0.08687244845974129159 0.00000000000000000000
1.7500000000 0.08632989179641381572 0.00000000000000000000
1.7600000000 0.08579764668783328163 0.00000000000000000000
1.7700000000 0.08527546135090433022 0.00000000000000000000
1.7800000000 0.08476309113109974092 0.00000000000000000000
1.7900000000 0.08426029827942502215 0.00000000000000000000
1.8000000000 0.08376685173688891428 0.00000000000000000000
1.8100000000 0.08328252692620784214 0.00000000000000000000
1.8200000000 0.08280710555049600186 0.00000000000000000000
1.8300000000 0.08234037539868742372 0.00000000000000000000
1.8400000000 0.08188213015745407497 0.00000000000000000000
1.8500000000 0.08143216922939360003 0.00000000000000000000
1.8600000000 0.08099029755726014357 0.00000000000000000000
1.8700000000 0.08055632545403056122 0.00000000000000000000
1.8800000000 0.08013006843859893369 0.00000000000000000000
1.8900000000 0.07971134707690145926 0.00000000000000000000
1.9000000000 0.07929998682828329204 0.00000000000000000000
1.9100000000 0.07889581789691937908 0.00000000000000000000
1.9200000000 0.07849867508812155559 0.00000000000000000000
1.9300000000 0.07810839766935169515 0.00000000000000000000
1.9400000000 0.07772482923578107050 0.00000000000000000000
1.9500000000 0.07734781758024328324 0.00000000000000000000
1.9600000000 0.07697721456741800361 0.00000000000000000000
1.9700000000 0.07661287601210609033 0.00000000000000000000
1.9800000000 0.07625466156145399577 0.00000000000000000000
1.9900000000 0.07590243458098863694 0.00000000000000000000
2.0000000000 0.07555606204433175377 0.00000000000000000000
2.0100000000 0.07521541442647033948 0.00000000000000000000
2.0200000000 0.07488036560045692458 0.00000000000000000000
2.0300000000 0.07455079273742448720 0.00000000000000000000
2.0400000000 0.07422657620980198379 0.00000000000000000000
2.0500000000 0.07390759949762053249 0.00000000000000000000
2.0600000000 0.07359374909780708185 0.00000000000000000000
2.0700000000 0.07328491443635958003 0.00000000000000000000
2.0800000000 0.07298098778331209291 0.00000000000000000000
2.0900000000 0.07268186417038806357 0.00000000000000000000
2.1000000000 0.07238744131125605941 0.00000000000000000000
2.1100000000 0.07209761952429795395 0.00000000000000000000
2.1200000000 0.07181230165780613794 0.00000000000000000000
2.1300000000 0.07153139301752423074 0.00000000000000000000
2.1400000000 0.07125480129646012684 0.00000000000000000000
2.1500000000 0.07098243650688461359 0.00000000000000000000
2.1600000000 0.07071421091445256879 0.00000000000000000000
2.1700000000 0.07045003897437146501 0.00000000000000000000
2.1800000000 0.07018983726954568236 0.00000000000000000000
2.1900000000 0.06993352445063773237 0.00000000000000000000
2.2000000000 0.06968102117797755901 0.00000000000000000000
2.2100000000 0.06943225006526106136 0.00000000000000000000
2.2200000000 0.06918713562497742775 0.00000000000000000000
2.2300000000 0.06894560421551014506 0.00000000000000000000
2.2400000000 0.06870758398985281346 0.00000000000000000000
2.2500000000 0.06847300484589194380 0.00000000000000000000
2.2600000000 0.06824179837820099070 0.00000000000000000000
2.2700000000 0.06801389783129696553 0.00000000000000000000
2.2800000000 0.06778923805431505412 0.00000000000000000000
2.2900000000 0.06756775545705061281 0.00000000000000000000
2.3000000000 0.06734938796732543864 0.00000000000000000000
2.3100000000 0.06713407498963830378 0.00000000000000000000
2.3200000000 0.06692175736505395767 0.00000000000000000000
2.3300000000 0.06671237733229200273 0.00000000000000000000
2.3400000000 0.06650587848997938090 0.00000000000000000000
2.3500000000 0.06630220576002411603 0.00000000000000000000
2.3600000000 0.06610130535207886515 0.00000000000000000000
2.3700000000 0.06590312472905782148 0.00000000000000000000
2.3800000000 0.06570761257367190022 0.00000000000000000000
2.3900000000 0.06551471875595038519 0.00000000000000000000
2.4000000000 0.06532439430172048977 0.00000000000000000000
2.4100000000 0.06513659136200869448 0.00000000000000000000
2.4200000000 0.06495126318334072668 0.00000000000000000000
2.4300000000 0.06476836407890665392 0.00000000000000000000
2.4400000000 0.06458784940056726265 0.00000000000000000000
2.4500000000 0.06440967551167353644 0.00000000000000000000
2.4600000000 0.06423379976067408736 0.00000000000000000000
2.4700000000 0.06406018045548560191 0.00000000000000000000
2.4800000000 0.06388877683860265388 0.00000000000000000000
2.4900000000 0.06371954906292374987 0.00000000000000000000
2.5000000000 0.06355245816827156946 0.00000000000000000000
2.5100000000 0.06338746605858480709 0.00000000000000000000
2.5200000000 0.06322453547976146504 0.00000000000000000000
2.5300000000 0.06306362999813425185 0.00000000000000000000
2.5400000000 0.06290471397955700594 0.00000000000000000000
2.5500000000 0.06274775256908352028 0.00000000000000000000
2.5600000000 0.06259271167122174018 0.00000000000000000000
2.5700000000 0.06243955793074494609 0.00000000000000000000
2.5800000000 0.06228825871404238684 0.00000000000000000000
2.5900000000 0.06213878209099327199 0.00000000000000000000
2.6000000000 0.06199109681734892019 0.00000000000000000000
2.6100000000 0.06184517231760538331 0.00000000000000000000
2.6200000000 0.06170097866835551337 0.00000000000000000000
2.6300000000 0.06155848658210066882 0.00000000000000000000
2.6400000000 0.06141766739151362925 0.00000000000000000000
2.6500000000 0.06127849303413521187 0.00000000000000000000
2.6600000000 0.06114093603749271716 0.00000000000000000000
2.6700000000 0.06100496950462835910 0.00000000000000000000
2.6800000000 0.06087056710002492627 0.00000000000000000000
2.6900000000 0.06073770303591535108 0.00000000000000000000
2.7000000000 0.06060635205896669486 0.00000000000000000000
2.7100000000 0.06047648943732750193 0.00000000000000000000
2.7200000000 0.06034809094802531110 0.00000000000000000000
2.7300000000 0.06022113286470669180 0.00000000000000000000
2.7400000000 0.06009559194570799484 0.00000000000000000000
2.7500000000 0.05997144542244785270 0.00000000000000000000
2.7600000000 0.05984867098813159703 0.00000000000000000000
2.7700000000 0.05972724678675824656 0.00000000000000000000
2.7800000000 0.05960715140242233562 0.00000000000000000000
2.7900000000 0.05948836384889974460 0.00000000000000000000
2.8000000000 0.05937086355951199518 0.00000000000000000000
2.8100000000 0.05925463037725876847 0.00000000000000000000
2.8200000000 0.05913964454521171421 0.00000000000000000000
2.8300000000 0.05902588669716187647 0.00000000000000000000
2.8400000000 0.05891333784851324196 0.00000000000000000000
2.8500000000 0.05880197938741626301 0.00000000000000000000
2.8600000000 0.05869179306613223762 0.00000000000000000000
2.8700000000 0.05858276099262502146 0.00000000000000000000
2.8800000000 0.05847486562237016322 0.00000000000000000000
2.8900000000 0.05836808975037830610 0.00000000000000000000
2.9000000000 0.05826241650342470907 0.00000000000000000000
2.9100000000 0.05815782933247991976 0.00000000000000000000
2.9200000000 0.05805431200533577030 0.00000000000000000000
2.9300000000 0.05795184859942045102 0.00000000000000000000
2.9400000000 0.05785042349479890128 0.00000000000000000000
2.9500000000 0.05775002136735159219 0.00000000000000000000
2.9600000000 0.05765062718212770471 0.00000000000000000000
2.9700000000 0.05755222618686767211 0.00000000000000000000
2.9800000000 0.05745480390568963314 0.00000000000000000000
2.9900000000 0.05735834613293638168 0.00000000000000000000
3.0000000000 0.05726283892717715790 0.00000000000000000000
3.0100000000 0.05716826860536154686 0.00000000000000000000
3.0200000000 0.05707462173711889269 0.00000000000000000000
3.0300000000 0.05698188513920161152 0.00000000000000000000
3.0400000000 0.05689004587006696312 0.00000000000000000000
3.0500000000 0.05679909122459385340 0.00000000000000000000
3.0600000000 0.05670900872893135103 0.00000000000000000000
3.0700000000 0.05661978613547457434 0.00000000000000000000
3.0800000000 0.05653141141796487468 0.00000000000000000000
3.0900000000 0.05644387276671099934 0.00000000000000000000
3.1000000000 0.05635715858392785493 0.00000000000000000000
3.1100000000 0.05627125747918984566 0.00000000000000000000
3.1200000000 0.05618615826499445687 0.00000000000000000000
3.1300000000 0.05610184995243527872 0.00000000000000000000
3.1400000000 0.05601832174698060524 0.00000000000000000000
3.1500000000 0.05593556304435225168 0.00000000000000000000
3.1600000000 0.05585356342650722727 0.00000000000000000000
3.1700000000 0.05577231265771438046 0.00000000000000000000
3.1800000000 0.05569180068072613482 0.00000000000000000000
3.1900000000 0.05561201761304220004 0.00000000000000000000
3.2000000000 0.05553295374326264189 0.00000000000000000000
3.2100000000 0.05545459952752843091 0.00000000000000000000
3.2200000000 0.05537694558604649986 0.00000000000000000000
3.2300000000 0.05529998269969720742 0.00000000000000000000
3.2400000000 0.05522370180672270257 0.00000000000000000000
3.2500000000 0.05514809399949364283 0.00000000000000000000
3.2600000000 0.05507315052135091510 0.00000000000000000000
3.2700000000 0.05499886276352377451 0.00000000000000000000
3.2800000000 0.05492522226211758729 0.00000000000000000000
3.2900000000 0.05485222069517470267 0.00000000000000000000
3.3000000000 0.05477984987980185488 0.00000000000000000000
3.3100000000 0.05470810176936517777 0.00000000000000000000
3.3200000000 0.05463696845075073638 0.00000000000000000000
3.3300000000 0.05456644214168750173 0.00000000000000000000
3.3400000000 0.05449651518813231760 0.00000000000000000000
3.3500000000 0.05442718006171624184 0.00000000000000000000
3.3600000000 0.05435842935724730790 0.00000000000000000000
3.3700000000 0.05429025579027232928 0.00000000000000000000
3.3800000000 0.05422265219469401404 0.00000000000000000000
3.3900000000 0.05415561152044130744 0.00000000000000000000
3.4000000000 0.05408912683119332376 0.00000000000000000000
3.4100000000 0.05402319130215561815 0.00000000000000000000
3.4200000000 0.05395779821788494052 0.00000000000000000000
3.4300000000 0.05389294097016441437 0.00000000000000000000
3.4400000000 0.05382861305592585160 0.00000000000000000000
3.4500000000 0.05376480807521855781 0.00000000000000000000
3.4600000000 0.05370151972922397599 0.00000000000000000000
3.4700000000 0.05363874181831353866 0.00000000000000000000
3.4800000000 0.05357646824015100534 0.00000000000000000000
3.4900000000 0.05351469298783606554 0.00000000000000000000
3.5000000000 0.05345341014808883962 0.00000000000000000000
3.5100000000 0.05339261389947479869 0.00000000000000000000
3.5200000000 0.05333229851066864646 0.00000000000000000000
3.5300000000 0.05327245833875600411 0.00000000000000000000
3.5400000000 0.05321308782757235706 0.00000000000000000000
3.5500000000 0.05315418150607829906 0.00000000000000000000
3.5600000000 0.05309573398677004674 0.00000000000000000000
3.5700000000 0.05303773996412439184 0.00000000000000000000
3.5800000000 0.05298019421307718912 0.00000000000000000000
3.5900000000 0.05292309158753466525 0.00000000000000000000
3.6000000000 0.05286642701891725027 0.00000000000000000000
3.6100000000 0.05281019551473370433 0.00000000000000000000
3.6200000000 0.05275439215718665670 0.00000000000000000000
3.6300000000 0.05269901210180717027 0.00000000000000000000
3.6400000000 0.05264405057611880323 0.00000000000000000000
3.6500000000 0.05258950287833021736 0.00000000000000000000
3.6600000000 0.05253536437605432763 0.00000000000000000000
3.6700000000 0.05248163050505617183 0.00000000000000000000
3.6800000000 0.05242829676802551742 0.00000000000000000000
3.6900000000 0.05237535873337640507 0.00000000000000000000
3.7000000000 0.05232281203407115888 0.00000000000000000000
3.7100000000 0.05227065236646893237 0.00000000000000000000
3.7200000000 0.05221887548919876276 0.00000000000000000000
3.7300000000 0.05216747722205569704 0.00000000000000000000
3.7400000000 0.05211645344491926818 0.00000000000000000000
3.7500000000 0.05206580009669524445 0.00000000000000000000
3.7600000000 0.05201551317427869497 0.00000000000000000000
3.7700000000 0.05196558873153819813 0.00000000000000000000
3.7800000000 0.05191602287832106088 0.00000000000000000000
3.7900000000 0.05186681177947874422 0.00000000000000000000
3.8000000000 0.05181795165391229335 0.00000000000000000000
3.8100000000 0.05176943877363727325 0.00000000000000000000
3.8200000000 0.05172126946286690480 0.00000000000000000000
3.8300000000 0.05167344009711494213 0.00000000000000000000
3.8400000000 0.05162594710231523110 0.00000000000000000000
3.8500000000 0.05157878695396047458 0.00000000000000000000
3.8600000000 0.05153195617625665192 0.00000000000000000000
3.8700000000 0.05148545134129577094 0.00000000000000000000
3.8800000000 0.05143926906824412837 0.00000000000000000000
3.8900000000 0.05139340602254706403 0.00000000000000000000
3.9000000000 0.05134785891514977163 0.00000000000000000000
3.9100000000 0.05130262450173288247 0.00000000000000000000
3.9200000000 0.05125769958196345344 0.00000000000000000000
3.9300000000 0.05121308099876100556 0.00000000000000000000
3.9400000000 0.05116876563757735003 0.00000000000000000000
3.9500000000 0.05112475042569069456 0.00000000000000000000
3.9600000000 0.05108103233151391892 0.00000000000000000000
3.9700000000 0.05103760836391574990 0.00000000000000000000
3.9800000000 0.05099447557155521726 0.00000000000000000000
3.9900000000 0.05095163104222972389 0.00000000000000000000
4.0000000000 0.05090907190223418338 0.00000000000000000000
4.0100000000 0.05086679531573399388 0.00000000000000000000
4.0200000000 0.05082479848414936385 0.00000000000000000000
4.0300000000 0.05078307864555121898 0.00000000000000000000
4.0400000000 0.05074163307406937690 0.00000000000000000000
4.0500000000 0.05070045907931088058 0.00000000000000000000
4.0600000000 0.05065955400579057188 0.00000000000000000000
4.0700000000 0.05061891523237156687 0.00000000000000000000
4.0800000000 0.05057854017171688199 0.00000000000000000000
4.0900000000 0.05053842626975091346 0.00000000000000000000
4.1000000000 0.05049857100513119312 0.00000000000000000000
4.1100000000 0.05045897188873024741 0.00000000000000000000
4.1200000000 0.05041962646312707352 0.00000000000000000000
4.1300000000 0.05038053230210755989 0.00000000000000000000
4.1400000000 0.05034168701017508601 0.00000000000000000000
4.1500000000 0.05030308822206934483 0.00000000000000000000
4.1600000000 0.05026473360229505999 0.00000000000000000000
4.1700000000 0.05022662084465773918 0.00000000000000000000
4.1800000000 0.05018874767180996066 0.00000000000000000000
4.1900000000 0.05015111183480473744 0.00000000000000000000
4.2000000000 0.05011371111265675721 0.00000000000000000000
4.2100000000 0.05007654331191319780 0.00000000000000000000
4.2200000000 0.05003960626623032287 0.00000000000000000000
4.2300000000 0.05000289783595966708 0.00000000000000000000
4.2400000000 0.04996641590773996666 0.00000000000000000000
4.2500000000 0.04993015839409804812 0.00000000000000000000
4.2600000000 0.04989412323305581626 0.00000000000000000000
4.2700000000 0.04985830838774438223 0.00000000000000000000
4.2800000000 0.04982271184602596326 0.00000000000000000000
4.2900000000 0.04978733162012133340 0.00000000000000000000
4.3000000000 0.04975216574624488630 0.00000000000000000000
4.3100000000 0.04971721228424551275 0.00000000000000000000
4.3200000000 0.04968246931725444487 0.00000000000000000000
4.3300000000 0.04964793495133862367 0.00000000000000000000
4.3400000000 0.04961360731516081812 0.00000000000000000000
4.3500000000 0.04957948455964531626 0.00000000000000000000
4.3600000000 0.04954556485764958357 0.00000000000000000000
4.3700000000 0.04951184640364192369 0.00000000000000000000
4.3800000000 0.04947832741338403090 0.00000000000000000000
4.3900000000 0.04944500612362007913 0.00000000000000000000
4.4000000000 0.04941188079177039061 0.00000000000000000000
4.4100000000 0.04937894969563071113 0.00000000000000000000
4.4200000000 0.04934621113307677276 0.00000000000000000000
4.4300000000 0.04931366342177360279 0.00000000000000000000
4.4400000000 0.04928130489889027965 0.00000000000000000000
4.4500000000 0.04924913392081929631 0.00000000000000000000
4.4600000000 0.04921714886290047553 0.00000000000000000000
4.4700000000 0.04918534811915025590 0.00000000000000000000
4.4800000000 0.04915373010199497461 0.00000000000000000000
4.4900000000 0.04912229324200894504 0.00000000000000000000
4.5000000000 0.04909103598765686416 0.00000000000000000000
4.5100000000 0.04905995680504060541 0.00000000000000000000
4.5200000000 0.04902905417765024421 0.00000000000000000000
4.5300000000 0.04899832660611937174 0.00000000000000000000
4.5400000000 0.04896777260798434311 0.00000000000000000000
4.5500000000 0.04893739071744744595 0.00000000000000000000
4.5600000000 0.04890717948514469032 0.00000000000000000000
4.5700000000 0.04887713747791622848 0.00000000000000000000
4.5800000000 0.04884726327858172207 0.00000000000000000000
4.5900000000 0.04881755548571900527 0.00000000000000000000
4.6000000000 0.04878801271344615498 0.00000000000000000000
4.6100000000 0.04875863359120745366 0.00000000000000000000
4.6200000000 0.04872941676356280782 0.00000000000000000000
4.6300000000 0.04870036088998053181 0.00000000000000000000
4.6400000000 0.04867146464463346922 0.00000000000000000000
4.6500000000 0.04864272671619872257 0.00000000000000000000
4.6600000000 0.04861414580765999888 0.00000000000000000000
4.6700000000 0.04858572063611412556 0.00000000000000000000
4.6800000000 0.04855744993257962022 0.00000000000000000000
4.6900000000 0.04852933244180924338 0.00000000000000000000
4.7000000000 0.04850136692210486183 0.00000000000000000000
4.7100000000 0.04847355214513592025 0.00000000000000000000
4.7200000000 0.04844588689576027202 0.00000000000000000000
4.7300000000 0.04841836997184791047 0.00000000000000000000
4.7400000000 0.04839100018410826681 0.00000000000000000000
4.7500000000 0.04836377635591883328 0.00000000000000000000
4.7600000000 0.04833669732315818562 0.00000000000000000000
4.7700000000 0.04830976193404000474 0.00000000000000000000
4.7800000000 0.04828296904895110903 0.00000000000000000000
4.7900000000 0.04825631754029097165 0.00000000000000000000
4.8000000000 0.04822980629231431865 0.00000000000000000000
4.8100000000 0.04820343420097620429 0.00000000000000000000
4.8200000000 0.04817720017377906394 0.00000000000000000000
4.8300000000 0.04815110312962272293 0.00000000000000000000
4.8400000000 0.04812514199865627201 0.00000000000000000000
4.8500000000 0.04809931572213241302 0.00000000000000000000
4.8600000000 0.04807362325226405969 0.00000000000000000000
4.8700000000 0.04804806355208323526 0.00000000000000000000
4.8800000000 0.04802263559530183662 0.00000000000000000000
4.8900000000 0.04799733836617493810 0.00000000000000000000
4.9000000000 0.04797217085936585079 0.00000000000000000000
4.9100000000 0.04794713207981336767 0.00000000000000000000
4.9200000000 0.04792222104260114579 0.00000000000000000000
4.9300000000 0.04789743677282876783 0.00000000000000000000
4.9400000000 0.04787277830548506558 0.00000000000000000000
4.9500000000 0.04784824468532329622 0.00000000000000000000
4.9600000000 0.04782383496673792839 0.00000000000000000000
4.9700000000 0.04779954821364366252 0.00000000000000000000
4.9800000000 0.04777538349935604028 0.00000000000000000000
4.9900000000 0.04775133990647387194 0.00000000000000000000
5.0000000000 0.04772741652676349561 0.00000000000000000000
