0.1000000000 0.56198343054165911248 0.00000000000000000000
0.1100000000 0.54983437653570566006 0.00000000000000000000
0.1200000000 0.53787201048345900656 0.00000000000000000000
0.1300000000 0.52609826144180837915 0.00000000000000000000
0.1400000000 0.51451481763699746796 0.00000000000000000000
0.1500000000 0.50312312762777611219 0.00000000000000000000
0.1600000000 0.49192440227459138802 0.00000000000000000000
0.1700000000 0.48091961748153427836 0.00000000000000000000
0.1800000000 0.47010951767341491170 0.00000000000000000000
0.1900000000 0.45949461996652007922 0.00000000000000000000
0.2000000000 0.44907521898832830631 0.00000000000000000000
0.2100000000 0.43885139229874464695 0.00000000000000000000
0.2200000000 0.42882300636325215715 0.00000000000000000000
0.2300000000 0.41898972302678011426 0.00000000000000000000
0.2400000000 0.40935100643602928550 0.00000000000000000000
0.2500000000 0.39990613035746097603 0.00000000000000000000
0.2600000000 0.39065418583812172582 0.00000000000000000000
0.2700000000 0.38159408915691223063 0.00000000000000000000
0.2800000000 0.37272459001476948570 0.00000000000000000000
0.2900000000 0.36404427991350118976 0.00000000000000000000
0.3000000000 0.35555160067461749618 0.00000000000000000000
0.3100000000 0.34724485305143620861 0.00000000000000000000
0.3200000000 0.33912220538992687846 0.00000000000000000000
0.3300000000 0.33118170229617405198 0.00000000000000000000
0.3400000000 0.32342127327093694866 0.00000000000000000000
0.3500000000 0.31583874127451749825 0.00000000000000000000
0.3600000000 0.30843183118798173092 0.00000000000000000000
0.3700000000 0.30119817813967575404 0.00000000000000000000
0.3800000000 0.29413533566890054383 0.00000000000000000000
0.3900000000 0.28724078370152678064 0.00000000000000000000
0.4000000000 0.28051193631521964544 0.00000000000000000000
0.4100000000 0.27394614927476029775 0.00000000000000000000
0.4200000000 0.26754072732070732776 0.00000000000000000000
0.4300000000 0.26129293119727281525 0.00000000000000000000
0.4400000000 0.25519998440782409865 0.00000000000000000000
0.4500000000 0.24925907968881735877 0.00000000000000000000
0.4600000000 0.24346738519522512223 0.00000000000000000000
0.4700000000 0.23782205039263501489 0.00000000000000000000
0.4800000000 0.23232021165315985822 0.00000000000000000000
0.4900000000 0.22695899755409401632 0.00000000000000000000
0.5000000000 0.22173553387991909447 0.00000000000000000000
0.5100000000 0.21664694832973740990 0.00000000000000000000
0.5200000000 0.21169037493357678592 0.00000000000000000000
0.5300000000 0.20686295818219105347 0.00000000000000000000
0.5400000000 0.20216185687605464638 0.00000000000000000000
0.5500000000 0.19758424770014498817 0.00000000000000000000
0.5600000000 0.19312732853191591498 0.00000000000000000000
0.5700000000 0.18878832149052668377 0.00000000000000000000
0.5800000000 0.18456447573593412481 0.00000000000000000000
0.5900000000 0.18045307002691557408 0.00000000000000000000
0.6000000000 0.17645141504742162253 0.00000000000000000000
0.6100000000 0.17255685551092486696 0.00000000000000000000
0.6200000000 0.16876677205259454917 0.00000000000000000000
0.6300000000 0.16507858291923599436 0.00000000000000000000
0.6400000000 0.16148974546694191967 0.00000000000000000000
0.6500000000 0.15799775747639260848 0.00000000000000000000
0.6600000000 0.15460015829565088019 0.00000000000000000000
0.6700000000 0.15129452982015853535 0.00000000000000000000
0.6800000000 0.14807849731947420047 0.00000000000000000000
0.6900000000 0.14494973012008716129 0.00000000000000000000
0.7000000000 0.14190594215340140982 0.00000000000000000000
0.7100000000 0.13894489237771665002 0.00000000000000000000
0.7200000000 0.13606438508275936483 0.00000000000000000000
0.7300000000 0.13326227008501484450 0.00000000000000000000
0.7400000000 0.13053644282179313607 0.00000000000000000000
0.7500000000 0.12788484435165675679 0.00000000000000000000
0.7600000000 0.12530546126849467781 0.00000000000000000000
0.7700000000 0.12279632553621082358 0.00000000000000000000
0.7800000000 0.12035551425066526310 0.00000000000000000000
0.7900000000 0.11798114933516433422 0.00000000000000000000
0.8000000000 0.11567139717549004829 0.00000000000000000000
0.8100000000 0.11342446820012032360 0.00000000000000000000
0.8200000000 0.11123861641099891395 0.00000000000000000000
0.8300000000 0.10911213886988328781 0.00000000000000000000
0.8400000000 0.10704337514500587847 0.00000000000000000000
0.8500000000 0.10503070672252734497 0.00000000000000000000
0.8600000000 0.10307255638691648070 0.00000000000000000000
0.8700000000 0.10116738757418718142 0.00000000000000000000
0.8800000000 0.09931370370162170835 0.00000000000000000000
0.8900000000 0.09751004747736764788 0.00000000000000000000
0.9000000000 0.09575500019308834376 0.00000000000000000000
0.9100000000 0.09404718100255783642 0.00000000000000000000
0.9200000000 0.09238524618895813112 0.00000000000000000000
0.9300000000 0.09076788842333266549 0.00000000000000000000
0.9400000000 0.08919383601655840599 0.00000000000000000000
0.9500000000 0.08766185216693408999 0.00000000000000000000
0.9600000000 0.08617073420533440109 0.00000000000000000000
0.9700000000 0.08471931283974493132 0.00000000000000000000
0.9800000000 0.08330645140079874500 0.00000000000000000000
0.9900000000 0.08193104508978311940 0.00000000000000000000
1.0000000000 0.08059202023026527939 0.00000000000000000000
1.0100000000 0.07928833352553994740 0.00000000000000000000
1.0200000000 0.07801897132138513324 0.00000000000000000000
1.0300000000 0.07678294887586198381 0.00000000000000000000
1.0400000000 0.07557930963821112014 0.00000000000000000000
1.0500000000 0.07440712453562130235 0.00000000000000000000
1.0600000000 0.07326549126986568738 0.00000000000000000000
1.0700000000 0.07215353362403927051 0.00000000000000000000
1.0800000000 0.07107040077994053462 0.00000000000000000000
1.0900000000 0.07001526664660610855 0.00000000000000000000
1.1000000000 0.06898732920035050009 0.00000000000000000000
1.1100000000 0.06798580983668570110 0.00000000000000000000
1.1200000000 0.06700995273435818300 0.00000000000000000000
1.1300000000 0.06605902423175523397 0.00000000000000000000
1.1400000000 0.06513231221583734576 0.00000000000000000000
1.1500000000 0.06422912552375019402 0.00000000000000000000
1.1600000000 0.06334879335718339444 0.00000000000000000000
1.1700000000 0.06249066470954901115 0.00000000000000000000
1.1800000000 0.06165410780599266116 0.00000000000000000000
1.1900000000 0.06083850955622992218 0.00000000000000000000
1.2000000000 0.06004327502017259982 0.00000000000000000000
1.2100000000 0.05926782688628158546 0.00000000000000000000
1.2200000000 0.05851160496256567478 0.00000000000000000000
1.2300000000 0.05777406568011386051 0.00000000000000000000
1.2400000000 0.05705468160905149272 0.00000000000000000000
1.2500000000 0.05635294098677137709 0.00000000000000000000
1.2600000000 0.05566834725829220010 0.00000000000000000000
1.2700000000 0.05500041862858368741 0.00000000000000000000
1.2800000000 0.05434868762667203340 0.00000000000000000000
1.2900000000 0.05371270068135383657 0.00000000000000000000
1.3000000000 0.05309201770831365602 0.00000000000000000000
1.3100000000 0.05248621170845493844 0.00000000000000000000
1.3200000000 0.05189486837723052137 0.00000000000000000000
1.3300000000 0.05131758572476893820 0.00000000000000000000
1.3400000000 0.05075397370657736690 0.00000000000000000000
1.3500000000 0.05020365386460595714 0.00000000000000000000
1.3600000000 0.04966625897845492604 0.00000000000000000000
1.3700000000 0.04914143272650362687 0.00000000000000000000
1.3800000000 0.04862882935673479984 0.00000000000000000000
1.3900000000 0.04812811336704200804 0.00000000000000000000
1.4000000000 0.04763895919478851326 0.00000000000000000000
1.4100000000 0.04716105091540514355 0.00000000000000000000
1.4200000000 0.04669408194980058380 0.00000000000000000000
1.4300000000 0.04623775478037268211 0.00000000000000000000
1.4400000000 0.04579178067539882435 0.00000000000000000000
1.4500000000 0.04535587942159877151 0.00000000000000000000
1.4600000000 0.04492977906464902527 0.00000000000000000000
1.4700000000 0.04451321565745203213 0.00000000000000000000
1.4800000000 0.04410593301594441934 0.00000000000000000000
1.4900000000 0.04370768248224785740 0.00000000000000000000
1.5000000000 0.04331822269496474198 0.00000000000000000000
1.5100000000 0.04293731936641636410 0.00000000000000000000
1.5200000000 0.04256474506663870255 0.00000000000000000000
1.5300000000 0.04220027901394632353 0.00000000000000000000
1.5400000000 0.04184370687187383836 0.00000000000000000000
1.5500000000 0.04149482055232541627 0.00000000000000000000
1.5600000000 0.04115341802474110217 0.00000000000000000000
1.5700000000 0.04081930313112275971 0.00000000000000000000
1.5800000000 0.04049228540673607823 0.00000000000000000000
1.5900000000 0.04017217990633242808 0.00000000000000000000
1.6000000000 0.03985880703572552974 0.00000000000000000000
1.6100000000 0.03955199238856735300 0.00000000000000000000
1.6200000000 0.03925156658816648242 0.00000000000000000000
1.6300000000 0.03895736513420251096 0.00000000000000000000
1.6400000000 0.03866922825418745574 0.00000000000000000000
1.6500000000 0.03838700075953479368 0.00000000000000000000
1.6600000000 0.03811053190609325902 0.00000000000000000000
1.6700000000 0.03783967525901600626 0.00000000000000000000
1.6800000000 0.03757428856182850468 0.00000000000000000000
1.6900000000 0.03731423360957043106 0.00000000000000000000
1.7000000000 0.03705937612588542512 0.00000000000000000000
1.7100000000 0.03680958564394021248 0.00000000000000000000
1.7200000000 0.03656473539105203896 0.00000000000000000000
1.7300000000 0.03632470217691378955 0.00000000000000000000
1.7400000000 0.03608936628530293872 0.00000000000000000000
1.7500000000 0.03585861136916810438 0.00000000000000000000
1.7600000000 0.03563232434898791490 0.00000000000000000000
1.7700000000 0.03541039531430048570 0.00000000000000000000
1.7800000000 0.03519271742830511196 0.00000000000000000000
1.7900000000 0.03497918683543963653 0.00000000000000000000
1.8000000000 0.03476970257184135854 0.00000000000000000000
1.8100000000 0.03456416647860016678 0.00000000000000000000
1.8200000000 0.03436248311771795960 0.00000000000000000000
1.8300000000 0.03416455969068754595 0.00000000000000000000
1.8400000000 0.03397030595960987692 0.00000000000000000000
1.8500000000 0.03377963417076947777 0.00000000000000000000
1.8600000000 0.03359245898059105145 0.00000000000000000000
1.8700000000 0.03340869738390046112 0.00000000000000000000
1.8800000000 0.03322826864441977973 0.00000000000000000000
1.8900000000 0.03305109422742441572 0.00000000000000000000
1.9000000000 0.03287709773449361966 0.00000000000000000000
1.9100000000 0.03270620484028920194 0.00000000000000000000
1.9200000000 0.03253834323129814465 0.00000000000000000000
1.9300000000 0.03237344254647520764 0.00000000000000000000
1.9400000000 0.03221143431972826876 0.00000000000000000000
1.9500000000 0.03205225192418559993 0.00000000000000000000
1.9600000000 0.03189583051818851295 0.00000000000000000000
1.9700000000 0.03174210699295709759 0.00000000000000000000
1.9800000000 0.03159101992187307584 0.00000000000000000000
1.9900000000 0.03144250951133036737 0.00000000000000000000
2.0000000000 0.03129651755310274008 0.00000000000000000000
2.0100000000 0.03115298737818010533 0.00000000000000000000
2.0200000000 0.03101186381202804959 0.00000000000000000000
2.0300000000 0.03087309313122462914 0.00000000000000000000
2.0400000000 0.03073662302143019553 0.00000000000000000000
2.0500000000 0.03060240253664948604 0.00000000000000000000
2.0600000000 0.03047038205974299252 0.00000000000000000000
2.0700000000 0.03034051326414934080 0.00000000000000000000
2.0800000000 0.03021274907678107163 0.00000000000000000000
2.0900000000 0.03008704364205351187 0.00000000000000000000
2.1000000000 0.02996335228701427558 0.00000000000000000000
2.1100000000 0.02984163148753668504 0.00000000000000000000
2.1200000000 0.02972183883554350287 0.00000000000000000000
2.1300000000 0.02960393300722923698 0.00000000000000000000
2.1400000000 0.02948787373224780531 0.00000000000000000000
2.1500000000 0.02937362176383696497 0.00000000000000000000
2.1600000000 0.02926113884984883617 0.00000000000000000000
2.1700000000 0.02915038770465747456 0.00000000000000000000
2.1800000000 0.02904133198191691939 0.00000000000000000000
2.1900000000 0.02893393624814200385 0.00000000000000000000
2.2000000000 0.02882816595708669744 0.00000000000000000000
2.2100000000 0.02872398742489322421 0.00000000000000000000
2.2200000000 0.02862136780599103952 0.00000000000000000000
2.2300000000 0.02852027506971764256 0.00000000000000000000
2.2400000000 0.02842067797764261800 0.00000000000000000000
2.2500000000 0.02832254606156945145 0.00000000000000000000
2.2600000000 0.02822584960219684524 0.00000000000000000000
2.2700000000 0.02813055960841655267 0.00000000000000000000
2.2800000000 0.02803664779722849984 0.00000000000000000000
2.2900000000 0.02794408657425482417 0.00000000000000000000
2.3000000000 0.02785284901483233225 0.00000000000000000000
2.3100000000 0.02776290884566678593 0.00000000000000000000
2.3200000000 0.02767424042703064621 0.00000000000000000000
2.3300000000 0.02758681873548808269 0.00000000000000000000
2.3400000000 0.02750061934712950268 0.00000000000000000000
2.3500000000 0.02741561842130136109 0.00000000000000000000
2.3600000000 0.02733179268481444879 0.00000000000000000000
2.3700000000 0.02724911941661677453 0.00000000000000000000
2.3800000000 0.02716757643291638560 0.00000000000000000000
2.3900000000 0.02708714207273916694 0.00000000000000000000
2.4000000000 0.02700779518391014170 0.00000000000000000000
2.4100000000 0.02692951510944333049 0.00000000000000000000
2.4200000000 0.02685228167432851878 0.00000000000000000000
2.4300000000 0.02677607517270248413 0.00000000000000000000
2.4400000000 0.02670087635539225915 0.00000000000000000000
2.4500000000 0.02662666641782055962 0.00000000000000000000
2.4600000000 0.02655342698826000658 0.00000000000000000000
2.4700000000 0.02648114011642745125 0.00000000000000000000
2.4800000000 0.02640978826240687749 0.00000000000000000000
2.4900000000 0.02633935428589069885 0.00000000000000000000
2.5000000000 0.02626982143573048517 0.00000000000000000000
2.5100000000 0.02620117333978757429 0.00000000000000000000
2.5200000000 0.02613339399507326466 0.00000000000000000000
2.5300000000 0.02606646775817115375 0.00000000000000000000
2.5400000000 0.02600037933593215070 0.00000000000000000000
2.5500000000 0.02593511377643507865 0.00000000000000000000
2.5600000000 0.02587065646020247217 0.00000000000000000000
2.5700000000 0.02580699309166673006 0.00000000000000000000
2.5800000000 0.02574410969087668338 0.00000000000000000000
2.5900000000 0.02568199258543860455 0.00000000000000000000
2.6000000000 0.02562062840268439570 0.00000000000000000000
2.6100000000 0.02556000406205936881 0.00000000000000000000
2.6200000000 0.02550010676772452439 0.00000000000000000000
2.6300000000 0.02544092400136477652 0.00000000000000000000
2.6400000000 0.02538244351519907197 0.00000000000000000000
2.6500000000 0.02532465332518498910 0.00000000000000000000
2.6600000000 0.02526754170441239053 0.00000000000000000000
2.6700000000 0.02521109717668064062 0.00000000000000000000
2.6800000000 0.02515530851025361142 0.00000000000000000000
2.6900000000 0.02510016471178765432 0.00000000000000000000
2.7000000000 0.02504565502042663955 0.00000000000000000000
2.7100000000 0.02499176890205984797 0.00000000000000000000
2.7200000000 0.02493849604373789275 0.00000000000000000000
2.7300000000 0.02488582634824083525 0.00000000000000000000
2.7400000000 0.02483374992879573348 0.00000000000000000000
2.7500000000 0.02478225710393780132 0.00000000000000000000
2.7600000000 0.02473133839251196939 0.00000000000000000000
2.7700000000 0.02468098450880968839 0.00000000000000000000
2.7800000000 0.02463118635783831736 0.00000000000000000000
2.7900000000 0.02458193503071731331 0.00000000000000000000
2.8000000000 0.02453322180020024723 0.00000000000000000000
2.8100000000 0.02448503811631569729 0.00000000000000000000
2.8200000000 0.02443737560212655424 0.00000000000000000000
2.8300000000 0.02439022604960255913 0.00000000000000000000
2.8400000000 0.02434358141560296132 0.00000000000000000000
2.8500000000 0.02429743381796669113 0.00000000000000000000
2.8600000000 0.02425177553170623779 0.00000000000000000000
2.8700000000 0.02420659898530327925 0.00000000000000000000
2.8800000000 0.02416189675710189375 0.00000000000000000000
2.8900000000 0.02411766157179699721 0.00000000000000000000
2.9000000000 0.02407388629701597005 0.00000000000000000000
2.9100000000 0.02403056393998955625 0.00000000000000000000
2.9200000000 0.02398768764431089343 0.00000000000000000000
2.9300000000 0.02394525068677836807 0.00000000000000000000
2.9400000000 0.02390324647432210889 0.00000000000000000000
2.9500000000 0.02386166854100952445 0.00000000000000000000
2.9600000000 0.02382051054512930588 0.00000000000000000000
2.9700000000 0.02377976626635101842 0.00000000000000000000
2.9800000000 0.02373942960295761032 0.00000000000000000000
2.9900000000 0.02369949456915007580 0.00000000000000000000
3.0000000000 0.02365995529242103865 0.00000000000000000000
3.0100000000 0.02362080601099572283 0.00000000000000000000
3.0200000000 0.02358204107133878014 0.00000000000000000000
3.0300000000 0.02354365492572478569 0.00000000000000000000
3.0400000000 0.02350564212987008017 0.00000000000000000000
3.0500000000 0.02346799734062580967 0.00000000000000000000
3.0600000000 0.02343071531372839175 0.00000000000000000000
3.0700000000 0.02339379090160767158 0.00000000000000000000
3.0800000000 0.02335721905125010683 0.00000000000000000000
3.0900000000 0.02332099480211539955 0.00000000000000000000
3.1000000000 0.02328511328410632839 0.00000000000000000000
3.1100000000 0.02324956971558818711 0.00000000000000000000
3.1200000000 0.02321435940145866184 0.00000000000000000000
3.1300000000 0.02317947773126535424 0.00000000000000000000
3.1400000000 0.02314492017737021512 0.00000000000000000000
3.1500000000 0.02311068229315917794 0.00000000000000000000
3.1600000000 0.02307675971129669046 0.00000000000000000000
3.1700000000 0.02304314814202234121 0.00000000000000000000
3.1800000000 0.02300984337149016706 0.00000000000000000000
3.1900000000 0.02297684126014845271 0.00000000000000000000
3.2000000000 0.02294413774115880086 0.00000000000000000000
3.2100000000 0.02291172881885441409 0.00000000000000000000
3.2200000000 0.02287961056723519793 0.00000000000000000000
3.2300000000 0.02284777912849987255 0.00000000000000000000
3.2400000000 0.02281623071161365673 0.00000000000000000000
3.2500000000 0.02278496159090970252 0.00000000000000000000
3.2600000000 0.02275396810472555056 0.00000000000000000000
3.2700000000 0.02272324665407116084 0.00000000000000000000
3.2800000000 0.02269279370132910520 0.00000000000000000000
3.2900000000 0.02266260576898632834 0.00000000000000000000
3.3000000000 0.02263267943839544077 0.00000000000000000000
3.3100000000 0.02260301134856589067 0.00000000000000000000
3.3200000000 0.02257359819498348449 0.00000000000000000000
3.3300000000 0.02254443672845781246 0.00000000000000000000
3.3400000000 0.02251552375399715547 0.00000000000000000000
3.3500000000 0.02248685612970942674 0.00000000000000000000
3.3600000000 0.02245843076572897820 0.00000000000000000000
3.3700000000 0.02243024462316854650 0.00000000000000000000
3.3800000000 0.02240229471309568288 0.00000000000000000000
3.3900000000 0.02237457809553282731 0.00000000000000000000
3.4000000000 0.02234709187848053086 0.00000000000000000000
3.4100000000 0.02231983321696344794 0.00000000000000000000
3.4200000000 0.02229279931209808899 0.00000000000000000000
3.4300000000 0.02226598741018221556 0.00000000000000000000
3.4400000000 0.02223939480180475020 0.00000000000000000000
3.4500000000 0.02221301882097677025 0.00000000000000000000
3.4600000000 0.02218685684428106653 0.00000000000000000000
3.4700000000 0.02216090629004257434 0.00000000000000000000
3.4800000000 0.02213516461751623490 0.00000000000000000000
3.4900000000 0.02210962932609385548 0.00000000000000000000
3.5000000000 0.02208429795452926045 0.00000000000000000000
3.5100000000 0.02205916808017963776 0.00000000000000000000
3.5200000000 0.02203423731826521792 0.00000000000000000000
3.5300000000 0.02200950332114457245 0.00000000000000000000
3.5400000000 0.02198496377760656567 0.00000000000000000000
3.5500000000 0.02196061641217775945 0.00000000000000000000
3.5600000000 0.02193645898444541997 0.00000000000000000000
3.5700000000 0.02191248928839530444 0.00000000000000000000
3.5800000000 0.02188870515176396733 0.00000000000000000000
3.5900000000 0.02186510443540551005 0.00000000000000000000
3.6000000000 0.02184168503267220132 0.00000000000000000000
3.6100000000 0.02181844486880843426 0.00000000000000000000
3.6200000000 0.02179538190035805109 0.00000000000000000000
3.6300000000 0.02177249411458449802 0.00000000000000000000
3.6400000000 0.02174977952890352895 0.00000000000000000000
3.6500000000 0.02172723619032824668 0.00000000000000000000
3.6600000000 0.02170486217492596098 0.00000000000000000000
3.6700000000 0.02168265558728680806 0.00000000000000000000
3.6800000000 0.02166061456000369437 0.00000000000000000000
3.6900000000 0.02163873725316364793 0.00000000000000000000
3.7000000000 0.02161702185384932820 0.00000000000000000000
3.7100000000 0.02159546657565199548 0.00000000000000000000
3.7200000000 0.02157406965819392772 0.00000000000000000000
3.7300000000 0.02155282936666158902 0.00000000000000000000
3.7400000000 0.02153174399134845721 0.00000000000000000000
3.7500000000 0.02151081184720717021 0.00000000000000000000
3.7600000000 0.02149003127341123434 0.00000000000000000000
3.7700000000 0.02146940063292619369 0.00000000000000000000
3.7800000000 0.02144891831208926153 0.00000000000000000000
3.7900000000 0.02142858272019777799 0.00000000000000000000
3.8000000000 0.02140839228910637604 0.00000000000000000000
3.8100000000 0.02138834547283234577 0.00000000000000000000
3.8200000000 0.02136844074716928027 0.00000000000000000000
3.8300000000 0.02134867660930814259 0.00000000000000000000
3.8400000000 0.02132905157746673580 0.00000000000000000000
3.8500000000 0.02130956419052655593 0.00000000000000000000
3.8600000000 0.02129021300767660815 0.00000000000000000000
3.8700000000 0.02127099660806488005 0.00000000000000000000
3.8800000000 0.02125191359045696879 0.00000000000000000000
3.8900000000 0.02123296257290108874 0.00000000000000000000
3.9000000000 0.02121414219240047930 0.00000000000000000000
3.9100000000 0.02119545110459149229 0.00000000000000000000
3.9200000000 0.02117688798342923229 0.00000000000000000000
3.9300000000 0.02115845152087859893 0.00000000000000000000
3.9400000000 0.02114014042661165396 0.00000000000000000000
3.9500000000 0.02112195342771139989 0.00000000000000000000
3.9600000000 0.02110388926838087376 0.00000000000000000000
3.9700000000 0.02108594670965838191 0.00000000000000000000
3.9800000000 0.02106812452913800482 0.00000000000000000000
3.9900000000 0.02105042152069598951 0.00000000000000000000
4.0000000000 0.02103283649422201321 0.00000000000000000000
4.0100000000 0.02101536827535622695 0.00000000000000000000
4.0200000000 0.02099801570523076102 0.00000000000000000000
4.0300000000 0.02098077764021684041 0.00000000000000000000
4.0400000000 0.02096365295167655282 0.00000000000000000000
4.0500000000 0.02094664052571925186 0.00000000000000000000
4.0600000000 0.02092973926296300483 0.00000000000000000000
4.0700000000 0.02091294807830011704 0.00000000000000000000
4.0800000000 0.02089626590066770082 0.00000000000000000000
4.0900000000 0.02087969167282213365 0.00000000000000000000
4.1000000000 0.02086322435111814810 0.00000000000000000000
4.1100000000 0.02084686290529184569 0.00000000000000000000
4.1200000000 0.02083060631824817238 0.00000000000000000000
4.1300000000 0.02081445358585174918 0.00000000000000000000
4.1400000000 0.02079840371672243143 0.00000000000000000000
4.1500000000 0.02078245573203420585 0.00000000000000000000
4.1600000000 0.02076660866531792812 0.00000000000000000000
4.1700000000 0.02075086156226767231 0.00000000000000000000
4.1800000000 0.02073521348055097288 0.00000000000000000000
4.1900000000 0.02071966348962228990 0.00000000000000000000
4.2000000000 0.02070421067053996797 0.00000000000000000000
4.2100000000 0.02068885411578664374 0.00000000000000000000
4.2200000000 0.02067359292909307089 0.00000000000000000000
4.2300000000 0.02065842622526475533 0.00000000000000000000
4.2400000000 0.02064335313001233740 0.00000000000000000000
4.2500000000 0.02062837277978452066 0.00000000000000000000
4.2600000000 0.02061348432160445623 0.00000000000000000000
4.2700000000 0.02059868691290875006 0.00000000000000000000
4.2800000000 0.02058397972138975920 0.00000000000000000000
4.2900000000 0.02056936192484026815 0.00000000000000000000
4.3000000000 0.02055483271100135012 0.00000000000000000000
4.3100000000 0.02054039127741294837 0.00000000000000000000
4.3200000000 0.02052603683126670228 0.00000000000000000000
4.3300000000 0.02051176858926180915 0.00000000000000000000
4.3400000000 0.02049758577746356794 0.00000000000000000000
4.3500000000 0.02048348763116368890 0.00000000000000000000
4.3600000000 0.02046947339474413860 0.00000000000000000000
4.3700000000 0.02045554232154226867 0.00000000000000000000
4.3800000000 0.02044169367371939314 0.00000000000000000000
4.3900000000 0.02042792672213071536 0.00000000000000000000
4.4000000000 0.02041424074619832552 0.00000000000000000000
4.4100000000 0.02040063503378571064 0.00000000000000000000
4.4200000000 0.02038710888107505767 0.00000000000000000000
4.4300000000 0.02037366159244624955 0.00000000000000000000
4.4400000000 0.02036029248035821013 0.00000000000000000000
4.4500000000 0.02034700086523207399 0.00000000000000000000
4.4600000000 0.02033378607533679536 0.00000000000000000000
4.4700000000 0.02032064744667602674 0.00000000000000000000
4.4800000000 0.02030758432287752338 0.00000000000000000000
4.4900000000 0.02029459605508439693 0.00000000000000000000
4.5000000000 0.02028168200184774991 0.00000000000000000000
4.5100000000 0.02026884152902172498 0.00000000000000000000
4.5200000000 0.02025607400965985169 0.00000000000000000000
4.5300000000 0.02024337882391338134 0.00000000000000000000
4.5400000000 0.02023075535893143623 0.00000000000000000000
4.5500000000 0.02021820300876258844 0.00000000000000000000
4.5600000000 0.02020572117425819755 0.00000000000000000000
4.5700000000 0.02019330926297729575 0.00000000000000000000
4.5800000000 0.02018096668909329788 0.00000000000000000000
4.5900000000 0.02016869287330196048 0.00000000000000000000
4.6000000000 0.02015648724273106512 0.00000000000000000000
4.6100000000 0.02014434923085135776 0.00000000000000000000
4.6200000000 0.02013227827738937881 0.00000000000000000000
4.6300000000 0.02012027382824132377 0.00000000000000000000
4.6400000000 0.02010833533538836093 0.00000000000000000000
4.6500000000 0.02009646225681372550 0.00000000000000000000
4.6600000000 0.02008465405642052837 0.00000000000000000000
4.6700000000 0.02007291020395158762 0.00000000000000000000
4.6800000000 0.02006123017490995392 0.00000000000000000000
4.6900000000 0.02004961345048117058 0.00000000000000000000
4.7000000000 0.02003805951745647393 0.00000000000000000000
4.7100000000 0.02002656786815752363 0.00000000000000000000
4.7200000000 0.02001513800036198304 0.00000000000000000000
4.7300000000 0.02000376941723076146 0.00000000000000000000
4.7400000000 0.01999246162723590514 0.00000000000000000000
4.7500000000 0.01998121414409005300 0.00000000000000000000
4.7600000000 0.01997002648667663485 0.00000000000000000000
4.7700000000 0.01995889817898175225 0.00000000000000000000
4.7800000000 0.01994782875002636818 0.00000000000000000000
4.7900000000 0.01993681773380026612 0.00000000000000000000
4.8000000000 0.01992586466919654339 0.00000000000000000000
4.8100000000 0.01991496909994757217 0.00000000000000000000
4.8200000000 0.01990413057456149465 0.00000000000000000000
4.8300000000 0.01989334864626007490 0.00000000000000000000
4.8400000000 0.01988262287291747352 0.00000000000000000000
4.8500000000 0.01987195281699966065 0.00000000000000000000
4.8600000000 0.01986133804550520299 0.00000000000000000000
4.8700000000 0.01985077812990667170 0.00000000000000000000
4.8800000000 0.01984027264609312599 0.00000000000000000000
4.8900000000 0.01982982117431328697 0.00000000000000000000
4.9000000000 0.01981942329911975595 0.00000000000000000000
4.9100000000 0.01980907860931409650 0.00000000000000000000
4.9200000000 0.01979878669789250992 0.00000000000000000000
4.9300000000 0.01978854716199276997 0.00000000000000000000
4.9400000000 0.01977835960284140063 0.00000000000000000000
4.9500000000 0.01976822362570224839 0.00000000000000000000
4.9600000000 0.01975813883982541208 0.00000000000000000000
4.9700000000 0.01974810485839705726 0.00000000000000000000
4.9800000000 0.01973812129849002867 0.00000000000000000000
4.9900000000 0.01972818778101520162 0.00000000000000000000
5.0000000000 0.01971830393067355164 0.00000000000000000000
