0.1000000000 1.08692941194318470899 0.00000000000000000000
0.1100000000 1.05974140330375021790 0.00000000000000000000
0.1200000000 1.03307758752487921505 0.00000000000000000000
0.1300000000 1.00694116530491450945 0.00000000000000000000
0.1400000000 0.98133446294903281526 0.00000000000000000000
0.1500000000 0.95625895120832204999 0.00000000000000000000
0.1600000000 0.93171526776020019422 0.00000000000000000000
0.1700000000 0.90770324299658566858 0.00000000000000000000
0.1800000000 0.88422192876847260923 0.00000000000000000000
0.1900000000 0.86126962972389287110 0.00000000000000000000
0.2000000000 0.83884393687049596533 0.00000000000000000000
0.2100000000 0.81694176299376741746 0.00000000000000000000
0.2200000000 0.79555937956682587497 0.00000000000000000000
0.2300000000 0.77469245479727599779 0.00000000000000000000
0.2400000000 0.75433609247018673649 0.00000000000000000000
0.2500000000 0.73448487126331507557 0.00000000000000000000
0.2600000000 0.71513288423057908005 0.00000000000000000000
0.2700000000 0.69627377817192281917 0.00000000000000000000
0.2800000000 0.67790079263147073885 0.00000000000000000000
0.2900000000 0.66000679829074349048 0.00000000000000000000
0.3000000000 0.64258433454910446336 0.00000000000000000000
0.3100000000 0.62562564610914328522 0.00000000000000000000
0.3200000000 0.60912271840988641003 0.00000000000000000000
0.3300000000 0.59306731177525440213 0.00000000000000000000
0.3400000000 0.57745099416872647247 0.00000000000000000000
0.3500000000 0.56226517246750240542 0.00000000000000000000
0.3600000000 0.54750112219037216921 0.00000000000000000000
0.3700000000 0.53315001563287545139 0.00000000000000000000
0.3800000000 0.51920294838107972080 0.00000000000000000000
0.3900000000 0.50565096419135679984 0.00000000000000000000
0.4000000000 0.49248507823790504956 0.00000000000000000000
0.4100000000 0.47969629874244557044 0.00000000000000000000
0.4200000000 0.46727564701157653371 0.00000000000000000000
0.4300000000 0.45521417591676360814 0.00000000000000000000
0.4400000000 0.44350298685993860826 0.00000000000000000000
0.4500000000 0.43213324527430690969 0.00000000000000000000
0.4600000000 0.42109619471530207457 0.00000000000000000000
0.4700000000 0.41038316960075987838 0.00000000000000000000
0.4800000000 0.39998560666250310147 0.00000000000000000000
0.4900000000 0.38989505517363276521 0.00000000000000000000
0.5000000000 0.38010318601711423625 0.00000000000000000000
0.5100000000 0.37060179966178274924 0.00000000000000000000
0.5200000000 0.36138283311176244705 0.00000000000000000000
0.5300000000 0.35243836589464117015 0.00000000000000000000
0.5400000000 0.34376062515256933239 0.00000000000000000000
0.5500000000 0.33534198989895647181 0.00000000000000000000
0.5600000000 0.32717499450154041707 0.00000000000000000000
0.5700000000 0.31925233145052561712 0.00000000000000000000
0.5800000000 0.31156685346815710114 0.00000000000000000000
0.5900000000 0.30411157501366203881 0.00000000000000000000
0.6000000000 0.29687967323491554206 0.00000000000000000000
0.6100000000 0.28986448841558692946 0.00000000000000000000
0.6200000000 0.28305952396387540348 0.00000000000000000000
0.6300000000 0.27645844598629382149 0.00000000000000000000
0.6400000000 0.27005508248735388133 0.00000000000000000000
0.6500000000 0.26384342223343282274 0.00000000000000000000
0.6600000000 0.25781761331657887526 0.00000000000000000000
0.6700000000 0.25197196145160610792 0.00000000000000000000
0.6800000000 0.24630092803745454177 0.00000000000000000000
0.6900000000 0.24079912801155148316 0.00000000000000000000
0.7000000000 0.23546132752375856234 0.00000000000000000000
0.7100000000 0.23028244145442122726 0.00000000000000000000
0.7200000000 0.22525753079909660581 0.00000000000000000000
0.7300000000 0.22038179994070641876 0.00000000000000000000
0.7400000000 0.21565059382808987598 0.00000000000000000000
0.7500000000 0.21105939507834364788 0.00000000000000000000
0.7600000000 0.20660382101874591454 0.00000000000000000000
0.7700000000 0.20227962068268962037 0.00000000000000000000
0.7800000000 0.19808267177265270753 0.00000000000000000000
0.7900000000 0.19400897760202343023 0.00000000000000000000
0.8000000000 0.19005466402642851032 0.00000000000000000000
0.8100000000 0.18621597637411657633 0.00000000000000000000
0.8200000000 0.18248927638400067042 0.00000000000000000000
0.8300000000 0.17887103915897589745 0.00000000000000000000
0.8400000000 0.17535785014134067095 0.00000000000000000000
0.8500000000 0.17194640211632064575 0.00000000000000000000
0.8600000000 0.16863349224902474122 0.00000000000000000000
0.8700000000 0.16541601915943263124 0.00000000000000000000
0.8800000000 0.16229098003947556306 0.00000000000000000000
0.8900000000 0.15925546781568628019 0.00000000000000000000
0.9000000000 0.15630666836039372458 0.00000000000000000000
0.9100000000 0.15344185775397445326 0.00000000000000000000
0.9200000000 0.15065839960025631528 0.00000000000000000000
0.9300000000 0.14795374239679620620 0.00000000000000000000
0.9400000000 0.14532541696141940135 0.00000000000000000000
0.9500000000 0.14277103391602288807 0.00000000000000000000
0.9600000000 0.14028828122854228311 0.00000000000000000000
0.9700000000 0.13787492181343644071 0.00000000000000000000
0.9800000000 0.13552879119120955775 0.00000000000000000000
0.9900000000 0.13324779520690549495 0.00000000000000000000
1.0000000000 0.13102990780694945272 0.00000000000000000000
1.0100000000 0.12887316887653110786 0.00000000000000000000
1.0200000000 0.12677568213323398005 0.00000000000000000000
1.0300000000 0.12473561307852988611 0.00000000000000000000
1.0400000000 0.12275118700833625995 0.00000000000000000000
1.0500000000 0.12082068707834210664 0.00000000000000000000
1.0600000000 0.11894245242556390763 0.00000000000000000000
1.0700000000 0.11711487634459756546 0.00000000000000000000
1.0800000000 0.11533640451775165059 0.00000000000000000000
1.0900000000 0.11360553329803185774 0.00000000000000000000
1.1000000000 0.11192080804394931304 0.00000000000000000000
1.1100000000 0.11028082150510128134 0.00000000000000000000
1.1200000000 0.10868421225742520841 0.00000000000000000000
1.1300000000 0.10712966318700790913 0.00000000000000000000
1.1400000000 0.10561590002132330290 0.00000000000000000000
1.1500000000 0.10414168990676038462 0.00000000000000000000
1.1600000000 0.10270584003128058193 0.00000000000000000000
1.1700000000 0.10130719629106374469 0.00000000000000000000
1.1800000000 0.09994464199999722465 0.00000000000000000000
1.1900000000 0.09861709664085473170 0.00000000000000000000
1.2000000000 0.09732351465702428206 0.00000000000000000000
1.2100000000 0.09606288428367999732 0.00000000000000000000
1.2200000000 0.09483422641725436364 0.00000000000000000000
1.2300000000 0.09363659352213361819 0.00000000000000000000
1.2400000000 0.09246906857347753084 0.00000000000000000000
1.2500000000 0.09133076403510173580 0.00000000000000000000
1.2600000000 0.09022082087137819895 0.00000000000000000000
1.2700000000 0.08913840759210596432 0.00000000000000000000
1.2800000000 0.08808271932937614124 0.00000000000000000000
1.2900000000 0.08705297694539901321 0.00000000000000000000
1.3000000000 0.08604842617037074259 0.00000000000000000000
1.3100000000 0.08506833676940366018 0.00000000000000000000
1.3200000000 0.08411200173760943755 0.00000000000000000000
1.3300000000 0.08317873652244060778 0.00000000000000000000
1.3400000000 0.08226787827240054918 0.00000000000000000000
1.3500000000 0.08137878511127999426 0.00000000000000000000
1.3600000000 0.08051083543707429624 0.00000000000000000000
1.3700000000 0.07966342724479232029 0.00000000000000000000
1.3800000000 0.07883597747234480368 0.00000000000000000000
1.3900000000 0.07802792136876947338 0.00000000000000000000
1.4000000000 0.07723871188403332033 0.00000000000000000000
1.4100000000 0.07646781907970728875 0.00000000000000000000
1.4200000000 0.07571472955979323405 0.00000000000000000000
1.4300000000 0.07497894592104224765 0.00000000000000000000
1.4400000000 0.07425998622209799283 0.00000000000000000000
1.4500000000 0.07355738347082088624 0.00000000000000000000
1.4600000000 0.07287068512918866425 0.00000000000000000000
1.4700000000 0.07219945263516230893 0.00000000000000000000
1.4800000000 0.07154326094094017041 0.00000000000000000000
1.4900000000 0.07090169806704026134 0.00000000000000000000
1.5000000000 0.07027436467166975342 0.00000000000000000000
1.5100000000 0.06966087363484366191 0.00000000000000000000
1.5200000000 0.06906084965676188847 0.00000000000000000000
1.5300000000 0.06847392886993501626 0.00000000000000000000
1.5400000000 0.06789975846459252173 0.00000000000000000000
1.5500000000 0.06733799632691417347 0.00000000000000000000
1.5600000000 0.06678831068963188289 0.00000000000000000000
1.5700000000 0.06625037979458106574 0.00000000000000000000
1.5800000000 0.06572389156678021260 0.00000000000000000000
1.5900000000 0.06520854329963776674 0.00000000000000000000
1.6000000000 0.06470404135090374043 0.00000000000000000000
1.6100000000 0.06421010084898602643 0.00000000000000000000
1.6200000000 0.06372644540927073498 0.00000000000000000000
1.6300000000 0.06325280686010087416 0.00000000000000000000
1.6400000000 0.06278892497807281314 0.00000000000000000000
1.6500000000 0.06233454723232529499 0.00000000000000000000
1.6600000000 0.06188942853750877687 0.00000000000000000000
1.6700000000 0.06145333101513179852 0.00000000000000000000
1.6800000000 0.06102602376298790071 0.00000000000000000000
1.6900000000 0.06060728263238594066 0.00000000000000000000
1.7000000000 0.06019689001290719210 0.00000000000000000000
1.7100000000 0.05979463462442913269 0.00000000000000000000
1.7200000000 0.05940031131615908927 0.00000000000000000000
1.7300000000 0.05901372087243658693 0.00000000000000000000
1.7400000000 0.05863466982506446851 0.00000000000000000000
1.7500000000 0.05826297027194250050 0.00000000000000000000
1.7600000000 0.05789843970178589622 0.00000000000000000000
1.7700000000 0.05754090082471193662 0.00000000000000000000
1.7800000000 0.05719018140849323195 0.00000000000000000000
1.7900000000 0.05684611412028195421 0.00000000000000000000
1.8000000000 0.05650853637360876702 0.00000000000000000000
1.8100000000 0.05617729018047881717 0.00000000000000000000
1.8200000000 0.05585222200838619450 0.00000000000000000000
1.8300000000 0.05553318264207354749 0.00000000000000000000
1.8400000000 0.05522002704987367255 0.00000000000000000000
1.8500000000 0.05491261425447692412 0.00000000000000000000
1.8600000000 0.05461080720796553101 0.00000000000000000000
1.8700000000 0.05431447267097345294 0.00000000000000000000
1.8800000000 0.05402348109582243846 0.00000000000000000000
1.8900000000 0.05373770651350379124 0.00000000000000000000
1.9000000000 0.05345702642436760132 0.00000000000000000000
1.9100000000 0.05318132169239488116 0.00000000000000000000
1.9200000000 0.05291047644292708879 0.00000000000000000000
1.9300000000 0.05264437796373706846 0.00000000000000000000
1.9400000000 0.05238291660932321847 0.00000000000000000000
1.9500000000 0.05212598570831718930 0.00000000000000000000
1.9600000000 0.05187348147390207637 0.00000000000000000000
1.9700000000 0.05162530291713064712 0.00000000000000000000
1.9800000000 0.05138135176305395208 0.00000000000000000000
1.9900000000 0.05114153236955433501 0.00000000000000000000
2.0000000000 0.05090575164879851400 0.00000000000000000000
2.0100000000 0.05067391899121745369 0.00000000000000000000
2.0200000000 0.05044594619192869361 0.00000000000000000000
2.0300000000 0.05022174737951726198 0.00000000000000000000
2.0400000000 0.05000123894709537081 0.00000000000000000000
2.0500000000 0.04978433948556449523 0.00000000000000000000
2.0600000000 0.04957096971900461918 0.00000000000000000000
2.0700000000 0.04936105244211840687 0.00000000000000000000
2.0800000000 0.04915451245966225707 0.00000000000000000000
2.0900000000 0.04895127652779709959 0.00000000000000000000
2.1000000000 0.04875127329729268821 0.00000000000000000000
2.1100000000 0.04855443325852491776 0.00000000000000000000
2.1200000000 0.04836068868820651151 0.00000000000000000000
2.1300000000 0.04816997359779146004 0.00000000000000000000
2.1400000000 0.04798222368349760319 0.00000000000000000000
2.1500000000 0.04779737627789516774 0.00000000000000000000
2.1600000000 0.04761537030300606183 0.00000000000000000000
2.1700000000 0.04743614622486677646 0.00000000000000000000
2.1800000000 0.04725964600950446903 0.00000000000000000000
2.1900000000 0.04708581308027896817 0.00000000000000000000
2.2000000000 0.04691459227654869169 0.00000000000000000000
2.2100000000 0.04674592981361182925 0.00000000000000000000
2.2200000000 0.04657977324388488938 0.00000000000000000000
2.2300000000 0.04641607141927658192 0.00000000000000000000
2.2400000000 0.04625477445471587457 0.00000000000000000000
2.2500000000 0.04609583369280067372 0.00000000000000000000
2.2600000000 0.04593920166952505935 0.00000000000000000000
2.2700000000 0.04578483208105488256 0.00000000000000000000
2.2800000000 0.04563267975151352740 0.00000000000000000000
2.2900000000 0.04548270060174723628 0.00000000000000000000
2.3000000000 0.04533485161903835770 0.00000000000000000000
2.3100000000 0.04518909082773291813 0.00000000000000000000
2.3200000000 0.04504537726075772547 0.00000000000000000000
2.3300000000 0.04490367093199175430 0.00000000000000000000
2.3400000000 0.04476393280947200959 0.00000000000000000000
2.3500000000 0.04462612478939957661 0.00000000000000000000
2.3600000000 0.04449020967092519319 0.00000000000000000000
2.3700000000 0.04435615113168653312 0.00000000000000000000
2.3800000000 0.04422391370407525307 0.00000000000000000000
2.3900000000 0.04409346275220835804 0.00000000000000000000
2.4000000000 0.04396476444958311719 0.00000000000000000000
2.4100000000 0.04383778575739207678 0.00000000000000000000
2.4200000000 0.04371249440347957371 0.00000000000000000000
2.4300000000 0.04358885886191596337 0.00000000000000000000
2.4400000000 0.04346684833317435853 0.00000000000000000000
2.4500000000 0.04334643272488649529 0.00000000000000000000
2.4600000000 0.04322758263316218985 0.00000000000000000000
2.4700000000 0.04311026932445389398 0.00000000000000000000
2.4800000000 0.04299446471794907826 0.00000000000000000000
2.4900000000 0.04288014136847381058 0.00000000000000000000
2.5000000000 0.04276727244989179250 0.00000000000000000000
2.5100000000 0.04265583173898349761 0.00000000000000000000
2.5200000000 0.04254579359978997305 0.00000000000000000000
2.5300000000 0.04243713296840700283 0.00000000000000000000
2.5400000000 0.04232982533821576243 0.00000000000000000000
2.5500000000 0.04222384674553657236 0.00000000000000000000
2.5600000000 0.04211917375569209504 0.00000000000000000000
2.5700000000 0.04201578344946817895 0.00000000000000000000
2.5800000000 0.04191365340995937411 0.00000000000000000000
2.5900000000 0.04181276170978723977 0.00000000000000000000
2.6000000000 0.04171308689868089004 0.00000000000000000000
2.6100000000 0.04161460799140756506 0.00000000000000000000
2.6200000000 0.04151730445604342318 0.00000000000000000000
2.6300000000 0.04142115620257352110 0.00000000000000000000
2.6400000000 0.04132614357181132320 0.00000000000000000000
2.6500000000 0.04123224732462799080 0.00000000000000000000
2.6600000000 0.04113944863148245867 0.00000000000000000000
2.6700000000 0.04104772906224116169 0.00000000000000000000
2.6800000000 0.04095707057628263786 0.00000000000000000000
2.6900000000 0.04086745551287406658 0.00000000000000000000
2.7000000000 0.04077886658181437141 0.00000000000000000000
2.7100000000 0.04069128685433507503 0.00000000000000000000
2.7200000000 0.04060469975425077399 0.00000000000000000000
2.7300000000 0.04051908904935276612 0.00000000000000000000
2.7400000000 0.04043443884303740687 0.00000000000000000000
2.7500000000 0.04035073356616311613 0.00000000000000000000
2.7600000000 0.04026795796912859687 0.00000000000000000000
2.7700000000 0.04018609711416681191 0.00000000000000000000
2.7800000000 0.04010513636784589220 0.00000000000000000000
2.7900000000 0.04002506139377488142 0.00000000000000000000
2.8000000000 0.03994585814550377645 0.00000000000000000000
2.8100000000 0.03986751285961561558 0.00000000000000000000
2.8200000000 0.03979001204900320388 0.00000000000000000000
2.8300000000 0.03971334249632521574 0.00000000000000000000
2.8400000000 0.03963749124763786547 0.00000000000000000000
2.8500000000 0.03956244560619457534 0.00000000000000000000
2.8600000000 0.03948819312641131674 0.00000000000000000000
2.8700000000 0.03941472160799065066 0.00000000000000000000
2.8800000000 0.03934201909020154653 0.00000000000000000000
2.8900000000 0.03927007384630916420 0.00000000000000000000
2.9000000000 0.03919887437815183784 0.00000000000000000000
2.9100000000 0.03912840941085884289 0.00000000000000000000
2.9200000000 0.03905866788770714221 0.00000000000000000000
2.9300000000 0.03898963896511158100 0.00000000000000000000
2.9400000000 0.03892131200774533867 0.00000000000000000000
2.9500000000 0.03885367658378772321 0.00000000000000000000
2.9600000000 0.03878672246029282039 0.00000000000000000000
2.9700000000 0.03872043959867996210 0.00000000000000000000
2.9800000000 0.03865481815033833951 0.00000000000000000000
2.9900000000 0.03858984845234519206 0.00000000000000000000
3.0000000000 0.03852552102329372813 0.00000000000000000000
3.0100000000 0.03846182655922666255 0.00000000000000000000
3.0200000000 0.03839875592967404577 0.00000000000000000000
3.0300000000 0.03833630017379134614 0.00000000000000000000
3.0400000000 0.03827445049659537052 0.00000000000000000000
3.0500000000 0.03821319826529482461 0.00000000000000000000
3.0600000000 0.03815253500571449963 0.00000000000000000000
3.0700000000 0.03809245239880741651 0.00000000000000000000
3.0800000000 0.03803294227725605853 0.00000000000000000000
3.0900000000 0.03797399662215752980 0.00000000000000000000
3.1000000000 0.03791560755979173081 0.00000000000000000000
3.1100000000 0.03785776735846948376 0.00000000000000000000
3.1200000000 0.03780046842545931735 0.00000000000000000000
3.1300000000 0.03774370330398978124 0.00000000000000000000
3.1400000000 0.03768746467032559055 0.00000000000000000000
3.1500000000 0.03763174533091623308 0.00000000000000000000
3.1600000000 0.03757653821961410429 0.00000000000000000000
3.1700000000 0.03752183639496037976 0.00000000000000000000
3.1800000000 0.03746763303753764679 0.00000000000000000000
3.1900000000 0.03741392144738681785 0.00000000000000000000
3.2000000000 0.03736069504148640391 0.00000000000000000000
3.2100000000 0.03730794735129300960 0.00000000000000000000
3.2200000000 0.03725567202034106573 0.00000000000000000000
3.2300000000 0.03720386280190079303 0.00000000000000000000
3.2400000000 0.03715251355669119127 0.00000000000000000000
3.2500000000 0.03710161825064947627 0.00000000000000000000
3.2600000000 0.03705117095275205219 0.00000000000000000000
3.2700000000 0.03700116583288846211 0.00000000000000000000
3.2800000000 0.03695159715978553472 0.00000000000000000000
3.2900000000 0.03690245929898048477 0.00000000000000000000
3.3000000000 0.03685374671084204468 0.00000000000000000000
3.3100000000 0.03680545394863807968 0.00000000000000000000
3.3200000000 0.03675757565664885401 0.00000000000000000000
3.3300000000 0.03671010656832401214 0.00000000000000000000
3.3400000000 0.03666304150448296967 0.00000000000000000000
3.3500000000 0.03661637537155720129 0.00000000000000000000
3.3600000000 0.03657010315987333643 0.00000000000000000000
3.3700000000 0.03652421994197539018 0.00000000000000000000
3.3800000000 0.03647872087098711497 0.00000000000000000000
3.3900000000 0.03643360117901058709 0.00000000000000000000
3.4000000000 0.03638885617556293639 0.00000000000000000000
3.4100000000 0.03634448124604728464 0.00000000000000000000
3.4200000000 0.03630047185026061274 0.00000000000000000000
3.4300000000 0.03625682352093365785 0.00000000000000000000
3.4400000000 0.03621353186230539395 0.00000000000000000000
3.4500000000 0.03617059254872919544 0.00000000000000000000
3.4600000000 0.03612800132331070446 0.00000000000000000000
3.4700000000 0.03608575399657572291 0.00000000000000000000
3.4800000000 0.03604384644516956532 0.00000000000000000000
3.4900000000 0.03600227461058354284 0.00000000000000000000
3.5000000000 0.03596103449791187429 0.00000000000000000000
3.5100000000 0.03592012217463446538 0.00000000000000000000
3.5200000000 0.03587953376942867173 0.00000000000000000000
3.5300000000 0.03583926547100543814 0.00000000000000000000
3.5400000000 0.03579931352697267311 0.00000000000000000000
3.5500000000 0.03575967424272268047 0.00000000000000000000
3.5600000000 0.03572034398034493879 0.00000000000000000000
3.5700000000 0.03568131915756159178 0.00000000000000000000
3.5800000000 0.03564259624668748155 0.00000000000000000000
3.5900000000 0.03560417177361144964 0.00000000000000000000
3.6000000000 0.03556604231680138978 0.00000000000000000000
3.6100000000 0.03552820450632910437 0.00000000000000000000
3.6200000000 0.03549065502291778168 0.00000000000000000000
3.6300000000 0.03545339059700909623 0.00000000000000000000
3.6400000000 0.03541640800785047366 0.00000000000000000000
3.6500000000 0.03537970408260212446 0.00000000000000000000
3.6600000000 0.03534327569546327763 0.00000000000000000000
3.6700000000 0.03530711976681664976 0.00000000000000000000
3.6800000000 0.03527123326239130219 0.00000000000000000000
3.6900000000 0.03523561319244313678 0.00000000000000000000
3.7000000000 0.03520025661095298186 0.00000000000000000000
3.7100000000 0.03516516061484144945 0.00000000000000000000
3.7200000000 0.03513032234319978658 0.00000000000000000000
3.7300000000 0.03509573897653790742 0.00000000000000000000
3.7400000000 0.03506140773604705246 0.00000000000000000000
3.7500000000 0.03502732588287863630 0.00000000000000000000
3.7600000000 0.03499349071743741019 0.00000000000000000000
3.7700000000 0.03495989957868982784 0.00000000000000000000
3.7800000000 0.03492654984348644159 0.00000000000000000000
3.7900000000 0.03489343892589830826 0.00000000000000000000
3.8000000000 0.03486056427656700901 0.00000000000000000000
3.8100000000 0.03482792338206772836 0.00000000000000000000
3.8200000000 0.03479551376428637738 0.00000000000000000000
3.8300000000 0.03476333297980761794 0.00000000000000000000
3.8400000000 0.03473137861931751419 0.00000000000000000000
3.8500000000 0.03469964830701605801 0.00000000000000000000
3.8600000000 0.03466813970004337109 0.00000000000000000000
3.8700000000 0.03463685048791651649 0.00000000000000000000
3.8800000000 0.03460577839197785666 0.00000000000000000000
3.8900000000 0.03457492116485447881 0.00000000000000000000
3.9000000000 0.03454427658992843819 0.00000000000000000000
3.9100000000 0.03451384248081754841 0.00000000000000000000
3.9200000000 0.03448361668086651760 0.00000000000000000000
3.9300000000 0.03445359706264800731 0.00000000000000000000
3.9400000000 0.03442378152747373188 0.00000000000000000000
3.9500000000 0.03439416800491528620 0.00000000000000000000
3.9600000000 0.03436475445233405646 0.00000000000000000000
3.9700000000 0.03433553885442065107 0.00000000000000000000
3.9800000000 0.03430651922274297744 0.00000000000000000000
3.9900000000 0.03427769359530384585 0.00000000000000000000
4.0000000000 0.03424906003610631716 0.00000000000000000000
4.0100000000 0.03422061663472776571 0.00000000000000000000
4.0200000000 0.03419236150590267836 0.00000000000000000000
4.0300000000 0.03416429278911267686 0.00000000000000000000
4.0400000000 0.03413640864818502652 0.00000000000000000000
4.0500000000 0.03410870727089859722 0.00000000000000000000
4.0600000000 0.03408118686859733931 0.00000000000000000000
4.0700000000 0.03405384567581130895 0.00000000000000000000
4.0800000000 0.03402668194988457684 0.00000000000000000000
4.0900000000 0.03399969397061062409 0.00000000000000000000
4.1000000000 0.03397288003987414262 0.00000000000000000000
4.1100000000 0.03394623848130010058 0.00000000000000000000
4.1200000000 0.03391976763990899035 0.00000000000000000000
4.1300000000 0.03389346588177864078 0.00000000000000000000
4.1400000000 0.03386733159371266982 0.00000000000000000000
4.1500000000 0.03384136318291449536 0.00000000000000000000
4.1600000000 0.03381555907666798644 0.00000000000000000000
4.1700000000 0.03378991772202401267 0.00000000000000000000
4.1800000000 0.03376443758549216301 0.00000000000000000000
4.1900000000 0.03373911715273885531 0.00000000000000000000
4.2000000000 0.03371395492829076801 0.00000000000000000000
4.2100000000 0.03368894943524358004 0.00000000000000000000
4.2200000000 0.03366409921497610924 0.00000000000000000000
4.2300000000 0.03363940282686980754 0.00000000000000000000
4.2400000000 0.03361485884803314117 0.00000000000000000000
4.2500000000 0.03359046587303111953 0.00000000000000000000
4.2600000000 0.03356622251361964654 0.00000000000000000000
4.2700000000 0.03354212739848484032 0.00000000000000000000
4.2800000000 0.03351817917298659244 0.00000000000000000000
4.2900000000 0.03349437649890731061 0.00000000000000000000
4.3000000000 0.03347071805420483159 0.00000000000000000000
4.3100000000 0.03344720253276965011 0.00000000000000000000
4.3200000000 0.03342382864418686622 0.00000000000000000000
4.3300000000 0.03340059511350190052 0.00000000000000000000
4.3400000000 0.03337750068099057388 0.00000000000000000000
4.3500000000 0.03335454410193348235 0.00000000000000000000
4.3600000000 0.03333172414639369585 0.00000000000000000000
4.3700000000 0.03330903959899920996 0.00000000000000000000
4.3800000000 0.03328648925872851327 0.00000000000000000000
4.3900000000 0.03326407193870020013 0.00000000000000000000
4.4000000000 0.03324178646596621933 0.00000000000000000000
4.4100000000 0.03321963168130873806 0.00000000000000000000
4.4200000000 0.03319760643904048208 0.00000000000000000000
4.4300000000 0.03317570960680844838 0.00000000000000000000
4.4400000000 0.03315394006540125366 0.00000000000000000000
4.4500000000 0.03313229670855953601 0.00000000000000000000
4.4600000000 0.03311077844278967341 0.00000000000000000000
4.4700000000 0.03308938418718087443 0.00000000000000000000
4.4800000000 0.03306811287322498211 0.00000000000000000000
4.4900000000 0.03304696344463994850 0.00000000000000000000
4.5000000000 0.03302593485719553662 0.00000000000000000000
4.5100000000 0.03300502607854283871 0.00000000000000000000
4.5200000000 0.03298423608804575830 0.00000000000000000000
4.5300000000 0.03296356387661624615 0.00000000000000000000
4.5400000000 0.03294300844655148608 0.00000000000000000000
4.5500000000 0.03292256881137434199 0.00000000000000000000
4.5600000000 0.03290224399567640706 0.00000000000000000000
4.5700000000 0.03288203303496330804 0.00000000000000000000
4.5800000000 0.03286193497550300019 0.00000000000000000000
4.5900000000 0.03284194887417644926 0.00000000000000000000
4.6000000000 0.03282207379833047139 0.00000000000000000000
4.6100000000 0.03280230882563369560 0.00000000000000000000
4.6200000000 0.03278265304393406659 0.00000000000000000000
4.6300000000 0.03276310555111937306 0.00000000000000000000
4.6400000000 0.03274366545497960079 0.00000000000000000000
4.6500000000 0.03272433187307185326 0.00000000000000000000
4.6600000000 0.03270510393258709708 0.00000000000000000000
4.6700000000 0.03268598077021955123 0.00000000000000000000
4.6800000000 0.03266696153203779707 0.00000000000000000000
4.6900000000 0.03264804537335803253 0.00000000000000000000
4.7000000000 0.03262923145861973406 0.00000000000000000000
4.7100000000 0.03261051896126268557 0.00000000000000000000
4.7200000000 0.03259190706360644979 0.00000000000000000000
4.7300000000 0.03257339495673177571 0.00000000000000000000
4.7400000000 0.03255498184036355325 0.00000000000000000000
4.7500000000 0.03253666692275600930 0.00000000000000000000
4.7600000000 0.03251844942057934701 0.00000000000000000000
4.7700000000 0.03250032855880857774 0.00000000000000000000
4.7800000000 0.03248230357061378942 0.00000000000000000000
4.7900000000 0.03246437369725242023 0.00000000000000000000
4.8000000000 0.03244653818796276040 0.00000000000000000000
4.8100000000 0.03242879629985982032 0.00000000000000000000
4.8200000000 0.03241114729783221848 0.00000000000000000000
4.8300000000 0.03239359045444081125 0.00000000000000000000
4.8400000000 0.03237612504981925154 0.00000000000000000000
4.8500000000 0.03235875037157558143 0.00000000000000000000
4.8600000000 0.03234146571469578846 0.00000000000000000000
4.8700000000 0.03232427038144841669 0.00000000000000000000
4.8800000000 0.03230716368129111365 0.00000000000000000000
4.8900000000 0.03229014493077822512 0.00000000000000000000
4.9000000000 0.03227321345347005516 0.00000000000000000000
4.9100000000 0.03225636857984338218 0.00000000000000000000
4.9200000000 0.03223960964720324479 0.00000000000000000000
4.9300000000 0.03222293599959656640 0.00000000000000000000
4.9400000000 0.03220634698772628646 0.00000000000000000000
4.9500000000 0.03218984196886750387 0.00000000000000000000
4.9600000000 0.03217342030678450177 0.00000000000000000000
4.9700000000 0.03215708137164925706 0.00000000000000000000
4.9800000000 0.03214082453996081057 0.00000000000000000000
4.9900000000 0.03212464919446635786 0.00000000000000000000
5.0000000000 0.03210855472408306877 0.00000000000000000000
