0.1000000000 2.14246330846709875928 0.00000000000000000000
0.1100000000 2.08578595296473734422 0.00000000000000000000
0.1200000000 2.03031172945298843402 0.00000000000000000000
0.1300000000 1.97604578861970781034 0.00000000000000000000
0.1400000000 1.92299101611179956706 0.00000000000000000000
0.1500000000 1.87114809877435051000 0.00000000000000000000
0.1600000000 1.82051560147841740012 0.00000000000000000000
0.1700000000 1.77109005328764368414 0.00000000000000000000
0.1800000000 1.72286604166741130761 0.00000000000000000000
0.1900000000 1.67583631341977135065 0.00000000000000000000
0.2000000000 1.62999188103134806660 0.00000000000000000000
0.2100000000 1.58532213314757686184 0.00000000000000000000
0.2200000000 1.54181494793234707963 0.00000000000000000000
0.2300000000 1.49945680813463710912 0.00000000000000000000
0.2400000000 1.45823291675987842808 0.00000000000000000000
0.2500000000 1.41812731233066746661 0.00000000000000000000
0.2600000000 1.37912298281597145433 0.00000000000000000000
0.2700000000 1.34120197740741708969 0.00000000000000000000
0.2800000000 1.30434551542301324645 0.00000000000000000000
0.2900000000 1.26853409172037268071 0.00000000000000000000
0.3000000000 1.23374757810129032087 0.00000000000000000000
0.3100000000 1.19996532028559466099 0.00000000000000000000
0.3200000000 1.16716623012326725650 0.00000000000000000000
0.3300000000 1.13532887279881555820 0.00000000000000000000
0.3400000000 1.10443154886009176074 0.00000000000000000000
0.3500000000 1.07445237097465295939 0.00000000000000000000
0.3600000000 1.04536933538012322131 0.00000000000000000000
0.3700000000 1.01716038805081954166 0.00000000000000000000
0.3800000000 0.98980348565126030635 0.00000000000000000000
0.3900000000 0.96327665138834361880 0.00000000000000000000
0.4000000000 0.93755802590833359211 0.00000000000000000000
0.4100000000 0.91262591341282006674 0.00000000000000000000
0.4200000000 0.88845882318995739180 0.00000000000000000000
0.4300000000 0.86503550677412943681 0.00000000000000000000
0.4400000000 0.84233499095926178679 0.00000000000000000000
0.4500000000 0.82033660689884602135 0.00000000000000000000
0.4600000000 0.79902001552991208655 0.00000000000000000000
0.4700000000 0.77836522955915676825 0.00000000000000000000
0.4800000000 0.75835263224773996615 0.00000000000000000000
0.4900000000 0.73896299322726000103 0.00000000000000000000
0.5000000000 0.72017748157362204697 0.00000000000000000000
0.5100000000 0.70197767635820196297 0.00000000000000000000
0.5200000000 0.68434557488723446461 0.00000000000000000000
0.5300000000 0.66726359883103480986 0.00000000000000000000
0.5400000000 0.65071459843473178353 0.00000000000000000000
0.5500000000 0.63468185499183260578 0.00000000000000000000
0.5600000000 0.61914908175140814794 0.00000000000000000000
0.5700000000 0.60410042341907965735 0.00000000000000000000
0.5800000000 0.58952045440147693434 0.00000000000000000000
0.5900000000 0.57539417593348796132 0.00000000000000000000
0.6000000000 0.56170701221756191845 0.00000000000000000000
0.6100000000 0.54844480569459796993 0.00000000000000000000
0.6200000000 0.53559381155657637130 0.00000000000000000000
0.6300000000 0.52314069160223208854 0.00000000000000000000
0.6400000000 0.51107250752851718367 0.00000000000000000000
0.6500000000 0.49937671374265202306 0.00000000000000000000
0.6600000000 0.48804114977199131165 0.00000000000000000000
0.6700000000 0.47705403234186832817 0.00000000000000000000
0.6800000000 0.46640394718496319681 0.00000000000000000000
0.6900000000 0.45607984063962292431 0.00000000000000000000
0.7000000000 0.44607101108877911244 0.00000000000000000000
0.7100000000 0.43636710028587821775 0.00000000000000000000
0.7200000000 0.42695808460933148965 0.00000000000000000000
0.7300000000 0.41783426628246511658 0.00000000000000000000
0.7400000000 0.40898626459184339588 0.00000000000000000000
0.7500000000 0.40040500713303955882 0.00000000000000000000
0.7600000000 0.39208172110944750077 0.00000000000000000000
0.7700000000 0.38400792470653638544 0.00000000000000000000
0.7800000000 0.37617541856113151377 0.00000000000000000000
0.7900000000 0.36857627734260944852 0.00000000000000000000
0.8000000000 0.36120284146053649454 0.00000000000000000000
0.8100000000 0.35404770891117126608 0.00000000000000000000
0.8200000000 0.34710372727319349639 0.00000000000000000000
0.8300000000 0.34036398586142502243 0.00000000000000000000
0.8400000000 0.33382180804555533493 0.00000000000000000000
0.8500000000 0.32747074373964407679 0.00000000000000000000
0.8600000000 0.32130456206669588681 0.00000000000000000000
0.8700000000 0.31531724420175094581 0.00000000000000000000
0.8800000000 0.30950297639559032348 0.00000000000000000000
0.8900000000 0.30385614318058756789 0.00000000000000000000
0.9000000000 0.29837132075919653440 0.00000000000000000000
0.9100000000 0.29304327057501511344 0.00000000000000000000
0.9200000000 0.28786693306566013550 0.00000000000000000000
0.9300000000 0.28283742159625763213 0.00000000000000000000
0.9400000000 0.27795001657174894794 0.00000000000000000000
0.9500000000 0.27320015972593253428 0.00000000000000000000
0.9600000000 0.26858344858472876782 0.00000000000000000000
0.9700000000 0.26409563110098893679 0.00000000000000000000
0.9800000000 0.25973260045759805070 0.00000000000000000000
0.9900000000 0.25549039003606049958 0.00000000000000000000
1.0000000000 0.25136516854629742390 0.00000000000000000000
1.0100000000 0.24735323531591799084 0.00000000000000000000
1.0200000000 0.24345101573295110930 0.00000000000000000000
1.0300000000 0.23965505683939006265 0.00000000000000000000
1.0400000000 0.23596202307303346113 0.00000000000000000000
1.0500000000 0.23236869215160968483 0.00000000000000000000
1.0600000000 0.22887195109658209358 0.00000000000000000000
1.0700000000 0.22546879239257228145 0.00000000000000000000
1.0800000000 0.22215631027843024681 0.00000000000000000000
1.0900000000 0.21893169716623744891 0.00000000000000000000
1.1000000000 0.21579224018443743383 0.00000000000000000000
1.1100000000 0.21273531784123894672 0.00000000000000000000
1.1200000000 0.20975839680477478821 0.00000000000000000000
1.1300000000 0.20685902879621556605 0.00000000000000000000
1.1400000000 0.20403484759233730950 0.00000000000000000000
1.1500000000 0.20128356613400491537 0.00000000000000000000
1.1600000000 0.19860297373714630442 0.00000000000000000000
1.1700000000 0.19599093340283543774 0.00000000000000000000
1.1800000000 0.19344537922322516121 0.00000000000000000000
1.1900000000 0.19096431388004564411 0.00000000000000000000
1.2000000000 0.18854580623264804995 0.00000000000000000000
1.2100000000 0.18618798899244906608 0.00000000000000000000
1.2200000000 0.18388905648085121514 0.00000000000000000000
1.2300000000 0.18164726246776718988 0.00000000000000000000
1.2400000000 0.17946091808791417299 0.00000000000000000000
1.2500000000 0.17732838983217075191 0.00000000000000000000
1.2600000000 0.17524809761137349895 0.00000000000000000000
1.2700000000 0.17321851288995926410 0.00000000000000000000
1.2800000000 0.17123815688701435334 0.00000000000000000000
1.2900000000 0.16930559884227941447 0.00000000000000000000
1.3000000000 0.16741945434483929134 0.00000000000000000000
1.3100000000 0.16557838372219790823 0.00000000000000000000
1.3200000000 0.16378109048759187383 0.00000000000000000000
1.3300000000 0.16202631984343227045 0.00000000000000000000
1.3400000000 0.16031285723882540695 0.00000000000000000000
1.3500000000 0.15863952697923067170 0.00000000000000000000
1.3600000000 0.15700519088633921316 0.00000000000000000000
1.3700000000 0.15540874700635151640 0.00000000000000000000
1.3800000000 0.15384912836487210641 0.00000000000000000000
1.3900000000 0.15232530176673286793 0.00000000000000000000
1.4000000000 0.15083626663907329091 0.00000000000000000000
1.4100000000 0.14938105391611689043 0.00000000000000000000
1.4200000000 0.14795872496407824759 0.00000000000000000000
1.4300000000 0.14656837054475582716 0.00000000000000000000
1.4400000000 0.14520910981636467318 0.00000000000000000000
1.4500000000 0.14388008937023916145 0.00000000000000000000
1.4600000000 0.14258048230208805740 0.00000000000000000000
1.4700000000 0.14130948731652701045 0.00000000000000000000
1.4800000000 0.14006632786364972554 0.00000000000000000000
1.4900000000 0.13885025130646766467 0.00000000000000000000
1.5000000000 0.13766052811806900324 0.00000000000000000000
1.5100000000 0.13649645110739896947 0.00000000000000000000
1.5200000000 0.13535733467261337748 0.00000000000000000000
1.5300000000 0.13424251408097673255 0.00000000000000000000
1.5400000000 0.13315134477432741256 0.00000000000000000000
1.5500000000 0.13208320169916920594 0.00000000000000000000
1.5600000000 0.13103747866047910087 0.00000000000000000000
1.5700000000 0.13001358769835219542 0.00000000000000000000
1.5800000000 0.12901095848664970167 0.00000000000000000000
1.5900000000 0.12802903775282950538 0.00000000000000000000
1.6000000000 0.12706728871818917526 0.00000000000000000000
1.6100000000 0.12612519055776194588 0.00000000000000000000
1.6200000000 0.12520223787914977476 0.00000000000000000000
1.6300000000 0.12429794021959465755 0.00000000000000000000
1.6400000000 0.12341182156061188124 0.00000000000000000000
1.6500000000 0.12254341985955853611 0.00000000000000000000
1.6600000000 0.12169228659749724286 0.00000000000000000000
1.6700000000 0.12085798634277462871 0.00000000000000000000
1.6800000000 0.12004009632972829913 0.00000000000000000000
1.6900000000 0.11923820605197436862 0.00000000000000000000
1.7000000000 0.11845191686975142797 0.00000000000000000000
1.7100000000 0.11768084163079085835 0.00000000000000000000
1.7200000000 0.11692460430423914919 0.00000000000000000000
1.7300000000 0.11618283962715218738 0.00000000000000000000
1.7400000000 0.11545519276309486323 0.00000000000000000000
1.7500000000 0.11474131897242791089 0.00000000000000000000
1.7600000000 0.11404088329384086398 0.00000000000000000000
1.7700000000 0.11335356023672818471 0.00000000000000000000
1.7800000000 0.11267903348403181252 0.00000000000000000000
1.7900000000 0.11201699560515109011 0.00000000000000000000
1.8000000000 0.11136714777857308067 0.00000000000000000000
1.8100000000 0.11072919952387133558 0.00000000000000000000
1.8200000000 0.11010286844273035889 0.00000000000000000000
1.8300000000 0.10948787996868566963 0.00000000000000000000
1.8400000000 0.10888396712525183485 0.00000000000000000000
1.8500000000 0.10829087029215370142 0.00000000000000000000
1.8600000000 0.10770833697936205153 0.00000000000000000000
1.8700000000 0.10713612160866585465 0.00000000000000000000
1.8800000000 0.10657398530249741209 0.00000000000000000000
1.8900000000 0.10602169567977749731 0.00000000000000000000
1.9000000000 0.10547902665850540649 0.00000000000000000000
1.9100000000 0.10494575826487999304 0.00000000000000000000
1.9200000000 0.10442167644870087306 0.00000000000000000000
1.9300000000 0.10390657290484707487 0.00000000000000000000
1.9400000000 0.10340024490060260864 0.00000000000000000000
1.9500000000 0.10290249510864127314 0.00000000000000000000
1.9600000000 0.10241313144545698133 0.00000000000000000000
1.9700000000 0.10193196691506004048 0.00000000000000000000
1.9800000000 0.10145881945775142574 0.00000000000000000000
1.9900000000 0.10099351180379957660 0.00000000000000000000
2.0000000000 0.10053587133184942182 0.00000000000000000000
2.0100000000 0.10008572993189990274 0.00000000000000000000
2.0200000000 0.09964292387269084450 0.00000000000000000000
2.0300000000 0.09920729367335005822 0.00000000000000000000
2.0400000000 0.09877868397914851828 0.00000000000000000000
2.0500000000 0.09835694344123047106 0.00000000000000000000
2.0600000000 0.09794192460017336899 0.00000000000000000000
2.0700000000 0.09753348377325396501 0.00000000000000000000
2.0800000000 0.09713148094528764598 0.00000000000000000000
2.0900000000 0.09673577966292670749 0.00000000000000000000
2.1000000000 0.09634624693229107417 0.00000000000000000000
2.1100000000 0.09596275311982568890 0.00000000000000000000
2.1200000000 0.09558517185627254942 0.00000000000000000000
2.1300000000 0.09521337994365079715 0.00000000000000000000
2.1400000000 0.09484725726514606214 0.00000000000000000000
2.1500000000 0.09448668669780828366 0.00000000000000000000
2.1600000000 0.09413155402796773152 0.00000000000000000000
2.1700000000 0.09378174786927256923 0.00000000000000000000
2.1800000000 0.09343715958326723192 0.00000000000000000000
2.1900000000 0.09309768320241938733 0.00000000000000000000
2.2000000000 0.09276321535552019271 0.00000000000000000000
2.2100000000 0.09243365519537513619 0.00000000000000000000
2.2200000000 0.09210890432871148004 0.00000000000000000000
2.2300000000 0.09178886674822883673 0.00000000000000000000
2.2400000000 0.09147344876672099112 0.00000000000000000000
2.2500000000 0.09116255895320082847 0.00000000000000000000
2.2600000000 0.09085610807096627939 0.00000000000000000000
2.2700000000 0.09055400901753637988 0.00000000000000000000
2.2800000000 0.09025617676640466935 0.00000000000000000000
2.2900000000 0.08996252831054368793 0.00000000000000000000
2.3000000000 0.08967298260760693529 0.00000000000000000000
2.3100000000 0.08938746052677386256 0.00000000000000000000
2.3200000000 0.08910588479718241361 0.00000000000000000000
2.3300000000 0.08882817995789822618 0.00000000000000000000
2.3400000000 0.08855427230937198968 0.00000000000000000000
2.3500000000 0.08828408986633727584 0.00000000000000000000
2.3600000000 0.08801756231209965919 0.00000000000000000000
2.3700000000 0.08775462095417739528 0.00000000000000000000
2.3800000000 0.08749519868124484845 0.00000000000000000000
2.3900000000 0.08723922992134215681 0.00000000000000000000
2.4000000000 0.08698665060130768290 0.00000000000000000000
2.4100000000 0.08673739810739468370 0.00000000000000000000
2.4200000000 0.08649141124703700612 0.00000000000000000000
2.4300000000 0.08624863021172442246 0.00000000000000000000
2.4400000000 0.08600899654095477131 0.00000000000000000000
2.4500000000 0.08577245308722665496 0.00000000000000000000
2.4600000000 0.08553894398204536786 0.00000000000000000000
2.4700000000 0.08530841460290185252 0.00000000000000000000
2.4800000000 0.08508081154120172851 0.00000000000000000000
2.4900000000 0.08485608257111204589 0.00000000000000000000
2.5000000000 0.08463417661929596714 0.00000000000000000000
2.5100000000 0.08441504373551077245 0.00000000000000000000
2.5200000000 0.08419863506403828246 0.00000000000000000000
2.5300000000 0.08398490281592654871 0.00000000000000000000
2.5400000000 0.08377380024201457054 0.00000000000000000000
2.5500000000 0.08356528160671836125 0.00000000000000000000
2.5600000000 0.08335930216255144076 0.00000000000000000000
2.5700000000 0.08315581812536110284 0.00000000000000000000
2.5800000000 0.08295478665025797504 0.00000000000000000000
2.5900000000 0.08275616580821427981 0.00000000000000000000
2.6000000000 0.08255991456331446265 0.00000000000000000000
2.6100000000 0.08236599275063762049 0.00000000000000000000
2.6200000000 0.08217436105475052488 0.00000000000000000000
2.6300000000 0.08198498098879461460 0.00000000000000000000
2.6400000000 0.08179781487414956864 0.00000000000000000000
2.6500000000 0.08161282582065351732 0.00000000000000000000
2.6600000000 0.08142997770736701280 0.00000000000000000000
2.6700000000 0.08124923516386051148 0.00000000000000000000
2.6800000000 0.08107056355201237852 0.00000000000000000000
2.6900000000 0.08089392894830232938 0.00000000000000000000
2.7000000000 0.08071929812658332204 0.00000000000000000000
2.7100000000 0.08054663854131993705 0.00000000000000000000
2.7200000000 0.08037591831127825770 0.00000000000000000000
2.7300000000 0.08020710620365556487 0.00000000000000000000
2.7400000000 0.08004017161863286045 0.00000000000000000000
2.7500000000 0.07987508457434498721 0.00000000000000000000
2.7600000000 0.07971181569224668195 0.00000000000000000000
2.7700000000 0.07955033618287253583 0.00000000000000000000
2.7800000000 0.07939061783197198796 0.00000000000000000000
2.7900000000 0.07923263298701317681 0.00000000000000000000
2.8000000000 0.07907635454404149389 0.00000000000000000000
2.8100000000 0.07892175593488567897 0.00000000000000000000
2.8200000000 0.07876881111469952179 0.00000000000000000000
2.8300000000 0.07861749454982903951 0.00000000000000000000
2.8400000000 0.07846778120599863515 0.00000000000000000000
2.8500000000 0.07831964653680255350 0.00000000000000000000
2.8600000000 0.07817306647249797069 0.00000000000000000000
2.8700000000 0.07802801740908715811 0.00000000000000000000
2.8800000000 0.07788447619768186503 0.00000000000000000000
2.8900000000 0.07774242013414321695 0.00000000000000000000
2.9000000000 0.07760182694898638822 0.00000000000000000000
2.9100000000 0.07746267479754638530 0.00000000000000000000
2.9200000000 0.07732494225039286684 0.00000000000000000000
2.9300000000 0.07718860828399193297 0.00000000000000000000
2.9400000000 0.07705365227160421160 0.00000000000000000000
2.9500000000 0.07692005397441448178 0.00000000000000000000
2.9600000000 0.07678779353288575638 0.00000000000000000000
2.9700000000 0.07665685145833169012 0.00000000000000000000
2.9800000000 0.07652720862470169250 0.00000000000000000000
2.9900000000 0.07639884626057130701 0.00000000000000000000
3.0000000000 0.07627174594133485919 0.00000000000000000000
3.0100000000 0.07614588958159139442 0.00000000000000000000
3.0200000000 0.07602125942772193501 0.00000000000000000000
3.0300000000 0.07589783805065015987 0.00000000000000000000
3.0400000000 0.07577560833878314861 0.00000000000000000000
3.0500000000 0.07565455349112702732 0.00000000000000000000
3.0600000000 0.07553465701057034132 0.00000000000000000000
3.0700000000 0.07541590269733602914 0.00000000000000000000
3.0800000000 0.07529827464259099268 0.00000000000000000000
3.0900000000 0.07518175722221268065 0.00000000000000000000
3.1000000000 0.07506633509070992361 0.00000000000000000000
3.1100000000 0.07495199317528829230 0.00000000000000000000
3.1200000000 0.07483871667006232464 0.00000000000000000000
3.1300000000 0.07472649103040619745 0.00000000000000000000
3.1400000000 0.07461530196744185772 0.00000000000000000000
3.1500000000 0.07450513544265872923 0.00000000000000000000
3.1600000000 0.07439597766266406453 0.00000000000000000000
3.1700000000 0.07428781507405732287 0.00000000000000000000
3.1800000000 0.07418063435842919828 0.00000000000000000000
3.1900000000 0.07407442242747705463 0.00000000000000000000
3.2000000000 0.07396916641823948757 0.00000000000000000000
3.2100000000 0.07386485368844047938 0.00000000000000000000
3.2200000000 0.07376147181194725455 0.00000000000000000000
3.2300000000 0.07365900857433151094 0.00000000000000000000
3.2400000000 0.07355745196853825940 0.00000000000000000000
3.2500000000 0.07345679019065433357 0.00000000000000000000
3.2600000000 0.07335701163577565409 0.00000000000000000000
3.2700000000 0.07325810489397263647 0.00000000000000000000
3.2800000000 0.07316005874634724793 0.00000000000000000000
3.2900000000 0.07306286216118379473 0.00000000000000000000
3.3000000000 0.07296650429018684825 0.00000000000000000000
3.3100000000 0.07287097446480683693 0.00000000000000000000
3.3200000000 0.07277626219265047325 0.00000000000000000000
3.3300000000 0.07268235715397297625 0.00000000000000000000
3.3400000000 0.07258924919825096578 0.00000000000000000000
3.3500000000 0.07249692834083348858 0.00000000000000000000
3.3600000000 0.07240538475966970533 0.00000000000000000000
3.3700000000 0.07231460879210950543 0.00000000000000000000
3.3800000000 0.07222459093177875655 0.00000000000000000000
3.3900000000 0.07213532182552304106 0.00000000000000000000
3.4000000000 0.07204679227042209977 0.00000000000000000000
3.4100000000 0.07195899321086972333 0.00000000000000000000
3.4200000000 0.07187191573571995173 0.00000000000000000000
3.4300000000 0.07178555107549700054 0.00000000000000000000
3.4400000000 0.07169989059966740130 0.00000000000000000000
3.4500000000 0.07161492581397281565 0.00000000000000000000
3.4600000000 0.07153064835782091402 0.00000000000000000000
3.4700000000 0.07144705000173613707 0.00000000000000000000
3.4800000000 0.07136412264486444168 0.00000000000000000000
3.4900000000 0.07128185831253440463 0.00000000000000000000
3.5000000000 0.07120024915387142272 0.00000000000000000000
3.5100000000 0.07111928743946305254 0.00000000000000000000
3.5200000000 0.07103896555907768251 0.00000000000000000000
3.5300000000 0.07095927601943009810 0.00000000000000000000
3.5400000000 0.07088021144199753432 0.00000000000000000000
3.5500000000 0.07080176456088232984 0.00000000000000000000
3.5600000000 0.07072392822072010032 0.00000000000000000000
3.5700000000 0.07064669537463409699 0.00000000000000000000
3.5800000000 0.07057005908223298873 0.00000000000000000000
3.5900000000 0.07049401250765072180 0.00000000000000000000
3.6000000000 0.07041854891762976132 0.00000000000000000000
3.6100000000 0.07034366167964385685 0.00000000000000000000
3.6200000000 0.07026934426006153922 0.00000000000000000000
3.6300000000 0.07019559022234773960 0.00000000000000000000
3.6400000000 0.07012239322530446073 0.00000000000000000000
3.6500000000 0.07004974702134737774 0.00000000000000000000
3.6600000000 0.06997764545481903464 0.00000000000000000000
3.6700000000 0.06990608246033848394 0.00000000000000000000
3.6800000000 0.06983505206118310882 0.00000000000000000000
3.6900000000 0.06976454836770686063 0.00000000000000000000
3.7000000000 0.06969456557578920797 0.00000000000000000000
3.7100000000 0.06962509796531743400 0.00000000000000000000
3.7200000000 0.06955613989869997849 0.00000000000000000000
3.7300000000 0.06948768581941049127 0.00000000000000000000
3.7400000000 0.06941973025056190350 0.00000000000000000000
3.7500000000 0.06935226779350905923 0.00000000000000000000
3.7600000000 0.06928529312648143423 0.00000000000000000000
3.7700000000 0.06921880100324227791 0.00000000000000000000
3.7800000000 0.06915278625177591343 0.00000000000000000000
3.7900000000 0.06908724377300104469 0.00000000000000000000
3.8000000000 0.06902216853951088915 0.00000000000000000000
3.8100000000 0.06895755559433776327 0.00000000000000000000
3.8200000000 0.06889340004974374432 0.00000000000000000000
3.8300000000 0.06882969708603474401 0.00000000000000000000
3.8400000000 0.06876644195039803564 0.00000000000000000000
3.8500000000 0.06870362995576434484 0.00000000000000000000
3.8600000000 0.06864125647969125665 0.00000000000000000000
3.8700000000 0.06857931696326960425 0.00000000000000000000
3.8800000000 0.06851780691005100732 0.00000000000000000000
3.8900000000 0.06845672188499703215 0.00000000000000000000
3.9000000000 0.06839605751344896012 0.00000000000000000000
3.9100000000 0.06833580948011756806 0.00000000000000000000
3.9200000000 0.06827597352809308684 0.00000000000000000000
3.9300000000 0.06821654545787410318 0.00000000000000000000
3.9400000000 0.06815752112641582094 0.00000000000000000000
3.9500000000 0.06809889644619623872 0.00000000000000000000
3.9600000000 0.06804066738430170069 0.00000000000000000000
3.9700000000 0.06798282996152822666 0.00000000000000000000
3.9800000000 0.06792538025150174352 0.00000000000000000000
3.9900000000 0.06786831437981498405 0.00000000000000000000
4.0000000000 0.06781162852317999812 0.00000000000000000000
4.0100000000 0.06775531890859841366 0.00000000000000000000
4.0200000000 0.06769938181254589460 0.00000000000000000000
4.0300000000 0.06764381356017377944 0.00000000000000000000
4.0400000000 0.06758861052452412588 0.00000000000000000000
4.0500000000 0.06753376912576139479 0.00000000000000000000
4.0600000000 0.06747928583041722106 0.00000000000000000000
4.0700000000 0.06742515715065038051 0.00000000000000000000
4.0800000000 0.06737137964352010733 0.00000000000000000000
4.0900000000 0.06731794991027292840 0.00000000000000000000
4.1000000000 0.06726486459564362530 0.00000000000000000000
4.1100000000 0.06721212038716843640 0.00000000000000000000
4.1200000000 0.06715971401451097111 0.00000000000000000000
4.1300000000 0.06710764224880175211 0.00000000000000000000
4.1400000000 0.06705590190198829070 0.00000000000000000000
4.1500000000 0.06700448982619860994 0.00000000000000000000
4.1600000000 0.06695340291311571712 0.00000000000000000000
4.1700000000 0.06690263809336365053 0.00000000000000000000
4.1800000000 0.06685219233590508625 0.00000000000000000000
4.1900000000 0.06680206264744940892 0.00000000000000000000
4.2000000000 0.06675224607187206505 0.00000000000000000000
4.2100000000 0.06670273968964438027 0.00000000000000000000
4.2200000000 0.06665354061727295221 0.00000000000000000000
4.2300000000 0.06660464600675077007 0.00000000000000000000
4.2400000000 0.06655605304501639730 0.00000000000000000000
4.2500000000 0.06650775895342414534 0.00000000000000000000
4.2600000000 0.06645976098722318481 0.00000000000000000000
4.2700000000 0.06641205643504637102 0.00000000000000000000
4.2800000000 0.06636464261840731294 0.00000000000000000000
4.2900000000 0.06631751689120787829 0.00000000000000000000
4.3000000000 0.06627067663925274854 0.00000000000000000000
4.3100000000 0.06622411927977381318 0.00000000000000000000
4.3200000000 0.06617784226096237732 0.00000000000000000000
4.3300000000 0.06613184306150986236 0.00000000000000000000
4.3400000000 0.06608611919015611180 0.00000000000000000000
4.3500000000 0.06604066818524653715 0.00000000000000000000
4.3600000000 0.06599548761429573085 0.00000000000000000000
4.3700000000 0.06595057507355978066 0.00000000000000000000
4.3800000000 0.06590592818761563387 0.00000000000000000000
4.3900000000 0.06586154460894728946 0.00000000000000000000
4.4000000000 0.06581742201753999766 0.00000000000000000000
4.4100000000 0.06577355812048092665 0.00000000000000000000
4.4200000000 0.06572995065156636563 0.00000000000000000000
4.4300000000 0.06568659737091686601 0.00000000000000000000
4.4400000000 0.06564349606459765618 0.00000000000000000000
4.4500000000 0.06560064454424603675 0.00000000000000000000
4.4600000000 0.06555804064670543718 0.00000000000000000000
4.4700000000 0.06551568223366514843 0.00000000000000000000
4.4800000000 0.06547356719130680014 0.00000000000000000000
4.4900000000 0.06543169342995584781 0.00000000000000000000
4.5000000000 0.06539005888374008202 0.00000000000000000000
4.5100000000 0.06534866151025278680 0.00000000000000000000
4.5200000000 0.06530749929022258704 0.00000000000000000000
4.5300000000 0.06526657022718776457 0.00000000000000000000
4.5400000000 0.06522587234717693028 0.00000000000000000000
4.5500000000 0.06518540369839451176 0.00000000000000000000
4.5600000000 0.06514516235091140361 0.00000000000000000000
4.5700000000 0.06510514639636102996 0.00000000000000000000
4.5800000000 0.06506535394764027813 0.00000000000000000000
4.5900000000 0.06502578313861548387 0.00000000000000000000
4.6000000000 0.06498643212383291290 0.00000000000000000000
4.6100000000 0.06494729907823436343 0.00000000000000000000
4.6200000000 0.06490838219687709854 0.00000000000000000000
4.6300000000 0.06486967969465885775 0.00000000000000000000
4.6400000000 0.06483118980604667125 0.00000000000000000000
4.6500000000 0.06479291078481042021 0.00000000000000000000
4.6600000000 0.06475484090376103230 0.00000000000000000000
4.6700000000 0.06471697845449198017 0.00000000000000000000
4.6800000000 0.06467932174712603954 0.00000000000000000000
4.6900000000 0.06464186911006541969 0.00000000000000000000
4.7000000000 0.06460461888974600164 0.00000000000000000000
4.7100000000 0.06456756945039578144 0.00000000000000000000
4.7200000000 0.06453071917379664402 0.00000000000000000000
4.7300000000 0.06449406645905057800 0.00000000000000000000
4.7400000000 0.06445760972234920727 0.00000000000000000000
4.7500000000 0.06442134739674673649 0.00000000000000000000
4.7600000000 0.06438527793193715709 0.00000000000000000000
4.7700000000 0.06434939979403456189 0.00000000000000000000
4.7800000000 0.06431371146535655448 0.00000000000000000000
4.7900000000 0.06427821144421186350 0.00000000000000000000
4.8000000000 0.06424289824469064936 0.00000000000000000000
4.8100000000 0.06420777039645821083 0.00000000000000000000
4.8200000000 0.06417282644455220286 0.00000000000000000000
4.8300000000 0.06413806494918269929 0.00000000000000000000
4.8400000000 0.06410348448553505885 0.00000000000000000000
4.8500000000 0.06406908364357695451 0.00000000000000000000
4.8600000000 0.06403486102786669354 0.00000000000000000000
4.8700000000 0.06400081525736625587 0.00000000000000000000
4.8800000000 0.06396694496525587303 0.00000000000000000000
4.8900000000 0.06393324879875209032 0.00000000000000000000
4.9000000000 0.06389972541892838254 0.00000000000000000000
4.9100000000 0.06386637350053850359 0.00000000000000000000
4.9200000000 0.06383319173184279216 0.00000000000000000000
4.9300000000 0.06380017881443669769 0.00000000000000000000
4.9400000000 0.06376733346308215145 0.00000000000000000000
4.9500000000 0.06373465440554151873 0.00000000000000000000
4.9600000000 0.06370214038241370225 0.00000000000000000000
4.9700000000 0.06366979014697334016 0.00000000000000000000
4.9800000000 0.06363760246501147522 0.00000000000000000000
4.9900000000 0.06360557611467999861 0.00000000000000000000
5.0000000000 0.06357370988633657960 0.00000000000000000000
