0.1000000000 4.42337146948544823744 0.00000000000000000000
0.1100000000 4.27341464160524697746 0.00000000000000000000
0.1200000000 4.12721537450099429378 0.00000000000000000000
0.1300000000 3.98499503085310635697 0.00000000000000000000
0.1400000000 3.84694071576177920591 0.00000000000000000000
0.1500000000 3.71320236673477577227 0.00000000000000000000
0.1600000000 3.58389107566439912844 0.00000000000000000000
0.1700000000 3.45907869829736291933 0.00000000000000000000
0.1800000000 3.33879871652700277451 0.00000000000000000000
0.1900000000 3.22304823590507361075 0.00000000000000000000
0.2000000000 3.11179093413399199264 0.00000000000000000000
0.2100000000 3.00496073198748003819 0.00000000000000000000
0.2200000000 2.90246593842630629112 0.00000000000000000000
0.2300000000 2.80419362533213467614 0.00000000000000000000
0.2400000000 2.71001401016559961832 0.00000000000000000000
0.2500000000 2.61978466119122321842 0.00000000000000000000
0.2600000000 2.53335438347621710875 0.00000000000000000000
0.2700000000 2.45056668898115503907 0.00000000000000000000
0.2800000000 2.37126279623631930349 0.00000000000000000000
0.2900000000 2.29528414133099323280 0.00000000000000000000
0.3000000000 2.22247441067292905714 0.00000000000000000000
0.3100000000 2.15268112684734802542 0.00000000000000000000
0.3200000000 2.08575683244183185394 0.00000000000000000000
0.3300000000 2.02155992396143346923 0.00000000000000000000
0.3400000000 1.95995519023644249046 0.00000000000000000000
0.3500000000 1.90081410834400532650 0.00000000000000000000
0.3600000000 1.84401494622527839518 0.00000000000000000000
0.3700000000 1.78944271588676784290 0.00000000000000000000
0.3800000000 1.73698901511253511742 0.00000000000000000000
0.3900000000 1.68655178955387730078 0.00000000000000000000
0.4000000000 1.63803504129065902184 0.00000000000000000000
0.4100000000 1.59134850470839483982 0.00000000000000000000
0.4200000000 1.54640730592729847004 0.00000000000000000000
0.4300000000 1.50313161809202666674 0.00000000000000000000
0.4400000000 1.46144632156600673412 0.00000000000000000000
0.4500000000 1.42128067542174263416 0.00000000000000000000
0.4600000000 1.38256800450862438190 0.00000000000000000000
0.4700000000 1.34524540473779330441 0.00000000000000000000
0.4800000000 1.30925346797329411608 0.00000000000000000000
0.4900000000 1.27453602699072443549 0.00000000000000000000
0.5000000000 1.24103992029551157827 0.00000000000000000000
0.5100000000 1.20871477612875133367 0.00000000000000000000
0.5200000000 1.17751281468298341082 0.00000000000000000000
0.5300000000 1.14738866736597122653 0.00000000000000000000
0.5400000000 1.11829921185586456112 0.00000000000000000000
0.5500000000 1.09020342166242367732 0.00000000000000000000
0.5600000000 1.06306222892641688560 0.00000000000000000000
0.5700000000 1.03683839923810405814 0.00000000000000000000
0.5800000000 1.01149641732460904286 0.00000000000000000000
0.5900000000 0.98700238253693095558 0.00000000000000000000
0.6000000000 0.96332391315306398205 0.00000000000000000000
0.6100000000 0.94043005860142137031 0.00000000000000000000
0.6200000000 0.91829121879371133907 0.00000000000000000000
0.6300000000 0.89687906983811682693 0.00000000000000000000
0.6400000000 0.87616649547965397282 0.00000000000000000000
0.6500000000 0.85612752368504296818 0.00000000000000000000
0.6600000000 0.83673726785382096516 0.00000000000000000000
0.6700000000 0.81797187219518230350 0.00000000000000000000
0.6800000000 0.79980846086284163032 0.00000000000000000000
0.6900000000 0.78222509048640043172 0.00000000000000000000
0.7000000000 0.76520070577941157186 0.00000000000000000000
0.7100000000 0.74871509794108859204 0.00000000000000000000
0.7200000000 0.73274886560102070465 0.00000000000000000000
0.7300000000 0.71728337808468534131 0.00000000000000000000
0.7400000000 0.70230074080283722004 0.00000000000000000000
0.7500000000 0.68778376258985929326 0.00000000000000000000
0.7600000000 0.67371592483517017680 0.00000000000000000000
0.7700000000 0.66008135226912134641 0.00000000000000000000
0.7800000000 0.64686478527938184868 0.00000000000000000000
0.7900000000 0.63405155364668108753 0.00000000000000000000
0.8000000000 0.62162755160030802593 0.00000000000000000000
0.8100000000 0.60957921410380111471 0.00000000000000000000
0.8200000000 0.59789349428950921972 0.00000000000000000000
0.8300000000 0.58655784196911697759 0.00000000000000000000
0.8400000000 0.57556018315320411904 0.00000000000000000000
0.8500000000 0.56488890051940399140 0.00000000000000000000
0.8600000000 0.55453281477357518892 0.00000000000000000000
0.8700000000 0.54448116685357905720 0.00000000000000000000
0.8800000000 0.53472360092840431900 0.00000000000000000000
0.8900000000 0.52525014815019577252 0.00000000000000000000
0.9000000000 0.51605121111917573451 0.00000000000000000000
0.9100000000 0.50711754902446604110 0.00000000000000000000
0.9200000000 0.49844026342667585583 0.00000000000000000000
0.9300000000 0.49001078465064118461 0.00000000000000000000
0.9400000000 0.48182085875777846962 0.00000000000000000000
0.9500000000 0.47386253507081699254 0.00000000000000000000
0.9600000000 0.46612815422462916537 0.00000000000000000000
0.9700000000 0.45861033671781703536 0.00000000000000000000
0.9800000000 0.45130197194326526766 0.00000000000000000000
0.9900000000 0.44419620767442502540 0.00000000000000000000
1.0000000000 0.43728643998719990416 0.00000000000000000000
1.0100000000 0.43056630359976133526 0.00000000000000000000
1.0200000000 0.42402966260782171126 0.00000000000000000000
1.0300000000 0.41767060159967411836 0.00000000000000000000
1.0400000000 0.41148341713806269038 0.00000000000000000000
1.0500000000 0.40546260958678953523 0.00000000000000000000
1.0600000000 0.39960287527132370977 0.00000000000000000000
1.0700000000 0.39389909895746094692 0.00000000000000000000
1.0800000000 0.38834634663465344984 0.00000000000000000000
1.0900000000 0.38293985859156659535 0.00000000000000000000
1.1000000000 0.37767504277040536698 0.00000000000000000000
1.1100000000 0.37254746838942665033 0.00000000000000000000
1.1200000000 0.36755285982134028311 0.00000000000000000000
1.1300000000 0.36268709071743482353 0.00000000000000000000
1.1400000000 0.35794617836685260759 0.00000000000000000000
1.1500000000 0.35332627828129814507 0.00000000000000000000
1.1600000000 0.34882367899579380666 0.00000000000000000000
1.1700000000 0.34443479707637525422 0.00000000000000000000
1.1800000000 0.34015617232624445476 0.00000000000000000000
1.1900000000 0.33598446318208635697 0.00000000000000000000
1.2000000000 0.33191644229280165002 0.00000000000000000000
1.2100000000 0.32794899227287926946 0.00000000000000000000
1.2200000000 0.32407910162354292005 0.00000000000000000000
1.2300000000 0.32030386081442008273 0.00000000000000000000
1.2400000000 0.31662045851941739150 0.00000000000000000000
1.2500000000 0.31302617800027027206 0.00000000000000000000
1.2600000000 0.30951839363190747356 0.00000000000000000000
1.2700000000 0.30609456756359004759 0.00000000000000000000
1.2800000000 0.30275224651050475222 0.00000000000000000000
1.2900000000 0.29948905867037139972 0.00000000000000000000
1.3000000000 0.29630271075995195940 0.00000000000000000000
1.3100000000 0.29319098516663844034 0.00000000000000000000
1.3200000000 0.29015173721047810007 0.00000000000000000000
1.3300000000 0.28718289251196971179 0.00000000000000000000
1.3400000000 0.28428244446160655379 0.00000000000000000000
1.3500000000 0.28144845178683086662 0.00000000000000000000
1.3600000000 0.27867903621257050784 0.00000000000000000000
1.3700000000 0.27597238021153580600 0.00000000000000000000
1.3800000000 0.27332672484071346419 0.00000000000000000000
1.3900000000 0.27074036766050862957 0.00000000000000000000
1.4000000000 0.26821166073326380141 0.00000000000000000000
1.4100000000 0.26573900869799749191 0.00000000000000000000
1.4200000000 0.26332086691820766333 0.00000000000000000000
1.4300000000 0.26095573969991348040 0.00000000000000000000
1.4400000000 0.25864217857711296888 0.00000000000000000000
1.4500000000 0.25637878066187896886 0.00000000000000000000
1.4600000000 0.25416418705667009892 0.00000000000000000000
1.4700000000 0.25199708132622977708 0.00000000000000000000
1.4800000000 0.24987618802681071939 0.00000000000000000000
1.4900000000 0.24780027129040577138 0.00000000000000000000
1.5000000000 0.24576813346180989561 0.00000000000000000000
1.5100000000 0.24377861378645621082 0.00000000000000000000
1.5200000000 0.24183058714697985847 0.00000000000000000000
1.5300000000 0.23992296284661759898 0.00000000000000000000
1.5400000000 0.23805468343759411676 0.00000000000000000000
1.5500000000 0.23622472359273330444 0.00000000000000000000
1.5600000000 0.23443208901859818871 0.00000000000000000000
1.5700000000 0.23267581540853340960 0.00000000000000000000
1.5800000000 0.23095496743405038997 0.00000000000000000000
1.5900000000 0.22926863777307202041 0.00000000000000000000
1.6000000000 0.22761594617358865689 0.00000000000000000000
1.6100000000 0.22599603855136055075 0.00000000000000000000
1.6200000000 0.22440808612035986758 0.00000000000000000000
1.6300000000 0.22285128455464150998 0.00000000000000000000
1.6400000000 0.22132485318048233935 0.00000000000000000000
1.6500000000 0.21982803419759294750 0.00000000000000000000
1.6600000000 0.21836009192829197723 0.00000000000000000000
1.6700000000 0.21692031209357048871 0.00000000000000000000
1.6800000000 0.21550800111500148515 0.00000000000000000000
1.6900000000 0.21412248544153950069 0.00000000000000000000
1.7000000000 0.21276311090024285777 0.00000000000000000000
1.7100000000 0.21142924206998586767 0.00000000000000000000
1.7200000000 0.21012026167732647530 0.00000000000000000000
1.7300000000 0.20883557001367672457 0.00000000000000000000
1.7400000000 0.20757458437294742937 0.00000000000000000000
1.7500000000 0.20633673850893671786 0.00000000000000000000
1.7600000000 0.20512148211166955636 0.00000000000000000000
1.7700000000 0.20392828030203721812 0.00000000000000000000
1.7800000000 0.20275661314397588897 0.00000000000000000000
1.7900000000 0.20160597517360304143 0.00000000000000000000
1.8000000000 0.20047587494461699409 0.00000000000000000000
1.8100000000 0.19936583458940929092 0.00000000000000000000
1.8200000000 0.19827538939524497197 0.00000000000000000000
1.8300000000 0.19720408739501404938 0.00000000000000000000
1.8400000000 0.19615148897197190458 0.00000000000000000000
1.8500000000 0.19511716647797094915 0.00000000000000000000
1.8600000000 0.19410070386467714876 0.00000000000000000000
1.8700000000 0.19310169632730922462 0.00000000000000000000
1.8800000000 0.19211974996043137964 0.00000000000000000000
1.8900000000 0.19115448142534949283 0.00000000000000000000
1.9000000000 0.19020551762871626411 0.00000000000000000000
1.9100000000 0.18927249541190246940 0.00000000000000000000
1.9200000000 0.18835506125077319806 0.00000000000000000000
1.9300000000 0.18745287096547397221 0.00000000000000000000
1.9400000000 0.18656558943987444632 0.00000000000000000000
1.9500000000 0.18569289035031497082 0.00000000000000000000
1.9600000000 0.18483445590333369424 0.00000000000000000000
1.9700000000 0.18398997658202834171 0.00000000000000000000
1.9800000000 0.18315915090078113692 0.00000000000000000000
1.9900000000 0.18234168516800539073 0.00000000000000000000
2.0000000000 0.18153729325666623229 0.00000000000000000000
2.0100000000 0.18074569638227247492 0.00000000000000000000
2.0200000000 0.17996662288809106567 0.00000000000000000000
2.0300000000 0.17919980803732510344 0.00000000000000000000
2.0400000000 0.17844499381200329413 0.00000000000000000000
2.0500000000 0.17770192871835666093 0.00000000000000000000
2.0600000000 0.17697036759843895459 0.00000000000000000000
2.0700000000 0.17625007144780135970 0.00000000000000000000
2.0800000000 0.17554080723896806071 0.00000000000000000000
2.0900000000 0.17484234775055446098 0.00000000000000000000
2.1000000000 0.17415447140180037588 0.00000000000000000000
2.1100000000 0.17347696209234758635 0.00000000000000000000
2.1200000000 0.17280960904707476367 0.00000000000000000000
2.1300000000 0.17215220666581979025 0.00000000000000000000
2.1400000000 0.17150455437781186863 0.00000000000000000000
2.1500000000 0.17086645650066897839 0.00000000000000000000
2.1600000000 0.17023772210378537717 0.00000000000000000000
2.1700000000 0.16961816487597808356 0.00000000000000000000
2.1800000000 0.16900760299722975000 0.00000000000000000000
2.1900000000 0.16840585901440813243 0.00000000000000000000
2.2000000000 0.16781275972080797465 0.00000000000000000000
2.2100000000 0.16722813603940739346 0.00000000000000000000
2.2200000000 0.16665182290968819090 0.00000000000000000000
2.2300000000 0.16608365917793435629 0.00000000000000000000
2.2400000000 0.16552348749085463164 0.00000000000000000000
2.2500000000 0.16497115419245192425 0.00000000000000000000
2.2600000000 0.16442650922400905977 0.00000000000000000000
2.2700000000 0.16388940602709523020 0.00000000000000000000
2.2800000000 0.16335970144950018312 0.00000000000000000000
2.2900000000 0.16283725565398279866 0.00000000000000000000
2.3000000000 0.16232193202976327728 0.00000000000000000000
2.3100000000 0.16181359710664375284 0.00000000000000000000
2.3200000000 0.16131212047169860013 0.00000000000000000000
2.3300000000 0.16081737468842416394 0.00000000000000000000
2.3400000000 0.16032923521828937319 0.00000000000000000000
2.3500000000 0.15984758034459858878 0.00000000000000000000
2.3600000000 0.15937229109858822018 0.00000000000000000000
2.3700000000 0.15890325118769799140 0.00000000000000000000
2.3800000000 0.15844034692593400582 0.00000000000000000000
2.3900000000 0.15798346716626565645 0.00000000000000000000
2.4000000000 0.15753250323498368957 0.00000000000000000000
2.4100000000 0.15708734886796271724 0.00000000000000000000
2.4200000000 0.15664790014876484037 0.00000000000000000000
2.4300000000 0.15621405544852878799 0.00000000000000000000
2.4400000000 0.15578571536757992999 0.00000000000000000000
2.4500000000 0.15536278267871722614 0.00000000000000000000
2.4600000000 0.15494516227211996284 0.00000000000000000000
2.4700000000 0.15453276110181993208 0.00000000000000000000
2.4800000000 0.15412548813369492118 0.00000000000000000000
2.4900000000 0.15372325429493496896 0.00000000000000000000
2.5000000000 0.15332597242493281597 0.00000000000000000000
2.5100000000 0.15293355722755902493 0.00000000000000000000
2.5200000000 0.15254592522477192218 0.00000000000000000000
2.5300000000 0.15216299471152935907 0.00000000000000000000
2.5400000000 0.15178468571195596892 0.00000000000000000000
2.5500000000 0.15141091993673130855 0.00000000000000000000
2.5600000000 0.15104162074165702889 0.00000000000000000000
2.5700000000 0.15067671308737087821 0.00000000000000000000
2.5800000000 0.15031612350017198310 0.00000000000000000000
2.5900000000 0.14995978003392326783 0.00000000000000000000
2.6000000000 0.14960761223299540168 0.00000000000000000000
2.6100000000 0.14925955109622776606 0.00000000000000000000
2.6200000000 0.14891552904186761142 0.00000000000000000000
2.6300000000 0.14857547987346245155 0.00000000000000000000
2.6400000000 0.14823933874668071553 0.00000000000000000000
2.6500000000 0.14790704213702157710 0.00000000000000000000
2.6600000000 0.14757852780840266527 0.00000000000000000000
2.6700000000 0.14725373478258271809 0.00000000000000000000
2.6800000000 0.14693260330941251834 0.00000000000000000000
2.6900000000 0.14661507483787081241 0.00000000000000000000
2.7000000000 0.14630109198787896729 0.00000000000000000000
2.7100000000 0.14599059852286208616 0.00000000000000000000
2.7200000000 0.14568353932303126919 0.00000000000000000000
2.7300000000 0.14537986035938055274 0.00000000000000000000
2.7400000000 0.14507950866836022419 0.00000000000000000000
2.7500000000 0.14478243232721949019 0.00000000000000000000
2.7600000000 0.14448858042999157547 0.00000000000000000000
2.7700000000 0.14419790306410926184 0.00000000000000000000
2.7800000000 0.14391035128762436068 0.00000000000000000000
2.7900000000 0.14362587710702312549 0.00000000000000000000
2.8000000000 0.14334443345561170835 0.00000000000000000000
2.8100000000 0.14306597417246166848 0.00000000000000000000
2.8200000000 0.14279045398189751936 0.00000000000000000000
2.8300000000 0.14251782847350710770 0.00000000000000000000
2.8400000000 0.14224805408266877338 0.00000000000000000000
2.8500000000 0.14198108807157105993 0.00000000000000000000
2.8600000000 0.14171688851071684301 0.00000000000000000000
2.8700000000 0.14145541426089711101 0.00000000000000000000
2.8800000000 0.14119662495561915994 0.00000000000000000000
2.8900000000 0.14094048098397965463 0.00000000000000000000
2.9000000000 0.14068694347396928923 0.00000000000000000000
2.9100000000 0.14043597427619233797 0.00000000000000000000
2.9200000000 0.14018753594799904238 0.00000000000000000000
2.9300000000 0.13994159173800774232 0.00000000000000000000
2.9400000000 0.13969810557101772219 0.00000000000000000000
2.9500000000 0.13945704203329237214 0.00000000000000000000
2.9600000000 0.13921836635820855621 0.00000000000000000000
2.9700000000 0.13898204441225783801 0.00000000000000000000
2.9800000000 0.13874804268139467878 0.00000000000000000000
2.9900000000 0.13851632825771748037 0.00000000000000000000
3.0000000000 0.13828686882647706069 0.00000000000000000000
3.0100000000 0.13805963265339996071 0.00000000000000000000
3.0200000000 0.13783458857232211425 0.00000000000000000000
3.0300000000 0.13761170597312211150 0.00000000000000000000
3.0400000000 0.13739095478994539645 0.00000000000000000000
3.0500000000 0.13717230548971323656 0.00000000000000000000
3.0600000000 0.13695572906090910936 0.00000000000000000000
3.0700000000 0.13674119700263218102 0.00000000000000000000
3.0800000000 0.13652868131391460160 0.00000000000000000000
3.0900000000 0.13631815448329209772 0.00000000000000000000
3.1000000000 0.13610958947862383805 0.00000000000000000000
3.1100000000 0.13590295973715432742 0.00000000000000000000
3.1200000000 0.13569823915580914164 0.00000000000000000000
3.1300000000 0.13549540208171936828 0.00000000000000000000
3.1400000000 0.13529442330297225539 0.00000000000000000000
3.1500000000 0.13509527803957513403 0.00000000000000000000
3.1600000000 0.13489794193463250371 0.00000000000000000000
3.1700000000 0.13470239104573120126 0.00000000000000000000
3.1800000000 0.13450860183652088575 0.00000000000000000000
3.1900000000 0.13431655116849613996 0.00000000000000000000
3.2000000000 0.13412621629296289649 0.00000000000000000000
3.2100000000 0.13393757484319762652 0.00000000000000000000
3.2200000000 0.13375060482677927909 0.00000000000000000000
3.2300000000 0.13356528461810196484 0.00000000000000000000
3.2400000000 0.13338159295105950219 0.00000000000000000000
3.2500000000 0.13319950891189419329 0.00000000000000000000
3.2600000000 0.13301901193221157826 0.00000000000000000000
3.2700000000 0.13284008178215131468 0.00000000000000000000
3.2800000000 0.13266269856371437630 0.00000000000000000000
3.2900000000 0.13248684270424071485 0.00000000000000000000
3.3000000000 0.13231249495003483130 0.00000000000000000000
3.3100000000 0.13213963636013201230 0.00000000000000000000
3.3200000000 0.13196824830020759123 0.00000000000000000000
3.3300000000 0.13179831243661968565 0.00000000000000000000
3.3400000000 0.13162981073058743764 0.00000000000000000000
3.3500000000 0.13146272543249515330 0.00000000000000000000
3.3600000000 0.13129703907632747639 0.00000000000000000000
3.3700000000 0.13113273447422302276 0.00000000000000000000
3.3800000000 0.13096979471115094418 0.00000000000000000000
3.3900000000 0.13080820313970537017 0.00000000000000000000
3.4000000000 0.13064794337500959531 0.00000000000000000000
3.4100000000 0.13048899928973856088 0.00000000000000000000
3.4200000000 0.13033135500924336592 0.00000000000000000000
3.4300000000 0.13017499490678652307 0.00000000000000000000
3.4400000000 0.13001990359887913296 0.00000000000000000000
3.4500000000 0.12986606594071839482 0.00000000000000000000
3.4600000000 0.12971346702172439902 0.00000000000000000000
3.4700000000 0.12956209216117356431 0.00000000000000000000
3.4800000000 0.12941192690392480658 0.00000000000000000000
3.4900000000 0.12926295701623752299 0.00000000000000000000
3.5000000000 0.12911516848168014260 0.00000000000000000000
3.5100000000 0.12896854749712466370 0.00000000000000000000
3.5200000000 0.12882308046882678942 0.00000000000000000000
3.5300000000 0.12867875400858808099 0.00000000000000000000
3.5400000000 0.12853555493000284882 0.00000000000000000000
3.5500000000 0.12839347024477856807 0.00000000000000000000
3.5600000000 0.12825248715913981079 0.00000000000000000000
3.5700000000 0.12811259307030287147 0.00000000000000000000
3.5800000000 0.12797377556302635959 0.00000000000000000000
3.5900000000 0.12783602240623406776 0.00000000000000000000
3.6000000000 0.12769932154970720095 0.00000000000000000000
3.6100000000 0.12756366112084549513 0.00000000000000000000
3.6200000000 0.12742902942149630929 0.00000000000000000000
3.6300000000 0.12729541492484744425 0.00000000000000000000
3.6400000000 0.12716280627238632506 0.00000000000000000000
3.6500000000 0.12703119227091930199 0.00000000000000000000
3.6600000000 0.12690056188965487260 0.00000000000000000000
3.6700000000 0.12677090425734247048 0.00000000000000000000
3.6800000000 0.12664220865947420358 0.00000000000000000000
3.6900000000 0.12651446453554085481 0.00000000000000000000
3.7000000000 0.12638766147634300507 0.00000000000000000000
3.7100000000 0.12626178922135877780 0.00000000000000000000
3.7200000000 0.12613683765616356958 0.00000000000000000000
3.7300000000 0.12601279680990043475 0.00000000000000000000
3.7400000000 0.12588965685280445461 0.00000000000000000000
3.7500000000 0.12576740809377309760 0.00000000000000000000
3.7600000000 0.12564604097798837135 0.00000000000000000000
3.7700000000 0.12552554608458346697 0.00000000000000000000
3.7800000000 0.12540591412435758700 0.00000000000000000000
3.7900000000 0.12528713593753690314 0.00000000000000000000
3.8000000000 0.12516920249157592604 0.00000000000000000000
3.8100000000 0.12505210487900764171 0.00000000000000000000
3.8200000000 0.12493583431533071548 0.00000000000000000000
3.8300000000 0.12482038213694282569 0.00000000000000000000
3.8400000000 0.12470573979911062090 0.00000000000000000000
3.8500000000 0.12459189887398129659 0.00000000000000000000
3.8600000000 0.12447885104863287697 0.00000000000000000000
3.8700000000 0.12436658812316181422 0.00000000000000000000
3.8800000000 0.12425510200880766909 0.00000000000000000000
3.8900000000 0.12414438472611467879 0.00000000000000000000
3.9000000000 0.12403442840312742246 0.00000000000000000000
3.9100000000 0.12392522527362330453 0.00000000000000000000
3.9200000000 0.12381676767537640182 0.00000000000000000000
3.9300000000 0.12370904804845656022 0.00000000000000000000
3.9400000000 0.12360205893356031315 0.00000000000000000000
3.9500000000 0.12349579297037280301 0.00000000000000000000
3.9600000000 0.12339024289596231543 0.00000000000000000000
3.9700000000 0.12328540154320359601 0.00000000000000000000
3.9800000000 0.12318126183923219785 0.00000000000000000000
3.9900000000 0.12307781680392726464 0.00000000000000000000
4.0000000000 0.12297505954842326281 0.00000000000000000000
4.0100000000 0.12287298327364933048 0.00000000000000000000
4.0200000000 0.12277158126889606282 0.00000000000000000000
4.0300000000 0.12267084691040830435 0.00000000000000000000
4.0400000000 0.12257077366000640462 0.00000000000000000000
4.0500000000 0.12247135506373003910 0.00000000000000000000
4.0600000000 0.12237258475050889761 0.00000000000000000000
4.0700000000 0.12227445643085825544 0.00000000000000000000
4.0800000000 0.12217696389559705439 0.00000000000000000000
4.0900000000 0.12208010101459117192 0.00000000000000000000
4.1000000000 0.12198386173551843681 0.00000000000000000000
4.1100000000 0.12188824008265694565 0.00000000000000000000
4.1200000000 0.12179323015569577804 0.00000000000000000000
4.1300000000 0.12169882612856598725 0.00000000000000000000
4.1400000000 0.12160502224829436435 0.00000000000000000000
4.1500000000 0.12151181283387682552 0.00000000000000000000
4.1600000000 0.12141919227517340707 0.00000000000000000000
4.1700000000 0.12132715503182137096 0.00000000000000000000
4.1800000000 0.12123569563216951561 0.00000000000000000000
4.1900000000 0.12114480867223059724 0.00000000000000000000
4.2000000000 0.12105448881465301347 0.00000000000000000000
4.2100000000 0.12096473078771036169 0.00000000000000000000
4.2200000000 0.12087552938430987104 0.00000000000000000000
4.2300000000 0.12078687946101654416 0.00000000000000000000
4.2400000000 0.12069877593709749108 0.00000000000000000000
4.2500000000 0.12061121379357987726 0.00000000000000000000
4.2600000000 0.12052418807232821718 0.00000000000000000000
4.2700000000 0.12043769387513614255 0.00000000000000000000
4.2800000000 0.12035172636283483771 0.00000000000000000000
4.2900000000 0.12026628075441733734 0.00000000000000000000
4.3000000000 0.12018135232617700725 0.00000000000000000000
4.3100000000 0.12009693641086195692 0.00000000000000000000
4.3200000000 0.12001302839684412083 0.00000000000000000000
4.3300000000 0.11992962372730216203 0.00000000000000000000
4.3400000000 0.11984671789941929443 0.00000000000000000000
4.3500000000 0.11976430646359363663 0.00000000000000000000
4.3600000000 0.11968238502266384526 0.00000000000000000000
4.3700000000 0.11960094923114643339 0.00000000000000000000
4.3800000000 0.11951999479448749408 0.00000000000000000000
4.3900000000 0.11943951746832599803 0.00000000000000000000
4.4000000000 0.11935951305777024734 0.00000000000000000000
4.4100000000 0.11927997741668708298 0.00000000000000000000
4.4200000000 0.11920090644700208349 0.00000000000000000000
4.4300000000 0.11912229609801198993 0.00000000000000000000
4.4400000000 0.11904414236570952379 0.00000000000000000000
4.4500000000 0.11896644129211829399 0.00000000000000000000
4.4600000000 0.11888918896463974983 0.00000000000000000000
4.4700000000 0.11881238151541051451 0.00000000000000000000
4.4800000000 0.11873601512067130659 0.00000000000000000000
4.4900000000 0.11866008600014488206 0.00000000000000000000
4.5000000000 0.11858459041642589737 0.00000000000000000000
4.5100000000 0.11850952467438007065 0.00000000000000000000
4.5200000000 0.11843488512055326545 0.00000000000000000000
4.5300000000 0.11836066814259076085 0.00000000000000000000
4.5400000000 0.11828687016866522297 0.00000000000000000000
4.5500000000 0.11821348766691537613 0.00000000000000000000
4.5600000000 0.11814051714489229306 0.00000000000000000000
4.5700000000 0.11806795514901689825 0.00000000000000000000
4.5800000000 0.11799579826404320293 0.00000000000000000000
4.5900000000 0.11792404311253378013 0.00000000000000000000
4.6000000000 0.11785268635434070772 0.00000000000000000000
4.6100000000 0.11778172468609716950 0.00000000000000000000
4.6200000000 0.11771115484071563440 0.00000000000000000000
4.6300000000 0.11764097358689562522 0.00000000000000000000
4.6400000000 0.11757117772863782956 0.00000000000000000000
4.6500000000 0.11750176410476702304 0.00000000000000000000
4.6600000000 0.11743272958846241727 0.00000000000000000000
4.6700000000 0.11736407108679561273 0.00000000000000000000
4.6800000000 0.11729578554027578208 0.00000000000000000000
4.6900000000 0.11722786992240115389 0.00000000000000000000
4.7000000000 0.11716032123922005825 0.00000000000000000000
4.7100000000 0.11709313652889588586 0.00000000000000000000
4.7200000000 0.11702631286128130361 0.00000000000000000000
4.7300000000 0.11695984733749795192 0.00000000000000000000
4.7400000000 0.11689373708952267850 0.00000000000000000000
4.7500000000 0.11682797927978144648 0.00000000000000000000
4.7600000000 0.11676257110074786394 0.00000000000000000000
4.7700000000 0.11669750977454924901 0.00000000000000000000
4.7800000000 0.11663279255257870404 0.00000000000000000000
4.7900000000 0.11656841671511238012 0.00000000000000000000
4.8000000000 0.11650437957093344454 0.00000000000000000000
4.8100000000 0.11644067845696180752 0.00000000000000000000
4.8200000000 0.11637731073788920577 0.00000000000000000000
4.8300000000 0.11631427380582014253 0.00000000000000000000
4.8400000000 0.11625156507991796229 0.00000000000000000000
4.8500000000 0.11618918200605719837 0.00000000000000000000
4.8600000000 0.11612712205648020869 0.00000000000000000000
4.8700000000 0.11606538272945966794 0.00000000000000000000
4.8800000000 0.11600396154896606971 0.00000000000000000000
4.8900000000 0.11594285606433997471 0.00000000000000000000
4.9000000000 0.11588206384996983800 0.00000000000000000000
4.9100000000 0.11582158250497401331 0.00000000000000000000
4.9200000000 0.11576140965288812812 0.00000000000000000000
4.9300000000 0.11570154294135655271 0.00000000000000000000
4.9400000000 0.11564198004182903168 0.00000000000000000000
4.9500000000 0.11558271864926188133 0.00000000000000000000
4.9600000000 0.11552375648182254542 0.00000000000000000000
4.9700000000 0.11546509128060082616 0.00000000000000000000
4.9800000000 0.11540672080932140586 0.00000000000000000000
4.9900000000 0.11534864285406355722 0.00000000000000000000
5.0000000000 0.11529085522298257449 0.00000000000000000000
