0.1000000000 1.61705502062522477047 0.00000000000000000000
0.1100000000 1.57532532363508637197 0.00000000000000000000
0.1200000000 1.53445270844060832616 0.00000000000000000000
0.1300000000 1.49444125388413295852 0.00000000000000000000
0.1400000000 1.45529348728930596479 0.00000000000000000000
0.1500000000 1.41701042713517533223 0.00000000000000000000
0.1600000000 1.37959163266611684051 0.00000000000000000000
0.1700000000 1.34303525965604553249 0.00000000000000000000
0.1800000000 1.30733812151591677342 0.00000000000000000000
0.1900000000 1.27249575491957034323 0.00000000000000000000
0.2000000000 1.23850248912356430964 0.00000000000000000000
0.2100000000 1.20535151817050589784 0.00000000000000000000
0.2200000000 1.17303497519111421532 0.00000000000000000000
0.2300000000 1.14154400805613343017 0.00000000000000000000
0.2400000000 1.11086885567358772953 0.00000000000000000000
0.2500000000 1.08099892427796029359 0.00000000000000000000
0.2600000000 1.05192286311397364962 0.00000000000000000000
0.2700000000 1.02362863897711076078 0.00000000000000000000
0.2800000000 0.99610360913434592423 0.00000000000000000000
0.2900000000 0.96933459221033713149 0.00000000000000000000
0.3000000000 0.94330793668542134434 0.00000000000000000000
0.3100000000 0.91800958671105159503 0.00000000000000000000
0.3200000000 0.89342514500504499608 0.00000000000000000000
0.3300000000 0.86953993264243345518 0.00000000000000000000
0.3400000000 0.84633904560735973011 0.00000000000000000000
0.3500000000 0.82380740801698049136 0.00000000000000000000
0.3600000000 0.80192982196949502693 0.00000000000000000000
0.3700000000 0.78069101400516949241 0.00000000000000000000
0.3800000000 0.76007567820150856441 0.00000000000000000000
0.3900000000 0.74006851595175371372 0.00000000000000000000
0.4000000000 0.72065427249970503976 0.00000000000000000000
0.4100000000 0.70181777032380965320 0.00000000000000000000
0.4200000000 0.68354393947973501877 0.00000000000000000000
0.4300000000 0.66581784502354035560 0.00000000000000000000
0.4400000000 0.64862471164741808405 0.00000000000000000000
0.4500000000 0.63194994566709772332 0.00000000000000000000
0.4600000000 0.61577915450464137948 0.00000000000000000000
0.4700000000 0.60009816381292591103 0.00000000000000000000
0.4800000000 0.58489303238876866331 0.00000000000000000000
0.4900000000 0.57015006502076093220 0.00000000000000000000
0.5000000000 0.55585582341565042963 0.00000000000000000000
0.5100000000 0.54199713534380800084 0.00000000000000000000
0.5200000000 0.52856110214006757353 0.00000000000000000000
0.5300000000 0.51553510469135410688 0.00000000000000000000
0.5400000000 0.50290680803704834734 0.00000000000000000000
0.5500000000 0.49066416470219992307 0.00000000000000000000
0.5600000000 0.47879541687761661972 0.00000000000000000000
0.5700000000 0.46728909755458991615 0.00000000000000000000
0.5800000000 0.45613403071571073655 0.00000000000000000000
0.5900000000 0.44531933067695933515 0.00000000000000000000
0.6000000000 0.43483440066998768625 0.00000000000000000000
0.6100000000 0.42466893074750722281 0.00000000000000000000
0.6200000000 0.41481289508872137839 0.00000000000000000000
0.6300000000 0.40525654877611466675 0.00000000000000000000
0.6400000000 0.39599042410940016312 0.00000000000000000000
0.6500000000 0.38700532651724300903 0.00000000000000000000
0.6600000000 0.37829233012243096423 0.00000000000000000000
0.6700000000 0.36984277301147178152 0.00000000000000000000
0.6800000000 0.36164825225518365537 0.00000000000000000000
0.6900000000 0.35370061872272090531 0.00000000000000000000
0.7000000000 0.34599197172760270957 0.00000000000000000000
0.7100000000 0.33851465354065235491 0.00000000000000000000
0.7200000000 0.33126124380145216541 0.00000000000000000000
0.7300000000 0.32422455385674436856 0.00000000000000000000
0.7400000000 0.31739762105134738945 0.00000000000000000000
0.7500000000 0.31077370299443923818 0.00000000000000000000
0.7600000000 0.30434627182165863157 0.00000000000000000000
0.7700000000 0.29810900847114396583 0.00000000000000000000
0.7800000000 0.29205579698959571733 0.00000000000000000000
0.7900000000 0.28618071888251428447 0.00000000000000000000
0.8000000000 0.28047804752103172587 0.00000000000000000000
0.8100000000 0.27494224261614630400 0.00000000000000000000
0.8200000000 0.26956794476977202768 0.00000000000000000000
0.8300000000 0.26434997011062771888 0.00000000000000000000
0.8400000000 0.25928330502182667106 0.00000000000000000000
0.8500000000 0.25436310096597530839 0.00000000000000000000
0.8600000000 0.24958466941253981686 0.00000000000000000000
0.8700000000 0.24494347687143649961 0.00000000000000000000
0.8800000000 0.24043514003593494111 0.00000000000000000000
0.8900000000 0.23605542103730811632 0.00000000000000000000
0.9000000000 0.23180022281297621434 0.00000000000000000000
0.9100000000 0.22766558458937780074 0.00000000000000000000
0.9200000000 0.22364767748022224003 0.00000000000000000000
0.9300000000 0.21974280020037792460 0.00000000000000000000
0.9400000000 0.21594737489524429286 0.00000000000000000000
0.9500000000 0.21225794308510814723 0.00000000000000000000
0.9600000000 0.20867116172361002691 0.00000000000000000000
0.9700000000 0.20518379936926067764 0.00000000000000000000
0.9800000000 0.20179273246878506876 0.00000000000000000000
0.9900000000 0.19849494175050241829 0.00000000000000000000
1.0000000000 0.19528750872637876124 0.00000000000000000000
1.0100000000 0.19216761230051351839 0.00000000000000000000
1.0200000000 0.18913252548255321539 0.00000000000000000000
1.0300000000 0.18617961220351683660 0.00000000000000000000
1.0400000000 0.18330632423210790893 0.00000000000000000000
1.0500000000 0.18051019818925054250 0.00000000000000000000
1.0600000000 0.17778885265854579845 0.00000000000000000000
1.0700000000 0.17513998539030042889 0.00000000000000000000
1.0800000000 0.17256137059690443425 0.00000000000000000000
1.0900000000 0.17005085633703240222 0.00000000000000000000
1.1000000000 0.16760636198644923711 0.00000000000000000000
1.1100000000 0.16522587579298222971 0.00000000000000000000
1.1200000000 0.16290745251331237298 0.00000000000000000000
1.1300000000 0.16064921112931349056 0.00000000000000000000
1.1400000000 0.15844933264153152064 0.00000000000000000000
1.1500000000 0.15630605793761323530 0.00000000000000000000
1.1600000000 0.15421768573336805397 0.00000000000000000000
1.1700000000 0.15218257058428386053 0.00000000000000000000
1.1800000000 0.15019912096530646517 0.00000000000000000000
1.1900000000 0.14826579741673723278 0.00000000000000000000
1.2000000000 0.14638111075416529450 0.00000000000000000000
1.2100000000 0.14454362034039375251 0.00000000000000000000
1.2200000000 0.14275193241732397897 0.00000000000000000000
1.2300000000 0.14100469849588526117 0.00000000000000000000
1.2400000000 0.13930061380206251731 0.00000000000000000000
1.2500000000 0.13763841577719254650 0.00000000000000000000
1.2600000000 0.13601688263068761886 0.00000000000000000000
1.2700000000 0.13443483194346006471 0.00000000000000000000
1.2800000000 0.13289111932029692986 0.00000000000000000000
1.2900000000 0.13138463708954534193 0.00000000000000000000
1.3000000000 0.12991431304848347073 0.00000000000000000000
1.3100000000 0.12847910925280367489 0.00000000000000000000
1.3200000000 0.12707802084868613512 0.00000000000000000000
1.3300000000 0.12571007494600106025 0.00000000000000000000
1.3400000000 0.12437432953118011947 0.00000000000000000000
1.3500000000 0.12306987241840063041 0.00000000000000000000
1.3600000000 0.12179582023772589361 0.00000000000000000000
1.3700000000 0.12055131745889920147 0.00000000000000000000
1.3800000000 0.11933553544955094461 0.00000000000000000000
1.3900000000 0.11814767156658413649 0.00000000000000000000
1.4000000000 0.11698694827958053266 0.00000000000000000000
1.4100000000 0.11585261232507532148 0.00000000000000000000
1.4200000000 0.11474393389061611492 0.00000000000000000000
1.4300000000 0.11366020582753855184 0.00000000000000000000
1.4400000000 0.11260074289143212622 0.00000000000000000000
1.4500000000 0.11156488100931261087 0.00000000000000000000
1.4600000000 0.11055197657254048349 0.00000000000000000000
1.4700000000 0.10956140575456708997 0.00000000000000000000
1.4800000000 0.10859256385261699396 0.00000000000000000000
1.4900000000 0.10764486465244170466 0.00000000000000000000
1.5000000000 0.10671773981533030917 0.00000000000000000000
1.5100000000 0.10581063828656195325 0.00000000000000000000
1.5200000000 0.10492302572453821030 0.00000000000000000000
1.5300000000 0.10405438394984863060 0.00000000000000000000
1.5400000000 0.10320421041355370972 0.00000000000000000000
1.5500000000 0.10237201768399074864 0.00000000000000000000
1.5600000000 0.10155733295144289685 0.00000000000000000000
1.5700000000 0.10075969755001486228 0.00000000000000000000
1.5800000000 0.09997866649611474033 0.00000000000000000000
1.5900000000 0.09921380804292867506 0.00000000000000000000
1.6000000000 0.09846470325031585202 0.00000000000000000000
1.6100000000 0.09773094556958147883 0.00000000000000000000
1.6200000000 0.09701214044257309987 0.00000000000000000000
1.6300000000 0.09630790491460440583 0.00000000000000000000
1.6400000000 0.09561786726069394782 0.00000000000000000000
1.6500000000 0.09494166662465393369 0.00000000000000000000
1.6600000000 0.09427895267055776130 0.00000000000000000000
1.6700000000 0.09362938524615140035 0.00000000000000000000
1.6800000000 0.09299263405777212499 0.00000000000000000000
1.6900000000 0.09236837835636846350 0.00000000000000000000
1.7000000000 0.09175630663422482125 0.00000000000000000000
1.7100000000 0.09115611633200071395 0.00000000000000000000
1.7200000000 0.09056751355572786877 0.00000000000000000000
1.7300000000 0.08999021280339893070 0.00000000000000000000
1.7400000000 0.08942393670081406898 0.00000000000000000000
1.7500000000 0.08886841574635125085 0.00000000000000000000
1.7600000000 0.08832338806434496259 0.00000000000000000000
1.7700000000 0.08778859916676766406 0.00000000000000000000
1.7800000000 0.08726380172291638149 0.00000000000000000000
1.7900000000 0.08674875533682933904 0.00000000000000000000
1.8000000000 0.08624322633214580314 0.00000000000000000000
1.8100000000 0.08574698754415954749 0.00000000000000000000
1.8200000000 0.08525981811880294081 0.00000000000000000000
1.8300000000 0.08478150331832136344 0.00000000000000000000
1.8400000000 0.08431183433340365407 0.00000000000000000000
1.8500000000 0.08385060810153474598 0.00000000000000000000
1.8600000000 0.08339762713136245065 0.00000000000000000000
1.8700000000 0.08295269933286006370 0.00000000000000000000
1.8800000000 0.08251563785308349552 0.00000000000000000000
1.8900000000 0.08208626091733052521 0.00000000000000000000
1.9000000000 0.08166439167550923472 0.00000000000000000000
1.9100000000 0.08124985805353697466 0.00000000000000000000
1.9200000000 0.08084249260959558425 0.00000000000000000000
1.9300000000 0.08044213239507271018 0.00000000000000000000
1.9400000000 0.08004861882002577145 0.00000000000000000000
1.9500000000 0.07966179752301542905 0.00000000000000000000
1.9600000000 0.07928151824515455859 0.00000000000000000000
1.9700000000 0.07890763470822916015 0.00000000000000000000
1.9800000000 0.07854000449674976292 0.00000000000000000000
1.9900000000 0.07817848894380050040 0.00000000000000000000
2.0000000000 0.07782295302055110275 0.00000000000000000000
2.0100000000 0.07747326522931206882 0.00000000000000000000
2.0200000000 0.07712929750000749318 0.00000000000000000000
2.0300000000 0.07679092508995125077 0.00000000000000000000
2.0400000000 0.07645802648681267188 0.00000000000000000000
2.0500000000 0.07613048331466439056 0.00000000000000000000
2.0600000000 0.07580818024300703395 0.00000000000000000000
2.0700000000 0.07549100489867029140 0.00000000000000000000
2.0800000000 0.07517884778049331584 0.00000000000000000000
2.0900000000 0.07487160217668942241 0.00000000000000000000
2.1000000000 0.07456916408480619707 0.00000000000000000000
2.1100000000 0.07427143213419361290 0.00000000000000000000
2.1200000000 0.07397830751089466694 0.00000000000000000000
2.1300000000 0.07368969388487890682 0.00000000000000000000
2.1400000000 0.07340549733954009060 0.00000000000000000000
2.1500000000 0.07312562630338169389 0.00000000000000000000
2.1600000000 0.07284999148381808565 0.00000000000000000000
2.1700000000 0.07257850580302312171 0.00000000000000000000
2.1800000000 0.07231108433575164640 0.00000000000000000000
2.1900000000 0.07204764424907852960 0.00000000000000000000
2.2000000000 0.07178810474398254760 0.00000000000000000000
2.2100000000 0.07153238699872056794 0.00000000000000000000
2.2200000000 0.07128041411392946336 0.00000000000000000000
2.2300000000 0.07103211105940139547 0.00000000000000000000
2.2400000000 0.07078740462247663789 0.00000000000000000000
2.2500000000 0.07054622335800014854 0.00000000000000000000
2.2600000000 0.07030849753979338812 0.00000000000000000000
2.2700000000 0.07007415911358906568 0.00000000000000000000
2.2800000000 0.06984314165138413855 0.00000000000000000000
2.2900000000 0.06961538030716223069 0.00000000000000000000
2.3000000000 0.06939081177394398892 0.00000000000000000000
2.3100000000 0.06916937424211930252 0.00000000000000000000
2.3200000000 0.06895100735902444378 0.00000000000000000000
2.3300000000 0.06873565218971891544 0.00000000000000000000
2.3400000000 0.06852325117892832385 0.00000000000000000000
2.3500000000 0.06831374811411183856 0.00000000000000000000
2.3600000000 0.06810708808962251393 0.00000000000000000000
2.3700000000 0.06790321747192046287 0.00000000000000000000
2.3800000000 0.06770208386581097471 0.00000000000000000000
2.3900000000 0.06750363608167074536 0.00000000000000000000
2.4000000000 0.06730782410363299328 0.00000000000000000000
2.4100000000 0.06711459905870083287 0.00000000000000000000
2.4200000000 0.06692391318675915135 0.00000000000000000000
2.4300000000 0.06673571981145665077 0.00000000000000000000
2.4400000000 0.06654997331193210353 0.00000000000000000000
2.4500000000 0.06636662909535717692 0.00000000000000000000
2.4600000000 0.06618564357026839040 0.00000000000000000000
2.4700000000 0.06600697412066870717 0.00000000000000000000
2.4800000000 0.06583057908087065757 0.00000000000000000000
2.4900000000 0.06565641771105673596 0.00000000000000000000
2.5000000000 0.06548445017354113940 0.00000000000000000000
2.5100000000 0.06531463750970398219 0.00000000000000000000
2.5200000000 0.06514694161758156910 0.00000000000000000000
2.5300000000 0.06498132523009152173 0.00000000000000000000
2.5400000000 0.06481775189387189995 0.00000000000000000000
2.5500000000 0.06465618594871933023 0.00000000000000000000
2.5600000000 0.06449659250760096663 0.00000000000000000000
2.5700000000 0.06433893743723068104 0.00000000000000000000
2.5800000000 0.06418318733918720875 0.00000000000000000000
2.5900000000 0.06402930953155842875 0.00000000000000000000
2.6000000000 0.06387727203109692942 0.00000000000000000000
2.6100000000 0.06372704353587160808 0.00000000000000000000
2.6200000000 0.06357859340839924767 0.00000000000000000000
2.6300000000 0.06343189165924105477 0.00000000000000000000
2.6400000000 0.06328690893105305693 0.00000000000000000000
2.6500000000 0.06314361648307308117 0.00000000000000000000
2.6600000000 0.06300198617603441908 0.00000000000000000000
2.6700000000 0.06286199045749067682 0.00000000000000000000
2.6800000000 0.06272360234754188746 0.00000000000000000000
2.6900000000 0.06258679542494884063 0.00000000000000000000
2.7000000000 0.06245154381362413160 0.00000000000000000000
2.7100000000 0.06231782216948816150 0.00000000000000000000
2.7200000000 0.06218560566768165099 0.00000000000000000000
2.7300000000 0.06205486999012110177 0.00000000000000000000
2.7400000000 0.06192559131338923328 0.00000000000000000000
2.7500000000 0.06179774629694961136 0.00000000000000000000
2.7600000000 0.06167131207167719786 0.00000000000000000000
2.7700000000 0.06154626622869266428 0.00000000000000000000
2.7800000000 0.06142258680849626423 0.00000000000000000000
2.7900000000 0.06130025229038747053 0.00000000000000000000
2.8000000000 0.06117924158216658109 0.00000000000000000000
2.8100000000 0.06105953401010629639 0.00000000000000000000
2.8200000000 0.06094110930918878594 0.00000000000000000000
2.8300000000 0.06082394761359778690 0.00000000000000000000
2.8400000000 0.06070802944746096080 0.00000000000000000000
2.8500000000 0.06059333571583324501 0.00000000000000000000
2.8600000000 0.06047984769591460696 0.00000000000000000000
2.8700000000 0.06036754702849790599 0.00000000000000000000
2.8800000000 0.06025641570963605198 0.00000000000000000000
2.8900000000 0.06014643608252653872 0.00000000000000000000
2.9000000000 0.06003759082960415105 0.00000000000000000000
2.9100000000 0.05992986296483737013 0.00000000000000000000
2.9200000000 0.05982323582622257191 0.00000000000000000000
2.9300000000 0.05971769306847017622 0.00000000000000000000
2.9400000000 0.05961321865587652230 0.00000000000000000000
2.9500000000 0.05950979685537952785 0.00000000000000000000
2.9600000000 0.05940741222978804248 0.00000000000000000000
2.9700000000 0.05930604963118438905 0.00000000000000000000
2.9800000000 0.05920569419449223797 0.00000000000000000000
2.9900000000 0.05910633133120864191 0.00000000000000000000
3.0000000000 0.05900794672329066903 0.00000000000000000000
3.0100000000 0.05891052631719781441 0.00000000000000000000
3.0200000000 0.05881405631808172413 0.00000000000000000000
3.0300000000 0.05871852318412167093 0.00000000000000000000
3.0400000000 0.05862391362100022318 0.00000000000000000000
3.0500000000 0.05853021457651668563 0.00000000000000000000
3.0600000000 0.05843741323533303833 0.00000000000000000000
3.0700000000 0.05834549701384997983 0.00000000000000000000
3.0800000000 0.05825445355520901536 0.00000000000000000000
3.0900000000 0.05816427072441685692 0.00000000000000000000
3.1000000000 0.05807493660358954701 0.00000000000000000000
3.1100000000 0.05798643948731303788 0.00000000000000000000
3.1200000000 0.05789876787811572278 0.00000000000000000000
3.1300000000 0.05781191048205136518 0.00000000000000000000
3.1400000000 0.05772585620439011495 0.00000000000000000000
3.1500000000 0.05764059414541201909 0.00000000000000000000
3.1600000000 0.05755611359630252027 0.00000000000000000000
3.1700000000 0.05747240403514703583 0.00000000000000000000
3.1800000000 0.05738945512302081470 0.00000000000000000000
3.1900000000 0.05730725670017303153 0.00000000000000000000
3.2000000000 0.05722579878230119044 0.00000000000000000000
3.2100000000 0.05714507155691447154 0.00000000000000000000
3.2200000000 0.05706506537978312671 0.00000000000000000000
3.2300000000 0.05698577077147257142 0.00000000000000000000
3.2400000000 0.05690717841395823151 0.00000000000000000000
3.2500000000 0.05682927914732033986 0.00000000000000000000
3.2600000000 0.05675206396651719803 0.00000000000000000000
3.2700000000 0.05667552401823243435 0.00000000000000000000
3.2800000000 0.05659965059779725055 0.00000000000000000000
3.2900000000 0.05652443514618378517 0.00000000000000000000
3.3000000000 0.05644986924706772713 0.00000000000000000000
3.3100000000 0.05637594462395998512 0.00000000000000000000
3.3200000000 0.05630265313740409616 0.00000000000000000000
3.3300000000 0.05622998678223808250 0.00000000000000000000
3.3400000000 0.05615793768491916804 0.00000000000000000000
3.3500000000 0.05608649810091078519 0.00000000000000000000
3.3600000000 0.05601566041212745900 0.00000000000000000000
3.3700000000 0.05594541712443990011 0.00000000000000000000
3.3800000000 0.05587576086523509539 0.00000000000000000000
3.3900000000 0.05580668438103360274 0.00000000000000000000
3.4000000000 0.05573818053515834647 0.00000000000000000000
3.4100000000 0.05567024230545817437 0.00000000000000000000
3.4200000000 0.05560286278208134009 0.00000000000000000000
3.4300000000 0.05553603516529972972 0.00000000000000000000
3.4400000000 0.05546975276338059896 0.00000000000000000000
3.4500000000 0.05540400899050754169 0.00000000000000000000
3.4600000000 0.05533879736474553446 0.00000000000000000000
3.4700000000 0.05527411150605340134 0.00000000000000000000
3.4800000000 0.05520994513433858525 0.00000000000000000000
3.4900000000 0.05514629206755557872 0.00000000000000000000
3.5000000000 0.05508314621984623100 0.00000000000000000000
3.5100000000 0.05502050159972046023 0.00000000000000000000
3.5200000000 0.05495835230827775253 0.00000000000000000000
3.5300000000 0.05489669253746595062 0.00000000000000000000
3.5400000000 0.05483551656837963584 0.00000000000000000000
3.5500000000 0.05477481876959423845 0.00000000000000000000
3.5600000000 0.05471459359553694501 0.00000000000000000000
3.5700000000 0.05465483558489247357 0.00000000000000000000
3.5800000000 0.05459553935904319644 0.00000000000000000000
3.5900000000 0.05453669962054300685 0.00000000000000000000
3.6000000000 0.05447831115162387466 0.00000000000000000000
3.6100000000 0.05442036881273380755 0.00000000000000000000
3.6200000000 0.05436286754110680047 0.00000000000000000000
3.6300000000 0.05430580234936249751 0.00000000000000000000
3.6400000000 0.05424916832413607254 0.00000000000000000000
3.6500000000 0.05419296062473652476 0.00000000000000000000
3.6600000000 0.05413717448183363867 0.00000000000000000000
3.6700000000 0.05408180519617293569 0.00000000000000000000
3.6800000000 0.05402684813731620933 0.00000000000000000000
3.6900000000 0.05397229874241057934 0.00000000000000000000
3.7000000000 0.05391815251498079803 0.00000000000000000000
3.7100000000 0.05386440502374855582 0.00000000000000000000
3.7200000000 0.05381105190147538603 0.00000000000000000000
3.7300000000 0.05375808884382996672 0.00000000000000000000
3.7400000000 0.05370551160827816833 0.00000000000000000000
3.7500000000 0.05365331601299656861 0.00000000000000000000
3.7600000000 0.05360149793580837319 0.00000000000000000000
3.7700000000 0.05355005331314018069 0.00000000000000000000
3.7800000000 0.05349897813900116039 0.00000000000000000000
3.7900000000 0.05344826846398230413 0.00000000000000000000
3.8000000000 0.05339792039427637693 0.00000000000000000000
3.8100000000 0.05334793009071726877 0.00000000000000000000
3.8200000000 0.05329829376783976058 0.00000000000000000000
3.8300000000 0.05324900769295651259 0.00000000000000000000
3.8400000000 0.05320006818525557096 0.00000000000000000000
3.8500000000 0.05315147161491448613 0.00000000000000000000
3.8600000000 0.05310321440223276374 0.00000000000000000000
3.8700000000 0.05305529301678140602 0.00000000000000000000
3.8800000000 0.05300770397656986987 0.00000000000000000000
3.8900000000 0.05296044384722845000 0.00000000000000000000
3.9000000000 0.05291350924120826610 0.00000000000000000000
3.9100000000 0.05286689681699548171 0.00000000000000000000
3.9200000000 0.05282060327834236374 0.00000000000000000000
3.9300000000 0.05277462537351246263 0.00000000000000000000
3.9400000000 0.05272895989454111365 0.00000000000000000000
3.9500000000 0.05268360367651013509 0.00000000000000000000
3.9600000000 0.05263855359683652924 0.00000000000000000000
3.9700000000 0.05259380657457528307 0.00000000000000000000
3.9800000000 0.05254935956973532524 0.00000000000000000000
3.9900000000 0.05250520958260899290 0.00000000000000000000
4.0000000000 0.05246135365311428017 0.00000000000000000000
4.0100000000 0.05241778886014965971 0.00000000000000000000
4.0200000000 0.05237451232096132503 0.00000000000000000000
4.0300000000 0.05233152119052253415 0.00000000000000000000
4.0400000000 0.05228881266092440944 0.00000000000000000000
4.0500000000 0.05224638396077924823 0.00000000000000000000
4.0600000000 0.05220423235463401979 0.00000000000000000000
4.0700000000 0.05216235514239570686 0.00000000000000000000
4.0800000000 0.05212074965876707655 0.00000000000000000000
4.0900000000 0.05207941327269313692 0.00000000000000000000
4.1000000000 0.05203834338681830735 0.00000000000000000000
4.1100000000 0.05199753743695315067 0.00000000000000000000
4.1200000000 0.05195699289155167322 0.00000000000000000000
4.1300000000 0.05191670725119746505 0.00000000000000000000
4.1400000000 0.05187667804810075500 0.00000000000000000000
4.1500000000 0.05183690284560301537 0.00000000000000000000
4.1600000000 0.05179737923769254376 0.00000000000000000000
4.1700000000 0.05175810484852724769 0.00000000000000000000
4.1800000000 0.05171907733196745571 0.00000000000000000000
4.1900000000 0.05168029437111663904 0.00000000000000000000
4.2000000000 0.05164175367787093157 0.00000000000000000000
4.2100000000 0.05160345299247602602 0.00000000000000000000
4.2200000000 0.05156539008309346528 0.00000000000000000000
4.2300000000 0.05152756274537325515 0.00000000000000000000
4.2400000000 0.05148996880203551146 0.00000000000000000000
4.2500000000 0.05145260610245887267 0.00000000000000000000
4.2600000000 0.05141547252227653131 0.00000000000000000000
4.2700000000 0.05137856596297937090 0.00000000000000000000
4.2800000000 0.05134188435152670094 0.00000000000000000000
4.2900000000 0.05130542563996309813 0.00000000000000000000
4.3000000000 0.05126918780504283180 0.00000000000000000000
4.3100000000 0.05123316884786047881 0.00000000000000000000
4.3200000000 0.05119736679348824149 0.00000000000000000000
4.3300000000 0.05116177969061978109 0.00000000000000000000
4.3400000000 0.05112640561121986615 0.00000000000000000000
4.3500000000 0.05109124265018082783 0.00000000000000000000
4.3600000000 0.05105628892498460109 0.00000000000000000000
4.3700000000 0.05102154257537055981 0.00000000000000000000
4.3800000000 0.05098700176300959702 0.00000000000000000000
4.3900000000 0.05095266467118343690 0.00000000000000000000
4.4000000000 0.05091852950446951187 0.00000000000000000000
4.4100000000 0.05088459448843181410 0.00000000000000000000
4.4200000000 0.05085085786931646534 0.00000000000000000000
4.4300000000 0.05081731791375272700 0.00000000000000000000
4.4400000000 0.05078397290845911710 0.00000000000000000000
4.4500000000 0.05075082115995486337 0.00000000000000000000
4.4600000000 0.05071786099427566530 0.00000000000000000000
4.4700000000 0.05068509075669489633 0.00000000000000000000
4.4800000000 0.05065250881144910816 0.00000000000000000000
4.4900000000 0.05062011354146835757 0.00000000000000000000
4.5000000000 0.05058790334811124473 0.00000000000000000000
4.5100000000 0.05055587665090398308 0.00000000000000000000
4.5200000000 0.05052403188728429168 0.00000000000000000000
4.5300000000 0.05049236751234952719 0.00000000000000000000
4.5400000000 0.05046088199860843115 0.00000000000000000000
4.5500000000 0.05042957383573799107 0.00000000000000000000
4.5600000000 0.05039844153034346574 0.00000000000000000000
4.5700000000 0.05036748360572302491 0.00000000000000000000
4.5800000000 0.05033669860163591386 0.00000000000000000000
4.5900000000 0.05030608507407428875 0.00000000000000000000
4.6000000000 0.05027564159503961766 0.00000000000000000000
4.6100000000 0.05024536675232164212 0.00000000000000000000
4.6200000000 0.05021525914928179346 0.00000000000000000000
4.6300000000 0.05018531740463991198 0.00000000000000000000
4.6400000000 0.05015554015226408868 0.00000000000000000000
4.6500000000 0.05012592604096471199 0.00000000000000000000
4.6600000000 0.05009647373429086670 0.00000000000000000000
4.6700000000 0.05006718191033080606 0.00000000000000000000
4.6800000000 0.05003804926151535909 0.00000000000000000000
4.6900000000 0.05000907449442434233 0.00000000000000000000
4.7000000000 0.04998025632959648967 0.00000000000000000000
4.7100000000 0.04995159350134196347 0.00000000000000000000
4.7200000000 0.04992308475755812686 0.00000000000000000000
4.7300000000 0.04989472885954832071 0.00000000000000000000
4.7400000000 0.04986652458184308301 0.00000000000000000000
4.7500000000 0.04983847071202488627 0.00000000000000000000
4.7600000000 0.04981056605055516479 0.00000000000000000000
4.7700000000 0.04978280941060395787 0.00000000000000000000
4.7800000000 0.04975519961788272411 0.00000000000000000000
4.7900000000 0.04972773551047926510 0.00000000000000000000
4.8000000000 0.04970041593869593127 0.00000000000000000000
4.8100000000 0.04967323976488931953 0.00000000000000000000
4.8200000000 0.04964620586331336405 0.00000000000000000000
4.8300000000 0.04961931311996458510 0.00000000000000000000
4.8400000000 0.04959256043242966233 0.00000000000000000000
4.8500000000 0.04956594670973527711 0.00000000000000000000
4.8600000000 0.04953947087220062634 0.00000000000000000000
4.8700000000 0.04951313185129176120 0.00000000000000000000
4.8800000000 0.04948692858947850021 0.00000000000000000000
4.8900000000 0.04946086004009345172 0.00000000000000000000
4.9000000000 0.04943492516719301400 0.00000000000000000000
4.9100000000 0.04940912294542087330 0.00000000000000000000
4.9200000000 0.04938345235987302850 0.00000000000000000000
4.9300000000 0.04935791240596554275 0.00000000000000000000
4.9400000000 0.04933250208930341218 0.00000000000000000000
4.9500000000 0.04930722042555255730 0.00000000000000000000
4.9600000000 0.04928206644031266764 0.00000000000000000000
4.9700000000 0.04925703916899247525 0.00000000000000000000
4.9800000000 0.04923213765668689457 0.00000000000000000000
4.9900000000 0.04920736095805598037 0.00000000000000000000
5.0000000000 0.04918270813720568291 0.00000000000000000000
