0.1000000000 3.25171540475323661568 0.00000000000000000000
0.1100000000 3.13164002537885544086 0.00000000000000000000
0.1200000000 3.01590805429403419069 0.00000000000000000000
0.1300000000 2.90457135480920980442 0.00000000000000000000
0.1400000000 2.79764337201268320499 0.00000000000000000000
0.1500000000 2.69510143638388077747 0.00000000000000000000
0.1600000000 2.59689002419427295010 0.00000000000000000000
0.1700000000 2.50292472741342519882 0.00000000000000000000
0.1800000000 2.41309666829542246447 0.00000000000000000000
0.1900000000 2.32727710120833464202 0.00000000000000000000
0.2000000000 2.24532197174743908263 0.00000000000000000000
0.2100000000 2.16707624423381473022 0.00000000000000000000
0.2200000000 2.09237785651148655575 0.00000000000000000000
0.2300000000 2.02106120943849854044 0.00000000000000000000
0.2400000000 1.95296014295915654202 0.00000000000000000000
0.2500000000 1.88791038815026990250 0.00000000000000000000
0.2600000000 1.82575151373434740876 0.00000000000000000000
0.2700000000 1.76632840610540764459 0.00000000000000000000
0.2800000000 1.70949233466883110388 0.00000000000000000000
0.2900000000 1.65510166051986074010 0.00000000000000000000
0.3000000000 1.60302224764156275860 0.00000000000000000000
0.3100000000 1.55312763333218262218 0.00000000000000000000
0.3200000000 1.50529900974940500369 0.00000000000000000000
0.3300000000 1.45942506232829916080 0.00000000000000000000
0.3400000000 1.41540170418549093867 0.00000000000000000000
0.3500000000 1.37313173902912533109 0.00000000000000000000
0.3600000000 1.33252447892093273119 0.00000000000000000000
0.3700000000 1.29349533769650015813 0.00000000000000000000
0.3800000000 1.25596541604127476255 0.00000000000000000000
0.3900000000 1.21986109016002486349 0.00000000000000000000
0.4000000000 1.18511361263224901386 0.00000000000000000000
0.4100000000 1.15165873135026064489 0.00000000000000000000
0.4200000000 1.11943633031015110646 0.00000000000000000000
0.4300000000 1.08839009438479017433 0.00000000000000000000
0.4400000000 1.05846719897091356977 0.00000000000000000000
0.4500000000 1.02961802449461381492 0.00000000000000000000
0.4600000000 1.00179589511539579583 0.00000000000000000000
0.4700000000 0.97495684053190789786 0.00000000000000000000
0.4800000000 0.94905937951518337670 0.00000000000000000000
0.4900000000 0.92406432363894153159 0.00000000000000000000
0.5000000000 0.89993459960986676993 0.00000000000000000000
0.5100000000 0.87663508859876204671 0.00000000000000000000
0.5200000000 0.85413248101684613456 0.00000000000000000000
0.5300000000 0.83239514525490831964 0.00000000000000000000
0.5400000000 0.81139300899542254886 0.00000000000000000000
0.5500000000 0.79109745181038015893 0.00000000000000000000
0.5600000000 0.77148120786457152764 0.00000000000000000000
0.5700000000 0.75251827765057244246 0.00000000000000000000
0.5800000000 0.73418384778517498113 0.00000000000000000000
0.5900000000 0.71645421799510067284 0.00000000000000000000
0.6000000000 0.69930673451151503794 0.00000000000000000000
0.6100000000 0.68271972917748113829 0.00000000000000000000
0.6200000000 0.66667246364969590111 0.00000000000000000000
0.6300000000 0.65114507814600097735 0.00000000000000000000
0.6400000000 0.63611854425306546545 0.00000000000000000000
0.6500000000 0.62157462136517649398 0.00000000000000000000
0.6600000000 0.60749581637529370681 0.00000000000000000000
0.6700000000 0.59386534628426435045 0.00000000000000000000
0.6800000000 0.58066710343346672474 0.00000000000000000000
0.6900000000 0.56788562310119061749 0.00000000000000000000
0.7000000000 0.55550605323361368360 0.00000000000000000000
0.7100000000 0.54351412610828919725 0.00000000000000000000
0.7200000000 0.53189613175179917270 0.00000000000000000000
0.7300000000 0.52063889295380794131 0.00000000000000000000
0.7400000000 0.50972974173813057064 0.00000000000000000000
0.7500000000 0.49915649716720322804 0.00000000000000000000
0.7600000000 0.48890744437029137748 0.00000000000000000000
0.7700000000 0.47897131469792569858 0.00000000000000000000
0.7800000000 0.46933726691581972856 0.00000000000000000000
0.7900000000 0.45999486936050992814 0.00000000000000000000
0.8000000000 0.45093408298752934993 0.00000000000000000000
0.8100000000 0.44214524524973164432 0.00000000000000000000
0.8200000000 0.43361905474971496055 0.00000000000000000000
0.8300000000 0.42534655661587983388 0.00000000000000000000
0.8400000000 0.41731912855630159953 0.00000000000000000000
0.8500000000 0.40952846754900801285 0.00000000000000000000
0.8600000000 0.40196657713075967244 0.00000000000000000000
0.8700000000 0.39462575524996035270 0.00000000000000000000
0.8800000000 0.38749858265199210727 0.00000000000000000000
0.8900000000 0.38057791176810290557 0.00000000000000000000
0.9000000000 0.37385685608095603483 0.00000000000000000000
0.9100000000 0.36732877994241897035 0.00000000000000000000
0.9200000000 0.36098728882019903708 0.00000000000000000000
0.9300000000 0.35482621995273699866 0.00000000000000000000
0.9400000000 0.34883963339202861409 0.00000000000000000000
0.9500000000 0.34302180341610677416 0.00000000000000000000
0.9600000000 0.33736721029385557946 0.00000000000000000000
0.9700000000 0.33187053238596064819 0.00000000000000000000
0.9800000000 0.32652663856649022378 0.00000000000000000000
0.9900000000 0.32133058095129463094 0.00000000000000000000
1.0000000000 0.31627758791986637643 0.00000000000000000000
1.0100000000 0.31136305741414249670 0.00000000000000000000
1.0200000000 0.30658255050879329451 0.00000000000000000000
1.0300000000 0.30193178523914859790 0.00000000000000000000
1.0400000000 0.29740663066883232801 0.00000000000000000000
1.0500000000 0.29300310119753592009 0.00000000000000000000
1.0600000000 0.28871735109225277194 0.00000000000000000000
1.0700000000 0.28454566923464025274 0.00000000000000000000
1.0800000000 0.28048447407539950360 0.00000000000000000000
1.0900000000 0.27653030878681217342 0.00000000000000000000
1.1000000000 0.27267983660570849214 0.00000000000000000000
1.1100000000 0.26892983635872313997 0.00000000000000000000
1.1200000000 0.26527719816267381070 0.00000000000000000000
1.1300000000 0.26171891929269319732 0.00000000000000000000
1.1400000000 0.25825210021151479012 0.00000000000000000000
1.1500000000 0.25487394075324515397 0.00000000000000000000
1.1600000000 0.25158173645552434072 0.00000000000000000000
1.1700000000 0.24837287503397734167 0.00000000000000000000
1.1800000000 0.24524483299326615970 0.00000000000000000000
1.1900000000 0.24219517236935897420 0.00000000000000000000
1.2000000000 0.23922153759761327629 0.00000000000000000000
1.2100000000 0.23632165250175826698 0.00000000000000000000
1.2200000000 0.23349331739886777792 0.00000000000000000000
1.2300000000 0.23073440631576647153 0.00000000000000000000
1.2400000000 0.22804286431235898380 0.00000000000000000000
1.2500000000 0.22541670490767487522 0.00000000000000000000
1.2600000000 0.22285400760454460167 0.00000000000000000000
1.2700000000 0.22035291550895932944 0.00000000000000000000
1.2800000000 0.21791163304037380888 0.00000000000000000000
1.2900000000 0.21552842372937228155 0.00000000000000000000
1.3000000000 0.21320160809918717315 0.00000000000000000000
1.3100000000 0.21092956162780274187 0.00000000000000000000
1.3200000000 0.20871071278742076016 0.00000000000000000000
1.3300000000 0.20654354115826889515 0.00000000000000000000
1.3400000000 0.20442657561377969300 0.00000000000000000000
1.3500000000 0.20235839257436133432 0.00000000000000000000
1.3600000000 0.20033761432704977334 0.00000000000000000000
1.3700000000 0.19836290740841902580 0.00000000000000000000
1.3800000000 0.19643298104833462059 0.00000000000000000000
1.3900000000 0.19454658567208885089 0.00000000000000000000
1.4000000000 0.19270251145865915920 0.00000000000000000000
1.4100000000 0.19089958695289568902 0.00000000000000000000
1.4200000000 0.18913667772953418611 0.00000000000000000000
1.4300000000 0.18741268510696548755 0.00000000000000000000
1.4400000000 0.18572654490888496071 0.00000000000000000000
1.4500000000 0.18407722627188144449 0.00000000000000000000
1.4600000000 0.18246373049725250759 0.00000000000000000000
1.4700000000 0.18088508994524030160 0.00000000000000000000
1.4800000000 0.17934036697012536998 0.00000000000000000000
1.4900000000 0.17782865289453242408 0.00000000000000000000
1.5000000000 0.17634906702144376167 0.00000000000000000000
1.5100000000 0.17490075568247354099 0.00000000000000000000
1.5200000000 0.17348289132098418386 0.00000000000000000000
1.5300000000 0.17209467160871816382 0.00000000000000000000
1.5400000000 0.17073531859462126592 0.00000000000000000000
1.5500000000 0.16940407788466049777 0.00000000000000000000
1.5600000000 0.16810021785140691342 0.00000000000000000000
1.5700000000 0.16682302887226330146 0.00000000000000000000
1.5800000000 0.16557182259523442469 0.00000000000000000000
1.5900000000 0.16434593123117355318 0.00000000000000000000
1.6000000000 0.16314470687151200190 0.00000000000000000000
1.6100000000 0.16196752083049220650 0.00000000000000000000
1.6200000000 0.16081376301095565151 0.00000000000000000000
1.6300000000 0.15968284129282400707 0.00000000000000000000
1.6400000000 0.15857418094337541459 0.00000000000000000000
1.6500000000 0.15748722404850848400 0.00000000000000000000
1.6600000000 0.15642142896421137865 0.00000000000000000000
1.6700000000 0.15537626978743190875 0.00000000000000000000
1.6800000000 0.15435123584568277710 0.00000000000000000000
1.6900000000 0.15334583120459427397 0.00000000000000000000
1.7000000000 0.15235957419282261660 0.00000000000000000000
1.7100000000 0.15139199694360078174 0.00000000000000000000
1.7200000000 0.15044264495234249690 0.00000000000000000000
1.7300000000 0.14951107664969148781 0.00000000000000000000
1.7400000000 0.14859686298943142191 0.00000000000000000000
1.7500000000 0.14769958705071989380 0.00000000000000000000
1.7600000000 0.14681884365409617055 0.00000000000000000000
1.7700000000 0.14595423899077289431 0.00000000000000000000
1.7800000000 0.14510539026469299051 0.00000000000000000000
1.7900000000 0.14427192534691399284 0.00000000000000000000
1.8000000000 0.14345348244183137032 0.00000000000000000000
1.8100000000 0.14264970976483634657 0.00000000000000000000
1.8200000000 0.14186026523096201268 0.00000000000000000000
1.8300000000 0.14108481615413806520 0.00000000000000000000
1.8400000000 0.14032303895664310911 0.00000000000000000000
1.8500000000 0.13957461888841454778 0.00000000000000000000
1.8600000000 0.13883924975581418693 0.00000000000000000000
1.8700000000 0.13811663365955531568 0.00000000000000000000
1.8800000000 0.13740648074141587065 0.00000000000000000000
1.8900000000 0.13670850893944708204 0.00000000000000000000
1.9000000000 0.13602244375136046672 0.00000000000000000000
1.9100000000 0.13534801800580389952 0.00000000000000000000
1.9200000000 0.13468497164123457988 0.00000000000000000000
1.9300000000 0.13403305149213098901 0.00000000000000000000
1.9400000000 0.13339201108226586556 0.00000000000000000000
1.9500000000 0.13276161042480069674 0.00000000000000000000
1.9600000000 0.13214161582895000979 0.00000000000000000000
1.9700000000 0.13153179971298981088 0.00000000000000000000
1.9800000000 0.13093194042337891192 0.00000000000000000000
1.9900000000 0.13034182205978420144 0.00000000000000000000
2.0000000000 0.12976123430579106222 0.00000000000000000000
2.0100000000 0.12918997226511169663 0.00000000000000000000
2.0200000000 0.12862783630308749494 0.00000000000000000000
2.0300000000 0.12807463189330992037 0.00000000000000000000
2.0400000000 0.12753016946916750918 0.00000000000000000000
2.0500000000 0.12699426428016691304 0.00000000000000000000
2.0600000000 0.12646673625284213238 0.00000000000000000000
2.0700000000 0.12594740985610386463 0.00000000000000000000
2.0800000000 0.12543611397087670034 0.00000000000000000000
2.0900000000 0.12493268176386655710 0.00000000000000000000
2.1000000000 0.12443695056533080057 0.00000000000000000000
2.1100000000 0.12394876175069362290 0.00000000000000000000
2.1200000000 0.12346796062589777965 0.00000000000000000000
2.1300000000 0.12299439631634635772 0.00000000000000000000
2.1400000000 0.12252792165932367696 0.00000000000000000000
2.1500000000 0.12206839309976912078 0.00000000000000000000
2.1600000000 0.12161567058929637075 0.00000000000000000000
2.1700000000 0.12116961748834678692 0.00000000000000000000
2.1800000000 0.12073010047136834011 0.00000000000000000000
2.1900000000 0.12029698943491810847 0.00000000000000000000
2.2000000000 0.11987015740859992274 0.00000000000000000000
2.2100000000 0.11944948046872114200 0.00000000000000000000
2.2200000000 0.11903483765460794175 0.00000000000000000000
2.2300000000 0.11862611088745797505 0.00000000000000000000
2.2400000000 0.11822318489167131517 0.00000000000000000000
2.2500000000 0.11782594711856472780 0.00000000000000000000
2.2600000000 0.11743428767239304233 0.00000000000000000000
2.2700000000 0.11704809923860380605 0.00000000000000000000
2.2800000000 0.11666727701424749186 0.00000000000000000000
2.2900000000 0.11629171864048011564 0.00000000000000000000
2.3000000000 0.11592132413707674499 0.00000000000000000000
2.3100000000 0.11555599583890498183 0.00000000000000000000
2.3200000000 0.11519563833428692057 0.00000000000000000000
2.3300000000 0.11484015840518463358 0.00000000000000000000
2.3400000000 0.11448946496916032056 0.00000000000000000000
2.3500000000 0.11414346902304409181 0.00000000000000000000
2.3600000000 0.11380208358826049420 0.00000000000000000000
2.3700000000 0.11346522365775600638 0.00000000000000000000
2.3800000000 0.11313280614448199823 0.00000000000000000000
2.3900000000 0.11280474983137592226 0.00000000000000000000
2.4000000000 0.11248097532279885402 0.00000000000000000000
2.4100000000 0.11216140499738287695 0.00000000000000000000
2.4200000000 0.11184596296223676959 0.00000000000000000000
2.4300000000 0.11153457500847714645 0.00000000000000000000
2.4400000000 0.11122716856803482877 0.00000000000000000000
2.4500000000 0.11092367267170082090 0.00000000000000000000
2.4600000000 0.11062401790837168847 0.00000000000000000000
2.4700000000 0.11032813638545541091 0.00000000000000000000
2.4800000000 0.11003596169040656683 0.00000000000000000000
2.4900000000 0.10974742885334382025 0.00000000000000000000
2.5000000000 0.10946247431073555245 0.00000000000000000000
2.5100000000 0.10918103587009883593 0.00000000000000000000
2.5200000000 0.10890305267569556913 0.00000000000000000000
2.5300000000 0.10862846517519124390 0.00000000000000000000
2.5400000000 0.10835721508724088791 0.00000000000000000000
2.5500000000 0.10808924536998364141 0.00000000000000000000
2.5600000000 0.10782450019040960842 0.00000000000000000000
2.5700000000 0.10756292489457720818 0.00000000000000000000
2.5800000000 0.10730446597865278546 0.00000000000000000000
2.5900000000 0.10704907106075037260 0.00000000000000000000
2.6000000000 0.10679668885354232089 0.00000000000000000000
2.6100000000 0.10654726913762360696 0.00000000000000000000
2.6200000000 0.10630076273560200295 0.00000000000000000000
2.6300000000 0.10605712148689656893 0.00000000000000000000
2.6400000000 0.10581629822321811374 0.00000000000000000000
2.6500000000 0.10557824674471757986 0.00000000000000000000
2.6600000000 0.10534292179677606782 0.00000000000000000000
2.6700000000 0.10511027904742308026 0.00000000000000000000
2.6800000000 0.10488027506535960165 0.00000000000000000000
2.6900000000 0.10465286729857103953 0.00000000000000000000
2.7000000000 0.10442801405351320732 0.00000000000000000000
2.7100000000 0.10420567447485090673 0.00000000000000000000
2.7200000000 0.10398580852573527378 0.00000000000000000000
2.7300000000 0.10376837696860556626 0.00000000000000000000
2.7400000000 0.10355334134649790689 0.00000000000000000000
2.7500000000 0.10334066396484532790 0.00000000000000000000
2.7600000000 0.10313030787375808417 0.00000000000000000000
2.7700000000 0.10292223685076790085 0.00000000000000000000
2.7800000000 0.10271641538402188909 0.00000000000000000000
2.7900000000 0.10251280865591766434 0.00000000000000000000
2.8000000000 0.10231138252716132087 0.00000000000000000000
2.8100000000 0.10211210352123965828 0.00000000000000000000
2.8200000000 0.10191493880929482219 0.00000000000000000000
2.8300000000 0.10171985619538653767 0.00000000000000000000
2.8400000000 0.10152682410213627329 0.00000000000000000000
2.8500000000 0.10133581155673791752 0.00000000000000000000
2.8600000000 0.10114678817732640492 0.00000000000000000000
2.8700000000 0.10095972415969378666 0.00000000000000000000
2.8800000000 0.10077459026434403000 0.00000000000000000000
2.8900000000 0.10059135780387556958 0.00000000000000000000
2.9000000000 0.10040999863068375553 0.00000000000000000000
2.9100000000 0.10023048512497187423 0.00000000000000000000
2.9200000000 0.10005279018306510730 0.00000000000000000000
2.9300000000 0.09987688720601886616 0.00000000000000000000
2.9400000000 0.09970275008850898457 0.00000000000000000000
2.9500000000 0.09953035320800250607 0.00000000000000000000
2.9600000000 0.09935967141419509152 0.00000000000000000000
2.9700000000 0.09919068001871338136 0.00000000000000000000
2.9800000000 0.09902335478506976707 0.00000000000000000000
2.9900000000 0.09885767191886703220 0.00000000000000000000
3.0000000000 0.09869360805824234362 0.00000000000000000000
3.0100000000 0.09853114026454759533 0.00000000000000000000
3.0200000000 0.09837024601325729256 0.00000000000000000000
3.0300000000 0.09821090318509767547 0.00000000000000000000
3.0400000000 0.09805309005739322459 0.00000000000000000000
3.0500000000 0.09789678529562202691 0.00000000000000000000
3.0600000000 0.09774196794517785170 0.00000000000000000000
3.0700000000 0.09758861742332734790 0.00000000000000000000
3.0800000000 0.09743671351136551362 0.00000000000000000000
3.0900000000 0.09728623634695694744 0.00000000000000000000
3.1000000000 0.09713716641666059193 0.00000000000000000000
3.1100000000 0.09698948454863504098 0.00000000000000000000
3.1200000000 0.09684317190551509913 0.00000000000000000000
3.1300000000 0.09669820997746005065 0.00000000000000000000
3.1400000000 0.09655458057536542293 0.00000000000000000000
3.1500000000 0.09641226582423527425 0.00000000000000000000
3.1600000000 0.09627124815671171676 0.00000000000000000000
3.1700000000 0.09613151030675538833 0.00000000000000000000
3.1800000000 0.09599303530347459701 0.00000000000000000000
3.1900000000 0.09585580646509979375 0.00000000000000000000
3.2000000000 0.09571980739309714215 0.00000000000000000000
3.2100000000 0.09558502196641983917 0.00000000000000000000
3.2200000000 0.09545143433589250992 0.00000000000000000000
3.2300000000 0.09531902891872609529 0.00000000000000000000
3.2400000000 0.09518779039315911072 0.00000000000000000000
3.2500000000 0.09505770369322182056 0.00000000000000000000
3.2600000000 0.09492875400362069116 0.00000000000000000000
3.2700000000 0.09480092675474180441 0.00000000000000000000
3.2800000000 0.09467420761776518257 0.00000000000000000000
3.2900000000 0.09454858249989313290 0.00000000000000000000
3.3000000000 0.09442403753968552083 0.00000000000000000000
3.3100000000 0.09430055910250170759 0.00000000000000000000
3.3200000000 0.09417813377604426772 0.00000000000000000000
3.3300000000 0.09405674836600451394 0.00000000000000000000
3.3400000000 0.09393638989180519427 0.00000000000000000000
3.3500000000 0.09381704558243793290 0.00000000000000000000
3.3600000000 0.09369870287239587259 0.00000000000000000000
3.3700000000 0.09358134939769430227 0.00000000000000000000
3.3800000000 0.09346497299198232300 0.00000000000000000000
3.3900000000 0.09334956168273914057 0.00000000000000000000
3.4000000000 0.09323510368755445754 0.00000000000000000000
3.4100000000 0.09312158741049286759 0.00000000000000000000
3.4200000000 0.09300900143853567392 0.00000000000000000000
3.4300000000 0.09289733453810224140 0.00000000000000000000
3.4400000000 0.09278657565164835641 0.00000000000000000000
3.4500000000 0.09267671389433641826 0.00000000000000000000
3.4600000000 0.09256773855078063995 0.00000000000000000000
3.4700000000 0.09245963907186119379 0.00000000000000000000
3.4800000000 0.09235240507160884238 0.00000000000000000000
3.4900000000 0.09224602632415482284 0.00000000000000000000
3.5000000000 0.09214049276074978700 0.00000000000000000000
3.5100000000 0.09203579446684274912 0.00000000000000000000
3.5200000000 0.09193192167922613345 0.00000000000000000000
3.5300000000 0.09182886478323970536 0.00000000000000000000
3.5400000000 0.09172661431003510668 0.00000000000000000000
3.5500000000 0.09162516093389901084 0.00000000000000000000
3.5600000000 0.09152449546963099813 0.00000000000000000000
3.5700000000 0.09142460886998007852 0.00000000000000000000
3.5800000000 0.09132549222313240955 0.00000000000000000000
3.5900000000 0.09122713675025323488 0.00000000000000000000
3.6000000000 0.09112953380308100315 0.00000000000000000000
3.6100000000 0.09103267486157039234 0.00000000000000000000
3.6200000000 0.09093655153158564097 0.00000000000000000000
3.6300000000 0.09084115554264174386 0.00000000000000000000
3.6400000000 0.09074647874569254091 0.00000000000000000000
3.6500000000 0.09065251311096397813 0.00000000000000000000
3.6600000000 0.09055925072583378976 0.00000000000000000000
3.6700000000 0.09046668379275281391 0.00000000000000000000
3.6800000000 0.09037480462721117491 0.00000000000000000000
3.6900000000 0.09028360565574411467 0.00000000000000000000
3.7000000000 0.09019307941398015116 0.00000000000000000000
3.7100000000 0.09010321854472914949 0.00000000000000000000
3.7200000000 0.09001401579610722459 0.00000000000000000000
3.7300000000 0.08992546401970265280 0.00000000000000000000
3.7400000000 0.08983755616877663053 0.00000000000000000000
3.7500000000 0.08975028529650133646 0.00000000000000000000
3.7600000000 0.08966364455423385393 0.00000000000000000000
3.7700000000 0.08957762718982331673 0.00000000000000000000
3.7800000000 0.08949222654595412330 0.00000000000000000000
3.7900000000 0.08940743605851989018 0.00000000000000000000
3.8000000000 0.08932324925503175306 0.00000000000000000000
3.8100000000 0.08923965975305771237 0.00000000000000000000
3.8200000000 0.08915666125869176062 0.00000000000000000000
3.8300000000 0.08907424756505585850 0.00000000000000000000
3.8400000000 0.08899241255082865343 0.00000000000000000000
3.8500000000 0.08891115017880482640 0.00000000000000000000
3.8600000000 0.08883045449448280506 0.00000000000000000000
3.8700000000 0.08875031962467896940 0.00000000000000000000
3.8800000000 0.08867073977617034863 0.00000000000000000000
3.8900000000 0.08859170923436221479 0.00000000000000000000
3.9000000000 0.08851322236198305715 0.00000000000000000000
3.9100000000 0.08843527359780385677 0.00000000000000000000
3.9200000000 0.08835785745538228542 0.00000000000000000000
3.9300000000 0.08828096852183187071 0.00000000000000000000
3.9400000000 0.08820460145661369877 0.00000000000000000000
3.9500000000 0.08812875099035177850 0.00000000000000000000
3.9600000000 0.08805341192367147074 0.00000000000000000000
3.9700000000 0.08797857912605969166 0.00000000000000000000
3.9800000000 0.08790424753474650188 0.00000000000000000000
3.9900000000 0.08783041215360873344 0.00000000000000000000
4.0000000000 0.08775706805209397554 0.00000000000000000000
4.0100000000 0.08768421036416410019 0.00000000000000000000
4.0200000000 0.08761183428726056210 0.00000000000000000000
4.0300000000 0.08753993508128701806 0.00000000000000000000
4.0400000000 0.08746850806761281849 0.00000000000000000000
4.0500000000 0.08739754862809384628 0.00000000000000000000
4.0600000000 0.08732705220411268732 0.00000000000000000000
4.0700000000 0.08725701429563495481 0.00000000000000000000
4.0800000000 0.08718743046028588906 0.00000000000000000000
4.0900000000 0.08711829631244129291 0.00000000000000000000
4.1000000000 0.08704960752233639742 0.00000000000000000000
4.1100000000 0.08698135981519206084 0.00000000000000000000
4.1200000000 0.08691354897035494242 0.00000000000000000000
4.1300000000 0.08684617082045567593 0.00000000000000000000
4.1400000000 0.08677922125058021297 0.00000000000000000000
4.1500000000 0.08671269619745843038 0.00000000000000000000
4.1600000000 0.08664659164866608809 0.00000000000000000000
4.1700000000 0.08658090364184134469 0.00000000000000000000
4.1800000000 0.08651562826391634431 0.00000000000000000000
4.1900000000 0.08645076165036148785 0.00000000000000000000
4.2000000000 0.08638629998444440072 0.00000000000000000000
4.2100000000 0.08632223949650143224 0.00000000000000000000
4.2200000000 0.08625857646322272754 0.00000000000000000000
4.2300000000 0.08619530720694956738 0.00000000000000000000
4.2400000000 0.08613242809498460051 0.00000000000000000000
4.2500000000 0.08606993553891446880 0.00000000000000000000
4.2600000000 0.08600782599394388162 0.00000000000000000000
4.2700000000 0.08594609595824202752 0.00000000000000000000
4.2800000000 0.08588474197230017149 0.00000000000000000000
4.2900000000 0.08582376061830113145 0.00000000000000000000
4.3000000000 0.08576314851949848328 0.00000000000000000000
4.3100000000 0.08570290233960849158 0.00000000000000000000
4.3200000000 0.08564301878221139419 0.00000000000000000000
4.3300000000 0.08558349459016306726 0.00000000000000000000
4.3400000000 0.08552432654501787579 0.00000000000000000000
4.3500000000 0.08546551146646075292 0.00000000000000000000
4.3600000000 0.08540704621174914635 0.00000000000000000000
4.3700000000 0.08534892767516492895 0.00000000000000000000
4.3800000000 0.08529115278747552431 0.00000000000000000000
4.3900000000 0.08523371851540430255 0.00000000000000000000
4.4000000000 0.08517662186111028821 0.00000000000000000000
4.4100000000 0.08511985986167627805 0.00000000000000000000
4.4200000000 0.08506342958860600711 0.00000000000000000000
4.4300000000 0.08500732814732994691 0.00000000000000000000
4.4400000000 0.08495155267671929133 0.00000000000000000000
4.4500000000 0.08489610034860819998 0.00000000000000000000
4.4600000000 0.08484096836732418767 0.00000000000000000000
4.4700000000 0.08478615396922639658 0.00000000000000000000
4.4800000000 0.08473165442225130684 0.00000000000000000000
4.4900000000 0.08467746702546675996 0.00000000000000000000
4.5000000000 0.08462358910863278239 0.00000000000000000000
4.5100000000 0.08457001803177000010 0.00000000000000000000
4.5200000000 0.08451675118473525594 0.00000000000000000000
4.5300000000 0.08446378598680394367 0.00000000000000000000
4.5400000000 0.08441111988626021079 0.00000000000000000000
4.5500000000 0.08435875035999215732 0.00000000000000000000
4.5600000000 0.08430667491309588868 0.00000000000000000000
4.5700000000 0.08425489107848428694 0.00000000000000000000
4.5800000000 0.08420339641650312346 0.00000000000000000000
4.5900000000 0.08415218851455298632 0.00000000000000000000
4.6000000000 0.08410126498671795237 0.00000000000000000000
4.6100000000 0.08405062347339946338 0.00000000000000000000
4.6200000000 0.08400026164095726611 0.00000000000000000000
4.6300000000 0.08395017718135475149 0.00000000000000000000
4.6400000000 0.08390036781181128833 0.00000000000000000000
4.6500000000 0.08385083127445977502 0.00000000000000000000
4.6600000000 0.08380156533600888191 0.00000000000000000000
4.6700000000 0.08375256778741237140 0.00000000000000000000
4.6800000000 0.08370383644354183195 0.00000000000000000000
4.6900000000 0.08365536914286625381 0.00000000000000000000
4.7000000000 0.08360716374713564325 0.00000000000000000000
4.7100000000 0.08355921814107022949 0.00000000000000000000
4.7200000000 0.08351153023205386272 0.00000000000000000000
4.7300000000 0.08346409794983368491 0.00000000000000000000
4.7400000000 0.08341691924622274268 0.00000000000000000000
4.7500000000 0.08336999209480894235 0.00000000000000000000
4.7600000000 0.08332331449066707196 0.00000000000000000000
4.7700000000 0.08327688445007662421 0.00000000000000000000
4.7800000000 0.08323070001024336639 0.00000000000000000000
4.7900000000 0.08318475922902497655 0.00000000000000000000
4.8000000000 0.08313906018466188375 0.00000000000000000000
4.8100000000 0.08309360097551125868 0.00000000000000000000
4.8200000000 0.08304837971978583366 0.00000000000000000000
4.8300000000 0.08300339455529653909 0.00000000000000000000
4.8400000000 0.08295864363919874807 0.00000000000000000000
4.8500000000 0.08291412514774307296 0.00000000000000000000
4.8600000000 0.08286983727602931227 0.00000000000000000000
4.8700000000 0.08282577823776518522 0.00000000000000000000
4.8800000000 0.08278194626502724529 0.00000000000000000000
4.8900000000 0.08273833960802648435 0.00000000000000000000
4.9000000000 0.08269495653487760056 0.00000000000000000000
4.9100000000 0.08265179533137104184 0.00000000000000000000
4.9200000000 0.08260885430074918490 0.00000000000000000000
4.9300000000 0.08256613176348504002 0.00000000000000000000
4.9400000000 0.08252362605706543841 0.00000000000000000000
4.9500000000 0.08248133553577652322 0.00000000000000000000
4.9600000000 0.08243925857049294592 0.00000000000000000000
4.9700000000 0.08239739354846978281 0.00000000000000000000
4.9800000000 0.08235573887313826780 0.00000000000000000000
4.9900000000 0.08231429296390348205 0.00000000000000000000
5.0000000000 0.08227305425594638733 0.00000000000000000000
