0.1000000000 2.14039349034775749914 0.00000000000000000000
0.1100000000 2.08354211931472033115 0.00000000000000000000
0.1200000000 2.02789994835061193612 0.00000000000000000000
0.1300000000 1.97347211072855732716 0.00000000000000000000
0.1400000000 1.92026146464673641567 0.00000000000000000000
0.1500000000 1.86826865992998603083 0.00000000000000000000
0.1600000000 1.81749221534447658044 0.00000000000000000000
0.1700000000 1.76792860527017214878 0.00000000000000000000
0.1800000000 1.71957235442954070592 0.00000000000000000000
0.1900000000 1.67241613935086141929 0.00000000000000000000
0.2000000000 1.62645089524881947263 0.00000000000000000000
0.2100000000 1.58166592703159980537 0.00000000000000000000
0.2200000000 1.53804902318987979370 0.00000000000000000000
0.2300000000 1.49558657138601991399 0.00000000000000000000
0.2400000000 1.45426367463834771421 0.00000000000000000000
0.2500000000 1.41406426708269727932 0.00000000000000000000
0.2600000000 1.37497122838830909686 0.00000000000000000000
0.2700000000 1.33696649600497430299 0.00000000000000000000
0.2800000000 1.30003117452040983792 0.00000000000000000000
0.2900000000 1.26414564150888542038 0.00000000000000000000
0.3000000000 1.22928964935214790621 0.00000000000000000000
0.3100000000 1.19544242261003463845 0.00000000000000000000
0.3200000000 1.16258275060940863277 0.00000000000000000000
0.3300000000 1.13068907500526916188 0.00000000000000000000
0.3400000000 1.09973957214620954304 0.00000000000000000000
0.3500000000 1.06971223014746041891 0.00000000000000000000
0.3600000000 1.04058492063820318130 0.00000000000000000000
0.3700000000 1.01233546520578676642 0.00000000000000000000
0.3800000000 0.98494169660783636999 0.00000000000000000000
0.3900000000 0.95838151486452660688 0.00000000000000000000
0.4000000000 0.93263293837768745931 0.00000000000000000000
0.4100000000 0.90767415025145392615 0.00000000000000000000
0.4200000000 0.88348354001135653846 0.00000000000000000000
0.4300000000 0.86003974093561164072 0.00000000000000000000
0.4400000000 0.83732166322445678031 0.00000000000000000000
0.4500000000 0.81530852324123881392 0.00000000000000000000
0.4600000000 0.79397986906312212341 0.00000000000000000000
0.4700000000 0.77331560258029297117 0.00000000000000000000
0.4800000000 0.75329599838078553642 0.00000000000000000000
0.4900000000 0.73390171965412265287 0.00000000000000000000
0.5000000000 0.71511383134108541526 0.00000000000000000000
0.5100000000 0.69691381074967151399 0.00000000000000000000
0.5200000000 0.67928355584877153639 0.00000000000000000000
0.5300000000 0.66220539144179724200 0.00000000000000000000
0.5400000000 0.64566207341252757068 0.00000000000000000000
0.5500000000 0.62963679122507776320 0.00000000000000000000
0.5600000000 0.61411316884934863403 0.00000000000000000000
0.5700000000 0.59907526427269430780 0.00000000000000000000
0.5800000000 0.58450756774801126969 0.00000000000000000000
0.5900000000 0.57039499891809486432 0.00000000000000000000
0.6000000000 0.55672290294600468297 0.00000000000000000000
0.6100000000 0.54347704577148037153 0.00000000000000000000
0.6200000000 0.53064360860403680942 0.00000000000000000000
0.6300000000 0.51820918175442698406 0.00000000000000000000
0.6400000000 0.50616075789772052573 0.00000000000000000000
0.6500000000 0.49448572485314801206 0.00000000000000000000
0.6600000000 0.48317185795835565498 0.00000000000000000000
0.6700000000 0.47220731210856781157 0.00000000000000000000
0.6800000000 0.46158061352460205695 0.00000000000000000000
0.6900000000 0.45128065130743760802 0.00000000000000000000
0.7000000000 0.44129666883134088806 0.00000000000000000000
0.7100000000 0.43161825502220907413 0.00000000000000000000
0.7200000000 0.42223533556295705926 0.00000000000000000000
0.7300000000 0.41313816406315440055 0.00000000000000000000
0.7400000000 0.40431731322602704193 0.00000000000000000000
0.7500000000 0.39576366604214041622 0.00000000000000000000
0.7600000000 0.38746840703552370977 0.00000000000000000000
0.7700000000 0.37942301358487617868 0.00000000000000000000
0.7800000000 0.37161924733957940603 0.00000000000000000000
0.7900000000 0.36404914574756430667 0.00000000000000000000
0.8000000000 0.35670501370975360445 0.00000000000000000000
0.8100000000 0.34957941537354503270 0.00000000000000000000
0.8200000000 0.34266516607595054467 0.00000000000000000000
0.8300000000 0.33595532444511266856 0.00000000000000000000
0.8400000000 0.32944318466747957164 0.00000000000000000000
0.8500000000 0.32312226892630346864 0.00000000000000000000
0.8600000000 0.31698632001607279784 0.00000000000000000000
0.8700000000 0.31102929413614277543 0.00000000000000000000
0.8800000000 0.30524535386593698583 0.00000000000000000000
0.8900000000 0.29962886132315935672 0.00000000000000000000
0.9000000000 0.29417437150561992487 0.00000000000000000000
0.9100000000 0.28887662581667311601 0.00000000000000000000
0.9200000000 0.28373054577345235838 0.00000000000000000000
0.9300000000 0.27873122689679219466 0.00000000000000000000
0.9400000000 0.27387393278111693551 0.00000000000000000000
0.9500000000 0.26915408934202100788 0.00000000000000000000
0.9600000000 0.26456727923937162217 0.00000000000000000000
0.9700000000 0.26010923647289618810 0.00000000000000000000
0.9800000000 0.25577584114736007237 0.00000000000000000000
0.9900000000 0.25156311440410356051 0.00000000000000000000
1.0000000000 0.24746721351450640114 0.00000000000000000000
1.0100000000 0.24348442713631868184 0.00000000000000000000
1.0200000000 0.23961117072177998133 0.00000000000000000000
1.0300000000 0.23584398207719772800 0.00000000000000000000
1.0400000000 0.23217951707563333485 0.00000000000000000000
1.0500000000 0.22861454550964788179 0.00000000000000000000
1.0600000000 0.22514594708594998229 0.00000000000000000000
1.0700000000 0.22177070755647232403 0.00000000000000000000
1.0800000000 0.21848591498221167639 0.00000000000000000000
1.0900000000 0.21528875612590606115 0.00000000000000000000
1.1000000000 0.21217651296982442677 0.00000000000000000000
1.1100000000 0.20914655935480519489 0.00000000000000000000
1.1200000000 0.20619635773691702418 0.00000000000000000000
1.1300000000 0.20332345605798909927 0.00000000000000000000
1.1400000000 0.20052548472648853983 0.00000000000000000000
1.1500000000 0.19780015370513584494 0.00000000000000000000
1.1600000000 0.19514524970185490038 0.00000000000000000000
1.1700000000 0.19255863346062079833 0.00000000000000000000
1.1800000000 0.19003823714893192109 0.00000000000000000000
1.1900000000 0.18758206183862929928 0.00000000000000000000
1.2000000000 0.18518817507695689573 0.00000000000000000000
1.2100000000 0.18285470854475591174 0.00000000000000000000
1.2200000000 0.18057985579880714289 0.00000000000000000000
1.2300000000 0.17836187009544357540 0.00000000000000000000
1.2400000000 0.17619906229258025521 0.00000000000000000000
1.2500000000 0.17408979882740360789 0.00000000000000000000
1.2600000000 0.17203249976711609825 0.00000000000000000000
1.2700000000 0.17002563693010877555 0.00000000000000000000
1.2800000000 0.16806773207506220391 0.00000000000000000000
1.2900000000 0.16615735515557841784 0.00000000000000000000
1.3000000000 0.16429312263798462324 0.00000000000000000000
1.3100000000 0.16247369588002621987 0.00000000000000000000
1.3200000000 0.16069777956828032450 0.00000000000000000000
1.3300000000 0.15896412021214875732 0.00000000000000000000
1.3400000000 0.15727150469238374009 0.00000000000000000000
1.3500000000 0.15561875886215620346 0.00000000000000000000
1.3600000000 0.15400474619876836080 0.00000000000000000000
1.3700000000 0.15242836650415150790 0.00000000000000000000
1.3800000000 0.15088855465235312403 0.00000000000000000000
1.3900000000 0.14938427938231824132 0.00000000000000000000
1.4000000000 0.14791454213427115971 0.00000000000000000000
1.4100000000 0.14647837592812279484 0.00000000000000000000
1.4200000000 0.14507484428233383134 0.00000000000000000000
1.4300000000 0.14370304017175752898 0.00000000000000000000
1.4400000000 0.14236208502302216683 0.00000000000000000000
1.4500000000 0.14105112774606481940 0.00000000000000000000
1.4600000000 0.13976934380047470463 0.00000000000000000000
1.4700000000 0.13851593429537975566 0.00000000000000000000
1.4800000000 0.13729012512161392623 0.00000000000000000000
1.4900000000 0.13609116611498223159 0.00000000000000000000
1.5000000000 0.13491833024948038378 0.00000000000000000000
1.5100000000 0.13377091285933745413 0.00000000000000000000
1.5200000000 0.13264823088884536428 0.00000000000000000000
1.5300000000 0.13154962216892185367 0.00000000000000000000
1.5400000000 0.13047444471943442368 0.00000000000000000000
1.5500000000 0.12942207607632386090 0.00000000000000000000
1.5600000000 0.12839191264261273773 0.00000000000000000000
1.5700000000 0.12738336906241956581 0.00000000000000000000
1.5800000000 0.12639587761712262060 0.00000000000000000000
1.5900000000 0.12542888764286622139 0.00000000000000000000
1.6000000000 0.12448186496860386141 0.00000000000000000000
1.6100000000 0.12355429137394563499 0.00000000000000000000
1.6200000000 0.12264566406605763305 0.00000000000000000000
1.6300000000 0.12175549517492417761 0.00000000000000000000
1.6400000000 0.12088331126629697776 0.00000000000000000000
1.6500000000 0.12002865287167832631 0.00000000000000000000
1.6600000000 0.11919107403471061735 0.00000000000000000000
1.6700000000 0.11837014187337702165 0.00000000000000000000
1.6800000000 0.11756543615743189624 0.00000000000000000000
1.6900000000 0.11677654890049611602 0.00000000000000000000
1.7000000000 0.11600308396629545327 0.00000000000000000000
1.7100000000 0.11524465668851116562 0.00000000000000000000
1.7200000000 0.11450089350375682040 0.00000000000000000000
1.7300000000 0.11377143159719901866 0.00000000000000000000
1.7400000000 0.11305591856035843157 0.00000000000000000000
1.7500000000 0.11235401206065935564 0.00000000000000000000
1.7600000000 0.11166537952228855479 0.00000000000000000000
1.7700000000 0.11098969781796583223 0.00000000000000000000
1.7800000000 0.11032665297122049020 0.00000000000000000000
1.7900000000 0.10967593986880505574 0.00000000000000000000
1.8000000000 0.10903726198287118365 0.00000000000000000000
1.8100000000 0.10841033110256308170 0.00000000000000000000
1.8200000000 0.10779486707468480255 0.00000000000000000000
1.8300000000 0.10719059755312151938 0.00000000000000000000
1.8400000000 0.10659725775669387504 0.00000000000000000000
1.8500000000 0.10601459023515069635 0.00000000000000000000
1.8600000000 0.10544234464300311638 0.00000000000000000000
1.8700000000 0.10488027752092732303 0.00000000000000000000
1.8800000000 0.10432815208445876676 0.00000000000000000000
1.8900000000 0.10378573801972607038 0.00000000000000000000
1.9000000000 0.10325281128596837388 0.00000000000000000000
1.9100000000 0.10272915392460436890 0.00000000000000000000
1.9200000000 0.10221455387460735842 0.00000000000000000000
1.9300000000 0.10170880479398468343 0.00000000000000000000
1.9400000000 0.10121170588712204153 0.00000000000000000000
1.9500000000 0.10072306173781019056 0.00000000000000000000
1.9600000000 0.10024268214773532359 0.00000000000000000000
1.9700000000 0.09977038198025406368 0.00000000000000000000
1.9800000000 0.09930598100926499305 0.00000000000000000000
1.9900000000 0.09884930377299495918 0.00000000000000000000
2.0000000000 0.09840017943253655253 0.00000000000000000000
2.0100000000 0.09795844163496271462 0.00000000000000000000
2.0200000000 0.09752392838086999804 0.00000000000000000000
2.0300000000 0.09709648189618658165 0.00000000000000000000
2.0400000000 0.09667594850810769247 0.00000000000000000000
2.0500000000 0.09626217852500644490 0.00000000000000000000
2.0600000000 0.09585502612019117241 0.00000000000000000000
2.0700000000 0.09545434921937522021 0.00000000000000000000
2.0800000000 0.09506000939172827569 0.00000000000000000000
2.0900000000 0.09467187174439083142 0.00000000000000000000
2.1000000000 0.09428980482033283428 0.00000000000000000000
2.1100000000 0.09391368049944101570 0.00000000000000000000
2.1200000000 0.09354337390272701724 0.00000000000000000000
2.1300000000 0.09317876329955027126 0.00000000000000000000
2.1400000000 0.09281973001775165044 0.00000000000000000000
2.1500000000 0.09246615835660142169 0.00000000000000000000
2.1600000000 0.09211793550246798190 0.00000000000000000000
2.1700000000 0.09177495144711284025 0.00000000000000000000
2.1800000000 0.09143709890852515232 0.00000000000000000000
2.1900000000 0.09110427325421076306 0.00000000000000000000
2.2000000000 0.09077637242685417107 0.00000000000000000000
2.2100000000 0.09045329687227476878 0.00000000000000000000
2.2200000000 0.09013494946959733911 0.00000000000000000000
2.2300000000 0.08982123546356970967 0.00000000000000000000
2.2400000000 0.08951206239895133365 0.00000000000000000000
2.2500000000 0.08920734005690435231 0.00000000000000000000
2.2600000000 0.08890698039332699254 0.00000000000000000000
2.2700000000 0.08861089747905559477 0.00000000000000000000
2.2800000000 0.08831900744188411756 0.00000000000000000000
2.2900000000 0.08803122841033596269 0.00000000000000000000
2.3000000000 0.08774748045912866834 0.00000000000000000000
2.3100000000 0.08746768555628463282 0.00000000000000000000
2.3200000000 0.08719176751182369789 0.00000000000000000000
2.3300000000 0.08691965192799742945 0.00000000000000000000
2.3400000000 0.08665126615100338103 0.00000000000000000000
2.3500000000 0.08638653922414199493 0.00000000000000000000
2.3600000000 0.08612540184236421037 0.00000000000000000000
2.3700000000 0.08586778630816420399 0.00000000000000000000
2.3800000000 0.08561362648877768322 0.00000000000000000000
2.3900000000 0.08536285777464172608 0.00000000000000000000
2.4000000000 0.08511541703907578305 0.00000000000000000000
2.4100000000 0.08487124259914531621 0.00000000000000000000
2.4200000000 0.08463027417767179927 0.00000000000000000000
2.4300000000 0.08439245286634962373 0.00000000000000000000
2.4400000000 0.08415772108993749279 0.00000000000000000000
2.4500000000 0.08392602257148963629 0.00000000000000000000
2.4600000000 0.08369730229859349835 0.00000000000000000000
2.4700000000 0.08347150649058383831 0.00000000000000000000
2.4800000000 0.08324858256669923073 0.00000000000000000000
2.4900000000 0.08302847911515549850 0.00000000000000000000
2.5000000000 0.08281114586310539538 0.00000000000000000000
2.5100000000 0.08259653364745683790 0.00000000000000000000
2.5200000000 0.08238459438652276368 0.00000000000000000000
2.5300000000 0.08217528105247855208 0.00000000000000000000
2.5400000000 0.08196854764460051457 0.00000000000000000000
2.5500000000 0.08176434916325990565 0.00000000000000000000
2.5600000000 0.08156264158465394154 0.00000000000000000000
2.5700000000 0.08136338183624609866 0.00000000000000000000
2.5800000000 0.08116652777289583287 0.00000000000000000000
2.5900000000 0.08097203815365831836 0.00000000000000000000
2.6000000000 0.08077987261923141871 0.00000000000000000000
2.6100000000 0.08058999167002965647 0.00000000000000000000
2.6200000000 0.08040235664487110911 0.00000000000000000000
2.6300000000 0.08021692970024986435 0.00000000000000000000
2.6400000000 0.08003367379018681838 0.00000000000000000000
2.6500000000 0.07985255264663260188 0.00000000000000000000
2.6600000000 0.07967353076040994964 0.00000000000000000000
2.6700000000 0.07949657336267895724 0.00000000000000000000
2.6800000000 0.07932164640691170832 0.00000000000000000000
2.6900000000 0.07914871655135471973 0.00000000000000000000
2.7000000000 0.07897775114197137791 0.00000000000000000000
2.7100000000 0.07880871819584678306 0.00000000000000000000
2.7200000000 0.07864158638504242793 0.00000000000000000000
2.7300000000 0.07847632502088525142 0.00000000000000000000
2.7400000000 0.07831290403868157446 0.00000000000000000000
2.7500000000 0.07815129398284068052 0.00000000000000000000
2.7600000000 0.07799146599239741018 0.00000000000000000000
2.7700000000 0.07783339178692183502 0.00000000000000000000
2.7800000000 0.07767704365280285461 0.00000000000000000000
2.7900000000 0.07752239442989933282 0.00000000000000000000
2.8000000000 0.07736941749854224504 0.00000000000000000000
2.8100000000 0.07721808676688220185 0.00000000000000000000
2.8200000000 0.07706837665857076136 0.00000000000000000000
2.8300000000 0.07692026210076419179 0.00000000000000000000
2.8400000000 0.07677371851244393919 0.00000000000000000000
2.8500000000 0.07662872179304139331 0.00000000000000000000
2.8600000000 0.07648524831136030433 0.00000000000000000000
2.8700000000 0.07634327489478660855 0.00000000000000000000
2.8800000000 0.07620277881877983439 0.00000000000000000000
2.8900000000 0.07606373779663495871 0.00000000000000000000
2.9000000000 0.07592612996950973137 0.00000000000000000000
2.9100000000 0.07578993389670866943 0.00000000000000000000
2.9200000000 0.07565512854621632421 0.00000000000000000000
2.9300000000 0.07552169328547359006 0.00000000000000000000
2.9400000000 0.07538960787238932482 0.00000000000000000000
2.9500000000 0.07525885244658070405 0.00000000000000000000
2.9600000000 0.07512940752083759055 0.00000000000000000000
2.9700000000 0.07500125397280137107 0.00000000000000000000
2.9800000000 0.07487437303685623435 0.00000000000000000000
2.9900000000 0.07474874629622292599 0.00000000000000000000
3.0000000000 0.07462435567525300961 0.00000000000000000000
3.0100000000 0.07450118343191508563 0.00000000000000000000
3.0200000000 0.07437921215047052503 0.00000000000000000000
3.0300000000 0.07425842473433010016 0.00000000000000000000
3.0400000000 0.07413880439908988873 0.00000000000000000000
3.0500000000 0.07402033466573949838 0.00000000000000000000
3.0600000000 0.07390299935403775444 0.00000000000000000000
3.0700000000 0.07378678257605350566 0.00000000000000000000
3.0800000000 0.07367166872986367909 0.00000000000000000000
3.0900000000 0.07355764249340708549 0.00000000000000000000
3.1000000000 0.07344468881848929820 0.00000000000000000000
3.1100000000 0.07333279292493154189 0.00000000000000000000
3.1200000000 0.07322194029486601974 0.00000000000000000000
3.1300000000 0.07311211666716593838 0.00000000000000000000
3.1400000000 0.07300330803201282581 0.00000000000000000000
3.1500000000 0.07289550062559473076 0.00000000000000000000
3.1600000000 0.07278868092493158415 0.00000000000000000000
3.1700000000 0.07268283564282547460 0.00000000000000000000
3.1800000000 0.07257795172293178554 0.00000000000000000000
3.1900000000 0.07247401633494879314 0.00000000000000000000
3.2000000000 0.07237101686992042371 0.00000000000000000000
3.2100000000 0.07226894093565280897 0.00000000000000000000
3.2200000000 0.07216777635223782517 0.00000000000000000000
3.2300000000 0.07206751114768326916 0.00000000000000000000
3.2400000000 0.07196813355364588272 0.00000000000000000000
3.2500000000 0.07186963200126572637 0.00000000000000000000
3.2600000000 0.07177199511709640711 0.00000000000000000000
3.2700000000 0.07167521171913233957 0.00000000000000000000
3.2800000000 0.07157927081292789206 0.00000000000000000000
3.2900000000 0.07148416158780673824 0.00000000000000000000
3.3000000000 0.07138987341315980450 0.00000000000000000000
3.3100000000 0.07129639583482877407 0.00000000000000000000
3.3200000000 0.07120371857157248296 0.00000000000000000000
3.3300000000 0.07111183151161511173 0.00000000000000000000
3.3400000000 0.07102072470927414671 0.00000000000000000000
3.3500000000 0.07093038838166487725 0.00000000000000000000
3.3600000000 0.07084081290548023546 0.00000000000000000000
3.3700000000 0.07075198881384474336 0.00000000000000000000
3.3800000000 0.07066390679323843182 0.00000000000000000000
3.3900000000 0.07057655768049260481 0.00000000000000000000
3.4000000000 0.07048993245985103739 0.00000000000000000000
3.4100000000 0.07040402226009984110 0.00000000000000000000
3.4200000000 0.07031881835175987638 0.00000000000000000000
3.4300000000 0.07023431214434329439 0.00000000000000000000
3.4400000000 0.07015049518367083570 0.00000000000000000000
3.4500000000 0.07006735914924923370 0.00000000000000000000
3.4600000000 0.06998489585170694638 0.00000000000000000000
3.4700000000 0.06990309723028644007 0.00000000000000000000
3.4800000000 0.06982195535039224799 0.00000000000000000000
3.4900000000 0.06974146240119312445 0.00000000000000000000
3.5000000000 0.06966161069327646282 0.00000000000000000000
3.5100000000 0.06958239265635485227 0.00000000000000000000
3.5200000000 0.06950380083702291378 0.00000000000000000000
3.5300000000 0.06942582789656173703 0.00000000000000000000
3.5400000000 0.06934846660879281921 0.00000000000000000000
3.5500000000 0.06927170985797727332 0.00000000000000000000
3.5600000000 0.06919555063676138817 0.00000000000000000000
3.5700000000 0.06911998204416638925 0.00000000000000000000
3.5800000000 0.06904499728362058220 0.00000000000000000000
3.5900000000 0.06897058966103511435 0.00000000000000000000
3.6000000000 0.06889675258292000948 0.00000000000000000000
3.6100000000 0.06882347955454047594 0.00000000000000000000
3.6200000000 0.06875076417811293306 0.00000000000000000000
3.6300000000 0.06867860015103929849 0.00000000000000000000
3.6400000000 0.06860698126417827392 0.00000000000000000000
3.6500000000 0.06853590140015329568 0.00000000000000000000
3.6600000000 0.06846535453169627639 0.00000000000000000000
3.6700000000 0.06839533472002651271 0.00000000000000000000
3.6800000000 0.06832583611326219220 0.00000000000000000000
3.6900000000 0.06825685294486709409 0.00000000000000000000
3.7000000000 0.06818837953212796010 0.00000000000000000000
3.7100000000 0.06812041027466433918 0.00000000000000000000
3.7200000000 0.06805293965296925485 0.00000000000000000000
3.7300000000 0.06798596222697975144 0.00000000000000000000
3.7400000000 0.06791947263467743023 0.00000000000000000000
3.7500000000 0.06785346559071704642 0.00000000000000000000
3.7600000000 0.06778793588508386092 0.00000000000000000000
3.7700000000 0.06772287838177824815 0.00000000000000000000
3.7800000000 0.06765828801752687971 0.00000000000000000000
3.7900000000 0.06759415980052080331 0.00000000000000000000
3.8000000000 0.06753048880917807140 0.00000000000000000000
3.8100000000 0.06746727019093246014 0.00000000000000000000
3.8200000000 0.06740449916104618300 0.00000000000000000000
3.8300000000 0.06734217100144598844 0.00000000000000000000
3.8400000000 0.06728028105958390459 0.00000000000000000000
3.8500000000 0.06721882474731928625 0.00000000000000000000
3.8600000000 0.06715779753982425992 0.00000000000000000000
3.8700000000 0.06709719497451087367 0.00000000000000000000
3.8800000000 0.06703701264997861953 0.00000000000000000000
3.8900000000 0.06697724622498400782 0.00000000000000000000
3.9000000000 0.06691789141742970903 0.00000000000000000000
3.9100000000 0.06685894400337383248 0.00000000000000000000
3.9200000000 0.06680039981605871702 0.00000000000000000000
3.9300000000 0.06674225474495908139 0.00000000000000000000
3.9400000000 0.06668450473484753560 0.00000000000000000000
3.9500000000 0.06662714578488009021 0.00000000000000000000
3.9600000000 0.06657017394769788876 0.00000000000000000000
3.9700000000 0.06651358532854736993 0.00000000000000000000
3.9800000000 0.06645737608441688871 0.00000000000000000000
3.9900000000 0.06640154242319008804 0.00000000000000000000
4.0000000000 0.06634608060281566022 0.00000000000000000000
4.0100000000 0.06629098693049301216 0.00000000000000000000
4.0200000000 0.06623625776187344605 0.00000000000000000000
4.0300000000 0.06618188950027677209 0.00000000000000000000
4.0400000000 0.06612787859592217377 0.00000000000000000000
4.0500000000 0.06607422154517478274 0.00000000000000000000
4.0600000000 0.06602091488980522949 0.00000000000000000000
4.0700000000 0.06596795521626461212 0.00000000000000000000
4.0800000000 0.06591533915497115037 0.00000000000000000000
4.0900000000 0.06586306337961279900 0.00000000000000000000
4.1000000000 0.06581112460646026951 0.00000000000000000000
4.1100000000 0.06575951959369495670 0.00000000000000000000
4.1200000000 0.06570824514074821709 0.00000000000000000000
4.1300000000 0.06565729808765317921 0.00000000000000000000
4.1400000000 0.06560667531440866895 0.00000000000000000000
4.1500000000 0.06555637374035533371 0.00000000000000000000
4.1600000000 0.06550639032356184166 0.00000000000000000000
4.1700000000 0.06545672206022422335 0.00000000000000000000
4.1800000000 0.06540736598407478897 0.00000000000000000000
4.1900000000 0.06535831916580242540 0.00000000000000000000
4.2000000000 0.06530957871248360691 0.00000000000000000000
4.2100000000 0.06526114176702338399 0.00000000000000000000
4.2200000000 0.06521300550760675274 0.00000000000000000000
4.2300000000 0.06516516714715975267 0.00000000000000000000
4.2400000000 0.06511762393282058414 0.00000000000000000000
4.2500000000 0.06507037314542002404 0.00000000000000000000
4.2600000000 0.06502341209897105623 0.00000000000000000000
4.2700000000 0.06497673814016813321 0.00000000000000000000
4.2800000000 0.06493034864789463956 0.00000000000000000000
4.2900000000 0.06488424103273986165 0.00000000000000000000
4.3000000000 0.06483841273652392323 0.00000000000000000000
4.3100000000 0.06479286123183185253 0.00000000000000000000
4.3200000000 0.06474758402155487980 0.00000000000000000000
4.3300000000 0.06470257863844089408 0.00000000000000000000
4.3400000000 0.06465784264465176956 0.00000000000000000000
4.3500000000 0.06461337363132967082 0.00000000000000000000
4.3600000000 0.06456916921816964472 0.00000000000000000000
4.3700000000 0.06452522705300059447 0.00000000000000000000
4.3800000000 0.06448154481137308158 0.00000000000000000000
4.3900000000 0.06443812019615451081 0.00000000000000000000
4.4000000000 0.06439495093713101803 0.00000000000000000000
4.4100000000 0.06435203479061694931 0.00000000000000000000
4.4200000000 0.06430936953906984943 0.00000000000000000000
4.4300000000 0.06426695299071354117 0.00000000000000000000
4.4400000000 0.06422478297916596468 0.00000000000000000000
4.4500000000 0.06418285736307538514 0.00000000000000000000
4.4600000000 0.06414117402576083316 0.00000000000000000000
4.4700000000 0.06409973087485995591 0.00000000000000000000
4.4800000000 0.06405852584198221122 0.00000000000000000000
4.4900000000 0.06401755688236854258 0.00000000000000000000
4.5000000000 0.06397682197455573094 0.00000000000000000000
4.5100000000 0.06393631912004786588 0.00000000000000000000
4.5200000000 0.06389604634299163310 0.00000000000000000000
4.5300000000 0.06385600168985863800 0.00000000000000000000
4.5400000000 0.06381618322913176766 0.00000000000000000000
4.5500000000 0.06377658905099807540 0.00000000000000000000
4.5600000000 0.06373721726704516255 0.00000000000000000000
4.5700000000 0.06369806600996393009 0.00000000000000000000
4.5800000000 0.06365913343325543816 0.00000000000000000000
4.5900000000 0.06362041771094342768 0.00000000000000000000
4.6000000000 0.06358191703729064448 0.00000000000000000000
4.6100000000 0.06354362962652017333 0.00000000000000000000
4.6200000000 0.06350555371254199000 0.00000000000000000000
4.6300000000 0.06346768754868256646 0.00000000000000000000
4.6400000000 0.06343002940741998552 0.00000000000000000000
4.6500000000 0.06339257758012345478 0.00000000000000000000
4.6600000000 0.06335533037679617896 0.00000000000000000000
4.6700000000 0.06331828612582300619 0.00000000000000000000
4.6800000000 0.06328144317372198790 0.00000000000000000000
4.6900000000 0.06324479988489987992 0.00000000000000000000
4.7000000000 0.06320835464141172366 0.00000000000000000000
4.7100000000 0.06317210584272409113 0.00000000000000000000
4.7200000000 0.06313605190548228496 0.00000000000000000000
4.7300000000 0.06310019126328088312 0.00000000000000000000
4.7400000000 0.06306452236643841913 0.00000000000000000000
4.7500000000 0.06302904368177543459 0.00000000000000000000
4.7600000000 0.06299375369239586242 0.00000000000000000000
4.7700000000 0.06295865089747203214 0.00000000000000000000
4.7800000000 0.06292373381203304750 0.00000000000000000000
4.7900000000 0.06288900096675645313 0.00000000000000000000
4.8000000000 0.06285445090776317634 0.00000000000000000000
4.8100000000 0.06282008219641561919 0.00000000000000000000
4.8200000000 0.06278589340911894245 0.00000000000000000000
4.8300000000 0.06275188313712540267 0.00000000000000000000
4.8400000000 0.06271804998634186723 0.00000000000000000000
4.8500000000 0.06268439257714016055 0.00000000000000000000
4.8600000000 0.06265090954417000535 0.00000000000000000000
4.8700000000 0.06261759953617575258 0.00000000000000000000
4.8800000000 0.06258446121581499877 0.00000000000000000000
4.8900000000 0.06255149325948033967 0.00000000000000000000
4.9000000000 0.06251869435712413547 0.00000000000000000000
4.9100000000 0.06248606321208529518 0.00000000000000000000
4.9200000000 0.06245359854091929452 0.00000000000000000000
4.9300000000 0.06242129907323040044 0.00000000000000000000
4.9400000000 0.06238916355150674053 0.00000000000000000000
4.9500000000 0.06235719073095739862 0.00000000000000000000
4.9600000000 0.06232537937935277855 0.00000000000000000000
4.9700000000 0.06229372827686615460 0.00000000000000000000
4.9800000000 0.06226223621591860796 0.00000000000000000000
4.9900000000 0.06223090200102631558 0.00000000000000000000
5.0000000000 0.06219972444864889372 0.00000000000000000000
