0.1000000000 0.56456858188622716099 0.00000000000000000000
0.1100000000 0.55263622416399593718 0.00000000000000000000
0.1200000000 0.54088265460992490663 0.00000000000000000000
0.1300000000 0.52930977971813164551 0.00000000000000000000
0.1400000000 0.51791928065319947638 0.00000000000000000000
0.1500000000 0.50671261410093026978 0.00000000000000000000
0.1600000000 0.49569101385871794374 0.00000000000000000000
0.1700000000 0.48485549313691361784 0.00000000000000000000
0.1800000000 0.47420684753860209426 0.00000000000000000000
0.1900000000 0.46374565868170597449 0.00000000000000000000
0.2000000000 0.45347229842429648272 0.00000000000000000000
0.2100000000 0.44338693365144027370 0.00000000000000000000
0.2200000000 0.43348953157983832751 0.00000000000000000000
0.2300000000 0.42377986553493685040 0.00000000000000000000
0.2400000000 0.41425752115408048804 0.00000000000000000000
0.2500000000 0.40492190296863911358 0.00000000000000000000
0.2600000000 0.39577224131783522720 0.00000000000000000000
0.2700000000 0.38680759954721677385 0.00000000000000000000
0.2800000000 0.37802688144533019843 0.00000000000000000000
0.2900000000 0.36942883887310262736 0.00000000000000000000
0.3000000000 0.36101207954173825110 0.00000000000000000000
0.3100000000 0.35277507489649484462 0.00000000000000000000
0.3200000000 0.34471616806553589951 0.00000000000000000000
0.3300000000 0.33683358183508116390 0.00000000000000000000
0.3400000000 0.32912542661429322610 0.00000000000000000000
0.3500000000 0.32158970835567529667 0.00000000000000000000
0.3600000000 0.31422433639921804049 0.00000000000000000000
0.3700000000 0.30702713121104557858 0.00000000000000000000
0.3800000000 0.29999583198987989086 0.00000000000000000000
0.3900000000 0.29312810411721518244 0.00000000000000000000
0.4000000000 0.28642154642964923195 0.00000000000000000000
0.4100000000 0.27987369829434727286 0.00000000000000000000
0.4200000000 0.27348204647106721943 0.00000000000000000000
0.4300000000 0.26724403174657185289 0.00000000000000000000
0.4400000000 0.26115705532953292778 0.00000000000000000000
0.4500000000 0.25521848499623350781 0.00000000000000000000
0.4600000000 0.24942566097943996706 0.00000000000000000000
0.4700000000 0.24377590159476869580 0.00000000000000000000
0.4800000000 0.23826650860069334414 0.00000000000000000000
0.4900000000 0.23289477229002791825 0.00000000000000000000
0.5000000000 0.22765797631227474573 0.00000000000000000000
0.5100000000 0.22255340222765179758 0.00000000000000000000
0.5200000000 0.21757833379489177617 0.00000000000000000000
0.5300000000 0.21273006099607910668 0.00000000000000000000
0.5400000000 0.20800588380280174428 0.00000000000000000000
0.5500000000 0.20340311568881763726 0.00000000000000000000
0.5600000000 0.19891908689522050380 0.00000000000000000000
0.5700000000 0.19455114745476648208 0.00000000000000000000
0.5800000000 0.19029666998260763577 0.00000000000000000000
0.5900000000 0.18615305224113659621 0.00000000000000000000
0.6000000000 0.18211771948704952306 0.00000000000000000000
0.6100000000 0.17818812660901761635 0.00000000000000000000
0.6200000000 0.17436176006458767307 0.00000000000000000000
0.6300000000 0.17063613962507745425 0.00000000000000000000
0.6400000000 0.16700881993731439557 0.00000000000000000000
0.6500000000 0.16347739191109658674 0.00000000000000000000
0.6600000000 0.16003948394121647603 0.00000000000000000000
0.6700000000 0.15669276297283749044 0.00000000000000000000
0.6800000000 0.15343493541886860099 0.00000000000000000000
0.6900000000 0.15026374793786473338 0.00000000000000000000
0.7000000000 0.14717698808077078754 0.00000000000000000000
0.7100000000 0.14417248481464831067 0.00000000000000000000
0.7200000000 0.14124810893126588107 0.00000000000000000000
0.7300000000 0.13840177334822648114 0.00000000000000000000
0.7400000000 0.13563143330999971603 0.00000000000000000000
0.7500000000 0.13293508649599347637 0.00000000000000000000
0.7600000000 0.13031077304250346383 0.00000000000000000000
0.7700000000 0.12775657548508456696 0.00000000000000000000
0.7800000000 0.12527061862762964295 0.00000000000000000000
0.7900000000 0.12285106934410872093 0.00000000000000000000
0.8000000000 0.12049613631868366648 0.00000000000000000000
0.8100000000 0.11820406972957733793 0.00000000000000000000
0.8200000000 0.11597316088183587390 0.00000000000000000000
0.8300000000 0.11380174179381735700 0.00000000000000000000
0.8400000000 0.11168818474198183299 0.00000000000000000000
0.8500000000 0.10963090176828853284 0.00000000000000000000
0.8600000000 0.10762834415426378309 0.00000000000000000000
0.8700000000 0.10567900186552452169 0.00000000000000000000
0.8800000000 0.10378140297033201789 0.00000000000000000000
0.8900000000 0.10193411303551032365 0.00000000000000000000
0.9000000000 0.10013573450283010102 0.00000000000000000000
0.9100000000 0.09838490604876864998 0.00000000000000000000
0.9200000000 0.09668030193032932373 0.00000000000000000000
0.9300000000 0.09502063131943416785 0.00000000000000000000
0.9400000000 0.09340463762819273263 0.00000000000000000000
0.9500000000 0.09183109782720692837 0.00000000000000000000
0.9600000000 0.09029882175886330686 0.00000000000000000000
0.9700000000 0.08880665144746817397 0.00000000000000000000
0.9800000000 0.08735346040785485489 0.00000000000000000000
0.9900000000 0.08593815295399827303 0.00000000000000000000
1.0000000000 0.08455966350917434871 0.00000000000000000000
1.0100000000 0.08321695591849560814 0.00000000000000000000
1.0200000000 0.08190902276560756146 0.00000000000000000000
1.0300000000 0.08063488469432639194 0.00000000000000000000
1.0400000000 0.07939358973572421818 0.00000000000000000000
1.0500000000 0.07818421264225910994 0.00000000000000000000
1.0600000000 0.07700585422920908085 0.00000000000000000000
1.0700000000 0.07585764072426186277 0.00000000000000000000
1.0800000000 0.07473872312580304156 0.00000000000000000000
1.0900000000 0.07364827657046839338 0.00000000000000000000
1.1000000000 0.07258549971039747473 0.00000000000000000000
1.1100000000 0.07154961410057594784 0.00000000000000000000
1.1200000000 0.07053986359663758088 0.00000000000000000000
1.1300000000 0.06955551376337729130 0.00000000000000000000
1.1400000000 0.06859585129423248495 0.00000000000000000000
1.1500000000 0.06766018344192753498 0.00000000000000000000
1.1600000000 0.06674783746040804933 0.00000000000000000000
1.1700000000 0.06585816005820983865 0.00000000000000000000
1.1800000000 0.06499051686331196176 0.00000000000000000000
1.1900000000 0.06414429189954147514 0.00000000000000000000
1.2000000000 0.06331888707452815179 0.00000000000000000000
1.2100000000 0.06251372167921766254 0.00000000000000000000
1.2200000000 0.06172823189889115741 0.00000000000000000000
1.2300000000 0.06096187033565301366 0.00000000000000000000
1.2400000000 0.06021410554230394174 0.00000000000000000000
1.2500000000 0.05948442156750543414 0.00000000000000000000
1.2600000000 0.05877231751213188304 0.00000000000000000000
1.2700000000 0.05807730709668899871 0.00000000000000000000
1.2800000000 0.05739891823966266488 0.00000000000000000000
1.2900000000 0.05673669264665003042 0.00000000000000000000
1.3000000000 0.05609018541012601722 0.00000000000000000000
1.3100000000 0.05545896461967497054 0.00000000000000000000
1.3200000000 0.05484261098251790034 0.00000000000000000000
1.3300000000 0.05424071745416417928 0.00000000000000000000
1.3400000000 0.05365288887900177689 0.00000000000000000000
1.3500000000 0.05307874164063906830 0.00000000000000000000
1.3600000000 0.05251790332181086735 0.00000000000000000000
1.3700000000 0.05197001237366141724 0.00000000000000000000
1.3800000000 0.05143471779419891976 0.00000000000000000000
1.3900000000 0.05091167881573659126 0.00000000000000000000
1.4000000000 0.05040056460111952408 0.00000000000000000000
1.4100000000 0.04990105394854102427 0.00000000000000000000
1.4200000000 0.04941283500475384532 0.00000000000000000000
1.4300000000 0.04893560498647586687 0.00000000000000000000
1.4400000000 0.04846906990980257707 0.00000000000000000000
1.4500000000 0.04801294432742629625 0.00000000000000000000
1.4600000000 0.04756695107347277962 0.00000000000000000000
1.4700000000 0.04713082101576616251 0.00000000000000000000
1.4800000000 0.04670429281533319127 0.00000000000000000000
1.4900000000 0.04628711269295929243 0.00000000000000000000
1.5000000000 0.04587903420261858073 0.00000000000000000000
1.5100000000 0.04547981801159092785 0.00000000000000000000
1.5200000000 0.04508923168709372264 0.00000000000000000000
1.5300000000 0.04470704948925079830 0.00000000000000000000
1.5400000000 0.04433305217022966149 0.00000000000000000000
1.5500000000 0.04396702677937457115 0.00000000000000000000
1.5600000000 0.04360876647417504665 0.00000000000000000000
1.5700000000 0.04325807033690398651 0.00000000000000000000
1.5800000000 0.04291474319676978622 0.00000000000000000000
1.5900000000 0.04257859545742464363 0.00000000000000000000
1.6000000000 0.04224944292968039333 0.00000000000000000000
1.6100000000 0.04192710666927887408 0.00000000000000000000
1.6200000000 0.04161141281957719124 0.00000000000000000000
1.6300000000 0.04130219245900086655 0.00000000000000000000
1.6400000000 0.04099928145313135042 0.00000000000000000000
1.6500000000 0.04070252031128920867 0.00000000000000000000
1.6600000000 0.04041175404748249822 0.00000000000000000000
1.6700000000 0.04012683204559303746 0.00000000000000000000
1.6800000000 0.03984760792867448470 0.00000000000000000000
1.6900000000 0.03957393943224012112 0.00000000000000000000
1.7000000000 0.03930568828142082249 0.00000000000000000000
1.7100000000 0.03904272007188203109 0.00000000000000000000
1.7200000000 0.03878490415437862993 0.00000000000000000000
1.7300000000 0.03853211352284902774 0.00000000000000000000
1.7400000000 0.03828422470593223492 0.00000000000000000000
1.7500000000 0.03804111766181045295 0.00000000000000000000
1.7600000000 0.03780267567627399600 0.00000000000000000000
1.7700000000 0.03756878526391089351 0.00000000000000000000
1.7800000000 0.03733933607232647195 0.00000000000000000000
1.7900000000 0.03711422078930046858 0.00000000000000000000
1.8000000000 0.03689333505279116660 0.00000000000000000000
1.8100000000 0.03667657736369973887 0.00000000000000000000
1.8200000000 0.03646384900131053458 0.00000000000000000000
1.8300000000 0.03625505394132460396 0.00000000000000000000
1.8400000000 0.03605009877640576177 0.00000000000000000000
1.8500000000 0.03584889263916441610 0.00000000000000000000
1.8600000000 0.03565134712749981616 0.00000000000000000000
1.8700000000 0.03545737623223169099 0.00000000000000000000
1.8800000000 0.03526689626694830965 0.00000000000000000000
1.8900000000 0.03507982580000289230 0.00000000000000000000
1.9000000000 0.03489608558859093324 0.00000000000000000000
1.9100000000 0.03471559851484586762 0.00000000000000000000
1.9200000000 0.03453828952388743323 0.00000000000000000000
1.9300000000 0.03436408556376488455 0.00000000000000000000
1.9400000000 0.03419291552723436461 0.00000000000000000000
1.9500000000 0.03402471019531390362 0.00000000000000000000
1.9600000000 0.03385940218255996392 0.00000000000000000000
1.9700000000 0.03369692588401398958 0.00000000000000000000
1.9800000000 0.03353721742376356008 0.00000000000000000000
1.9900000000 0.03338021460507119287 0.00000000000000000000
2.0000000000 0.03322585686201930816 0.00000000000000000000
2.0100000000 0.03307408521262587831 0.00000000000000000000
2.0200000000 0.03292484221338320277 0.00000000000000000000
2.0300000000 0.03277807191517732172 0.00000000000000000000
2.0400000000 0.03263371982054329851 0.00000000000000000000
2.0500000000 0.03249173284221453656 0.00000000000000000000
2.0600000000 0.03235205926292888251 0.00000000000000000000
2.0700000000 0.03221464869644663498 0.00000000000000000000
2.0800000000 0.03207945204974880365 0.00000000000000000000
2.0900000000 0.03194642148637435314 0.00000000000000000000
2.1000000000 0.03181551039086275012 0.00000000000000000000
2.1100000000 0.03168667333426715416 0.00000000000000000000
2.1200000000 0.03155986604070468854 0.00000000000000000000
2.1300000000 0.03143504535491142837 0.00000000000000000000
2.1400000000 0.03131216921077117216 0.00000000000000000000
2.1500000000 0.03119119660078716397 0.00000000000000000000
2.1600000000 0.03107208754646743898 0.00000000000000000000
2.1700000000 0.03095480306959629002 0.00000000000000000000
2.1800000000 0.03083930516436263203 0.00000000000000000000
2.1900000000 0.03072555677032013516 0.00000000000000000000
2.2000000000 0.03061352174615271024 0.00000000000000000000
2.2100000000 0.03050316484422001609 0.00000000000000000000
2.2200000000 0.03039445168585920218 0.00000000000000000000
2.2300000000 0.03028734873741963790 0.00000000000000000000
2.2400000000 0.03018182328700705006 0.00000000000000000000
2.2500000000 0.03007784342191614085 0.00000000000000000000
2.2600000000 0.02997537800672959302 0.00000000000000000000
2.2700000000 0.02987439666206310324 0.00000000000000000000
2.2800000000 0.02977486974393702551 0.00000000000000000000
2.2900000000 0.02967676832375394300 0.00000000000000000000
2.3000000000 0.02958006416886477946 0.00000000000000000000
2.3100000000 0.02948472972370518377 0.00000000000000000000
2.3200000000 0.02939073809148348010 0.00000000000000000000
2.3300000000 0.02929806301640459215 0.00000000000000000000
2.3400000000 0.02920667886641256303 0.00000000000000000000
2.3500000000 0.02911656061643624199 0.00000000000000000000
2.3600000000 0.02902768383212230713 0.00000000000000000000
2.3700000000 0.02894002465404128810 0.00000000000000000000
2.3800000000 0.02885355978235096264 0.00000000000000000000
2.3900000000 0.02876826646190452225 0.00000000000000000000
2.4000000000 0.02868412246778944200 0.00000000000000000000
2.4100000000 0.02860110609128283313 0.00000000000000000000
2.4200000000 0.02851919612621211381 0.00000000000000000000
2.4300000000 0.02843837185570780024 0.00000000000000000000
2.4400000000 0.02835861303933703143 0.00000000000000000000
2.4500000000 0.02827989990060566367 0.00000000000000000000
2.4600000000 0.02820221311481744056 0.00000000000000000000
2.4700000000 0.02812553379728109995 0.00000000000000000000
2.4800000000 0.02804984349185297640 0.00000000000000000000
2.4900000000 0.02797512415980559636 0.00000000000000000000
2.5000000000 0.02790135816901350568 0.00000000000000000000
2.5100000000 0.02782852828344449178 0.00000000000000000000
2.5200000000 0.02775661765294917468 0.00000000000000000000
2.5300000000 0.02768560980333877389 0.00000000000000000000
2.5400000000 0.02761548862674320301 0.00000000000000000000
2.5500000000 0.02754623837223941704 0.00000000000000000000
2.5600000000 0.02747784363674462757 0.00000000000000000000
2.5700000000 0.02741028935616353704 0.00000000000000000000
2.5800000000 0.02734356079678459256 0.00000000000000000000
2.5900000000 0.02727764354691503829 0.00000000000000000000
2.6000000000 0.02721252350875111303 0.00000000000000000000
2.6100000000 0.02714818689047297437 0.00000000000000000000
2.6200000000 0.02708462019855970362 0.00000000000000000000
2.6300000000 0.02702181023031730023 0.00000000000000000000
2.6400000000 0.02695974406661363898 0.00000000000000000000
2.6500000000 0.02689840906481340971 0.00000000000000000000
2.6600000000 0.02683779285190809882 0.00000000000000000000
2.6700000000 0.02677788331783494472 0.00000000000000000000
2.6800000000 0.02671866860897912851 0.00000000000000000000
2.6900000000 0.02666013712185327442 0.00000000000000000000
2.7000000000 0.02660227749695105379 0.00000000000000000000
2.7100000000 0.02654507861276677455 0.00000000000000000000
2.7200000000 0.02648852957997895052 0.00000000000000000000
2.7300000000 0.02643261973579125526 0.00000000000000000000
2.7400000000 0.02637733863842688792 0.00000000000000000000
2.7500000000 0.02632267606177173327 0.00000000000000000000
2.7600000000 0.02626862199016237812 0.00000000000000000000
2.7700000000 0.02621516661331417877 0.00000000000000000000
2.7800000000 0.02616230032138536915 0.00000000000000000000
2.7900000000 0.02611001370017414225 0.00000000000000000000
2.8000000000 0.02605829752644366754 0.00000000000000000000
2.8100000000 0.02600714276337189393 0.00000000000000000000
2.8200000000 0.02595654055612288749 0.00000000000000000000
2.8300000000 0.02590648222753533583 0.00000000000000000000
2.8400000000 0.02585695927392593976 0.00000000000000000000
2.8500000000 0.02580796336100332766 0.00000000000000000000
2.8600000000 0.02575948631988997373 0.00000000000000000000
2.8700000000 0.02571152014324911902 0.00000000000000000000
2.8800000000 0.02566405698151278877 0.00000000000000000000
2.8900000000 0.02561708913920957009 0.00000000000000000000
2.9000000000 0.02557060907138782035 0.00000000000000000000
2.9100000000 0.02552460938013227654 0.00000000000000000000
2.9200000000 0.02547908281117142529 0.00000000000000000000
2.9300000000 0.02543402225057313573 0.00000000000000000000
2.9400000000 0.02538942072152560250 0.00000000000000000000
2.9500000000 0.02534527138120177756 0.00000000000000000000
2.9600000000 0.02530156751770464008 0.00000000000000000000
2.9700000000 0.02525830254709050121 0.00000000000000000000
2.9800000000 0.02521547001046979194 0.00000000000000000000
2.9900000000 0.02517306357118108753 0.00000000000000000000
3.0000000000 0.02513107701203775093 0.00000000000000000000
3.0100000000 0.02508950423264488805 0.00000000000000000000
3.0200000000 0.02504833924678399881 0.00000000000000000000
3.0300000000 0.02500757617986463024 0.00000000000000000000
3.0400000000 0.02496720926643986732 0.00000000000000000000
3.0500000000 0.02492723284778471798 0.00000000000000000000
3.0600000000 0.02488764136953602879 0.00000000000000000000
3.0700000000 0.02484842937939061094 0.00000000000000000000
3.0800000000 0.02480959152486192018 0.00000000000000000000
3.0900000000 0.02477112255109231026 0.00000000000000000000
3.1000000000 0.02473301729872022861 0.00000000000000000000
3.1100000000 0.02469527070179980063 0.00000000000000000000
3.1200000000 0.02465787778577272979 0.00000000000000000000
3.1300000000 0.02462083366548994956 0.00000000000000000000
3.1400000000 0.02458413354328223971 0.00000000000000000000
3.1500000000 0.02454777270707817968 0.00000000000000000000
3.1600000000 0.02451174652856849198 0.00000000000000000000
3.1700000000 0.02447605046141526977 0.00000000000000000000
3.1800000000 0.02444068003950512422 0.00000000000000000000
3.1900000000 0.02440563087524437458 0.00000000000000000000
3.2000000000 0.02437089865789619086 0.00000000000000000000
3.2100000000 0.02433647915195820757 0.00000000000000000000
3.2200000000 0.02430236819557839850 0.00000000000000000000
3.2300000000 0.02426856169901026386 0.00000000000000000000
3.2400000000 0.02423505564310463392 0.00000000000000000000
3.2500000000 0.02420184607783753758 0.00000000000000000000
3.2600000000 0.02416892912087375764 0.00000000000000000000
3.2700000000 0.02413630095616407789 0.00000000000000000000
3.2800000000 0.02410395783257650998 0.00000000000000000000
3.2900000000 0.02407189606255954323 0.00000000000000000000
3.3000000000 0.02404011202083756321 0.00000000000000000000
3.3100000000 0.02400860214313637470 0.00000000000000000000
3.3200000000 0.02397736292493917939 0.00000000000000000000
3.3300000000 0.02394639092027220709 0.00000000000000000000
3.3400000000 0.02391568274051767556 0.00000000000000000000
3.3500000000 0.02388523505325554699 0.00000000000000000000
3.3600000000 0.02385504458113163820 0.00000000000000000000
3.3700000000 0.02382510810075257404 0.00000000000000000000
3.3800000000 0.02379542244160568615 0.00000000000000000000
3.3900000000 0.02376598448500436694 0.00000000000000000000
3.4000000000 0.02373679116305777922 0.00000000000000000000
3.4100000000 0.02370783945766380060 0.00000000000000000000
3.4200000000 0.02367912639952552203 0.00000000000000000000
3.4300000000 0.02365064906719002366 0.00000000000000000000
3.4400000000 0.02362240458610925103 0.00000000000000000000
3.4500000000 0.02359439012772176353 0.00000000000000000000
3.4600000000 0.02356660290855611822 0.00000000000000000000
3.4700000000 0.02353904018935356821 0.00000000000000000000
3.4800000000 0.02351169927421153938 0.00000000000000000000
3.4900000000 0.02348457750974570005 0.00000000000000000000
3.5000000000 0.02345767228427092510 0.00000000000000000000
3.5100000000 0.02343098102700093277 0.00000000000000000000
3.5200000000 0.02340450120726527902 0.00000000000000000000
3.5300000000 0.02337823033374436185 0.00000000000000000000
3.5400000000 0.02335216595372074586 0.00000000000000000000
3.5500000000 0.02332630565234756689 0.00000000000000000000
3.5600000000 0.02330064705193306968 0.00000000000000000000
3.5700000000 0.02327518781124032071 0.00000000000000000000
3.5800000000 0.02324992562480299174 0.00000000000000000000
3.5900000000 0.02322485822225587790 0.00000000000000000000
3.6000000000 0.02319998336767966143 0.00000000000000000000
3.6100000000 0.02317529885896060099 0.00000000000000000000
3.6200000000 0.02315080252716354356 0.00000000000000000000
3.6300000000 0.02312649223591887668 0.00000000000000000000
3.6400000000 0.02310236588082245288 0.00000000000000000000
3.6500000000 0.02307842138884858701 0.00000000000000000000
3.6600000000 0.02305465671777577261 0.00000000000000000000
3.6700000000 0.02303106985562412140 0.00000000000000000000
3.6800000000 0.02300765882010579258 0.00000000000000000000
3.6900000000 0.02298442165808606968 0.00000000000000000000
3.7000000000 0.02296135644505663612 0.00000000000000000000
3.7100000000 0.02293846128461950531 0.00000000000000000000
3.7200000000 0.02291573430798236194 0.00000000000000000000
3.7300000000 0.02289317367346396445 0.00000000000000000000
3.7400000000 0.02287077756601022666 0.00000000000000000000
3.7500000000 0.02284854419672054104 0.00000000000000000000
3.7600000000 0.02282647180238368476 0.00000000000000000000
3.7700000000 0.02280455864502369673 0.00000000000000000000
3.7800000000 0.02278280301145475112 0.00000000000000000000
3.7900000000 0.02276120321284582151 0.00000000000000000000
3.8000000000 0.02273975758429389038 0.00000000000000000000
3.8100000000 0.02271846448440608540 0.00000000000000000000
3.8200000000 0.02269732229489024658 0.00000000000000000000
3.8300000000 0.02267632942015439940 0.00000000000000000000
3.8400000000 0.02265548428691360749 0.00000000000000000000
3.8500000000 0.02263478534380539142 0.00000000000000000000
3.8600000000 0.02261423106101276975 0.00000000000000000000
3.8700000000 0.02259381992989514115 0.00000000000000000000
3.8800000000 0.02257355046262601514 0.00000000000000000000
3.8900000000 0.02255342119183892727 0.00000000000000000000
3.9000000000 0.02253343067027958890 0.00000000000000000000
3.9100000000 0.02251357747046551019 0.00000000000000000000
3.9200000000 0.02249386018435252724 0.00000000000000000000
3.9300000000 0.02247427742300729323 0.00000000000000000000
3.9400000000 0.02245482781628711788 0.00000000000000000000
3.9500000000 0.02243551001252538923 0.00000000000000000000
3.9600000000 0.02241632267822378510 0.00000000000000000000
3.9700000000 0.02239726449775022651 0.00000000000000000000
3.9800000000 0.02237833417304268754 0.00000000000000000000
3.9900000000 0.02235953042331921894 0.00000000000000000000
4.0000000000 0.02234085198479314124 0.00000000000000000000
4.0100000000 0.02232229761039398325 0.00000000000000000000
4.0200000000 0.02230386606949396125 0.00000000000000000000
4.0300000000 0.02228555614763964854 0.00000000000000000000
4.0400000000 0.02226736664628859580 0.00000000000000000000
4.0500000000 0.02224929638255135692 0.00000000000000000000
4.0600000000 0.02223134418893852465 0.00000000000000000000
4.0700000000 0.02221350891311202683 0.00000000000000000000
4.0800000000 0.02219578941764189031 0.00000000000000000000
4.0900000000 0.02217818457976709207 0.00000000000000000000
4.1000000000 0.02216069329116124309 0.00000000000000000000
4.1100000000 0.02214331445770269247 0.00000000000000000000
4.1200000000 0.02212604699924868717 0.00000000000000000000
4.1300000000 0.02210888984941414281 0.00000000000000000000
4.1400000000 0.02209184195535448397 0.00000000000000000000
4.1500000000 0.02207490227755219692 0.00000000000000000000
4.1600000000 0.02205806978960795847 0.00000000000000000000
4.1700000000 0.02204134347803507823 0.00000000000000000000
4.1800000000 0.02202472234205818738 0.00000000000000000000
4.1900000000 0.02200820539341538304 0.00000000000000000000
4.2000000000 0.02199179165616415091 0.00000000000000000000
4.2100000000 0.02197548016649084404 0.00000000000000000000
4.2200000000 0.02195926997252354435 0.00000000000000000000
4.2300000000 0.02194316013414854619 0.00000000000000000000
4.2400000000 0.02192714972283009781 0.00000000000000000000
4.2500000000 0.02191123782143328952 0.00000000000000000000
4.2600000000 0.02189542352405043565 0.00000000000000000000
4.2700000000 0.02187970593583036041 0.00000000000000000000
4.2800000000 0.02186408417281071603 0.00000000000000000000
4.2900000000 0.02184855736175371835 0.00000000000000000000
4.3000000000 0.02183312463998448097 0.00000000000000000000
4.3100000000 0.02181778515523210074 0.00000000000000000000
4.3200000000 0.02180253806547405304 0.00000000000000000000
4.3300000000 0.02178738253878312325 0.00000000000000000000
4.3400000000 0.02177231775317687787 0.00000000000000000000
4.3500000000 0.02175734289646999789 0.00000000000000000000
4.3600000000 0.02174245716612935309 0.00000000000000000000
4.3700000000 0.02172765976913126201 0.00000000000000000000
4.3800000000 0.02171294992182157269 0.00000000000000000000
4.3900000000 0.02169832684977800186 0.00000000000000000000
4.4000000000 0.02168378978767513537 0.00000000000000000000
4.4100000000 0.02166933797915135754 0.00000000000000000000
4.4200000000 0.02165497067667855255 0.00000000000000000000
4.4300000000 0.02164068714143366906 0.00000000000000000000
4.4400000000 0.02162648664317291108 0.00000000000000000000
4.4500000000 0.02161236846010765669 0.00000000000000000000
4.4600000000 0.02159833187878281227 0.00000000000000000000
4.4700000000 0.02158437619395710966 0.00000000000000000000
4.4800000000 0.02157050070848577639 0.00000000000000000000
4.4900000000 0.02155670473320447228 0.00000000000000000000
4.5000000000 0.02154298758681599812 0.00000000000000000000
4.5100000000 0.02152934859577862459 0.00000000000000000000
4.5200000000 0.02151578709419590951 0.00000000000000000000
4.5300000000 0.02150230242370925957 0.00000000000000000000
4.5400000000 0.02148889393339135229 0.00000000000000000000
4.5500000000 0.02147556097964190350 0.00000000000000000000
4.5600000000 0.02146230292608515208 0.00000000000000000000
4.5700000000 0.02144911914346894072 0.00000000000000000000
4.5800000000 0.02143600900956530927 0.00000000000000000000
4.5900000000 0.02142297190907312826 0.00000000000000000000
4.6000000000 0.02141000723352201249 0.00000000000000000000
4.6100000000 0.02139711438117809089 0.00000000000000000000
4.6200000000 0.02138429275695090392 0.00000000000000000000
4.6300000000 0.02137154177230251098 0.00000000000000000000
4.6400000000 0.02135886084515730560 0.00000000000000000000
4.6500000000 0.02134624939981389150 0.00000000000000000000
4.6600000000 0.02133370686685827702 0.00000000000000000000
4.6700000000 0.02132123268307814165 0.00000000000000000000
4.6800000000 0.02130882629137885800 0.00000000000000000000
4.6900000000 0.02129648714070095372 0.00000000000000000000
4.7000000000 0.02128421468593836435 0.00000000000000000000
4.7100000000 0.02127200838785861872 0.00000000000000000000
4.7200000000 0.02125986771302395065 0.00000000000000000000
4.7300000000 0.02124779213371374986 0.00000000000000000000
4.7400000000 0.02123578112784828623 0.00000000000000000000
4.7500000000 0.02122383417891362048 0.00000000000000000000
4.7600000000 0.02121195077588763564 0.00000000000000000000
4.7700000000 0.02120013041316749433 0.00000000000000000000
4.7800000000 0.02118837259049786981 0.00000000000000000000
4.7900000000 0.02117667681290071394 0.00000000000000000000
4.8000000000 0.02116504259060569479 0.00000000000000000000
4.8100000000 0.02115346943898209486 0.00000000000000000000
4.8200000000 0.02114195687847160096 0.00000000000000000000
4.8300000000 0.02113050443452221122 0.00000000000000000000
4.8400000000 0.02111911163752311707 0.00000000000000000000
4.8500000000 0.02110777802274050804 0.00000000000000000000
4.8600000000 0.02109650313025464644 0.00000000000000000000
4.8700000000 0.02108528650489754561 0.00000000000000000000
4.8800000000 0.02107412769619216447 0.00000000000000000000
4.8900000000 0.02106302625829169911 0.00000000000000000000
4.9000000000 0.02105198174992067850 0.00000000000000000000
4.9100000000 0.02104099373431638983 0.00000000000000000000
4.9200000000 0.02103006177917138980 0.00000000000000000000
4.9300000000 0.02101918545657699769 0.00000000000000000000
4.9400000000 0.02100836434296729505 0.00000000000000000000
4.9500000000 0.02099759801906448189 0.00000000000000000000
4.9600000000 0.02098688606982458682 0.00000000000000000000
4.9700000000 0.02097622808438429423 0.00000000000000000000
4.9800000000 0.02096562365600844816 0.00000000000000000000
4.9900000000 0.02095507238203826034 0.00000000000000000000
5.0000000000 0.02094457386384060427 0.00000000000000000000
