0.1000000000 2.60019618608331182230 0.00000000000000000000
0.1100000000 2.50164209712092810989 0.00000000000000000000
0.1200000000 2.40730397141345209278 0.00000000000000000000
0.1300000000 2.31711826454511449214 0.00000000000000000000
0.1400000000 2.23099386161115820215 0.00000000000000000000
0.1500000000 2.14881645935438125861 0.00000000000000000000
0.1600000000 2.07045311440368173805 0.00000000000000000000
0.1700000000 1.99575673237957840200 0.00000000000000000000
0.1800000000 1.92457031369140563193 0.00000000000000000000
0.1900000000 1.85673081934048411767 0.00000000000000000000
0.2000000000 1.79207256797801051107 0.00000000000000000000
0.2100000000 1.73043011928292300716 0.00000000000000000000
0.2200000000 1.67164063551633224058 0.00000000000000000000
0.2300000000 1.61554574152519569985 0.00000000000000000000
0.2400000000 1.56199292341425999275 0.00000000000000000000
0.2500000000 1.51083651835788512763 0.00000000000000000000
0.2600000000 1.46193835385470394250 0.00000000000000000000
0.2700000000 1.41516809559805833985 0.00000000000000000000
0.2800000000 1.37040336047080124615 0.00000000000000000000
0.2900000000 1.32752964623236979769 0.00000000000000000000
0.3000000000 1.28644012327417467390 0.00000000000000000000
0.3100000000 1.24703532715494280758 0.00000000000000000000
0.3200000000 1.20922278404099747817 0.00000000000000000000
0.3300000000 1.17291659502525136283 0.00000000000000000000
0.3400000000 1.13803699978830530348 0.00000000000000000000
0.3500000000 1.10450993528799790155 0.00000000000000000000
0.3600000000 1.07226660113452965106 0.00000000000000000000
0.3700000000 1.04124303999017486788 0.00000000000000000000
0.3800000000 1.01137973866002650603 0.00000000000000000000
0.3900000000 0.98262125343312234360 0.00000000000000000000
0.4000000000 0.95491586160799157845 0.00000000000000000000
0.4100000000 0.92821523991254639707 0.00000000000000000000
0.4200000000 0.90247416963120363764 0.00000000000000000000
0.4300000000 0.87765026761722786386 0.00000000000000000000
0.4400000000 0.85370374193939746466 0.00000000000000000000
0.4500000000 0.83059717064245430773 0.00000000000000000000
0.4600000000 0.80829530195194509989 0.00000000000000000000
0.4700000000 0.78676487419468743578 0.00000000000000000000
0.4800000000 0.76597445371161665406 0.00000000000000000000
0.4900000000 0.74589428909053789862 0.00000000000000000000
0.5000000000 0.72649618012755712293 0.00000000000000000000
0.5100000000 0.70775336002596700435 0.00000000000000000000
0.5200000000 0.68964038945187422502 0.00000000000000000000
0.5300000000 0.67213306118040005988 0.00000000000000000000
0.5400000000 0.65520831418045166750 0.00000000000000000000
0.5500000000 0.63884415609681444170 0.00000000000000000000
0.5600000000 0.62301959319350630473 0.00000000000000000000
0.5700000000 0.60771456692068870353 0.00000000000000000000
0.5800000000 0.59290989635847624051 0.00000000000000000000
0.5900000000 0.57858722587411159921 0.00000000000000000000
0.6000000000 0.56472897740463079419 0.00000000000000000000
0.6100000000 0.55131830684520988228 0.00000000000000000000
0.6200000000 0.53833906408459131221 0.00000000000000000000
0.6300000000 0.52577575628343298231 0.00000000000000000000
0.6400000000 0.51361351404005639587 0.00000000000000000000
0.6500000000 0.50183806013089637954 0.00000000000000000000
0.6600000000 0.49043568055108971437 0.00000000000000000000
0.6700000000 0.47939319761388898833 0.00000000000000000000
0.6800000000 0.46869794489718191732 0.00000000000000000000
0.6900000000 0.45833774385111020200 0.00000000000000000000
0.7000000000 0.44830088190335487530 0.00000000000000000000
0.7100000000 0.43857609191857710451 0.00000000000000000000
0.7200000000 0.42915253288564547685 0.00000000000000000000
0.7300000000 0.42001977172150317674 0.00000000000000000000
0.7400000000 0.41116776609355032424 0.00000000000000000000
0.7500000000 0.40258684817413642465 0.00000000000000000000
0.7600000000 0.39426770925048482130 0.00000000000000000000
0.7700000000 0.38620138512235213657 0.00000000000000000000
0.7800000000 0.37837924222714125477 0.00000000000000000000
0.7900000000 0.37079296443893944302 0.00000000000000000000
0.8000000000 0.36343454049368845160 0.00000000000000000000
0.8100000000 0.35629625199765074806 0.00000000000000000000
0.8200000000 0.34937066198085520163 0.00000000000000000000
0.8300000000 0.34265060396106283847 0.00000000000000000000
0.8400000000 0.33612917148689519520 0.00000000000000000000
0.8500000000 0.32979970813210834901 0.00000000000000000000
0.8600000000 0.32365579791518189756 0.00000000000000000000
0.8700000000 0.31769125612093657152 0.00000000000000000000
0.8800000000 0.31190012050268645094 0.00000000000000000000
0.8900000000 0.30627664284537459150 0.00000000000000000000
0.9000000000 0.30081528087144232542 0.00000000000000000000
0.9100000000 0.29551069047283956559 0.00000000000000000000
0.9200000000 0.29035771825352918452 0.00000000000000000000
0.9300000000 0.28535139436817019698 0.00000000000000000000
0.9400000000 0.28048692564336907829 0.00000000000000000000
0.9500000000 0.27575968896899849536 0.00000000000000000000
0.9600000000 0.27116522494769967899 0.00000000000000000000
0.9700000000 0.26669923179164289895 0.00000000000000000000
0.9800000000 0.26235755945556871183 0.00000000000000000000
0.9900000000 0.25813620399670239580 0.00000000000000000000
1.0000000000 0.25403130215242236689 0.00000000000000000000
1.0100000000 0.25003912612518242042 0.00000000000000000000
1.0200000000 0.24615607856858692792 0.00000000000000000000
1.0300000000 0.24237868776532650594 0.00000000000000000000
1.0400000000 0.23870360298839057855 0.00000000000000000000
1.0500000000 0.23512759004026501097 0.00000000000000000000
1.0600000000 0.23164752696165752388 0.00000000000000000000
1.0700000000 0.22826039990366939203 0.00000000000000000000
1.0800000000 0.22496329915684118439 0.00000000000000000000
1.0900000000 0.22175341533111392334 0.00000000000000000000
1.1000000000 0.21862803568066338511 0.00000000000000000000
1.1100000000 0.21558454056815348765 0.00000000000000000000
1.1200000000 0.21262040006292029504 0.00000000000000000000
1.1300000000 0.20973317066800908903 0.00000000000000000000
1.1400000000 0.20692049217098695824 0.00000000000000000000
1.1500000000 0.20418008461387246455 0.00000000000000000000
1.1600000000 0.20150974537755933502 0.00000000000000000000
1.1700000000 0.19890734637633308846 0.00000000000000000000
1.1800000000 0.19637083135825419977 0.00000000000000000000
1.1900000000 0.19389821330736631277 0.00000000000000000000
1.2000000000 0.19148757194379856239 0.00000000000000000000
1.2100000000 0.18913705131802266424 0.00000000000000000000
1.2200000000 0.18684485749565141188 0.00000000000000000000
1.2300000000 0.18460925632929281459 0.00000000000000000000
1.2400000000 0.18242857131416007066 0.00000000000000000000
1.2500000000 0.18030118152416341193 0.00000000000000000000
1.2600000000 0.17822551962547167337 0.00000000000000000000
1.2700000000 0.17620006996450546244 0.00000000000000000000
1.2800000000 0.17422336672755800446 0.00000000000000000000
1.2900000000 0.17229399216927554495 0.00000000000000000000
1.3000000000 0.17041057490733782509 0.00000000000000000000
1.3100000000 0.16857178828085320199 0.00000000000000000000
1.3200000000 0.16677634876996380586 0.00000000000000000000
1.3300000000 0.16502301447436276693 0.00000000000000000000
1.3400000000 0.16331058364843503705 0.00000000000000000000
1.3500000000 0.16163789329086461488 0.00000000000000000000
1.3600000000 0.16000381778660788257 0.00000000000000000000
1.3700000000 0.15840726759926182510 0.00000000000000000000
1.3800000000 0.15684718801184033277 0.00000000000000000000
1.3900000000 0.15532255791414750767 0.00000000000000000000
1.4000000000 0.15383238863495748983 0.00000000000000000000
1.4100000000 0.15237572281726935453 0.00000000000000000000
1.4200000000 0.15095163333500652425 0.00000000000000000000
1.4300000000 0.14955922224956313960 0.00000000000000000000
1.4400000000 0.14819761980468662554 0.00000000000000000000
1.4500000000 0.14686598345822268752 0.00000000000000000000
1.4600000000 0.14556349694931869365 0.00000000000000000000
1.4700000000 0.14428936939973455167 0.00000000000000000000
1.4800000000 0.14304283444795640179 0.00000000000000000000
1.4900000000 0.14182314941486906523 0.00000000000000000000
1.5000000000 0.14062959449978515436 0.00000000000000000000
1.5100000000 0.13946147200566075264 0.00000000000000000000
1.5200000000 0.13831810559242768699 0.00000000000000000000
1.5300000000 0.13719883955732112280 0.00000000000000000000
1.5400000000 0.13610303814122734489 0.00000000000000000000
1.5500000000 0.13503008486003248434 0.00000000000000000000
1.5600000000 0.13397938186004948458 0.00000000000000000000
1.5700000000 0.13295034929659083067 0.00000000000000000000
1.5800000000 0.13194242473483097644 0.00000000000000000000
1.5900000000 0.13095506257210898227 0.00000000000000000000
1.6000000000 0.12998773348086306578 0.00000000000000000000
1.6100000000 0.12903992387142509957 0.00000000000000000000
1.6200000000 0.12811113537392332384 0.00000000000000000000
1.6300000000 0.12720088433857851262 0.00000000000000000000
1.6400000000 0.12630870135370780849 0.00000000000000000000
1.6500000000 0.12543413078076548484 0.00000000000000000000
1.6600000000 0.12457673030578425566 0.00000000000000000000
1.6700000000 0.12373607050662099871 0.00000000000000000000
1.6800000000 0.12291173443538928878 0.00000000000000000000
1.6900000000 0.12210331721553933926 0.00000000000000000000
1.7000000000 0.12131042565302677105 0.00000000000000000000
1.7100000000 0.12053267786105428816 0.00000000000000000000
1.7200000000 0.11976970289787364221 0.00000000000000000000
1.7300000000 0.11902114041718407644 0.00000000000000000000
1.7400000000 0.11828664033063122918 0.00000000000000000000
1.7500000000 0.11756586248199851763 0.00000000000000000000
1.7600000000 0.11685847633262792800 0.00000000000000000000
1.7700000000 0.11616416065767168342 0.00000000000000000000
1.7800000000 0.11548260325278257576 0.00000000000000000000
1.7900000000 0.11481350065084999779 0.00000000000000000000
1.8000000000 0.11415655784841563514 0.00000000000000000000
1.8100000000 0.11351148804142936755 0.00000000000000000000
1.8200000000 0.11287801236998433463 0.00000000000000000000
1.8300000000 0.11225585967172388435 0.00000000000000000000
1.8400000000 0.11164476624358826706 0.00000000000000000000
1.8500000000 0.11104447561161795432 0.00000000000000000000
1.8600000000 0.11045473830850713326 0.00000000000000000000
1.8700000000 0.10987531165863261007 0.00000000000000000000
1.8800000000 0.10930595957029400067 0.00000000000000000000
1.8900000000 0.10874645233489863005 0.00000000000000000000
1.9000000000 0.10819656643284544795 0.00000000000000000000
1.9100000000 0.10765608434587103925 0.00000000000000000000
1.9200000000 0.10712479437561817086 0.00000000000000000000
1.9300000000 0.10660249046822155294 0.00000000000000000000
1.9400000000 0.10608897204467375441 0.00000000000000000000
1.9500000000 0.10558404383678822447 0.00000000000000000000
1.9600000000 0.10508751572854814482 0.00000000000000000000
1.9700000000 0.10459920260265259673 0.00000000000000000000
1.9800000000 0.10411892419208387817 0.00000000000000000000
1.9900000000 0.10364650493650981455 0.00000000000000000000
2.0000000000 0.10318177384335425195 0.00000000000000000000
2.0100000000 0.10272456435337727620 0.00000000000000000000
2.0200000000 0.10227471421060306545 0.00000000000000000000
2.0300000000 0.10183206533644130476 0.00000000000000000000
2.0400000000 0.10139646370786091489 0.00000000000000000000
2.0500000000 0.10096775923947592934 0.00000000000000000000
2.0600000000 0.10054580566940130026 0.00000000000000000000
2.0700000000 0.10013046044875559271 0.00000000000000000000
2.0800000000 0.09972158463468348832 0.00000000000000000000
2.0900000000 0.09931904278676974285 0.00000000000000000000
2.1000000000 0.09892270286673954249 0.00000000000000000000
2.1100000000 0.09853243614132554951 0.00000000000000000000
2.1200000000 0.09814811708819143332 0.00000000000000000000
2.1300000000 0.09776962330481583918 0.00000000000000000000
2.1400000000 0.09739683542022818663 0.00000000000000000000
2.1500000000 0.09702963700950498205 0.00000000000000000000
2.1600000000 0.09666791451092726639 0.00000000000000000000
2.1700000000 0.09631155714571711102 0.00000000000000000000
2.1800000000 0.09596045684026015266 0.00000000000000000000
2.1900000000 0.09561450815073060938 0.00000000000000000000
2.2000000000 0.09527360819004379588 0.00000000000000000000
2.2100000000 0.09493765655705263540 0.00000000000000000000
2.2200000000 0.09460655526791415804 0.00000000000000000000
2.2300000000 0.09428020868955656886 0.00000000000000000000
2.2400000000 0.09395852347517509584 0.00000000000000000000
2.2500000000 0.09364140850168807539 0.00000000000000000000
2.2600000000 0.09332877480909271273 0.00000000000000000000
2.2700000000 0.09302053554165140570 0.00000000000000000000
2.2800000000 0.09271660589085697901 0.00000000000000000000
2.2900000000 0.09241690304010918844 0.00000000000000000000
2.3000000000 0.09212134611105318727 0.00000000000000000000
2.3100000000 0.09182985611152413852 0.00000000000000000000
2.3200000000 0.09154235588504251731 0.00000000000000000000
2.3300000000 0.09125877006181502826 0.00000000000000000000
2.3400000000 0.09097902501118738938 0.00000000000000000000
2.3500000000 0.09070304879550426802 0.00000000000000000000
2.3600000000 0.09043077112533307038 0.00000000000000000000
2.3700000000 0.09016212331600215180 0.00000000000000000000
2.3800000000 0.08989703824541715738 0.00000000000000000000
2.3900000000 0.08963545031311151434 0.00000000000000000000
2.4000000000 0.08937729540049024757 0.00000000000000000000
2.4100000000 0.08912251083223504677 0.00000000000000000000
2.4200000000 0.08887103533882452500 0.00000000000000000000
2.4300000000 0.08862280902014386952 0.00000000000000000000
2.4400000000 0.08837777331014341764 0.00000000000000000000
2.4500000000 0.08813587094251335019 0.00000000000000000000
2.4600000000 0.08789704591734605332 0.00000000000000000000
2.4700000000 0.08766124346875214801 0.00000000000000000000
2.4800000000 0.08742841003340015571 0.00000000000000000000
2.4900000000 0.08719849321995459812 0.00000000000000000000
2.5000000000 0.08697144177937768394 0.00000000000000000000
2.5100000000 0.08674720557607772109 0.00000000000000000000
2.5200000000 0.08652573555986664555 0.00000000000000000000
2.5300000000 0.08630698373871095730 0.00000000000000000000
2.5400000000 0.08609090315224694756 0.00000000000000000000
2.5500000000 0.08587744784603691672 0.00000000000000000000
2.5600000000 0.08566657284654581594 0.00000000000000000000
2.5700000000 0.08545823413681395697 0.00000000000000000000
2.5800000000 0.08525238863280605595 0.00000000000000000000
2.5900000000 0.08504899416041485083 0.00000000000000000000
2.6000000000 0.08484800943310105703 0.00000000000000000000
2.6100000000 0.08464939403014769270 0.00000000000000000000
2.6200000000 0.08445310837551428529 0.00000000000000000000
2.6300000000 0.08425911371726703403 0.00000000000000000000
2.6400000000 0.08406737210757583845 0.00000000000000000000
2.6500000000 0.08387784638325102016 0.00000000000000000000
2.6600000000 0.08369050014681347904 0.00000000000000000000
2.6700000000 0.08350529774807514960 0.00000000000000000000
2.6800000000 0.08332220426621832210 0.00000000000000000000
2.6900000000 0.08314118549235795241 0.00000000000000000000
2.7000000000 0.08296220791257240268 0.00000000000000000000
2.7100000000 0.08278523869138974811 0.00000000000000000000
2.7200000000 0.08261024565571434275 0.00000000000000000000
2.7300000000 0.08243719727918286111 0.00000000000000000000
2.7400000000 0.08226606266693697878 0.00000000000000000000
2.7500000000 0.08209681154079706555 0.00000000000000000000
2.7600000000 0.08192941422483134006 0.00000000000000000000
2.7700000000 0.08176384163130330507 0.00000000000000000000
2.7800000000 0.08160006524698985853 0.00000000000000000000
2.7900000000 0.08143805711985722950 0.00000000000000000000
2.8000000000 0.08127778984608646784 0.00000000000000000000
2.8100000000 0.08111923655743709383 0.00000000000000000000
2.8200000000 0.08096237090893911026 0.00000000000000000000
2.8300000000 0.08080716706690466156 0.00000000000000000000
2.8400000000 0.08065359969724984757 0.00000000000000000000
2.8500000000 0.08050164395411761598 0.00000000000000000000
2.8600000000 0.08035127546879421157 0.00000000000000000000
2.8700000000 0.08020247033890855193 0.00000000000000000000
2.8800000000 0.08005520511791042182 0.00000000000000000000
2.8900000000 0.07990945680481431612 0.00000000000000000000
2.9000000000 0.07976520283420684976 0.00000000000000000000
2.9100000000 0.07962242106650693763 0.00000000000000000000
2.9200000000 0.07948108977847162526 0.00000000000000000000
2.9300000000 0.07934118765394389261 0.00000000000000000000
2.9400000000 0.07920269377483091233 0.00000000000000000000
2.9500000000 0.07906558761231058385 0.00000000000000000000
2.9600000000 0.07892984901825836341 0.00000000000000000000
2.9700000000 0.07879545821688704876 0.00000000000000000000
2.9800000000 0.07866239579659541070 0.00000000000000000000
2.9900000000 0.07853064270202012032 0.00000000000000000000
3.0000000000 0.07840018022628335304 0.00000000000000000000
3.0100000000 0.07827099000343322455 0.00000000000000000000
3.0200000000 0.07814305400106867638 0.00000000000000000000
3.0300000000 0.07801635451314860303 0.00000000000000000000
3.0400000000 0.07789087415297372974 0.00000000000000000000
3.0500000000 0.07776659584634323941 0.00000000000000000000
3.0600000000 0.07764350282487582355 0.00000000000000000000
3.0700000000 0.07752157861949482420 0.00000000000000000000
3.0800000000 0.07740080705407019479 0.00000000000000000000
3.0900000000 0.07728117223921550372 0.00000000000000000000
3.1000000000 0.07716265856623266695 0.00000000000000000000
3.1100000000 0.07704525070120493702 0.00000000000000000000
3.1200000000 0.07692893357922904463 0.00000000000000000000
3.1300000000 0.07681369239878699240 0.00000000000000000000
3.1400000000 0.07669951261625149175 0.00000000000000000000
3.1500000000 0.07658637994052285014 0.00000000000000000000
3.1600000000 0.07647428032779186868 0.00000000000000000000
3.1700000000 0.07636319997642837532 0.00000000000000000000
3.1800000000 0.07625312532198917637 0.00000000000000000000
3.1900000000 0.07614404303234367788 0.00000000000000000000
3.2000000000 0.07603594000291515054 0.00000000000000000000
3.2100000000 0.07592880335203178177 0.00000000000000000000
3.2200000000 0.07582262041638784811 0.00000000000000000000
3.2300000000 0.07571737874660926237 0.00000000000000000000
3.2400000000 0.07561306610292384267 0.00000000000000000000
3.2500000000 0.07550967045092941976 0.00000000000000000000
3.2600000000 0.07540717995746293312 0.00000000000000000000
3.2700000000 0.07530558298656177263 0.00000000000000000000
3.2800000000 0.07520486809552033580 0.00000000000000000000
3.2900000000 0.07510502403103488933 0.00000000000000000000
3.3000000000 0.07500603972543862241 0.00000000000000000000
3.3100000000 0.07490790429302070230 0.00000000000000000000
3.3200000000 0.07481060702643133054 0.00000000000000000000
3.3300000000 0.07471413739316529190 0.00000000000000000000
3.3400000000 0.07461848503212799300 0.00000000000000000000
3.3500000000 0.07452363975027746779 0.00000000000000000000
3.3600000000 0.07442959151934160078 0.00000000000000000000
3.3700000000 0.07433633047261144211 0.00000000000000000000
3.3800000000 0.07424384690180246826 0.00000000000000000000
3.3900000000 0.07415213125398947835 0.00000000000000000000
3.4000000000 0.07406117412860782623 0.00000000000000000000
3.4100000000 0.07397096627452186268 0.00000000000000000000
3.4200000000 0.07388149858715836737 0.00000000000000000000
3.4300000000 0.07379276210570274996 0.00000000000000000000
3.4400000000 0.07370474801035752088 0.00000000000000000000
3.4500000000 0.07361744761966157458 0.00000000000000000000
3.4600000000 0.07353085238786669087 0.00000000000000000000
3.4700000000 0.07344495390237308630 0.00000000000000000000
3.4800000000 0.07335974388121946355 0.00000000000000000000
3.4900000000 0.07327521417062889120 0.00000000000000000000
3.5000000000 0.07319135674260685009 0.00000000000000000000
3.5100000000 0.07310816369259179326 0.00000000000000000000
3.5200000000 0.07302562723715635973 0.00000000000000000000
3.5300000000 0.07294373971175810434 0.00000000000000000000
3.5400000000 0.07286249356853809200 0.00000000000000000000
3.5500000000 0.07278188137416717607 0.00000000000000000000
3.5600000000 0.07270189580773797622 0.00000000000000000000
3.5700000000 0.07262252965870145960 0.00000000000000000000
3.5800000000 0.07254377582484819453 0.00000000000000000000
3.5900000000 0.07246562731033137639 0.00000000000000000000
3.6000000000 0.07238807722373209741 0.00000000000000000000
3.6100000000 0.07231111877616555605 0.00000000000000000000
3.6200000000 0.07223474527942690127 0.00000000000000000000
3.6300000000 0.07215895014417551823 0.00000000000000000000
3.6400000000 0.07208372687815783886 0.00000000000000000000
3.6500000000 0.07200906908446737253 0.00000000000000000000
3.6600000000 0.07193497045984008353 0.00000000000000000000
3.6700000000 0.07186142479298579522 0.00000000000000000000
3.6800000000 0.07178842596295395562 0.00000000000000000000
3.6900000000 0.07171596793753316768 0.00000000000000000000
3.7000000000 0.07164404477168329066 0.00000000000000000000
3.7100000000 0.07157265060600047357 0.00000000000000000000
3.7200000000 0.07150177966521283068 0.00000000000000000000
3.7300000000 0.07143142625670732826 0.00000000000000000000
3.7400000000 0.07136158476908611992 0.00000000000000000000
3.7500000000 0.07129224967075339925 0.00000000000000000000
3.7600000000 0.07122341550852924474 0.00000000000000000000
3.7700000000 0.07115507690629263582 0.00000000000000000000
3.7800000000 0.07108722856365165543 0.00000000000000000000
3.7900000000 0.07101986525464022704 0.00000000000000000000
3.8000000000 0.07095298182644027563 0.00000000000000000000
3.8100000000 0.07088657319813146396 0.00000000000000000000
3.8200000000 0.07082063435946345242 0.00000000000000000000
3.8300000000 0.07075516036965437405 0.00000000000000000000
3.8400000000 0.07069014635621208298 0.00000000000000000000
3.8500000000 0.07062558751377921717 0.00000000000000000000
3.8600000000 0.07056147910300139547 0.00000000000000000000
3.8700000000 0.07049781644941639780 0.00000000000000000000
3.8800000000 0.07043459494236695151 0.00000000000000000000
3.8900000000 0.07037181003393322420 0.00000000000000000000
3.9000000000 0.07030945723788729895 0.00000000000000000000
3.9100000000 0.07024753212866702290 0.00000000000000000000
3.9200000000 0.07018603034037088073 0.00000000000000000000
3.9300000000 0.07012494756577151989 0.00000000000000000000
3.9400000000 0.07006427955534848262 0.00000000000000000000
3.9500000000 0.07000402211634022820 0.00000000000000000000
3.9600000000 0.06994417111181311375 0.00000000000000000000
3.9700000000 0.06988472245974985952 0.00000000000000000000
3.9800000000 0.06982567213215400137 0.00000000000000000000
3.9900000000 0.06976701615417230107 0.00000000000000000000
4.0000000000 0.06970875060323364347 0.00000000000000000000
4.0100000000 0.06965087160820382373 0.00000000000000000000
4.0200000000 0.06959337534855757068 0.00000000000000000000
4.0300000000 0.06953625805356448975 0.00000000000000000000
4.0400000000 0.06947951600149182561 0.00000000000000000000
4.0500000000 0.06942314551882142193 0.00000000000000000000
4.0600000000 0.06936714297948155805 0.00000000000000000000
4.0700000000 0.06931150480409327408 0.00000000000000000000
4.0800000000 0.06925622745923055990 0.00000000000000000000
4.0900000000 0.06920130745669436645 0.00000000000000000000
4.1000000000 0.06914674135279998135 0.00000000000000000000
4.1100000000 0.06909252574767794919 0.00000000000000000000
4.1200000000 0.06903865728458727369 0.00000000000000000000
4.1300000000 0.06898513264924220623 0.00000000000000000000
4.1400000000 0.06893194856915009494 0.00000000000000000000
4.1500000000 0.06887910181296282019 0.00000000000000000000
4.1600000000 0.06882658918983886043 0.00000000000000000000
4.1700000000 0.06877440754881768148 0.00000000000000000000
4.1800000000 0.06872255377820507549 0.00000000000000000000
4.1900000000 0.06867102480497014327 0.00000000000000000000
4.2000000000 0.06861981759415276827 0.00000000000000000000
4.2100000000 0.06856892914828176255 0.00000000000000000000
4.2200000000 0.06851835650680399015 0.00000000000000000000
4.2300000000 0.06846809674552281622 0.00000000000000000000
4.2400000000 0.06841814697604767237 0.00000000000000000000
4.2500000000 0.06836850434525278131 0.00000000000000000000
4.2600000000 0.06831916603474535998 0.00000000000000000000
4.2700000000 0.06827012926034407847 0.00000000000000000000
4.2800000000 0.06822139127156603977 0.00000000000000000000
4.2900000000 0.06817294935112289123 0.00000000000000000000
4.3000000000 0.06812480081442633117 0.00000000000000000000
4.3100000000 0.06807694300910153984 0.00000000000000000000
4.3200000000 0.06802937331451018588 0.00000000000000000000
4.3300000000 0.06798208914128028857 0.00000000000000000000
4.3400000000 0.06793508793084601649 0.00000000000000000000
4.3500000000 0.06788836715499424468 0.00000000000000000000
4.3600000000 0.06784192431541909152 0.00000000000000000000
4.3700000000 0.06779575694328511537 0.00000000000000000000
4.3800000000 0.06774986259879692274 0.00000000000000000000
4.3900000000 0.06770423887077688108 0.00000000000000000000
4.4000000000 0.06765888337624965942 0.00000000000000000000
4.4100000000 0.06761379376003452679 0.00000000000000000000
4.4200000000 0.06756896769434365957 0.00000000000000000000
4.4300000000 0.06752440287838844257 0.00000000000000000000
4.4400000000 0.06748009703799157100 0.00000000000000000000
4.4500000000 0.06743604792520586921 0.00000000000000000000
4.4600000000 0.06739225331794033991 0.00000000000000000000
4.4700000000 0.06734871101959127859 0.00000000000000000000
4.4800000000 0.06730541885868077112 0.00000000000000000000
4.4900000000 0.06726237468850039536 0.00000000000000000000
4.5000000000 0.06721957638676173685 0.00000000000000000000
4.5100000000 0.06717702185525165071 0.00000000000000000000
4.5200000000 0.06713470901949440683 0.00000000000000000000
4.5300000000 0.06709263582841891449 0.00000000000000000000
4.5400000000 0.06705080025403119259 0.00000000000000000000
4.5500000000 0.06700920029109283527 0.00000000000000000000
4.5600000000 0.06696783395680462603 0.00000000000000000000
4.5700000000 0.06692669929049502309 0.00000000000000000000
4.5800000000 0.06688579435331415413 0.00000000000000000000
4.5900000000 0.06684511722793276545 0.00000000000000000000
4.6000000000 0.06680466601824595896 0.00000000000000000000
4.6100000000 0.06676443884908177251 0.00000000000000000000
4.6200000000 0.06672443386591472847 0.00000000000000000000
4.6300000000 0.06668464923458369831 0.00000000000000000000
4.6400000000 0.06664508314101469377 0.00000000000000000000
4.6500000000 0.06660573379094766877 0.00000000000000000000
4.6600000000 0.06656659940966838662 0.00000000000000000000
4.6700000000 0.06652767824174403433 0.00000000000000000000
4.6800000000 0.06648896855076316670 0.00000000000000000000
4.6900000000 0.06645046861908009139 0.00000000000000000000
4.7000000000 0.06641217674756307032 0.00000000000000000000
4.7100000000 0.06637409125534668441 0.00000000000000000000
4.7200000000 0.06633621047958787598 0.00000000000000000000
4.7300000000 0.06629853277522647359 0.00000000000000000000
4.7400000000 0.06626105651474854807 0.00000000000000000000
4.7500000000 0.06622378008795448689 0.00000000000000000000
4.7600000000 0.06618670190172991352 0.00000000000000000000
4.7700000000 0.06614982037982075624 0.00000000000000000000
4.7800000000 0.06611313396261167541 0.00000000000000000000
4.7900000000 0.06607664110690768255 0.00000000000000000000
4.8000000000 0.06604034028571961756 0.00000000000000000000
4.8100000000 0.06600422998805262342 0.00000000000000000000
4.8200000000 0.06596830871869809043 0.00000000000000000000
4.8300000000 0.06593257499802857025 0.00000000000000000000
4.8400000000 0.06589702736179631204 0.00000000000000000000
4.8500000000 0.06586166436093451870 0.00000000000000000000
4.8600000000 0.06582648456136144799 0.00000000000000000000
4.8700000000 0.06579148654378820515 0.00000000000000000000
4.8800000000 0.06575666890352901972 0.00000000000000000000
4.8900000000 0.06572203025031442269 0.00000000000000000000
4.9000000000 0.06568756920810735200 0.00000000000000000000
4.9100000000 0.06565328441492196410 0.00000000000000000000
4.9200000000 0.06561917452264523498 0.00000000000000000000
4.9300000000 0.06558523819686175316 0.00000000000000000000
4.9400000000 0.06555147411667983093 0.00000000000000000000
4.9500000000 0.06551788097456176518 0.00000000000000000000
4.9600000000 0.06548445747615584678 0.00000000000000000000
4.9700000000 0.06545120234013060423 0.00000000000000000000
4.9800000000 0.06541811429801248912 0.00000000000000000000
4.9900000000 0.06538519209402494925 0.00000000000000000000
5.0000000000 0.06535243448493063823 0.00000000000000000000
