0.1000000000 1.09088522403166932051 0.00000000000000000000
0.1100000000 1.06403185795639143585 0.00000000000000000000
0.1200000000 1.03769131703797645727 0.00000000000000000000
0.1300000000 1.01186679599301077026 0.00000000000000000000
0.1400000000 0.98656063434968443993 0.00000000000000000000
0.1500000000 0.96177433470298068219 0.00000000000000000000
0.1600000000 0.93750858455073149411 0.00000000000000000000
0.1700000000 0.91376328138407991730 0.00000000000000000000
0.1800000000 0.89053756068812173208 0.00000000000000000000
0.1900000000 0.86782982649675488585 0.00000000000000000000
0.2000000000 0.84563778413985368765 0.00000000000000000000
0.2100000000 0.82395847482044415333 0.00000000000000000000
0.2200000000 0.80278831166419473142 0.00000000000000000000
0.2300000000 0.78212311689276481363 0.00000000000000000000
0.2400000000 0.76195815978576908467 0.00000000000000000000
0.2500000000 0.74228819511279386933 0.00000000000000000000
0.2600000000 0.72310750173638860261 0.00000000000000000000
0.2700000000 0.70440992110868660969 0.00000000000000000000
0.2800000000 0.68618889540765715118 0.00000000000000000000
0.2900000000 0.66843750508345112227 0.00000000000000000000
0.3000000000 0.65114850561033166265 0.00000000000000000000
0.3100000000 0.63431436326479540000 0.00000000000000000000
0.3200000000 0.61792728977533684098 0.00000000000000000000
0.3300000000 0.60197927571347409348 0.00000000000000000000
0.3400000000 0.58646212251884999311 0.00000000000000000000
0.3500000000 0.57136747307325930212 0.00000000000000000000
0.3600000000 0.55668684075905749964 0.00000000000000000000
0.3700000000 0.54241163695651339882 0.00000000000000000000
0.3800000000 0.52853319695215283947 0.00000000000000000000
0.3900000000 0.51504280424596271537 0.00000000000000000000
0.4000000000 0.50193171325946439598 0.00000000000000000000
0.4100000000 0.48919117045915688768 0.00000000000000000000
0.4200000000 0.47681243392069366793 0.00000000000000000000
0.4300000000 0.46478679136849743170 0.00000000000000000000
0.4400000000 0.45310557673335455364 0.00000000000000000000
0.4500000000 0.44176018527703581062 0.00000000000000000000
0.4600000000 0.43074208733818775130 0.00000000000000000000
0.4700000000 0.42004284075781056496 0.00000000000000000000
0.4800000000 0.40965410204561442109 0.00000000000000000000
0.4900000000 0.39956763635062358953 0.00000000000000000000
0.5000000000 0.38977532630058919771 0.00000000000000000000
0.5100000000 0.38026917977526786263 0.00000000000000000000
0.5200000000 0.37104133667845717870 0.00000000000000000000
0.5300000000 0.36208407477296922217 0.00000000000000000000
0.5400000000 0.35338981464156049572 0.00000000000000000000
0.5500000000 0.34495112383529258349 0.00000000000000000000
0.5600000000 0.33676072026890546685 0.00000000000000000000
0.5700000000 0.32881147492072604344 0.00000000000000000000
0.5800000000 0.32109641389227355779 0.00000000000000000000
0.5900000000 0.31360871988032446023 0.00000000000000000000
0.6000000000 0.30634173311164919484 0.00000000000000000000
0.6100000000 0.29928895178803394117 0.00000000000000000000
0.6200000000 0.29244403208659280891 0.00000000000000000000
0.6300000000 0.28580078775775652478 0.00000000000000000000
0.6400000000 0.27935318936075431706 0.00000000000000000000
0.6500000000 0.27309536317384819348 0.00000000000000000000
0.6600000000 0.26702158981413082195 0.00000000000000000000
0.6700000000 0.26112630259929842103 0.00000000000000000000
0.6800000000 0.25540408568148992297 0.00000000000000000000
0.6900000000 0.24984967198109331310 0.00000000000000000000
0.7000000000 0.24445794094629283433 0.00000000000000000000
0.7100000000 0.23922391616212335119 0.00000000000000000000
0.7200000000 0.23414276283089638375 0.00000000000000000000
0.7300000000 0.22920978514406209481 0.00000000000000000000
0.7400000000 0.22442042356385896729 0.00000000000000000000
0.7500000000 0.21977025203155342581 0.00000000000000000000
0.7600000000 0.21525497511750862900 0.00000000000000000000
0.7700000000 0.21087042512700118757 0.00000000000000000000
0.7800000000 0.20661255917434448448 0.00000000000000000000
0.7900000000 0.20247745623670096449 0.00000000000000000000
0.8000000000 0.19846131419782822580 0.00000000000000000000
0.8100000000 0.19456044689094936784 0.00000000000000000000
0.8200000000 0.19077128114900249178 0.00000000000000000000
0.8300000000 0.18709035386961497816 0.00000000000000000000
0.8400000000 0.18351430910131349972 0.00000000000000000000
0.8500000000 0.18003989515676246946 0.00000000000000000000
0.8600000000 0.17666396175810195057 0.00000000000000000000
0.8700000000 0.17338345721881104344 0.00000000000000000000
0.8800000000 0.17019542566600046052 0.00000000000000000000
0.8900000000 0.16709700430640661573 0.00000000000000000000
0.9000000000 0.16408542073897527946 0.00000000000000000000
0.9100000000 0.16115799031642746852 0.00000000000000000000
0.9200000000 0.15831211355776647620 0.00000000000000000000
0.9300000000 0.15554527361345713010 0.00000000000000000000
0.9400000000 0.15285503378446924083 0.00000000000000000000
0.9500000000 0.15023903509627958841 0.00000000000000000000
0.9600000000 0.14769499392855178765 0.00000000000000000000
0.9700000000 0.14522069970096479485 0.00000000000000000000
0.9800000000 0.14281401261552681414 0.00000000000000000000
0.9900000000 0.14047286145537410396 0.00000000000000000000
1.0000000000 0.13819524144006906097 0.00000000000000000000
1.0100000000 0.13597921213730179701 0.00000000000000000000
1.0200000000 0.13382289543023881406 0.00000000000000000000
1.0300000000 0.13172447353996966091 0.00000000000000000000
1.0400000000 0.12968218710346629541 0.00000000000000000000
1.0500000000 0.12769433330502957813 0.00000000000000000000
1.0600000000 0.12575926406127663215 0.00000000000000000000
1.0700000000 0.12387538425857019808 0.00000000000000000000
1.0800000000 0.12204115004207673201 0.00000000000000000000
1.0900000000 0.12025506715545224157 0.00000000000000000000
1.1000000000 0.11851568933022689489 0.00000000000000000000
1.1100000000 0.11682161672382336548 0.00000000000000000000
1.1200000000 0.11517149440521634585 0.00000000000000000000
1.1300000000 0.11356401088712714254 0.00000000000000000000
1.1400000000 0.11199789670370856320 0.00000000000000000000
1.1500000000 0.11047192303261278712 0.00000000000000000000
1.1600000000 0.10898490036035819728 0.00000000000000000000
1.1700000000 0.10753567718988221724 0.00000000000000000000
1.1800000000 0.10612313878922394195 0.00000000000000000000
1.1900000000 0.10474620598019472595 0.00000000000000000000
1.2000000000 0.10340383396599700516 0.00000000000000000000
1.2100000000 0.10209501119669571467 0.00000000000000000000
1.2200000000 0.10081875827148216451 0.00000000000000000000
1.2300000000 0.09957412687669471574 0.00000000000000000000
1.2400000000 0.09836019875854776218 0.00000000000000000000
1.2500000000 0.09717608472955674426 0.00000000000000000000
1.2600000000 0.09602092370766794616 0.00000000000000000000
1.2700000000 0.09489388178709488864 0.00000000000000000000
1.2800000000 0.09379415133992244358 0.00000000000000000000
1.2900000000 0.09272095014751353947 0.00000000000000000000
1.3000000000 0.09167352056081143341 0.00000000000000000000
1.3100000000 0.09065112868863343942 0.00000000000000000000
1.3200000000 0.08965306361307462391 0.00000000000000000000
1.3300000000 0.08867863663116386241 0.00000000000000000000
1.3400000000 0.08772718052194032612 0.00000000000000000000
1.3500000000 0.08679804883812342053 0.00000000000000000000
1.3600000000 0.08589061522159575912 0.00000000000000000000
1.3700000000 0.08500427274191676985 0.00000000000000000000
1.3800000000 0.08413843325712003218 0.00000000000000000000
1.3900000000 0.08329252679606299892 0.00000000000000000000
1.4000000000 0.08246600096161653404 0.00000000000000000000
1.4100000000 0.08165832035400977240 0.00000000000000000000
1.4200000000 0.08086896601365885229 0.00000000000000000000
1.4300000000 0.08009743488282566881 0.00000000000000000000
1.4400000000 0.07934323928548846216 0.00000000000000000000
1.4500000000 0.07860590642479850509 0.00000000000000000000
1.4600000000 0.07788497789754623979 0.00000000000000000000
1.4700000000 0.07718000922504807126 0.00000000000000000000
1.4800000000 0.07649056939991405457 0.00000000000000000000
1.4900000000 0.07581624044814477825 0.00000000000000000000
1.5000000000 0.07515661700604242546 0.00000000000000000000
1.5100000000 0.07451130591143544091 0.00000000000000000000
1.5200000000 0.07387992580872058956 0.00000000000000000000
1.5300000000 0.07326210676725716797 0.00000000000000000000
1.5400000000 0.07265748991265279233 0.00000000000000000000
1.5500000000 0.07206572707050151738 0.00000000000000000000
1.5600000000 0.07148648042214593434 0.00000000000000000000
1.5700000000 0.07091942217205082777 0.00000000000000000000
1.5800000000 0.07036423422638832248 0.00000000000000000000
1.5900000000 0.06982060788245195160 0.00000000000000000000
1.6000000000 0.06928824352852300250 0.00000000000000000000
1.6100000000 0.06876685035383105216 0.00000000000000000000
1.6200000000 0.06825614606826099773 0.00000000000000000000
1.6300000000 0.06775585663147083715 0.00000000000000000000
1.6400000000 0.06726571599109346100 0.00000000000000000000
1.6500000000 0.06678546582971105205 0.00000000000000000000
1.6600000000 0.06631485532030000074 0.00000000000000000000
1.6700000000 0.06585364088984974051 0.00000000000000000000
1.6800000000 0.06540158599088038982 0.00000000000000000000
1.6900000000 0.06495846088057911916 0.00000000000000000000
1.7000000000 0.06452404240729814333 0.00000000000000000000
1.7100000000 0.06409811380415623983 0.00000000000000000000
1.7200000000 0.06368046448950172300 0.00000000000000000000
1.7300000000 0.06327088987399867581 0.00000000000000000000
1.7400000000 0.06286919117410787183 0.00000000000000000000
1.7500000000 0.06247517523174434678 0.00000000000000000000
1.7600000000 0.06208865433989455007 0.00000000000000000000
1.7700000000 0.06170944607399277831 0.00000000000000000000
1.7800000000 0.06133737312885569753 0.00000000000000000000
1.7900000000 0.06097226316098382226 0.00000000000000000000
1.8000000000 0.06061394863604834676 0.00000000000000000000
1.8100000000 0.06026226668138097431 0.00000000000000000000
1.8200000000 0.05991705894329948934 0.00000000000000000000
1.8300000000 0.05957817144909910434 0.00000000000000000000
1.8400000000 0.05924545447355460820 0.00000000000000000000
1.8500000000 0.05891876240977414469 0.00000000000000000000
1.8600000000 0.05859795364425769704 0.00000000000000000000
1.8700000000 0.05828289043601942582 0.00000000000000000000
1.8800000000 0.05797343879962905261 0.00000000000000000000
1.8900000000 0.05766946839204614705 0.00000000000000000000
1.9000000000 0.05737085240311052409 0.00000000000000000000
1.9100000000 0.05707746744957173379 0.00000000000000000000
1.9200000000 0.05678919347253164052 0.00000000000000000000
1.9300000000 0.05650591363818600193 0.00000000000000000000
1.9400000000 0.05622751424175651686 0.00000000000000000000
1.9500000000 0.05595388461449918305 0.00000000000000000000
1.9600000000 0.05568491703369106427 0.00000000000000000000
1.9700000000 0.05542050663549000222 0.00000000000000000000
1.9800000000 0.05516055133057327226 0.00000000000000000000
1.9900000000 0.05490495172246191713 0.00000000000000000000
2.0000000000 0.05465361102843736829 0.00000000000000000000
2.0100000000 0.05440643500296570012 0.00000000000000000000
2.0200000000 0.05416333186354656271 0.00000000000000000000
2.0300000000 0.05392421221890184024 0.00000000000000000000
2.0400000000 0.05368898899942860931 0.00000000000000000000
2.0500000000 0.05345757738984011770 0.00000000000000000000
2.0600000000 0.05322989476392200880 0.00000000000000000000
2.0700000000 0.05300586062133283427 0.00000000000000000000
2.0800000000 0.05278539652637990326 0.00000000000000000000
2.0900000000 0.05256842604870856639 0.00000000000000000000
2.1000000000 0.05235487470583628095 0.00000000000000000000
2.1100000000 0.05214466990747587682 0.00000000000000000000
2.1200000000 0.05193774090158369272 0.00000000000000000000
2.1300000000 0.05173401872207931268 0.00000000000000000000
2.1400000000 0.05153343613818105878 0.00000000000000000000
2.1500000000 0.05133592760530299864 0.00000000000000000000
2.1600000000 0.05114142921746302889 0.00000000000000000000
2.1700000000 0.05094987866115263664 0.00000000000000000000
2.1800000000 0.05076121517062021776 0.00000000000000000000
2.1900000000 0.05057537948452179438 0.00000000000000000000
2.2000000000 0.05039231380389430637 0.00000000000000000000
2.2100000000 0.05021196175140917733 0.00000000000000000000
2.2200000000 0.05003426833186343237 0.00000000000000000000
2.2300000000 0.04985917989386956517 0.00000000000000000000
2.2400000000 0.04968664409270440868 0.00000000000000000000
2.2500000000 0.04951660985427844969 0.00000000000000000000
2.2600000000 0.04934902734019280812 0.00000000000000000000
2.2700000000 0.04918384791384512039 0.00000000000000000000
2.2800000000 0.04902102410755308087 0.00000000000000000000
2.2900000000 0.04886050959066104427 0.00000000000000000000
2.3000000000 0.04870225913860080913 0.00000000000000000000
2.3100000000 0.04854622860287295671 0.00000000000000000000
2.3200000000 0.04839237488192173198 0.00000000000000000000
2.3300000000 0.04824065589287353240 0.00000000000000000000
2.3400000000 0.04809103054411318495 0.00000000000000000000
2.3500000000 0.04794345870866883325 0.00000000000000000000
2.3600000000 0.04779790119838277229 0.00000000000000000000
2.3700000000 0.04765431973884070443 0.00000000000000000000
2.3800000000 0.04751267694503797517 0.00000000000000000000
2.3900000000 0.04737293629775678194 0.00000000000000000000
2.4000000000 0.04723506212063478815 0.00000000000000000000
2.4100000000 0.04709901955790139066 0.00000000000000000000
2.4200000000 0.04696477455276103219 0.00000000000000000000
2.4300000000 0.04683229382640602401 0.00000000000000000000
2.4400000000 0.04670154485763270552 0.00000000000000000000
2.4500000000 0.04657249586305139272 0.00000000000000000000
2.4600000000 0.04644511577786259587 0.00000000000000000000
2.4700000000 0.04631937423718807817 0.00000000000000000000
2.4800000000 0.04619524155793643116 0.00000000000000000000
2.4900000000 0.04607268872118884528 0.00000000000000000000
2.5000000000 0.04595168735508658314 0.00000000000000000000
2.5100000000 0.04583220971820628487 0.00000000000000000000
2.5200000000 0.04571422868340842965 0.00000000000000000000
2.5300000000 0.04559771772214336188 0.00000000000000000000
2.5400000000 0.04548265088920066396 0.00000000000000000000
2.5500000000 0.04536900280789056550 0.00000000000000000000
2.5600000000 0.04525674865564031923 0.00000000000000000000
2.5700000000 0.04514586414999804259 0.00000000000000000000
2.5800000000 0.04503632553502600472 0.00000000000000000000
2.5900000000 0.04492810956807648942 0.00000000000000000000
2.6000000000 0.04482119350693546111 0.00000000000000000000
2.6100000000 0.04471555509732412503 0.00000000000000000000
2.6200000000 0.04461117256074774440 0.00000000000000000000
2.6300000000 0.04450802458268096617 0.00000000000000000000
2.6400000000 0.04440609030107960098 0.00000000000000000000
2.6500000000 0.04430534929520850429 0.00000000000000000000
2.6600000000 0.04420578157477775966 0.00000000000000000000
2.6700000000 0.04410736756937606862 0.00000000000000000000
2.6800000000 0.04401008811819331207 0.00000000000000000000
2.6900000000 0.04391392446002474054 0.00000000000000000000
2.7000000000 0.04381885822354572579 0.00000000000000000000
2.7100000000 0.04372487141785214027 0.00000000000000000000
2.7200000000 0.04363194642325676775 0.00000000000000000000
2.7300000000 0.04354006598233427228 0.00000000000000000000
2.7400000000 0.04344921319120793879 0.00000000000000000000
2.7500000000 0.04335937149107112198 0.00000000000000000000
2.7600000000 0.04327052465993549979 0.00000000000000000000
2.7700000000 0.04318265680460119105 0.00000000000000000000
2.7800000000 0.04309575235284133360 0.00000000000000000000
2.7900000000 0.04300979604579358018 0.00000000000000000000
2.8000000000 0.04292477293055581289 0.00000000000000000000
2.8100000000 0.04284066835297658388 0.00000000000000000000
2.8200000000 0.04275746795063719435 0.00000000000000000000
2.8300000000 0.04267515764601827882 0.00000000000000000000
2.8400000000 0.04259372363984716137 0.00000000000000000000
2.8500000000 0.04251315240461871897 0.00000000000000000000
2.8600000000 0.04243343067828655307 0.00000000000000000000
2.8700000000 0.04235454545811953575 0.00000000000000000000
2.8800000000 0.04227648399471710394 0.00000000000000000000
2.8900000000 0.04219923378618145593 0.00000000000000000000
2.9000000000 0.04212278257243960017 0.00000000000000000000
2.9100000000 0.04204711832971386176 0.00000000000000000000
2.9200000000 0.04197222926513338032 0.00000000000000000000
2.9300000000 0.04189810381148530161 0.00000000000000000000
2.9400000000 0.04182473062210043807 0.00000000000000000000
2.9500000000 0.04175209856586981766 0.00000000000000000000
2.9600000000 0.04168019672238893608 0.00000000000000000000
2.9700000000 0.04160901437722473034 0.00000000000000000000
2.9800000000 0.04153854101730417719 0.00000000000000000000
2.9900000000 0.04146876632641831317 0.00000000000000000000
3.0000000000 0.04139968018084149576 0.00000000000000000000
3.0100000000 0.04133127264505983417 0.00000000000000000000
3.0200000000 0.04126353396760777670 0.00000000000000000000
3.0300000000 0.04119645457700877450 0.00000000000000000000
3.0400000000 0.04113002507781789163 0.00000000000000000000
3.0500000000 0.04106423624676309309 0.00000000000000000000
3.0600000000 0.04099907902898234507 0.00000000000000000000
3.0700000000 0.04093454453435472346 0.00000000000000000000
3.0800000000 0.04087062403392174165 0.00000000000000000000
3.0900000000 0.04080730895639728129 0.00000000000000000000
3.1000000000 0.04074459088476430763 0.00000000000000000000
3.1100000000 0.04068246155295410921 0.00000000000000000000
3.1200000000 0.04062091284260744423 0.00000000000000000000
3.1300000000 0.04055993677991493601 0.00000000000000000000
3.1400000000 0.04049952553253466370 0.00000000000000000000
3.1500000000 0.04043967140658469989 0.00000000000000000000
3.1600000000 0.04038036684370752832 0.00000000000000000000
3.1700000000 0.04032160441820783342 0.00000000000000000000
3.1800000000 0.04026337683425681990 0.00000000000000000000
3.1900000000 0.04020567692316567854 0.00000000000000000000
3.2000000000 0.04014849764072370153 0.00000000000000000000
3.2100000000 0.04009183206460017329 0.00000000000000000000
3.2200000000 0.04003567339180843371 0.00000000000000000000
3.2300000000 0.03998001493623051794 0.00000000000000000000
3.2400000000 0.03992485012620053397 0.00000000000000000000
3.2500000000 0.03987017250214485581 0.00000000000000000000
3.2600000000 0.03981597571427879234 0.00000000000000000000
3.2700000000 0.03976225352035720612 0.00000000000000000000
3.2800000000 0.03970899978347786768 0.00000000000000000000
3.2900000000 0.03965620846993671289 0.00000000000000000000
3.3000000000 0.03960387364713292835 0.00000000000000000000
3.3100000000 0.03955198948152290062 0.00000000000000000000
3.3200000000 0.03950055023662217557 0.00000000000000000000
3.3300000000 0.03944955027105317980 0.00000000000000000000
3.3400000000 0.03939898403663881499 0.00000000000000000000
3.3500000000 0.03934884607653893474 0.00000000000000000000
3.3600000000 0.03929913102343128573 0.00000000000000000000
3.3700000000 0.03924983359773286801 0.00000000000000000000
3.3800000000 0.03920094860586260249 0.00000000000000000000
3.3900000000 0.03915247093854348770 0.00000000000000000000
3.4000000000 0.03910439556914365594 0.00000000000000000000
3.4100000000 0.03905671755205503137 0.00000000000000000000
3.4200000000 0.03900943202110815355 0.00000000000000000000
3.4300000000 0.03896253418802406859 0.00000000000000000000
3.4400000000 0.03891601934089965881 0.00000000000000000000
3.4500000000 0.03886988284272796523 0.00000000000000000000
3.4600000000 0.03882412012995131723 0.00000000000000000000
3.4700000000 0.03877872671104691527 0.00000000000000000000
3.4800000000 0.03873369816514397879 0.00000000000000000000
3.4900000000 0.03868903014067114760 0.00000000000000000000
3.5000000000 0.03864471835403479605 0.00000000000000000000
3.5100000000 0.03860075858832564405 0.00000000000000000000
3.5200000000 0.03855714669205442119 0.00000000000000000000
3.5300000000 0.03851387857791517544 0.00000000000000000000
3.5400000000 0.03847095022157574068 0.00000000000000000000
3.5500000000 0.03842835766049470386 0.00000000000000000000
3.5600000000 0.03838609699276368525 0.00000000000000000000
3.5700000000 0.03834416437597620159 0.00000000000000000000
3.5800000000 0.03830255602611888632 0.00000000000000000000
3.5900000000 0.03826126821648881404 0.00000000000000000000
3.6000000000 0.03822029727663291826 0.00000000000000000000
3.6100000000 0.03817963959131062679 0.00000000000000000000
3.6200000000 0.03813929159947879177 0.00000000000000000000
3.6300000000 0.03809924979329817885 0.00000000000000000000
3.6400000000 0.03805951071716143913 0.00000000000000000000
3.6500000000 0.03802007096674155096 0.00000000000000000000
3.6600000000 0.03798092718806034968 0.00000000000000000000
3.6700000000 0.03794207607657704845 0.00000000000000000000
3.6800000000 0.03790351437629602832 0.00000000000000000000
3.6900000000 0.03786523887889318984 0.00000000000000000000
3.7000000000 0.03782724642286054012 0.00000000000000000000
3.7100000000 0.03778953389266932056 0.00000000000000000000
3.7200000000 0.03775209821794967696 0.00000000000000000000
3.7300000000 0.03771493637268849564 0.00000000000000000000
3.7400000000 0.03767804537444279650 0.00000000000000000000
3.7500000000 0.03764142228357052200 0.00000000000000000000
3.7600000000 0.03760506420247596709 0.00000000000000000000
3.7700000000 0.03756896827487197360 0.00000000000000000000
3.7800000000 0.03753313168505671010 0.00000000000000000000
3.7900000000 0.03749755165720515537 0.00000000000000000000
3.8000000000 0.03746222545467504939 0.00000000000000000000
3.8100000000 0.03742715037932770050 0.00000000000000000000
3.8200000000 0.03739232377086137288 0.00000000000000000000
3.8300000000 0.03735774300615966881 0.00000000000000000000
3.8400000000 0.03732340549865136720 0.00000000000000000000
3.8500000000 0.03728930869768479900 0.00000000000000000000
3.8600000000 0.03725545008791378981 0.00000000000000000000
3.8700000000 0.03722182718869613410 0.00000000000000000000
3.8800000000 0.03718843755350437902 0.00000000000000000000
3.8900000000 0.03715527876934788393 0.00000000000000000000
3.9000000000 0.03712234845620698831 0.00000000000000000000
3.9100000000 0.03708964426647751861 0.00000000000000000000
3.9200000000 0.03705716388442734793 0.00000000000000000000
3.9300000000 0.03702490502566283676 0.00000000000000000000
3.9400000000 0.03699286543660597337 0.00000000000000000000
3.9500000000 0.03696104289398231130 0.00000000000000000000
3.9600000000 0.03692943520431782312 0.00000000000000000000
3.9700000000 0.03689804020344682189 0.00000000000000000000
3.9800000000 0.03686685575602838272 0.00000000000000000000
3.9900000000 0.03683587975507298523 0.00000000000000000000
4.0000000000 0.03680511012147778122 0.00000000000000000000
4.0100000000 0.03677454480357101457 0.00000000000000000000
4.0200000000 0.03674418177666503860 0.00000000000000000000
4.0300000000 0.03671401904261854809 0.00000000000000000000
4.0400000000 0.03668405462940604184 0.00000000000000000000
4.0500000000 0.03665428659069683293 0.00000000000000000000
4.0600000000 0.03662471300544090785 0.00000000000000000000
4.0700000000 0.03659533197746354938 0.00000000000000000000
4.0800000000 0.03656614163506687054 0.00000000000000000000
4.0900000000 0.03653714013063943944 0.00000000000000000000
4.1000000000 0.03650832564027323840 0.00000000000000000000
4.1100000000 0.03647969636338733307 0.00000000000000000000
4.1200000000 0.03645125052235910490 0.00000000000000000000
4.1300000000 0.03642298636216192292 0.00000000000000000000
4.1400000000 0.03639490215001018464 0.00000000000000000000
4.1500000000 0.03636699617501024107 0.00000000000000000000
4.1600000000 0.03633926674781843419 0.00000000000000000000
4.1700000000 0.03631171220030482427 0.00000000000000000000
4.1800000000 0.03628433088522364097 0.00000000000000000000
4.1900000000 0.03625712117588961864 0.00000000000000000000
4.2000000000 0.03623008146586011863 0.00000000000000000000
4.2100000000 0.03620321016862317054 0.00000000000000000000
4.2200000000 0.03617650571729147391 0.00000000000000000000
4.2300000000 0.03614996656430129185 0.00000000000000000000
4.2400000000 0.03612359118111759665 0.00000000000000000000
4.2500000000 0.03609737805794400317 0.00000000000000000000
4.2600000000 0.03607132570343807298 0.00000000000000000000
4.2700000000 0.03604543264443182959 0.00000000000000000000
4.2800000000 0.03601969742565724886 0.00000000000000000000
4.2900000000 0.03599411860947659275 0.00000000000000000000
4.3000000000 0.03596869477561775996 0.00000000000000000000
4.3100000000 0.03594342452091381368 0.00000000000000000000
4.3200000000 0.03591830645904808134 0.00000000000000000000
4.3300000000 0.03589333922030267521 0.00000000000000000000
4.3400000000 0.03586852145131229352 0.00000000000000000000
4.3500000000 0.03584385181482196286 0.00000000000000000000
4.3600000000 0.03581932898944920063 0.00000000000000000000
4.3700000000 0.03579495166945004248 0.00000000000000000000
4.3800000000 0.03577071856448964249 0.00000000000000000000
4.3900000000 0.03574662839941642606 0.00000000000000000000
4.4000000000 0.03572267991404051019 0.00000000000000000000
4.4100000000 0.03569887186291555853 0.00000000000000000000
4.4200000000 0.03567520301512502878 0.00000000000000000000
4.4300000000 0.03565167215407136214 0.00000000000000000000
4.4400000000 0.03562827807726943324 0.00000000000000000000
4.4500000000 0.03560501959614315731 0.00000000000000000000
4.4600000000 0.03558189553582573328 0.00000000000000000000
4.4700000000 0.03555890473496332166 0.00000000000000000000
4.4800000000 0.03553604604552187268 0.00000000000000000000
4.4900000000 0.03551331833259747245 0.00000000000000000000
4.5000000000 0.03549072047422990872 0.00000000000000000000
4.5100000000 0.03546825136121898453 0.00000000000000000000
4.5200000000 0.03544590989694448857 0.00000000000000000000
4.5300000000 0.03542369499718867054 0.00000000000000000000
4.5400000000 0.03540160558996235940 0.00000000000000000000
4.5500000000 0.03537964061533300369 0.00000000000000000000
4.5600000000 0.03535779902525656992 0.00000000000000000000
4.5700000000 0.03533607978341170991 0.00000000000000000000
4.5800000000 0.03531448186503673842 0.00000000000000000000
4.5900000000 0.03529300425676924757 0.00000000000000000000
4.6000000000 0.03527164595648868417 0.00000000000000000000
4.6100000000 0.03525040597316115437 0.00000000000000000000
4.6200000000 0.03522928332668705254 0.00000000000000000000
4.6300000000 0.03520827704775084804 0.00000000000000000000
4.6400000000 0.03518738617767381421 0.00000000000000000000
4.6500000000 0.03516660976826853358 0.00000000000000000000
4.6600000000 0.03514594688169656034 0.00000000000000000000
4.6700000000 0.03512539659032740125 0.00000000000000000000
4.6800000000 0.03510495797660091039 0.00000000000000000000
4.6900000000 0.03508463013289077337 0.00000000000000000000
4.7000000000 0.03506441216137110711 0.00000000000000000000
4.7100000000 0.03504430317388450289 0.00000000000000000000
4.7200000000 0.03502430229181289351 0.00000000000000000000
4.7300000000 0.03500440864594960011 0.00000000000000000000
4.7400000000 0.03498462137637431413 0.00000000000000000000
4.7500000000 0.03496493963232953639 0.00000000000000000000
4.7600000000 0.03494536257209886199 0.00000000000000000000
4.7700000000 0.03492588936288774232 0.00000000000000000000
4.7800000000 0.03490651918070564186 0.00000000000000000000
4.7900000000 0.03488725121025017945 0.00000000000000000000
4.8000000000 0.03486808464479322633 0.00000000000000000000
4.8100000000 0.03484901868606848224 0.00000000000000000000
4.8200000000 0.03483005254416137592 0.00000000000000000000
4.8300000000 0.03481118543739980531 0.00000000000000000000
4.8400000000 0.03479241659224753536 0.00000000000000000000
4.8500000000 0.03477374524319839372 0.00000000000000000000
4.8600000000 0.03475517063267277718 0.00000000000000000000
4.8700000000 0.03473669201091542785 0.00000000000000000000
4.8800000000 0.03471830863589469435 0.00000000000000000000
4.8900000000 0.03470001977320356229 0.00000000000000000000
4.9000000000 0.03468182469596203799 0.00000000000000000000
4.9100000000 0.03466372268472133616 0.00000000000000000000
4.9200000000 0.03464571302736883102 0.00000000000000000000
4.9300000000 0.03462779501903540808 0.00000000000000000000
4.9400000000 0.03460996796200325326 0.00000000000000000000
4.9500000000 0.03459223116561589012 0.00000000000000000000
4.9600000000 0.03457458394618887626 0.00000000000000000000
4.9700000000 0.03455702562692234553 0.00000000000000000000
4.9800000000 0.03453955553781454940 0.00000000000000000000
4.9900000000 0.03452217301557686246 0.00000000000000000000
5.0000000000 0.03450487740355007854 0.00000000000000000000
