0.1000000000 4.42800280479380869991 0.00000000000000000000
0.1100000000 4.27761281213914301702 0.00000000000000000000
0.1200000000 4.13099819790425559773 0.00000000000000000000
0.1300000000 3.98838302353657336852 0.00000000000000000000
0.1400000000 3.84995666770744282559 0.00000000000000000000
0.1500000000 3.71587084893839980637 0.00000000000000000000
0.1600000000 3.58623790533803310510 0.00000000000000000000
0.1700000000 3.46113038937658101801 0.00000000000000000000
0.1800000000 3.34058194284920650929 0.00000000000000000000
0.1900000000 3.22458933178808315745 0.00000000000000000000
0.2000000000 3.11311545247183207863 0.00000000000000000000
0.2100000000 3.00609307410621884316 0.00000000000000000000
0.2200000000 2.90342906360363173235 0.00000000000000000000
0.2300000000 2.80500884182051812843 0.00000000000000000000
0.2400000000 2.71070084434708435950 0.00000000000000000000
0.2500000000 2.62036079749127637228 0.00000000000000000000
0.2600000000 2.53383566501012280625 0.00000000000000000000
0.2700000000 2.45096716754728172205 0.00000000000000000000
0.2800000000 2.37159482002099686326 0.00000000000000000000
0.2900000000 2.29555846929421569769 0.00000000000000000000
0.3000000000 2.22270034376803504728 0.00000000000000000000
0.3100000000 2.15286664773836156073 0.00000000000000000000
0.3200000000 2.08590874700959050259 0.00000000000000000000
0.3300000000 2.02168399947846877396 0.00000000000000000000
0.3400000000 1.96005628653709362830 0.00000000000000000000
0.3500000000 1.90089629956231265240 0.00000000000000000000
0.3600000000 1.84408163169636751810 0.00000000000000000000
0.3700000000 1.78949671960999978637 0.00000000000000000000
0.3800000000 1.73703267377538961291 0.00000000000000000000
0.3900000000 1.68658702954140893304 0.00000000000000000000
0.4000000000 1.63806344538693027246 0.00000000000000000000
0.4100000000 1.59137136936321499370 0.00000000000000000000
0.4200000000 1.54642569004158048074 0.00000000000000000000
0.4300000000 1.50314638429116409490 0.00000000000000000000
0.4400000000 1.46145817090274121597 0.00000000000000000000
0.4500000000 1.42129017639305077481 0.00000000000000000000
0.4600000000 1.38257561719742771977 0.00000000000000000000
0.4700000000 1.34525150080815314446 0.00000000000000000000
0.4800000000 1.30925834716390165902 0.00000000000000000000
0.4900000000 1.27453993066956150493 0.00000000000000000000
0.5000000000 1.24104304256199027279 0.00000000000000000000
0.5100000000 1.20871727287922348104 0.00000000000000000000
0.5200000000 1.17751481099273358488 0.00000000000000000000
0.5300000000 1.14739026348498840413 0.00000000000000000000
0.5400000000 1.11830048806754445145 0.00000000000000000000
0.5500000000 1.09020444221256007644 0.00000000000000000000
0.5600000000 1.06306304519430372402 0.00000000000000000000
0.5700000000 1.03683905229147232951 0.00000000000000000000
0.5800000000 1.01149693997500333964 0.00000000000000000000
0.5900000000 0.98700280099072890128 0.00000000000000000000
0.6000000000 0.96332424833611651760 0.00000000000000000000
0.6100000000 0.94043032722053188088 0.00000000000000000000
0.6200000000 0.91829143418647518615 0.00000000000000000000
0.6300000000 0.89687924265258889278 0.00000000000000000000
0.6400000000 0.87616663421759355401 0.00000000000000000000
0.6500000000 0.85612763513584322350 0.00000000000000000000
0.6600000000 0.83673735744078026055 0.00000000000000000000
0.6700000000 0.81797194425191876999 0.00000000000000000000
0.6800000000 0.79980851885364467879 0.00000000000000000000
0.6900000000 0.78222513718199382371 0.00000000000000000000
0.7000000000 0.76520074339702970345 0.00000000000000000000
0.7100000000 0.74871512825618591336 0.00000000000000000000
0.7200000000 0.73274889003627885486 0.00000000000000000000
0.7300000000 0.71728339778094563073 0.00000000000000000000
0.7400000000 0.70230075667575364573 0.00000000000000000000
0.7500000000 0.68778377537492196847 0.00000000000000000000
0.7600000000 0.67371593512374694512 0.00000000000000000000
0.7700000000 0.66008136053718102776 0.00000000000000000000
0.7800000000 0.64686479191038137593 0.00000000000000000000
0.7900000000 0.63405155894992504262 0.00000000000000000000
0.8000000000 0.62162755582554818368 0.00000000000000000000
0.8100000000 0.60957921745292609206 0.00000000000000000000
0.8200000000 0.59789349692594517816 0.00000000000000000000
0.8300000000 0.58655784402529731469 0.00000000000000000000
0.8400000000 0.57556018473658965284 0.00000000000000000000
0.8500000000 0.56488890171731642731 0.00000000000000000000
0.8600000000 0.55453281565704348743 0.00000000000000000000
0.8700000000 0.54448116748045882751 0.00000000000000000000
0.8800000000 0.53472360134588536873 0.00000000000000000000
0.8900000000 0.52525014839684169843 0.00000000000000000000
0.9000000000 0.51605121122648867082 0.00000000000000000000
0.9100000000 0.50711754901824324104 0.00000000000000000000
0.9200000000 0.49844026332809604485 0.00000000000000000000
0.9300000000 0.49001078447704887742 0.00000000000000000000
0.9400000000 0.48182085852338718546 0.00000000000000000000
0.9500000000 0.47386253478748668888 0.00000000000000000000
0.9600000000 0.46612815390188289122 0.00000000000000000000
0.9700000000 0.45861033636356746124 0.00000000000000000000
0.9800000000 0.45130197156412016346 0.00000000000000000000
0.9900000000 0.44419620727585296116 0.00000000000000000000
1.0000000000 0.43728643957372154150 0.00000000000000000000
1.0100000000 0.43056630317514188455 0.00000000000000000000
1.0200000000 0.42402966217475807076 0.00000000000000000000
1.0300000000 0.41767060116087156851 0.00000000000000000000
1.0400000000 0.41148341669539567622 0.00000000000000000000
1.0500000000 0.40546260914204362846 0.00000000000000000000
1.0600000000 0.39960287482592704578 0.00000000000000000000
1.0700000000 0.39389909851248161576 0.00000000000000000000
1.0800000000 0.38834634619106556119 0.00000000000000000000
1.0900000000 0.38293985815007464124 0.00000000000000000000
1.1000000000 0.37767504233162979554 0.00000000000000000000
1.1100000000 0.37254746795387161384 0.00000000000000000000
1.1200000000 0.36755285938938092594 0.00000000000000000000
1.1300000000 0.36268709028936013672 0.00000000000000000000
1.1400000000 0.35794617794290106705 0.00000000000000000000
1.1500000000 0.35332627786165254902 0.00000000000000000000
1.1600000000 0.34882367858057711230 0.00000000000000000000
1.1700000000 0.34443479666566556574 0.00000000000000000000
1.1800000000 0.34015617192009628411 0.00000000000000000000
1.1900000000 0.33598446278052818137 0.00000000000000000000
1.2000000000 0.33191644189582575342 0.00000000000000000000
1.2100000000 0.32794899188047582639 0.00000000000000000000
1.2200000000 0.32407910123568045568 0.00000000000000000000
1.2300000000 0.32030386043105973926 0.00000000000000000000
1.2400000000 0.31662045814049183390 0.00000000000000000000
1.2500000000 0.31302617762573453630 0.00000000000000000000
1.2600000000 0.30951839326167923661 0.00000000000000000000
1.2700000000 0.30609456719760164134 0.00000000000000000000
1.2800000000 0.30275224614868745387 0.00000000000000000000
1.2900000000 0.29948905831264110988 0.00000000000000000000
1.3000000000 0.29630271040622435663 0.00000000000000000000
1.3100000000 0.29319098481683841806 0.00000000000000000000
1.3200000000 0.29015173686451201096 0.00000000000000000000
1.3300000000 0.28718289216976244926 0.00000000000000000000
1.3400000000 0.28428244412307213107 0.00000000000000000000
1.3500000000 0.28144845145188907010 0.00000000000000000000
1.3600000000 0.27867903588113784874 0.00000000000000000000
1.3700000000 0.27597237988353862104 0.00000000000000000000
1.3800000000 0.27332672451606915276 0.00000000000000000000
1.3900000000 0.27074036733913675601 0.00000000000000000000
1.4000000000 0.26821166041509630906 0.00000000000000000000
1.4100000000 0.26573900838295411164 0.00000000000000000000
1.4200000000 0.26332086660621606411 0.00000000000000000000
1.4300000000 0.26095573939090610516 0.00000000000000000000
1.4400000000 0.25864217827101798619 0.00000000000000000000
1.4500000000 0.25637878035862765591 0.00000000000000000000
1.4600000000 0.25416418675619889544 0.00000000000000000000
1.4700000000 0.25199708102847345748 0.00000000000000000000
1.4800000000 0.24987618773170583442 0.00000000000000000000
1.4900000000 0.24780027099789267431 0.00000000000000000000
1.5000000000 0.24576813317182874541 0.00000000000000000000
1.5100000000 0.24377861349894983101 0.00000000000000000000
1.5200000000 0.24183058686189279340 0.00000000000000000000
1.5300000000 0.23992296256389156195 0.00000000000000000000
1.5400000000 0.23805468315717820404 0.00000000000000000000
1.5500000000 0.23622472331457952666 0.00000000000000000000
1.5600000000 0.23443208874265197839 0.00000000000000000000
1.5700000000 0.23267581513474872024 0.00000000000000000000
1.5800000000 0.23095496716237923218 0.00000000000000000000
1.5900000000 0.22926863750346751503 0.00000000000000000000
1.6000000000 0.22761594590600639498 0.00000000000000000000
1.6100000000 0.22599603828575751119 0.00000000000000000000
1.6200000000 0.22440808585669291819 0.00000000000000000000
1.6300000000 0.22285128429286868434 0.00000000000000000000
1.6400000000 0.22132485292056486292 0.00000000000000000000
1.6500000000 0.21982803393949360005 0.00000000000000000000
1.6600000000 0.21836009167197273362 0.00000000000000000000
1.6700000000 0.21692031183899140867 0.00000000000000000000
1.6800000000 0.21550800086212990037 0.00000000000000000000
1.6900000000 0.21412248519034052241 0.00000000000000000000
1.7000000000 0.21276311065068154171 0.00000000000000000000
1.7100000000 0.21142924182202960104 0.00000000000000000000
1.7200000000 0.21012026143094372777 0.00000000000000000000
1.7300000000 0.20883556976883616008 0.00000000000000000000
1.7400000000 0.20757458412961890537 0.00000000000000000000
1.7500000000 0.20633673826708909260 0.00000000000000000000
1.7600000000 0.20512148187127618448 0.00000000000000000000
1.7700000000 0.20392828006306928934 0.00000000000000000000
1.7800000000 0.20275661290640617507 0.00000000000000000000
1.7900000000 0.20160597493740495256 0.00000000000000000000
1.8000000000 0.20047587470976596657 0.00000000000000000000
1.8100000000 0.19936583435587948432 0.00000000000000000000
1.8200000000 0.19827538916301046257 0.00000000000000000000
1.8300000000 0.19720408716405143923 0.00000000000000000000
1.8400000000 0.19615148874225901698 0.00000000000000000000
1.8500000000 0.19511716624948383103 0.00000000000000000000
1.8600000000 0.19410070363739395649 0.00000000000000000000
1.8700000000 0.19310169610120855865 0.00000000000000000000
1.8800000000 0.19211974973549206247 0.00000000000000000000
1.8900000000 0.19115448120155073553 0.00000000000000000000
1.9000000000 0.19020551740603797164 0.00000000000000000000
1.9100000000 0.18927249519032607328 0.00000000000000000000
1.9200000000 0.18835506103027899183 0.00000000000000000000
1.9300000000 0.18745287074604310984 0.00000000000000000000
1.9400000000 0.18656558922148899771 0.00000000000000000000
1.9500000000 0.18569289013295697810 0.00000000000000000000
1.9600000000 0.18483445568698508854 0.00000000000000000000
1.9700000000 0.18398997636667349664 0.00000000000000000000
1.9800000000 0.18315915068640298280 0.00000000000000000000
1.9900000000 0.18234168495458802361 0.00000000000000000000
2.0000000000 0.18153729304419288781 0.00000000000000000000
2.0100000000 0.18074569617072810956 0.00000000000000000000
2.0200000000 0.17996662267746066366 0.00000000000000000000
2.0300000000 0.17919980782759406535 0.00000000000000000000
2.0400000000 0.17844499360315804748 0.00000000000000000000
2.0500000000 0.17770192851038188464 0.00000000000000000000
2.0600000000 0.17697036739132124272 0.00000000000000000000
2.0700000000 0.17625007124152691773 0.00000000000000000000
2.0800000000 0.17554080703352398229 0.00000000000000000000
2.0900000000 0.17484234754592795080 0.00000000000000000000
2.1000000000 0.17415447119797830555 0.00000000000000000000
2.1100000000 0.17347696188931782668 0.00000000000000000000
2.1200000000 0.17280960884482593487 0.00000000000000000000
2.1300000000 0.17215220646433931906 0.00000000000000000000
2.1400000000 0.17150455417708859729 0.00000000000000000000
2.1500000000 0.17086645630069155488 0.00000000000000000000
2.1600000000 0.17023772190454228292 0.00000000000000000000
2.1700000000 0.16961816467745866044 0.00000000000000000000
2.1800000000 0.16900760279942320108 0.00000000000000000000
2.1900000000 0.16840585881730457674 0.00000000000000000000
2.2000000000 0.16781275952439672627 0.00000000000000000000
2.2100000000 0.16722813584367837714 0.00000000000000000000
2.2200000000 0.16665182271463208075 0.00000000000000000000
2.2300000000 0.16608365898354138235 0.00000000000000000000
2.2400000000 0.16552348729711488518 0.00000000000000000000
2.2500000000 0.16497115399935630142 0.00000000000000000000
2.2600000000 0.16442650903154870656 0.00000000000000000000
2.2700000000 0.16388940583526165340 0.00000000000000000000
2.2800000000 0.16335970125828419564 0.00000000000000000000
2.2900000000 0.16283725546337637913 0.00000000000000000000
2.3000000000 0.16232193183975740514 0.00000000000000000000
2.3100000000 0.16181359691723062877 0.00000000000000000000
2.3200000000 0.16131212028286981419 0.00000000000000000000
2.3300000000 0.16081737450017211111 0.00000000000000000000
2.3400000000 0.16032923503060692028 0.00000000000000000000
2.3500000000 0.15984758015747727034 0.00000000000000000000
2.3600000000 0.15937229091202101405 0.00000000000000000000
2.3700000000 0.15890325100167732031 0.00000000000000000000
2.3800000000 0.15844034674045304190 0.00000000000000000000
2.3900000000 0.15798346698131721100 0.00000000000000000000
2.4000000000 0.15753250305056076819 0.00000000000000000000
2.4100000000 0.15708734868405860308 0.00000000000000000000
2.4200000000 0.15664789996537314964 0.00000000000000000000
2.4300000000 0.15621405526564235977 0.00000000000000000000
2.4400000000 0.15578571518519276906 0.00000000000000000000
2.4500000000 0.15536278249682292096 0.00000000000000000000
2.4600000000 0.15494516209071246271 0.00000000000000000000
2.4700000000 0.15453276092089313076 0.00000000000000000000
2.4800000000 0.15412548795324293449 0.00000000000000000000
2.4900000000 0.15372325411495138536 0.00000000000000000000
2.5000000000 0.15332597224541241743 0.00000000000000000000
2.5100000000 0.15293355704849614929 0.00000000000000000000
2.5200000000 0.15254592504616051873 0.00000000000000000000
2.5300000000 0.15216299453336407099 0.00000000000000000000
2.5400000000 0.15178468553423177245 0.00000000000000000000
2.5500000000 0.15141091975944273584 0.00000000000000000000
2.5600000000 0.15104162056479872311 0.00000000000000000000
2.5700000000 0.15067671291093795438 0.00000000000000000000
2.5800000000 0.15031612332415952848 0.00000000000000000000
2.5900000000 0.14995977985832595336 0.00000000000000000000
2.6000000000 0.14960761205780895300 0.00000000000000000000
2.6100000000 0.14925955092144696512 0.00000000000000000000
2.6200000000 0.14891552886748790629 0.00000000000000000000
2.6300000000 0.14857547969947881850 0.00000000000000000000
2.6400000000 0.14823933857308901896 0.00000000000000000000
2.6500000000 0.14790704196381743163 0.00000000000000000000
2.6600000000 0.14757852763558160225 0.00000000000000000000
2.6700000000 0.14725373461014043541 0.00000000000000000000
2.6800000000 0.14693260313734463063 0.00000000000000000000
2.6900000000 0.14661507466617312856 0.00000000000000000000
2.7000000000 0.14630109181654749051 0.00000000000000000000
2.7100000000 0.14599059835189259760 0.00000000000000000000
2.7200000000 0.14568353915241977203 0.00000000000000000000
2.7300000000 0.14537986018912352204 0.00000000000000000000
2.7400000000 0.14507950849845333008 0.00000000000000000000
2.7500000000 0.14478243215765917995 0.00000000000000000000
2.7600000000 0.14448858026077393557 0.00000000000000000000
2.7700000000 0.14419790289523079507 0.00000000000000000000
2.7800000000 0.14391035111908129229 0.00000000000000000000
2.7900000000 0.14362587693881209705 0.00000000000000000000
2.8000000000 0.14334443328772916715 0.00000000000000000000
2.8100000000 0.14306597400490400629 0.00000000000000000000
2.8200000000 0.14279045381466115572 0.00000000000000000000
2.8300000000 0.14251782830658882295 0.00000000000000000000
2.8400000000 0.14224805391606551441 0.00000000000000000000
2.8500000000 0.14198108790527907974 0.00000000000000000000
2.8600000000 0.14171688834473333829 0.00000000000000000000
2.8700000000 0.14145541409521875109 0.00000000000000000000
2.8800000000 0.14119662479024286394 0.00000000000000000000
2.8900000000 0.14094048081890236945 0.00000000000000000000
2.9000000000 0.14068694330918790625 0.00000000000000000000
2.9100000000 0.14043597411170408162 0.00000000000000000000
2.9200000000 0.14018753578380069302 0.00000000000000000000
2.9300000000 0.13994159157409657990 0.00000000000000000000
2.9400000000 0.13969810540739086013 0.00000000000000000000
2.9500000000 0.13945704186994706264 0.00000000000000000000
2.9600000000 0.13921836619514180167 0.00000000000000000000
2.9700000000 0.13898204424946697388 0.00000000000000000000
2.9800000000 0.13874804251887715156 0.00000000000000000000
2.9900000000 0.13851632809547051450 0.00000000000000000000
3.0000000000 0.13828686866449810267 0.00000000000000000000
3.0100000000 0.13805963249168634599 0.00000000000000000000
3.0200000000 0.13783458841087131708 0.00000000000000000000
3.0300000000 0.13761170581193177265 0.00000000000000000000
3.0400000000 0.13739095462901282363 0.00000000000000000000
3.0500000000 0.13717230532903612605 0.00000000000000000000
3.0600000000 0.13695572890048510195 0.00000000000000000000
3.0700000000 0.13674119684245880646 0.00000000000000000000
3.0800000000 0.13652868115398941740 0.00000000000000000000
3.0900000000 0.13631815432361280016 0.00000000000000000000
3.1000000000 0.13610958931918823445 0.00000000000000000000
3.1100000000 0.13590295957796019732 0.00000000000000000000
3.1200000000 0.13569823899685426460 0.00000000000000000000
3.1300000000 0.13549540192300135732 0.00000000000000000000
3.1400000000 0.13529442314448916762 0.00000000000000000000
3.1500000000 0.13509527788132477677 0.00000000000000000000
3.1600000000 0.13489794177661301733 0.00000000000000000000
3.1700000000 0.13470239088794011550 0.00000000000000000000
3.1800000000 0.13450860167895631325 0.00000000000000000000
3.1900000000 0.13431655101115597128 0.00000000000000000000
3.2000000000 0.13412621613584524427 0.00000000000000000000
3.2100000000 0.13393757468630063112 0.00000000000000000000
3.2200000000 0.13375060467010060905 0.00000000000000000000
3.2300000000 0.13356528446164006585 0.00000000000000000000
3.2400000000 0.13338159279481240360 0.00000000000000000000
3.2500000000 0.13319950875586003547 0.00000000000000000000
3.2600000000 0.13301901177638827956 0.00000000000000000000
3.2700000000 0.13284008162653715424 0.00000000000000000000
3.2800000000 0.13266269840830763327 0.00000000000000000000
3.2900000000 0.13248684254903958513 0.00000000000000000000
3.3000000000 0.13231249479503767730 0.00000000000000000000
3.3100000000 0.13213963620533702992 0.00000000000000000000
3.3200000000 0.13196824814561300410 0.00000000000000000000
3.3300000000 0.13179831228222380068 0.00000000000000000000
3.3400000000 0.13162981057638864502 0.00000000000000000000
3.3500000000 0.13146272527849187095 0.00000000000000000000
3.3600000000 0.13129703892251790021 0.00000000000000000000
3.3700000000 0.13113273432060554291 0.00000000000000000000
3.3800000000 0.13096979455772411738 0.00000000000000000000
3.3900000000 0.13080820298646755884 0.00000000000000000000
3.4000000000 0.13064794322195913412 0.00000000000000000000
3.4100000000 0.13048899913687403429 0.00000000000000000000
3.4200000000 0.13033135485656327512 0.00000000000000000000
3.4300000000 0.13017499475428934153 0.00000000000000000000
3.4400000000 0.13001990344656336185 0.00000000000000000000
3.4500000000 0.12986606578858264638 0.00000000000000000000
3.4600000000 0.12971346686976709117 0.00000000000000000000
3.4700000000 0.12956209200939330928 0.00000000000000000000
3.4800000000 0.12941192675232038312 0.00000000000000000000
3.4900000000 0.12926295686480726577 0.00000000000000000000
3.5000000000 0.12911516833042280261 0.00000000000000000000
3.5100000000 0.12896854734603904746 0.00000000000000000000
3.5200000000 0.12882308031791134262 0.00000000000000000000
3.5300000000 0.12867875385784144360 0.00000000000000000000
3.5400000000 0.12853555477942379959 0.00000000000000000000
3.5500000000 0.12839347009436585800 0.00000000000000000000
3.5600000000 0.12825248700889199660 0.00000000000000000000
3.5700000000 0.12811259292021875966 0.00000000000000000000
3.5800000000 0.12797377541310470117 0.00000000000000000000
3.5900000000 0.12783602225647358597 0.00000000000000000000
3.6000000000 0.12769932140010673005 0.00000000000000000000
3.6100000000 0.12756366097140375837 0.00000000000000000000
3.6200000000 0.12742902927221219644 0.00000000000000000000
3.6300000000 0.12729541477571970631 0.00000000000000000000
3.6400000000 0.12716280612341379630 0.00000000000000000000
3.6500000000 0.12703119212210084443 0.00000000000000000000
3.6600000000 0.12690056174098918174 0.00000000000000000000
3.6700000000 0.12677090410882854710 0.00000000000000000000
3.6800000000 0.12664220851111102073 0.00000000000000000000
3.6900000000 0.12651446438732719124 0.00000000000000000000
3.7000000000 0.12638766132827769506 0.00000000000000000000
3.7100000000 0.12626178907344084990 0.00000000000000000000
3.7200000000 0.12613683750839185804 0.00000000000000000000
3.7300000000 0.12601279666227385712 0.00000000000000000000
3.7400000000 0.12588965670532201169 0.00000000000000000000
3.7500000000 0.12576740794643392896 0.00000000000000000000
3.7600000000 0.12564604083079117247 0.00000000000000000000
3.7700000000 0.12552554593752732193 0.00000000000000000000
3.7800000000 0.12540591397744166313 0.00000000000000000000
3.7900000000 0.12528713579075992368 0.00000000000000000000
3.8000000000 0.12516920234493697506 0.00000000000000000000
3.8100000000 0.12505210473250566450 0.00000000000000000000
3.8200000000 0.12493583416896508753 0.00000000000000000000
3.8300000000 0.12482038199071240903 0.00000000000000000000
3.8400000000 0.12470573965301431918 0.00000000000000000000
3.8500000000 0.12459189872801833265 0.00000000000000000000
3.8600000000 0.12447885090280229325 0.00000000000000000000
3.8700000000 0.12436658797746252825 0.00000000000000000000
3.8800000000 0.12425510186323897310 0.00000000000000000000
3.8900000000 0.12414438458067560134 0.00000000000000000000
3.9000000000 0.12403442825781721415 0.00000000000000000000
3.9100000000 0.12392522512844082738 0.00000000000000000000
3.9200000000 0.12381676753032092031 0.00000000000000000000
3.9300000000 0.12370904790352725555 0.00000000000000000000
3.9400000000 0.12360205878875625551 0.00000000000000000000
3.9500000000 0.12349579282569329852 0.00000000000000000000
3.9600000000 0.12339024275140629550 0.00000000000000000000
3.9700000000 0.12328540139877024184 0.00000000000000000000
3.9800000000 0.12318126169492080169 0.00000000000000000000
3.9900000000 0.12307781665973713259 0.00000000000000000000
4.0000000000 0.12297505940435339566 0.00000000000000000000
4.0100000000 0.12287298312969893721 0.00000000000000000000
4.0200000000 0.12277158112506440790 0.00000000000000000000
4.0300000000 0.12267084676669473553 0.00000000000000000000
4.0400000000 0.12257077351640999208 0.00000000000000000000
4.0500000000 0.12247135492025001957 0.00000000000000000000
4.0600000000 0.12237258460714453556 0.00000000000000000000
4.0700000000 0.12227445628760881535 0.00000000000000000000
4.0800000000 0.12217696375246180074 0.00000000000000000000
4.0900000000 0.12208010087156934143 0.00000000000000000000
4.1000000000 0.12198386159260932171 0.00000000000000000000
4.1100000000 0.12188823993985985206 0.00000000000000000000
4.1200000000 0.12179323001300999818 0.00000000000000000000
4.1300000000 0.12169882598599073009 0.00000000000000000000
4.1400000000 0.12160502210582894989 0.00000000000000000000
4.1500000000 0.12151181269152060149 0.00000000000000000000
4.1600000000 0.12141919213292565183 0.00000000000000000000
4.1700000000 0.12132715488968137674 0.00000000000000000000
4.1800000000 0.12123569549013663016 0.00000000000000000000
4.1900000000 0.12114480853030408503 0.00000000000000000000
4.2000000000 0.12105448867283241654 0.00000000000000000000
4.2100000000 0.12096473064599486125 0.00000000000000000000
4.2200000000 0.12087552924269878707 0.00000000000000000000
4.2300000000 0.12078687931950941870 0.00000000000000000000
4.2400000000 0.12069877579569343595 0.00000000000000000000
4.2500000000 0.12061121365227839286 0.00000000000000000000
4.2600000000 0.12052418793112859574 0.00000000000000000000
4.2700000000 0.12043769373403782896 0.00000000000000000000
4.2800000000 0.12035172622183733238 0.00000000000000000000
4.2900000000 0.12026628061351991861 0.00000000000000000000
4.3000000000 0.12018135218537889797 0.00000000000000000000
4.3100000000 0.12009693627016285178 0.00000000000000000000
4.3200000000 0.12001302825624327042 0.00000000000000000000
4.3300000000 0.11992962358679903900 0.00000000000000000000
4.3400000000 0.11984671775901321877 0.00000000000000000000
4.3500000000 0.11976430632328410875 0.00000000000000000000
4.3600000000 0.11968238488245025453 0.00000000000000000000
4.3700000000 0.11960094909102830796 0.00000000000000000000
4.3800000000 0.11951999465446422333 0.00000000000000000000
4.3900000000 0.11943951732839692970 0.00000000000000000000
4.4000000000 0.11935951291793492346 0.00000000000000000000
4.4100000000 0.11927997727694485131 0.00000000000000000000
4.4200000000 0.11920090630735247217 0.00000000000000000000
4.4300000000 0.11912229595845448549 0.00000000000000000000
4.4400000000 0.11904414222624358499 0.00000000000000000000
4.4500000000 0.11896644115274329634 0.00000000000000000000
4.4600000000 0.11888918882535526311 0.00000000000000000000
4.4700000000 0.11881238137621613626 0.00000000000000000000
4.4800000000 0.11873601498156623191 0.00000000000000000000
4.4900000000 0.11866008586112877787 0.00000000000000000000
4.5000000000 0.11858459027749826409 0.00000000000000000000
4.5100000000 0.11850952453554028376 0.00000000000000000000
4.5200000000 0.11843488498180097801 0.00000000000000000000
4.5300000000 0.11836066800392541776 0.00000000000000000000
4.5400000000 0.11828687003008632461 0.00000000000000000000
4.5500000000 0.11821348752842242291 0.00000000000000000000
4.5600000000 0.11814051700648486865 0.00000000000000000000
4.5700000000 0.11806795501069446142 0.00000000000000000000
4.5800000000 0.11799579812580532345 0.00000000000000000000
4.5900000000 0.11792404297437986127 0.00000000000000000000
4.6000000000 0.11785268621627038865 0.00000000000000000000
4.6100000000 0.11778172454811002001 0.00000000000000000000
4.6200000000 0.11771115470281116877 0.00000000000000000000
4.6300000000 0.11764097344907334386 0.00000000000000000000
4.6400000000 0.11757117759089728837 0.00000000000000000000
4.6500000000 0.11750176396710775018 0.00000000000000000000
4.6600000000 0.11743272945088402415 0.00000000000000000000
4.6700000000 0.11736407094929768302 0.00000000000000000000
4.6800000000 0.11729578540285780230 0.00000000000000000000
4.6900000000 0.11722786978506279099 0.00000000000000000000
4.7000000000 0.11716032110196078486 0.00000000000000000000
4.7100000000 0.11709313639171529953 0.00000000000000000000
4.7200000000 0.11702631272417904351 0.00000000000000000000
4.7300000000 0.11695984720047353234 0.00000000000000000000
4.7400000000 0.11689373695257568309 0.00000000000000000000
4.7500000000 0.11682797914291150054 0.00000000000000000000
4.7600000000 0.11676257096395452340 0.00000000000000000000
4.7700000000 0.11669750963783219466 0.00000000000000000000
4.7800000000 0.11663279241593738078 0.00000000000000000000
4.7900000000 0.11656841657854649652 0.00000000000000000000
4.8000000000 0.11650437943444259814 0.00000000000000000000
4.8100000000 0.11644067832054559586 0.00000000000000000000
4.8200000000 0.11637731060154729579 0.00000000000000000000
4.8300000000 0.11631427366955196523 0.00000000000000000000
4.8400000000 0.11625156494372330951 0.00000000000000000000
4.8500000000 0.11618918186993563990 0.00000000000000000000
4.8600000000 0.11612712192043135595 0.00000000000000000000
4.8700000000 0.11606538259348307685 0.00000000000000000000
4.8800000000 0.11600396141306139330 0.00000000000000000000
4.8900000000 0.11594285592850693545 0.00000000000000000000
4.9000000000 0.11588206371420796403 0.00000000000000000000
4.9100000000 0.11582158236928305484 0.00000000000000000000
4.9200000000 0.11576140951726768269 0.00000000000000000000
4.9300000000 0.11570154280580617623 0.00000000000000000000
4.9400000000 0.11564197990634847435 0.00000000000000000000
4.9500000000 0.11558271851385071294 0.00000000000000000000
4.9600000000 0.11552375634648046066 0.00000000000000000000
4.9700000000 0.11546509114532745033 0.00000000000000000000
4.9800000000 0.11540672067411648916 0.00000000000000000000
4.9900000000 0.11534864271892662779 0.00000000000000000000
5.0000000000 0.11529085508791335479 0.00000000000000000000
