0.1000000000 2.63494542390572128454 0.00000000000000000000
0.1100000000 2.53543196403517390181 0.00000000000000000000
0.1200000000 2.44012691613621024445 0.00000000000000000000
0.1300000000 2.34897201149575129975 0.00000000000000000000
0.1400000000 2.26188180228780444381 0.00000000000000000000
0.1500000000 2.17874777985313716755 0.00000000000000000000
0.1600000000 2.09944268251833454642 0.00000000000000000000
0.1700000000 2.02382477972548180389 0.00000000000000000000
0.1800000000 1.95174195539680983558 0.00000000000000000000
0.1900000000 1.88303545633865265785 0.00000000000000000000
0.2000000000 1.81754321558274245518 0.00000000000000000000
0.2100000000 1.75510270155091663291 0.00000000000000000000
0.2200000000 1.69555327894607144046 0.00000000000000000000
0.2300000000 1.63873809486321841966 0.00000000000000000000
0.2400000000 1.58450552349634854465 0.00000000000000000000
0.2500000000 1.53271021554724740099 0.00000000000000000000
0.2600000000 1.48321380508538669396 0.00000000000000000000
0.2700000000 1.43588532844886729301 0.00000000000000000000
0.2800000000 1.39060140811020471752 0.00000000000000000000
0.2900000000 1.34724625042661605434 0.00000000000000000000
0.3000000000 1.30571150082590192731 0.00000000000000000000
0.3100000000 1.26589599400087116088 0.00000000000000000000
0.3200000000 1.22770543064513626419 0.00000000000000000000
0.3300000000 1.19105200652781517690 0.00000000000000000000
0.3400000000 1.15585401449623437209 0.00000000000000000000
0.3500000000 1.12203543542558947799 0.00000000000000000000
0.3600000000 1.08952553023628206930 0.00000000000000000000
0.3700000000 1.05825844185419626342 0.00000000000000000000
0.3800000000 1.02817281334580212793 0.00000000000000000000
0.3900000000 0.99921142635122117692 0.00000000000000000000
0.4000000000 0.97132086229050451642 0.00000000000000000000
0.4100000000 0.94445118755821810819 0.00000000000000000000
0.4200000000 0.91855566298098256794 0.00000000000000000000
0.4300000000 0.89359047713063155527 0.00000000000000000000
0.4400000000 0.86951450260939378012 0.00000000000000000000
0.4500000000 0.84628907410786990972 0.00000000000000000000
0.4600000000 0.82387778684438162102 0.00000000000000000000
0.4700000000 0.80224631389515688173 0.00000000000000000000
0.4800000000 0.78136224089421146832 0.00000000000000000000
0.4900000000 0.76119491660046234571 0.00000000000000000000
0.5000000000 0.74171531788239641880 0.00000000000000000000
0.5100000000 0.72289592774589794821 0.00000000000000000000
0.5200000000 0.70471062511979665199 0.00000000000000000000
0.5300000000 0.68713458520984527222 0.00000000000000000000
0.5400000000 0.67014418933020758473 0.00000000000000000000
0.5500000000 0.65371694321900597480 0.00000000000000000000
0.5600000000 0.63783140293836138035 0.00000000000000000000
0.5700000000 0.62246710754846701352 0.00000000000000000000
0.5800000000 0.60760451782840030344 0.00000000000000000000
0.5900000000 0.59322496039319416727 0.00000000000000000000
0.6000000000 0.57931057662709073419 0.00000000000000000000
0.6100000000 0.56584427591682662229 0.00000000000000000000
0.6200000000 0.55280969272656987901 0.00000000000000000000
0.6300000000 0.54019114710805093971 0.00000000000000000000
0.6400000000 0.52797360828591433091 0.00000000000000000000
0.6500000000 0.51614266099971417567 0.00000000000000000000
0.6600000000 0.50468447432087115700 0.00000000000000000000
0.6700000000 0.49358577269554076983 0.00000000000000000000
0.6800000000 0.48283380899321320934 0.00000000000000000000
0.6900000000 0.47241633936648996794 0.00000000000000000000
0.7000000000 0.46232159974983078055 0.00000000000000000000
0.7100000000 0.45253828384504057869 0.00000000000000000000
0.7200000000 0.44305552245858526028 0.00000000000000000000
0.7300000000 0.43386286407120178144 0.00000000000000000000
0.7400000000 0.42495025653367374252 0.00000000000000000000
0.7500000000 0.41630802979461639657 0.00000000000000000000
0.7600000000 0.40792687957617829175 0.00000000000000000000
0.7700000000 0.39979785192305478114 0.00000000000000000000
0.7800000000 0.39191232855788848966 0.00000000000000000000
0.7900000000 0.38426201298333323431 0.00000000000000000000
0.8000000000 0.37683891727708945796 0.00000000000000000000
0.8100000000 0.36963534953180215981 0.00000000000000000000
0.8200000000 0.36264390189625822503 0.00000000000000000000
0.8300000000 0.35585743917873585707 0.00000000000000000000
0.8400000000 0.34926908797691880171 0.00000000000000000000
0.8500000000 0.34287222630199581941 0.00000000000000000000
0.8600000000 0.33666047366770257554 0.00000000000000000000
0.8700000000 0.33062768161719841009 0.00000000000000000000
0.8800000000 0.32476792466343018528 0.00000000000000000000
0.8900000000 0.31907549162016257682 0.00000000000000000000
0.9000000000 0.31354487730295993453 0.00000000000000000000
0.9100000000 0.30817077458084007890 0.00000000000000000000
0.9200000000 0.30294806676081792451 0.00000000000000000000
0.9300000000 0.29787182028875985873 0.00000000000000000000
0.9400000000 0.29293727775123545864 0.00000000000000000000
0.9500000000 0.28813985116390977703 0.00000000000000000000
0.9600000000 0.28347511553302240372 0.00000000000000000000
0.9700000000 0.27893880267743481616 0.00000000000000000000
0.9800000000 0.27452679529954004956 0.00000000000000000000
0.9900000000 0.27023512129339832821 0.00000000000000000000
1.0000000000 0.26605994827974960293 0.00000000000000000000
1.0100000000 0.26199757836000814315 0.00000000000000000000
1.0200000000 0.25804444307584228913 0.00000000000000000000
1.0300000000 0.25419709856707334295 0.00000000000000000000
1.0400000000 0.25045222092319918694 0.00000000000000000000
1.0500000000 0.24680660171497981192 0.00000000000000000000
1.0600000000 0.24325714370129317143 0.00000000000000000000
1.0700000000 0.23980085670388592844 0.00000000000000000000
1.0800000000 0.23643485364259825277 0.00000000000000000000
1.0900000000 0.23315634672481613809 0.00000000000000000000
1.1000000000 0.22996264378264899553 0.00000000000000000000
1.1100000000 0.22685114475203863038 0.00000000000000000000
1.1200000000 0.22381933828788194707 0.00000000000000000000
1.1300000000 0.22086479850979207074 0.00000000000000000000
1.1400000000 0.21798518187322452055 0.00000000000000000000
1.1500000000 0.21517822416094017912 0.00000000000000000000
1.1600000000 0.21244173759002693558 0.00000000000000000000
1.1700000000 0.20977360802983111010 0.00000000000000000000
1.1800000000 0.20717179232644675202 0.00000000000000000000
1.1900000000 0.20463431572948032056 0.00000000000000000000
1.2000000000 0.20215926941709527753 0.00000000000000000000
1.2100000000 0.19974480811538389280 0.00000000000000000000
1.2200000000 0.19738914780843355712 0.00000000000000000000
1.2300000000 0.19509056353539663831 0.00000000000000000000
1.2400000000 0.19284738727126179980 0.00000000000000000000
1.2500000000 0.19065800588793685444 0.00000000000000000000
1.2600000000 0.18852085919253672164 0.00000000000000000000
1.2700000000 0.18643443803984827145 0.00000000000000000000
1.2800000000 0.18439728251604156628 0.00000000000000000000
1.2900000000 0.18240798019085641135 0.00000000000000000000
1.3000000000 0.18046516443558099918 0.00000000000000000000
1.3100000000 0.17856751280425126049 0.00000000000000000000
1.3200000000 0.17671374547558912904 0.00000000000000000000
1.3300000000 0.17490262375334625355 0.00000000000000000000
1.3400000000 0.17313294862274133945 0.00000000000000000000
1.3500000000 0.17140355936080811650 0.00000000000000000000
1.3600000000 0.16971333219859266461 0.00000000000000000000
1.3700000000 0.16806117903313952389 0.00000000000000000000
1.3800000000 0.16644604618737518509 0.00000000000000000000
1.3900000000 0.16486691321598817561 0.00000000000000000000
1.4000000000 0.16332279175556560502 0.00000000000000000000
1.4100000000 0.16181272441724225963 0.00000000000000000000
1.4200000000 0.16033578372022705416 0.00000000000000000000
1.4300000000 0.15889107106464250840 0.00000000000000000000
1.4400000000 0.15747771574213509371 0.00000000000000000000
1.4500000000 0.15609487398281118864 0.00000000000000000000
1.4600000000 0.15474172803711594426 0.00000000000000000000
1.4700000000 0.15341748529127685607 0.00000000000000000000
1.4800000000 0.15212137741505488142 0.00000000000000000000
1.4900000000 0.15085265954054563609 0.00000000000000000000
1.5000000000 0.14961060947084700579 0.00000000000000000000
1.5100000000 0.14839452691743890145 0.00000000000000000000
1.5200000000 0.14720373276520765105 0.00000000000000000000
1.5300000000 0.14603756836400968999 0.00000000000000000000
1.5400000000 0.14489539484581986928 0.00000000000000000000
1.5500000000 0.14377659246643872959 0.00000000000000000000
1.5600000000 0.14268055997086404041 0.00000000000000000000
1.5700000000 0.14160671398140420307 0.00000000000000000000
1.5800000000 0.14055448840767564844 0.00000000000000000000
1.5900000000 0.13952333387766838180 0.00000000000000000000
1.6000000000 0.13851271718906846275 0.00000000000000000000
1.6100000000 0.13752212078007555740 0.00000000000000000000
1.6200000000 0.13655104221899055927 0.00000000000000000000
1.6300000000 0.13559899371185327177 0.00000000000000000000
1.6400000000 0.13466550162746199204 0.00000000000000000000
1.6500000000 0.13375010603911977047 0.00000000000000000000
1.6600000000 0.13285236028247993101 0.00000000000000000000
1.6700000000 0.13197183052889277510 0.00000000000000000000
1.6800000000 0.13110809537367032473 0.00000000000000000000
1.6900000000 0.13026074543871538070 0.00000000000000000000
1.7000000000 0.12942938298898296057 0.00000000000000000000
1.7100000000 0.12861362156225944475 0.00000000000000000000
1.7200000000 0.12781308561176243921 0.00000000000000000000
1.7300000000 0.12702741016109067584 0.00000000000000000000
1.7400000000 0.12625624047107344983 0.00000000000000000000
1.7500000000 0.12549923171806726119 0.00000000000000000000
1.7600000000 0.12475604868329016883 0.00000000000000000000
1.7700000000 0.12402636545278797331 0.00000000000000000000
1.7800000000 0.12330986512763679464 0.00000000000000000000
1.7900000000 0.12260623954401131397 0.00000000000000000000
1.8000000000 0.12191518900276235304 0.00000000000000000000
1.8100000000 0.12123642200814851999 0.00000000000000000000
1.8200000000 0.12056965501540128916 0.00000000000000000000
1.8300000000 0.11991461218678778344 0.00000000000000000000
1.8400000000 0.11927102515588122733 0.00000000000000000000
1.8500000000 0.11863863279972865217 0.00000000000000000000
1.8600000000 0.11801718101863903354 0.00000000000000000000
1.8700000000 0.11740642252331202899 0.00000000000000000000
1.8800000000 0.11680611662905242276 0.00000000000000000000
1.8900000000 0.11621602905680676610 0.00000000000000000000
1.9000000000 0.11563593174078530545 0.00000000000000000000
1.9100000000 0.11506560264243134717 0.00000000000000000000
1.9200000000 0.11450482557051480659 0.00000000000000000000
1.9300000000 0.11395339000712764732 0.00000000000000000000
1.9400000000 0.11341109093937877528 0.00000000000000000000
1.9500000000 0.11287772869658231623 0.00000000000000000000
1.9600000000 0.11235310879274695850 0.00000000000000000000
1.9700000000 0.11183704177417862213 0.00000000000000000000
1.9800000000 0.11132934307202338453 0.00000000000000000000
1.9900000000 0.11082983285956475583 0.00000000000000000000
2.0000000000 0.11033833591412561814 0.00000000000000000000
2.0100000000 0.10985468148339790073 0.00000000000000000000
2.0200000000 0.10937870315606078309 0.00000000000000000000
2.0300000000 0.10891023873652833087 0.00000000000000000000
2.0400000000 0.10844913012368805061 0.00000000000000000000
2.0500000000 0.10799522319349089128 0.00000000000000000000
2.0600000000 0.10754836768526335189 0.00000000000000000000
2.0700000000 0.10710841709160884294 0.00000000000000000000
2.0800000000 0.10667522855178113161 0.00000000000000000000
2.0900000000 0.10624866274840431835 0.00000000000000000000
2.1000000000 0.10582858380742844739 0.00000000000000000000
2.1100000000 0.10541485920121906883 0.00000000000000000000
2.1200000000 0.10500735965465390898 0.00000000000000000000
2.1300000000 0.10460595905414844797 0.00000000000000000000
2.1400000000 0.10421053435949284571 0.00000000000000000000
2.1500000000 0.10382096551841664411 0.00000000000000000000
2.1600000000 0.10343713538378560002 0.00000000000000000000
2.1700000000 0.10305892963334134516 0.00000000000000000000
2.1800000000 0.10268623669190191094 0.00000000000000000000
2.1900000000 0.10231894765593767260 0.00000000000000000000
2.2000000000 0.10195695622044653739 0.00000000000000000000
2.2100000000 0.10160015860805107768 0.00000000000000000000
2.2200000000 0.10124845350024273827 0.00000000000000000000
2.2300000000 0.10090174197070353457 0.00000000000000000000
2.2400000000 0.10055992742063794843 0.00000000000000000000
2.2500000000 0.10022291551604683990 0.00000000000000000000
2.2600000000 0.09989061412687888497 0.00000000000000000000
2.2700000000 0.09956293326800294552 0.00000000000000000000
2.2800000000 0.09923978504193757544 0.00000000000000000000
2.2900000000 0.09892108358327976469 0.00000000000000000000
2.3000000000 0.09860674500478343318 0.00000000000000000000
2.3100000000 0.09829668734502862437 0.00000000000000000000
2.3200000000 0.09799083051763170238 0.00000000000000000000
2.3300000000 0.09768909626195038109 0.00000000000000000000
2.3400000000 0.09739140809522776887 0.00000000000000000000
2.3500000000 0.09709769126613977674 0.00000000000000000000
2.3600000000 0.09680787270969060110 0.00000000000000000000
2.3700000000 0.09652188100342189159 0.00000000000000000000
2.3800000000 0.09623964632488866966 0.00000000000000000000
2.3900000000 0.09596110041036250149 0.00000000000000000000
2.4000000000 0.09568617651472609287 0.00000000000000000000
2.4100000000 0.09541480937251868577 0.00000000000000000000
2.4200000000 0.09514693516009641028 0.00000000000000000000
2.4300000000 0.09488249145887384106 0.00000000000000000000
2.4400000000 0.09462141721961364604 0.00000000000000000000
2.4500000000 0.09436365272772787027 0.00000000000000000000
2.4600000000 0.09410913956956404314 0.00000000000000000000
2.4700000000 0.09385782059964228874 0.00000000000000000000
2.4800000000 0.09360963990881497609 0.00000000000000000000
2.4900000000 0.09336454279332116746 0.00000000000000000000
2.5000000000 0.09312247572470726265 0.00000000000000000000
2.5100000000 0.09288338632058722177 0.00000000000000000000
2.5200000000 0.09264722331621870477 0.00000000000000000000
2.5300000000 0.09241393653686599818 0.00000000000000000000
2.5400000000 0.09218347687093017551 0.00000000000000000000
2.5500000000 0.09195579624382106687 0.00000000000000000000
2.5600000000 0.09173084759254770959 0.00000000000000000000
2.5700000000 0.09150858484100797552 0.00000000000000000000
2.5800000000 0.09128896287595390791 0.00000000000000000000
2.5900000000 0.09107193752361410211 0.00000000000000000000
2.6000000000 0.09085746552695192491 0.00000000000000000000
2.6100000000 0.09064550452354253052 0.00000000000000000000
2.6200000000 0.09043601302404784270 0.00000000000000000000
2.6300000000 0.09022895039127430683 0.00000000000000000000
2.6400000000 0.09002427681979274787 0.00000000000000000000
2.6500000000 0.08982195331610806632 0.00000000000000000000
2.6600000000 0.08962194167935735867 0.00000000000000000000
2.6700000000 0.08942420448252703935 0.00000000000000000000
2.6800000000 0.08922870505416584386 0.00000000000000000000
2.6900000000 0.08903540746058904998 0.00000000000000000000
2.7000000000 0.08884427648854845150 0.00000000000000000000
2.7100000000 0.08865527762836572512 0.00000000000000000000
2.7200000000 0.08846837705750480729 0.00000000000000000000
2.7300000000 0.08828354162458104670 0.00000000000000000000
2.7400000000 0.08810073883378484461 0.00000000000000000000
2.7500000000 0.08791993682971603608 0.00000000000000000000
2.7600000000 0.08774110438261081835 0.00000000000000000000
2.7700000000 0.08756421087395423186 0.00000000000000000000
2.7800000000 0.08738922628246471869 0.00000000000000000000
2.7900000000 0.08721612117044157120 0.00000000000000000000
2.8000000000 0.08704486667046351656 0.00000000000000000000
2.8100000000 0.08687543447243009642 0.00000000000000000000
2.8200000000 0.08670779681093476743 0.00000000000000000000
2.8300000000 0.08654192645296152064 0.00000000000000000000
2.8400000000 0.08637779668589351534 0.00000000000000000000
2.8500000000 0.08621538130582959147 0.00000000000000000000
2.8600000000 0.08605465460619364515 0.00000000000000000000
2.8700000000 0.08589559136663535432 0.00000000000000000000
2.8800000000 0.08573816684220829376 0.00000000000000000000
2.8900000000 0.08558235675282237220 0.00000000000000000000
2.9000000000 0.08542813727295875403 0.00000000000000000000
2.9100000000 0.08527548502164496169 0.00000000000000000000
2.9200000000 0.08512437705267718313 0.00000000000000000000
2.9300000000 0.08497479084508789693 0.00000000000000000000
2.9400000000 0.08482670429384926714 0.00000000000000000000
2.9500000000 0.08468009570080740900 0.00000000000000000000
2.9600000000 0.08453494376583928216 0.00000000000000000000
2.9700000000 0.08439122757822867249 0.00000000000000000000
2.9800000000 0.08424892660825303303 0.00000000000000000000
2.9900000000 0.08410802069897681255 0.00000000000000000000
3.0000000000 0.08396849005824505441 0.00000000000000000000
3.0100000000 0.08383031525087215885 0.00000000000000000000
3.0200000000 0.08369347719102059047 0.00000000000000000000
3.0300000000 0.08355795713476363296 0.00000000000000000000
3.0400000000 0.08342373667282906857 0.00000000000000000000
3.0500000000 0.08329079772351619115 0.00000000000000000000
3.0600000000 0.08315912252578501473 0.00000000000000000000
3.0700000000 0.08302869363250894863 0.00000000000000000000
3.0800000000 0.08289949390389092510 0.00000000000000000000
3.0900000000 0.08277150650103529128 0.00000000000000000000
3.1000000000 0.08264471487967313401 0.00000000000000000000
3.1100000000 0.08251910278403629118 0.00000000000000000000
3.1200000000 0.08239465424087571987 0.00000000000000000000
3.1300000000 0.08227135355362291680 0.00000000000000000000
3.1400000000 0.08214918529668609193 0.00000000000000000000
3.1500000000 0.08202813430988319110 0.00000000000000000000
3.1600000000 0.08190818569300234442 0.00000000000000000000
3.1700000000 0.08178932480049147524 0.00000000000000000000
3.1800000000 0.08167153723627038064 0.00000000000000000000
3.1900000000 0.08155480884866490865 0.00000000000000000000
3.2000000000 0.08143912572545644601 0.00000000000000000000
3.2100000000 0.08132447418904652225 0.00000000000000000000
3.2200000000 0.08121084079173440662 0.00000000000000000000
3.2300000000 0.08109821231110092565 0.00000000000000000000
3.2400000000 0.08098657574549966709 0.00000000000000000000
3.2500000000 0.08087591830965082385 0.00000000000000000000
3.2600000000 0.08076622743033536056 0.00000000000000000000
3.2700000000 0.08065749074218797610 0.00000000000000000000
3.2800000000 0.08054969608358361621 0.00000000000000000000
3.2900000000 0.08044283149261996502 0.00000000000000000000
3.3000000000 0.08033688520318782444 0.00000000000000000000
3.3100000000 0.08023184564113185202 0.00000000000000000000
3.3200000000 0.08012770142049646660 0.00000000000000000000
3.3300000000 0.08002444133985642249 0.00000000000000000000
3.3400000000 0.07992205437872919316 0.00000000000000000000
3.3500000000 0.07982052969406723542 0.00000000000000000000
3.3600000000 0.07971985661682789992 0.00000000000000000000
3.3700000000 0.07962002464862012741 0.00000000000000000000
3.3800000000 0.07952102345842518294 0.00000000000000000000
3.3900000000 0.07942284287938840281 0.00000000000000000000
3.4000000000 0.07932547290568368881 0.00000000000000000000
3.4100000000 0.07922890368944487949 0.00000000000000000000
3.4200000000 0.07913312553776472025 0.00000000000000000000
3.4300000000 0.07903812890976097405 0.00000000000000000000
3.4400000000 0.07894390441370363609 0.00000000000000000000
3.4500000000 0.07885044280420684670 0.00000000000000000000
3.4600000000 0.07875773497948018731 0.00000000000000000000
3.4700000000 0.07866577197864042803 0.00000000000000000000
3.4800000000 0.07857454497908027136 0.00000000000000000000
3.4900000000 0.07848404529389435558 0.00000000000000000000
3.5000000000 0.07839426436935985343 0.00000000000000000000
3.5100000000 0.07830519378247141615 0.00000000000000000000
3.5200000000 0.07821682523852850621 0.00000000000000000000
3.5300000000 0.07812915056877403619 0.00000000000000000000
3.5400000000 0.07804216172808282892 0.00000000000000000000
3.5500000000 0.07795585079270009321 0.00000000000000000000
3.5600000000 0.07787020995802590440 0.00000000000000000000
3.5700000000 0.07778523153644774368 0.00000000000000000000
3.5800000000 0.07770090795521827909 0.00000000000000000000
3.5900000000 0.07761723175437688915 0.00000000000000000000
3.6000000000 0.07753419558471558171 0.00000000000000000000
3.6100000000 0.07745179220578693458 0.00000000000000000000
3.6200000000 0.07737001448395246228 0.00000000000000000000
3.6300000000 0.07728885539047401776 0.00000000000000000000
3.6400000000 0.07720830799964109592 0.00000000000000000000
3.6500000000 0.07712836548694040895 0.00000000000000000000
3.6600000000 0.07704902112726041974 0.00000000000000000000
3.6700000000 0.07697026829313374785 0.00000000000000000000
3.6800000000 0.07689210045301607399 0.00000000000000000000
3.6900000000 0.07681451116959929493 0.00000000000000000000
3.7000000000 0.07673749409815915079 0.00000000000000000000
3.7100000000 0.07666104298493719993 0.00000000000000000000
3.7200000000 0.07658515166555464326 0.00000000000000000000
3.7300000000 0.07650981406345874758 0.00000000000000000000
3.7400000000 0.07643502418840061874 0.00000000000000000000
3.7500000000 0.07636077613494308969 0.00000000000000000000
3.7600000000 0.07628706408099905634 0.00000000000000000000
3.7700000000 0.07621388228639905393 0.00000000000000000000
3.7800000000 0.07614122509148710249 0.00000000000000000000
3.7900000000 0.07606908691574447434 0.00000000000000000000
3.8000000000 0.07599746225644134212 0.00000000000000000000
3.8100000000 0.07592634568731460032 0.00000000000000000000
3.8200000000 0.07585573185727191581 0.00000000000000000000
3.8300000000 0.07578561548912134127 0.00000000000000000000
3.8400000000 0.07571599137832629722 0.00000000000000000000
3.8500000000 0.07564685439178435444 0.00000000000000000000
3.8600000000 0.07557819946663005273 0.00000000000000000000
3.8700000000 0.07551002160906132576 0.00000000000000000000
3.8800000000 0.07544231589318879660 0.00000000000000000000
3.8900000000 0.07537507745990694452 0.00000000000000000000
3.9000000000 0.07530830151578753184 0.00000000000000000000
3.9100000000 0.07524198333199448585 0.00000000000000000000
3.9200000000 0.07517611824321925040 0.00000000000000000000
3.9300000000 0.07511070164663700977 0.00000000000000000000
3.9400000000 0.07504572900088238296 0.00000000000000000000
3.9500000000 0.07498119582504585157 0.00000000000000000000
3.9600000000 0.07491709769768767346 0.00000000000000000000
3.9700000000 0.07485343025587211374 0.00000000000000000000
3.9800000000 0.07479018919421878686 0.00000000000000000000
3.9900000000 0.07472737026397320570 0.00000000000000000000
4.0000000000 0.07466496927209315126 0.00000000000000000000
4.0100000000 0.07460298208035431866 0.00000000000000000000
4.0200000000 0.07454140460447089556 0.00000000000000000000
4.0300000000 0.07448023281323425115 0.00000000000000000000
4.0400000000 0.07441946272766603032 0.00000000000000000000
4.0500000000 0.07435909042018847004 0.00000000000000000000
4.0600000000 0.07429911201380960672 0.00000000000000000000
4.0700000000 0.07423952368132330504 0.00000000000000000000
4.0800000000 0.07418032164452481592 0.00000000000000000000
4.0900000000 0.07412150217343989322 0.00000000000000000000
4.1000000000 0.07406306158556917596 0.00000000000000000000
4.1100000000 0.07400499624514500496 0.00000000000000000000
4.1200000000 0.07394730256240379662 0.00000000000000000000
4.1300000000 0.07388997699287006005 0.00000000000000000000
4.1400000000 0.07383301603665384794 0.00000000000000000000
4.1500000000 0.07377641623776175217 0.00000000000000000000
4.1600000000 0.07372017418341923756 0.00000000000000000000
4.1700000000 0.07366428650340665907 0.00000000000000000000
4.1800000000 0.07360874986940557640 0.00000000000000000000
4.1900000000 0.07355356099435814143 0.00000000000000000000
4.2000000000 0.07349871663183769888 0.00000000000000000000
4.2100000000 0.07344421357543033657 0.00000000000000000000
4.2200000000 0.07339004865812742695 0.00000000000000000000
4.2300000000 0.07333621875172995075 0.00000000000000000000
4.2400000000 0.07328272076626184128 0.00000000000000000000
4.2500000000 0.07322955164939551342 0.00000000000000000000
4.2600000000 0.07317670838588613558 0.00000000000000000000
4.2700000000 0.07312418799701631000 0.00000000000000000000
4.2800000000 0.07307198754005092556 0.00000000000000000000
4.2900000000 0.07302010410770153059 0.00000000000000000000
4.3000000000 0.07296853482759903253 0.00000000000000000000
4.3100000000 0.07291727686177754131 0.00000000000000000000
4.3200000000 0.07286632740616516557 0.00000000000000000000
4.3300000000 0.07281568369008507846 0.00000000000000000000
4.3400000000 0.07276534297576474353 0.00000000000000000000
4.3500000000 0.07271530255785388364 0.00000000000000000000
4.3600000000 0.07266555976294990227 0.00000000000000000000
4.3700000000 0.07261611194913289435 0.00000000000000000000
4.3800000000 0.07256695650550752663 0.00000000000000000000
4.3900000000 0.07251809085175291159 0.00000000000000000000
4.4000000000 0.07246951243768114115 0.00000000000000000000
4.4100000000 0.07242121874280196825 0.00000000000000000000
4.4200000000 0.07237320727589552360 0.00000000000000000000
4.4300000000 0.07232547557459274856 0.00000000000000000000
4.4400000000 0.07227802120496232274 0.00000000000000000000
4.4500000000 0.07223084176110446120 0.00000000000000000000
4.4600000000 0.07218393486475221943 0.00000000000000000000
4.4700000000 0.07213729816487882140 0.00000000000000000000
4.4800000000 0.07209092933731214847 0.00000000000000000000
4.4900000000 0.07204482608435504309 0.00000000000000000000
4.5000000000 0.07199898613441257922 0.00000000000000000000
4.5100000000 0.07195340724162520296 0.00000000000000000000
4.5200000000 0.07190808718550789624 0.00000000000000000000
4.5300000000 0.07186302377059564095 0.00000000000000000000
4.5400000000 0.07181821482609425378 0.00000000000000000000
4.5500000000 0.07177365820553766040 0.00000000000000000000
4.5600000000 0.07172935178645008236 0.00000000000000000000
4.5700000000 0.07168529347001416363 0.00000000000000000000
4.5800000000 0.07164148118074471772 0.00000000000000000000
4.5900000000 0.07159791286616706829 0.00000000000000000000
4.6000000000 0.07155458649650177361 0.00000000000000000000
4.6100000000 0.07151150006435302853 0.00000000000000000000
4.6200000000 0.07146865158440356136 0.00000000000000000000
4.6300000000 0.07142603909311345811 0.00000000000000000000
4.6400000000 0.07138366064842437131 0.00000000000000000000
4.6500000000 0.07134151432946814197 0.00000000000000000000
4.6600000000 0.07129959823628034821 0.00000000000000000000
4.6700000000 0.07125791048951855833 0.00000000000000000000
4.6800000000 0.07121644923018434492 0.00000000000000000000
4.6900000000 0.07117521261935097487 0.00000000000000000000
4.7000000000 0.07113419883789419418 0.00000000000000000000
4.7100000000 0.07109340608622820301 0.00000000000000000000
4.7200000000 0.07105283258404514191 0.00000000000000000000
4.7300000000 0.07101247657005908820 0.00000000000000000000
4.7400000000 0.07097233630175400765 0.00000000000000000000
4.7500000000 0.07093241005513580000 0.00000000000000000000
4.7600000000 0.07089269612448749480 0.00000000000000000000
4.7700000000 0.07085319282212973468 0.00000000000000000000
4.7800000000 0.07081389847818328476 0.00000000000000000000
4.7900000000 0.07077481144033657967 0.00000000000000000000
4.8000000000 0.07073593007361618501 0.00000000000000000000
4.8100000000 0.07069725276016106119 0.00000000000000000000
4.8200000000 0.07065877789900018580 0.00000000000000000000
4.8300000000 0.07062050390583374249 0.00000000000000000000
4.8400000000 0.07058242921281765447 0.00000000000000000000
4.8500000000 0.07054455226835132375 0.00000000000000000000
4.8600000000 0.07050687153686865938 0.00000000000000000000
4.8700000000 0.07046938549863236700 0.00000000000000000000
4.8800000000 0.07043209264953129156 0.00000000000000000000
4.8900000000 0.07039499150088099344 0.00000000000000000000
4.9000000000 0.07035808057922715575 0.00000000000000000000
4.9100000000 0.07032135842615198917 0.00000000000000000000
4.9200000000 0.07028482359808371771 0.00000000000000000000
4.9300000000 0.07024847466610881219 0.00000000000000000000
4.9400000000 0.07021231021578702713 0.00000000000000000000
4.9500000000 0.07017632884696957396 0.00000000000000000000
4.9600000000 0.07014052917361902895 0.00000000000000000000
4.9700000000 0.07010490982363314083 0.00000000000000000000
4.9800000000 0.07006946943867091437 0.00000000000000000000
4.9900000000 0.07003420667398022048 0.00000000000000000000
5.0000000000 0.06999912019822983333 0.00000000000000000000
