0.1000000000 1.61481158118433798521 0.00000000000000000000
0.1100000000 1.57289348542762197347 0.00000000000000000000
0.1200000000 1.53183913643603553112 0.00000000000000000000
0.1300000000 1.49165260340694461050 0.00000000000000000000
0.1400000000 1.45233639202343889352 0.00000000000000000000
0.1500000000 1.41389148759817939727 0.00000000000000000000
0.1600000000 1.37631740519411049917 0.00000000000000000000
0.1700000000 1.33961224593410865857 0.00000000000000000000
0.1800000000 1.30377275868225073197 0.00000000000000000000
0.1900000000 1.26879440626556161398 0.00000000000000000000
0.2000000000 1.23467143540590829076 0.00000000000000000000
0.2100000000 1.20139694954588116538 0.00000000000000000000
0.2200000000 1.16896298377857132955 0.00000000000000000000
0.2300000000 1.13736058112743521065 0.00000000000000000000
0.2400000000 1.10657986946723840838 0.00000000000000000000
0.2500000000 1.07661013842861641443 0.00000000000000000000
0.2600000000 1.04743991568532202052 0.00000000000000000000
0.2700000000 1.01905704208317926529 0.00000000000000000000
0.2800000000 0.99144874513149250372 0.00000000000000000000
0.2900000000 0.96460171043992526396 0.00000000000000000000
0.3000000000 0.93850215074530873860 0.00000000000000000000
0.3100000000 0.91313587223255876513 0.00000000000000000000
0.3200000000 0.88848833791094539158 0.00000000000000000000
0.3300000000 0.86454472786070324375 0.00000000000000000000
0.3400000000 0.84128999621492117633 0.00000000000000000000
0.3500000000 0.81870892478743573228 0.00000000000000000000
0.3600000000 0.79678617329881773479 0.00000000000000000000
0.3700000000 0.77550632618951209629 0.00000000000000000000
0.3800000000 0.75485393604165840209 0.00000000000000000000
0.3900000000 0.73481356365924310747 0.00000000000000000000
0.4000000000 0.71536981488025064291 0.00000000000000000000
0.4100000000 0.69650737421445807485 0.00000000000000000000
0.4200000000 0.67821103541691152294 0.00000000000000000000
0.4300000000 0.66046572912007894818 0.00000000000000000000
0.4400000000 0.64325654765757478426 0.00000000000000000000
0.4500000000 0.62656876721949228415 0.00000000000000000000
0.4600000000 0.61038786748407214411 0.00000000000000000000
0.4700000000 0.59469954887297693524 0.00000000000000000000
0.4800000000 0.57948974757811999581 0.00000000000000000000
0.4900000000 0.56474464850711147967 0.00000000000000000000
0.5000000000 0.55045069629213050355 0.00000000000000000000
0.5100000000 0.53659460450369311779 0.00000000000000000000
0.5200000000 0.52316336320658618497 0.00000000000000000000
0.5300000000 0.51014424499023969251 0.00000000000000000000
0.5400000000 0.49752480960039940916 0.00000000000000000000
0.5500000000 0.48529290729304441765 0.00000000000000000000
0.5600000000 0.47343668102539948617 0.00000000000000000000
0.5700000000 0.46194456759257818135 0.00000000000000000000
0.5800000000 0.45080529781207928641 0.00000000000000000000
0.5900000000 0.44000789585198957221 0.00000000000000000000
0.6000000000 0.42954167779254781578 0.00000000000000000000
0.6100000000 0.41939624950457765618 0.00000000000000000000
0.6200000000 0.40956150392236495561 0.00000000000000000000
0.6300000000 0.40002761778285256256 0.00000000000000000000
0.6400000000 0.39078504789750839743 0.00000000000000000000
0.6500000000 0.38182452701797925387 0.00000000000000000000
0.6600000000 0.37313705935169699801 0.00000000000000000000
0.6700000000 0.36471391577884348933 0.00000000000000000000
0.6800000000 0.35654662881767246185 0.00000000000000000000
0.6900000000 0.34862698738103753415 0.00000000000000000000
0.7000000000 0.34094703136298432078 0.00000000000000000000
0.7100000000 0.33349904609076252981 0.00000000000000000000
0.7200000000 0.32627555667406554774 0.00000000000000000000
0.7300000000 0.31926932228028453986 0.00000000000000000000
0.7400000000 0.31247333036157576291 0.00000000000000000000
0.7500000000 0.30588079085685682124 0.00000000000000000000
0.7600000000 0.29948513038937779607 0.00000000000000000000
0.7700000000 0.29327998647822806078 0.00000000000000000000
0.7800000000 0.28725920178000818872 0.00000000000000000000
0.7900000000 0.28141681837501414387 0.00000000000000000000
0.8000000000 0.27574707211047694289 0.00000000000000000000
0.8100000000 0.27024438701184300138 0.00000000000000000000
0.8200000000 0.26490336977158812637 0.00000000000000000000
0.8300000000 0.25971880432369576219 0.00000000000000000000
0.8400000000 0.25468564651080310979 0.00000000000000000000
0.8500000000 0.24979901884986310812 0.00000000000000000000
0.8600000000 0.24505420540114997152 0.00000000000000000000
0.8700000000 0.24044664674466800780 0.00000000000000000000
0.8800000000 0.23597193506705907429 0.00000000000000000000
0.8900000000 0.23162580936152477040 0.00000000000000000000
0.9000000000 0.22740415074252681715 0.00000000000000000000
0.9100000000 0.22330297787651112729 0.00000000000000000000
0.9200000000 0.21931844252939772244 0.00000000000000000000
0.9300000000 0.21544682523101615912 0.00000000000000000000
0.9400000000 0.21168453105642925927 0.00000000000000000000
0.9500000000 0.20802808552356391592 0.00000000000000000000
0.9600000000 0.20447413060640637350 0.00000000000000000000
0.9700000000 0.20101942086257695852 0.00000000000000000000
0.9800000000 0.19766081967399815045 0.00000000000000000000
0.9900000000 0.19439529559921267521 0.00000000000000000000
1.0000000000 0.19121991883506522791 0.00000000000000000000
1.0100000000 0.18813185778759605737 0.00000000000000000000
1.0200000000 0.18512837574759155590 0.00000000000000000000
1.0300000000 0.18220682766992557511 0.00000000000000000000
1.0400000000 0.17936465705603324428 0.00000000000000000000
1.0500000000 0.17659939293463450261 0.00000000000000000000
1.0600000000 0.17390864693995225498 0.00000000000000000000
1.0700000000 0.17129011048468564815 0.00000000000000000000
1.0800000000 0.16874155202551013866 0.00000000000000000000
1.0900000000 0.16626081441849521747 0.00000000000000000000
1.1000000000 0.16384581236227205303 0.00000000000000000000
1.1100000000 0.16149452992641147309 0.00000000000000000000
1.1200000000 0.15920501816270338225 0.00000000000000000000
1.1300000000 0.15697539279696645642 0.00000000000000000000
1.1400000000 0.15480383199902755798 0.00000000000000000000
1.1500000000 0.15268857422856982331 0.00000000000000000000
1.1600000000 0.15062791615458379080 0.00000000000000000000
1.1700000000 0.14862021064614105992 0.00000000000000000000
1.1800000000 0.14666386483232562998 0.00000000000000000000
1.1900000000 0.14475733822911696080 0.00000000000000000000
1.2000000000 0.14289914093114189364 0.00000000000000000000
1.2100000000 0.14108783186618301109 0.00000000000000000000
1.2200000000 0.13932201711042593861 0.00000000000000000000
1.2300000000 0.13760034826248213058 0.00000000000000000000
1.2400000000 0.13592152087422024187 0.00000000000000000000
1.2500000000 0.13428427293653988350 0.00000000000000000000
1.2600000000 0.13268738341824834470 0.00000000000000000000
1.2700000000 0.13112967085625051866 0.00000000000000000000
1.2800000000 0.12960999199531950121 0.00000000000000000000
1.2900000000 0.12812724047575405062 0.00000000000000000000
1.3000000000 0.12668034556727994500 0.00000000000000000000
1.3100000000 0.12526827094761860959 0.00000000000000000000
1.3200000000 0.12389001352416564861 0.00000000000000000000
1.3300000000 0.12254460229727948128 0.00000000000000000000
1.3400000000 0.12123109726374833861 0.00000000000000000000
1.3500000000 0.11994858835900776284 0.00000000000000000000
1.3600000000 0.11869619443676350523 0.00000000000000000000
1.3700000000 0.11747306228469663048 0.00000000000000000000
1.3800000000 0.11627836567498001097 0.00000000000000000000
1.3900000000 0.11511130444836679965 0.00000000000000000000
1.4000000000 0.11397110363066777217 0.00000000000000000000
1.4100000000 0.11285701258046346163 0.00000000000000000000
1.4200000000 0.11176830416692759562 0.00000000000000000000
1.4300000000 0.11070427397670637437 0.00000000000000000000
1.4400000000 0.10966423954879211955 0.00000000000000000000
1.4500000000 0.10864753963641059220 0.00000000000000000000
1.4600000000 0.10765353349493038404 0.00000000000000000000
1.4700000000 0.10668160019487840651 0.00000000000000000000
1.4800000000 0.10573113795915177471 0.00000000000000000000
1.4900000000 0.10480156352355091132 0.00000000000000000000
1.5000000000 0.10389231151980346524 0.00000000000000000000
1.5100000000 0.10300283388025935349 0.00000000000000000000
1.5200000000 0.10213259926348319806 0.00000000000000000000
1.5300000000 0.10128109249998600017 0.00000000000000000000
1.5400000000 0.10044781405736580293 0.00000000000000000000
1.5500000000 0.09963227952416996158 0.00000000000000000000
1.5600000000 0.09883401911178628374 0.00000000000000000000
1.5700000000 0.09805257717372195536 0.00000000000000000000
1.5800000000 0.09728751174164584903 0.00000000000000000000
1.5900000000 0.09653839407757479341 0.00000000000000000000
1.6000000000 0.09580480824163870035 0.00000000000000000000
1.6100000000 0.09508635067484948189 0.00000000000000000000
1.6200000000 0.09438262979633628424 0.00000000000000000000
1.6300000000 0.09369326561453077129 0.00000000000000000000
1.6400000000 0.09301788935178803563 0.00000000000000000000
1.6500000000 0.09235614308197216682 0.00000000000000000000
1.6600000000 0.09170767938053132895 0.00000000000000000000
1.6700000000 0.09107216098661242987 0.00000000000000000000
1.6800000000 0.09044926047679187342 0.00000000000000000000
1.6900000000 0.08983865994999147564 0.00000000000000000000
1.7000000000 0.08924005072319064757 0.00000000000000000000
1.7100000000 0.08865313303753784291 0.00000000000000000000
1.7200000000 0.08807761577449478574 0.00000000000000000000
1.7300000000 0.08751321618165514016 0.00000000000000000000
1.7400000000 0.08695965960788051841 0.00000000000000000000
1.7500000000 0.08641667924743931528 0.00000000000000000000
1.7600000000 0.08588401589280980630 0.00000000000000000000
1.7700000000 0.08536141769584747185 0.00000000000000000000
1.7800000000 0.08484863993701997897 0.00000000000000000000
1.7900000000 0.08434544480241390474 0.00000000000000000000
1.8000000000 0.08385160116825031429 0.00000000000000000000
1.8100000000 0.08336688439262902872 0.00000000000000000000
1.8200000000 0.08289107611425608479 0.00000000000000000000
1.8300000000 0.08242396405790201885 0.00000000000000000000
1.8400000000 0.08196534184635403952 0.00000000000000000000
1.8500000000 0.08151500881863128767 0.00000000000000000000
1.8600000000 0.08107276985425110327 0.00000000000000000000
1.8700000000 0.08063843520331631654 0.00000000000000000000
1.8800000000 0.08021182032223979352 0.00000000000000000000
1.8900000000 0.07979274571488917389 0.00000000000000000000
1.9000000000 0.07938103677897795363 0.00000000000000000000
1.9100000000 0.07897652365750629233 0.00000000000000000000
1.9200000000 0.07857904109508612178 0.00000000000000000000
1.9300000000 0.07818842829897131030 0.00000000000000000000
1.9400000000 0.07780452880463578635 0.00000000000000000000
1.9500000000 0.07742719034573614101 0.00000000000000000000
1.9600000000 0.07705626472831302032 0.00000000000000000000
1.9700000000 0.07669160770907719471 0.00000000000000000000
1.9800000000 0.07633307887764340105 0.00000000000000000000
1.9900000000 0.07598054154257717629 0.00000000000000000000
2.0000000000 0.07563386262111776448 0.00000000000000000000
2.0100000000 0.07529291253245434801 0.00000000000000000000
2.0200000000 0.07495756509443721183 0.00000000000000000000
2.0300000000 0.07462769742359508240 0.00000000000000000000
2.0400000000 0.07430318983835833280 0.00000000000000000000
2.0500000000 0.07398392576536887144 0.00000000000000000000
2.0600000000 0.07366979164877733577 0.00000000000000000000
2.0700000000 0.07336067686242299379 0.00000000000000000000
2.0800000000 0.07305647362479850138 0.00000000000000000000
2.0900000000 0.07275707691670746380 0.00000000000000000000
2.1000000000 0.07246238440152047433 0.00000000000000000000
2.1100000000 0.07217229634794472548 0.00000000000000000000
2.1200000000 0.07188671555521918000 0.00000000000000000000
2.1300000000 0.07160554728065854357 0.00000000000000000000
2.1400000000 0.07132869916946137090 0.00000000000000000000
2.1500000000 0.07105608118671076501 0.00000000000000000000
2.1600000000 0.07078760555149353484 0.00000000000000000000
2.1700000000 0.07052318667306393951 0.00000000000000000000
2.1800000000 0.07026274108898905579 0.00000000000000000000
2.1900000000 0.07000618740520571370 0.00000000000000000000
2.2000000000 0.06975344623792631427 0.00000000000000000000
2.2100000000 0.06950444015733479863 0.00000000000000000000
2.2200000000 0.06925909363301095689 0.00000000000000000000
2.2300000000 0.06901733298102502578 0.00000000000000000000
2.2400000000 0.06877908631265321204 0.00000000000000000000
2.2500000000 0.06854428348465273213 0.00000000000000000000
2.2600000000 0.06831285605105355541 0.00000000000000000000
2.2700000000 0.06808473721640903586 0.00000000000000000000
2.2800000000 0.06785986179046710198 0.00000000000000000000
2.2900000000 0.06763816614420481432 0.00000000000000000000
2.3000000000 0.06741958816719223480 0.00000000000000000000
2.3100000000 0.06720406722623548101 0.00000000000000000000
2.3200000000 0.06699154412526146796 0.00000000000000000000
2.3300000000 0.06678196106640153784 0.00000000000000000000
2.3400000000 0.06657526161223671635 0.00000000000000000000
2.3500000000 0.06637139064916691700 0.00000000000000000000
2.3600000000 0.06617029435186937147 0.00000000000000000000
2.3700000000 0.06597192014880794153 0.00000000000000000000
2.3800000000 0.06577621668876329486 0.00000000000000000000
2.3900000000 0.06558313380834915329 0.00000000000000000000
2.4000000000 0.06539262250048429037 0.00000000000000000000
2.4100000000 0.06520463488378949735 0.00000000000000000000
2.4200000000 0.06501912417288013835 0.00000000000000000000
2.4300000000 0.06483604464952566482 0.00000000000000000000
2.4400000000 0.06465535163465044310 0.00000000000000000000
2.4500000000 0.06447700146114604403 0.00000000000000000000
2.4600000000 0.06430095144747272062 0.00000000000000000000
2.4700000000 0.06412715987202464996 0.00000000000000000000
2.4800000000 0.06395558594823246013 0.00000000000000000000
2.4900000000 0.06378618980038378017 0.00000000000000000000
2.5000000000 0.06361893244013729076 0.00000000000000000000
2.5100000000 0.06345377574370812679 0.00000000000000000000
2.5200000000 0.06329068242970564695 0.00000000000000000000
2.5300000000 0.06312961603760221252 0.00000000000000000000
2.5400000000 0.06297054090681418470 0.00000000000000000000
2.5500000000 0.06281342215637374105 0.00000000000000000000
2.5600000000 0.06265822566517872949 0.00000000000000000000
2.5700000000 0.06250491805279662083 0.00000000000000000000
2.5800000000 0.06235346666080917449 0.00000000000000000000
2.5900000000 0.06220383953468147653 0.00000000000000000000
2.6000000000 0.06205600540613800953 0.00000000000000000000
2.6100000000 0.06190993367602928843 0.00000000000000000000
2.6200000000 0.06176559439767826537 0.00000000000000000000
2.6300000000 0.06162295826068652643 0.00000000000000000000
2.6400000000 0.06148199657519134304 0.00000000000000000000
2.6500000000 0.06134268125655747278 0.00000000000000000000
2.6600000000 0.06120498481048897849 0.00000000000000000000
2.6700000000 0.06106888031855361304 0.00000000000000000000
2.6800000000 0.06093434142410140281 0.00000000000000000000
2.6900000000 0.06080134231856988702 0.00000000000000000000
2.7000000000 0.06066985772816415462 0.00000000000000000000
2.7100000000 0.06053986290089617694 0.00000000000000000000
2.7200000000 0.06041133359397895392 0.00000000000000000000
2.7300000000 0.06028424606156149168 0.00000000000000000000
2.7400000000 0.06015857704279421736 0.00000000000000000000
2.7500000000 0.06003430375021565069 0.00000000000000000000
2.7600000000 0.05991140385845367122 0.00000000000000000000
2.7700000000 0.05978985549322643478 0.00000000000000000000
2.7800000000 0.05966963722063953895 0.00000000000000000000
2.7900000000 0.05955072803676768334 0.00000000000000000000
2.8000000000 0.05943310735751376750 0.00000000000000000000
2.8100000000 0.05931675500873702378 0.00000000000000000000
2.8200000000 0.05920165121664230229 0.00000000000000000000
2.8300000000 0.05908777659842286145 0.00000000000000000000
2.8400000000 0.05897511215315008604 0.00000000000000000000
2.8500000000 0.05886363925290198640 0.00000000000000000000
2.8600000000 0.05875333963412367883 0.00000000000000000000
2.8700000000 0.05864419538921426117 0.00000000000000000000
2.8800000000 0.05853618895833316571 0.00000000000000000000
2.8900000000 0.05842930312141798865 0.00000000000000000000
2.9000000000 0.05832352099041073629 0.00000000000000000000
2.9100000000 0.05821882600168423044 0.00000000000000000000
2.9200000000 0.05811520190866439894 0.00000000000000000000
2.9300000000 0.05801263277464151907 0.00000000000000000000
2.9400000000 0.05791110296576639643 0.00000000000000000000
2.9500000000 0.05781059714422606688 0.00000000000000000000
2.9600000000 0.05771110026159257528 0.00000000000000000000
2.9700000000 0.05761259755234244412 0.00000000000000000000
2.9800000000 0.05751507452753903266 0.00000000000000000000
2.9900000000 0.05741851696867650984 0.00000000000000000000
3.0000000000 0.05732291092167827312 0.00000000000000000000
3.0100000000 0.05722824269104624662 0.00000000000000000000
3.0200000000 0.05713449883415861602 0.00000000000000000000
3.0300000000 0.05704166615570861049 0.00000000000000000000
3.0400000000 0.05694973170228346399 0.00000000000000000000
3.0500000000 0.05685868275707842839 0.00000000000000000000
3.0600000000 0.05676850683474106429 0.00000000000000000000
3.0700000000 0.05667919167634503236 0.00000000000000000000
3.0800000000 0.05659072524448709174 0.00000000000000000000
3.0900000000 0.05650309571850498785 0.00000000000000000000
3.1000000000 0.05641629148981324587 0.00000000000000000000
3.1100000000 0.05633030115735348370 0.00000000000000000000
3.1200000000 0.05624511352315603174 0.00000000000000000000
3.1300000000 0.05616071758800919578 0.00000000000000000000
3.1400000000 0.05607710254723523302 0.00000000000000000000
3.1500000000 0.05599425778656724750 0.00000000000000000000
3.1600000000 0.05591217287812735859 0.00000000000000000000
3.1700000000 0.05583083757650073031 0.00000000000000000000
3.1800000000 0.05575024181490555175 0.00000000000000000000
3.1900000000 0.05567037570145318137 0.00000000000000000000
3.2000000000 0.05559122951549964192 0.00000000000000000000
3.2100000000 0.05551279370408315761 0.00000000000000000000
3.2200000000 0.05543505887844687313 0.00000000000000000000
3.2300000000 0.05535801581064436760 0.00000000000000000000
3.2400000000 0.05528165543022540984 0.00000000000000000000
3.2500000000 0.05520596882099999131 0.00000000000000000000
3.2600000000 0.05513094721787861752 0.00000000000000000000
3.2700000000 0.05505658200378765049 0.00000000000000000000
3.2800000000 0.05498286470665534470 0.00000000000000000000
3.2900000000 0.05490978699646989480 0.00000000000000000000
3.3000000000 0.05483734068240564419 0.00000000000000000000
3.3100000000 0.05476551771001537949 0.00000000000000000000
3.3200000000 0.05469431015848916222 0.00000000000000000000
3.3300000000 0.05462371023797510383 0.00000000000000000000
3.3400000000 0.05455371028696274355 0.00000000000000000000
3.3500000000 0.05448430276972698189 0.00000000000000000000
3.3600000000 0.05441548027382948211 0.00000000000000000000
3.3700000000 0.05434723550767833755 0.00000000000000000000
3.3800000000 0.05427956129814325015 0.00000000000000000000
3.3900000000 0.05421245058822441593 0.00000000000000000000
3.4000000000 0.05414589643477456943 0.00000000000000000000
3.4100000000 0.05407989200627336818 0.00000000000000000000
3.4200000000 0.05401443058065101555 0.00000000000000000000
3.4300000000 0.05394950554316091385 0.00000000000000000000
3.4400000000 0.05388511038430120886 0.00000000000000000000
3.4500000000 0.05382123869778113190 0.00000000000000000000
3.4600000000 0.05375788417853499812 0.00000000000000000000
3.4700000000 0.05369504062077797707 0.00000000000000000000
3.4800000000 0.05363270191610688964 0.00000000000000000000
3.4900000000 0.05357086205164257597 0.00000000000000000000
3.5000000000 0.05350951510821253670 0.00000000000000000000
3.5100000000 0.05344865525857497163 0.00000000000000000000
3.5200000000 0.05338827676568082270 0.00000000000000000000
3.5300000000 0.05332837398097408504 0.00000000000000000000
3.5400000000 0.05326894134272980308 0.00000000000000000000
3.5500000000 0.05320997337442746195 0.00000000000000000000
3.5600000000 0.05315146468316045425 0.00000000000000000000
3.5700000000 0.05309340995807958902 0.00000000000000000000
3.5800000000 0.05303580396887055265 0.00000000000000000000
3.5900000000 0.05297864156426396187 0.00000000000000000000
3.6000000000 0.05292191767057760621 0.00000000000000000000
3.6100000000 0.05286562729028964486 0.00000000000000000000
3.6200000000 0.05280976550064306330 0.00000000000000000000
3.6300000000 0.05275432745227882220 0.00000000000000000000
3.6400000000 0.05269930836789916279 0.00000000000000000000
3.6500000000 0.05264470354095848043 0.00000000000000000000
3.6600000000 0.05259050833438187050 0.00000000000000000000
3.6700000000 0.05253671817931197113 0.00000000000000000000
3.6800000000 0.05248332857388025158 0.00000000000000000000
3.6900000000 0.05243033508200532766 0.00000000000000000000
3.7000000000 0.05237773333221647926 0.00000000000000000000
3.7100000000 0.05232551901650097509 0.00000000000000000000
3.7200000000 0.05227368788917585718 0.00000000000000000000
3.7300000000 0.05222223576578337995 0.00000000000000000000
3.7400000000 0.05217115852200869541 0.00000000000000000000
3.7500000000 0.05212045209262022166 0.00000000000000000000
3.7600000000 0.05207011247043216717 0.00000000000000000000
3.7700000000 0.05202013570528749714 0.00000000000000000000
3.7800000000 0.05197051790306258384 0.00000000000000000000
3.7900000000 0.05192125522469172999 0.00000000000000000000
3.8000000000 0.05187234388521166917 0.00000000000000000000
3.8100000000 0.05182378015282531475 0.00000000000000000000
3.8200000000 0.05177556034798481976 0.00000000000000000000
3.8300000000 0.05172768084249278198 0.00000000000000000000
3.8400000000 0.05168013805862198967 0.00000000000000000000
3.8500000000 0.05163292846825230653 0.00000000000000000000
3.8600000000 0.05158604859202529230 0.00000000000000000000
3.8700000000 0.05153949499851549071 0.00000000000000000000
3.8800000000 0.05149326430341817640 0.00000000000000000000
3.8900000000 0.05144735316875402587 0.00000000000000000000
3.9000000000 0.05140175830208795760 0.00000000000000000000
3.9100000000 0.05135647645576483372 0.00000000000000000000
3.9200000000 0.05131150442615994151 0.00000000000000000000
3.9300000000 0.05126683905294363713 0.00000000000000000000
3.9400000000 0.05122247721836088730 0.00000000000000000000
3.9500000000 0.05117841584652509102 0.00000000000000000000
3.9600000000 0.05113465190272484251 0.00000000000000000000
3.9700000000 0.05109118239274516859 0.00000000000000000000
3.9800000000 0.05104800436220143650 0.00000000000000000000
3.9900000000 0.05100511489588582109 0.00000000000000000000
4.0000000000 0.05096251111712717108 0.00000000000000000000
4.0100000000 0.05092019018716267831 0.00000000000000000000
4.0200000000 0.05087814930452142642 0.00000000000000000000
4.0300000000 0.05083638570442029075 0.00000000000000000000
4.0400000000 0.05079489665817089189 0.00000000000000000000
4.0500000000 0.05075367947259828288 0.00000000000000000000
4.0600000000 0.05071273148947010728 0.00000000000000000000
4.0700000000 0.05067205008493694957 0.00000000000000000000
4.0800000000 0.05063163266898342008 0.00000000000000000000
4.0900000000 0.05059147668488895438 0.00000000000000000000
4.1000000000 0.05055157960869942346 0.00000000000000000000
4.1100000000 0.05051193894870793788 0.00000000000000000000
4.1200000000 0.05047255224494641423 0.00000000000000000000
4.1300000000 0.05043341706868517682 0.00000000000000000000
4.1400000000 0.05039453102194307865 0.00000000000000000000
4.1500000000 0.05035589173700627530 0.00000000000000000000
4.1600000000 0.05031749687595547804 0.00000000000000000000
4.1700000000 0.05027934413020266474 0.00000000000000000000
4.1800000000 0.05024143122003579820 0.00000000000000000000
4.1900000000 0.05020375589417207240 0.00000000000000000000
4.2000000000 0.05016631592931929118 0.00000000000000000000
4.2100000000 0.05012910912974512939 0.00000000000000000000
4.2200000000 0.05009213332685452658 0.00000000000000000000
4.2300000000 0.05005538637877456065 0.00000000000000000000
4.2400000000 0.05001886616994658669 0.00000000000000000000
4.2500000000 0.04998257061072608476 0.00000000000000000000
4.2600000000 0.04994649763699004347 0.00000000000000000000
4.2700000000 0.04991064520975033170 0.00000000000000000000
4.2800000000 0.04987501131477475869 0.00000000000000000000
4.2900000000 0.04983959396221507993 0.00000000000000000000
4.3000000000 0.04980439118624103989 0.00000000000000000000
4.3100000000 0.04976940104468122184 0.00000000000000000000
4.3200000000 0.04973462161867002462 0.00000000000000000000
4.3300000000 0.04970005101230161315 0.00000000000000000000
4.3400000000 0.04966568735228860110 0.00000000000000000000
4.3500000000 0.04963152878762852604 0.00000000000000000000
4.3600000000 0.04959757348927432141 0.00000000000000000000
4.3700000000 0.04956381964981177585 0.00000000000000000000
4.3800000000 0.04953026548314241884 0.00000000000000000000
4.3900000000 0.04949690922417151334 0.00000000000000000000
4.4000000000 0.04946374912850176608 0.00000000000000000000
4.4100000000 0.04943078347213239465 0.00000000000000000000
4.4200000000 0.04939801055116318368 0.00000000000000000000
4.4300000000 0.04936542868150362723 0.00000000000000000000
4.4400000000 0.04933303619858739331 0.00000000000000000000
4.4500000000 0.04930083145709126397 0.00000000000000000000
4.4600000000 0.04926881283065911304 0.00000000000000000000
4.4700000000 0.04923697871163056072 0.00000000000000000000
4.4800000000 0.04920532751077404815 0.00000000000000000000
4.4900000000 0.04917385765702493583 0.00000000000000000000
4.5000000000 0.04914256759722725881 0.00000000000000000000
4.5100000000 0.04911145579588048482 0.00000000000000000000
4.5200000000 0.04908052073489042183 0.00000000000000000000
4.5300000000 0.04904976091332397675 0.00000000000000000000
4.5400000000 0.04901917484716819540 0.00000000000000000000
4.5500000000 0.04898876106909368089 0.00000000000000000000
4.5600000000 0.04895851812822131499 0.00000000000000000000
4.5700000000 0.04892844458989303869 0.00000000000000000000
4.5800000000 0.04889853903544712221 0.00000000000000000000
4.5900000000 0.04886880006199600252 0.00000000000000000000
4.6000000000 0.04883922628220863094 0.00000000000000000000
4.6100000000 0.04880981632409601284 0.00000000000000000000
4.6200000000 0.04878056883080039013 0.00000000000000000000
4.6300000000 0.04875148246038794181 0.00000000000000000000
4.6400000000 0.04872255588564475270 0.00000000000000000000
4.6500000000 0.04869378779387582151 0.00000000000000000000
4.6600000000 0.04866517688670815578 0.00000000000000000000
4.6700000000 0.04863672187989603185 0.00000000000000000000
4.6800000000 0.04860842150313022386 0.00000000000000000000
4.6900000000 0.04858027449984976542 0.00000000000000000000
4.7000000000 0.04855227962705710443 0.00000000000000000000
4.7100000000 0.04852443565513597790 0.00000000000000000000
4.7200000000 0.04849674136767224281 0.00000000000000000000
4.7300000000 0.04846919556127769757 0.00000000000000000000
4.7400000000 0.04844179704541634601 0.00000000000000000000
4.7500000000 0.04841454464223429038 0.00000000000000000000
4.7600000000 0.04838743718639085256 0.00000000000000000000
4.7700000000 0.04836047352489396267 0.00000000000000000000
4.7800000000 0.04833365251693687303 0.00000000000000000000
4.7900000000 0.04830697303373827911 0.00000000000000000000
4.8000000000 0.04828043395838439028 0.00000000000000000000
4.8100000000 0.04825403418567393576 0.00000000000000000000
4.8200000000 0.04822777262196507181 0.00000000000000000000
4.8300000000 0.04820164818502518933 0.00000000000000000000
4.8400000000 0.04817565980388269914 0.00000000000000000000
4.8500000000 0.04814980641868107231 0.00000000000000000000
4.8600000000 0.04812408698053568384 0.00000000000000000000
4.8700000000 0.04809850045139197477 0.00000000000000000000
4.8800000000 0.04807304580388666038 0.00000000000000000000
4.8900000000 0.04804772202121040947 0.00000000000000000000
4.9000000000 0.04802252809697324376 0.00000000000000000000
4.9100000000 0.04799746303507112372 0.00000000000000000000
4.9200000000 0.04797252584955552512 0.00000000000000000000
4.9300000000 0.04794771556450449362 0.00000000000000000000
4.9400000000 0.04792303121389540621 0.00000000000000000000
4.9500000000 0.04789847184148035564 0.00000000000000000000
4.9600000000 0.04787403650066272137 0.00000000000000000000
4.9700000000 0.04784972425437596100 0.00000000000000000000
4.9800000000 0.04782553417496442777 0.00000000000000000000
4.9900000000 0.04780146534406518044 0.00000000000000000000
5.0000000000 0.04777751685249235353 0.00000000000000000000
