0.1000000000 4.46760430063899249831 0.00000000000000000000
0.1100000000 4.33434461483351718414 0.00000000000000000000
0.1200000000 4.20412101050835040894 0.00000000000000000000
0.1300000000 4.07703800542170302634 0.00000000000000000000
0.1400000000 3.95317988299101319427 0.00000000000000000000
0.1500000000 3.83261055715600162941 0.00000000000000000000
0.1600000000 3.71537390319486870993 0.00000000000000000000
0.1700000000 3.60149451275715914988 0.00000000000000000000
0.1800000000 3.49097881368322449092 0.00000000000000000000
0.1900000000 3.38381648293152093032 0.00000000000000000000
0.2000000000 3.27998207456411261518 0.00000000000000000000
0.2100000000 3.17943678403775287222 0.00000000000000000000
0.2200000000 3.08213027427636854227 0.00000000000000000000
0.2300000000 2.98800249706827880658 0.00000000000000000000
0.2400000000 2.89698545397891038533 0.00000000000000000000
0.2500000000 2.80900485294267676650 0.00000000000000000000
0.2600000000 2.72398162888131212256 0.00000000000000000000
0.2700000000 2.64183330819936745826 0.00000000000000000000
0.2800000000 2.56247520720214083667 0.00000000000000000000
0.2900000000 2.48582146299404982415 0.00000000000000000000
0.3000000000 2.41178590210090204593 0.00000000000000000000
0.3100000000 2.34028275694821896735 0.00000000000000000000
0.3200000000 2.27122724357608385404 0.00000000000000000000
0.3300000000 2.20453601581111424679 0.00000000000000000000
0.3400000000 2.14012751181262883549 0.00000000000000000000
0.3500000000 2.07792220873132249537 0.00000000000000000000
0.3600000000 2.01784280041170172026 0.00000000000000000000
0.3700000000 1.95981431184978616145 0.00000000000000000000
0.3800000000 1.90376416266226988760 0.00000000000000000000
0.3900000000 1.84962219027032737095 0.00000000000000000000
0.4000000000 1.79732064195332785772 0.00000000000000000000
0.4100000000 1.74679414345546146770 0.00000000000000000000
0.4200000000 1.69797965047714916054 0.00000000000000000000
0.4300000000 1.65081638817761788829 0.00000000000000000000
0.4400000000 1.60524578276550267120 0.00000000000000000000
0.4500000000 1.56121138835853368043 0.00000000000000000000
0.4600000000 1.51865881154394477548 0.00000000000000000000
0.4700000000 1.47753563545450283812 0.00000000000000000000
0.4800000000 1.43779134467665570263 0.00000000000000000000
0.4900000000 1.39937725191040418515 0.00000000000000000000
0.5000000000 1.36224642699127640455 0.00000000000000000000
0.5100000000 1.32635362864661665583 0.00000000000000000000
0.5200000000 1.29165523918063418485 0.00000000000000000000
0.5300000000 1.25810920215169574909 0.00000000000000000000
0.5400000000 1.22567496301282563564 0.00000000000000000000
0.5500000000 1.19431341262335122266 0.00000000000000000000
0.5600000000 1.16398683349906439943 0.00000000000000000000
0.5700000000 1.13465884864521560083 0.00000000000000000000
0.5800000000 1.10629437280572018309 0.00000000000000000000
0.5900000000 1.07885956596036591826 0.00000000000000000000
0.6000000000 1.05232178890617067424 0.00000000000000000000
0.6100000000 1.02664956076764823933 0.00000000000000000000
0.6200000000 1.00181251829160578026 0.00000000000000000000
0.6300000000 0.97778137679434429241 0.00000000000000000000
0.6400000000 0.95452789264181003848 0.00000000000000000000
0.6500000000 0.93202482715550349912 0.00000000000000000000
0.6600000000 0.91024591184883529849 0.00000000000000000000
0.6700000000 0.88916581490961532630 0.00000000000000000000
0.6800000000 0.86876010885415400065 0.00000000000000000000
0.6900000000 0.84900523928765203596 0.00000000000000000000
0.7000000000 0.82987849471301489146 0.00000000000000000000
0.7100000000 0.81135797733768966200 0.00000000000000000000
0.7200000000 0.79342257483343081592 0.00000000000000000000
0.7300000000 0.77605193300954911084 0.00000000000000000000
0.7400000000 0.75922642936408812897 0.00000000000000000000
0.7500000000 0.74292714748142119063 0.00000000000000000000
0.7600000000 0.72713585224733323642 0.00000000000000000000
0.7700000000 0.71183496585566141679 0.00000000000000000000
0.7800000000 0.69700754458227520693 0.00000000000000000000
0.7900000000 0.68263725630395999389 0.00000000000000000000
0.8000000000 0.66870835874163025991 0.00000000000000000000
0.8100000000 0.65520567840739174503 0.00000000000000000000
0.8200000000 0.64211459023703931770 0.00000000000000000000
0.8300000000 0.62942099788951710870 0.00000000000000000000
0.8400000000 0.61711131469592750420 0.00000000000000000000
0.8500000000 0.60517244524083035895 0.00000000000000000000
0.8600000000 0.59359176755907572254 0.00000000000000000000
0.8700000000 0.58235711593212435844 0.00000000000000000000
0.8800000000 0.57145676426731939479 0.00000000000000000000
0.8900000000 0.56087941004457664285 0.00000000000000000000
0.9000000000 0.55061415881493536162 0.00000000000000000000
0.9100000000 0.54065050923525481696 0.00000000000000000000
0.9200000000 0.53097833862408949646 0.00000000000000000000
0.9300000000 0.52158788902406316712 0.00000000000000000000
0.9400000000 0.51246975375504077999 0.00000000000000000000
0.9500000000 0.50361486444468928081 0.00000000000000000000
0.9600000000 0.49501447852133689809 0.00000000000000000000
0.9700000000 0.48666016715507876000 0.00000000000000000000
0.9800000000 0.47854380363319393155 0.00000000000000000000
0.9900000000 0.47065755215702193004 0.00000000000000000000
1.0000000000 0.46299385704620404924 0.00000000000000000000
1.0100000000 0.45554543233493577370 0.00000000000000000000
1.0200000000 0.44830525175312763153 0.00000000000000000000
1.0300000000 0.44126653907503776697 0.00000000000000000000
1.0400000000 0.43442275882301051304 0.00000000000000000000
1.0500000000 0.42776760731711588326 0.00000000000000000000
1.0600000000 0.42129500405691899800 0.00000000000000000000
1.0700000000 0.41499908342489477686 0.00000000000000000000
1.0800000000 0.40887418669940767124 0.00000000000000000000
1.0900000000 0.40291485436733787129 0.00000000000000000000
1.1000000000 0.39711581872507462077 0.00000000000000000000
1.1100000000 0.39147199675813865172 0.00000000000000000000
1.1200000000 0.38597848328890421721 0.00000000000000000000
1.1300000000 0.38063054438331961338 0.00000000000000000000
1.1400000000 0.37542361100677601460 0.00000000000000000000
1.1500000000 0.37035327292033598523 0.00000000000000000000
1.1600000000 0.36541527280823965507 0.00000000000000000000
1.1700000000 0.36060550062837137819 0.00000000000000000000
1.1800000000 0.35591998817728143223 0.00000000000000000000
1.1900000000 0.35135490386183287903 0.00000000000000000000
1.2000000000 0.34690654766971484868 0.00000000000000000000
1.2100000000 0.34257134633137986679 0.00000000000000000000
1.2200000000 0.33834584866616379539 0.00000000000000000000
1.2300000000 0.33422672110562851033 0.00000000000000000000
1.2400000000 0.33021074338743222620 0.00000000000000000000
1.2500000000 0.32629480441320579676 0.00000000000000000000
1.2600000000 0.32247589826418715520 0.00000000000000000000
1.2700000000 0.31875112036859021281 0.00000000000000000000
1.2800000000 0.31511766381488781619 0.00000000000000000000
1.2900000000 0.31157281580540363564 0.00000000000000000000
1.3000000000 0.30811395424480680916 0.00000000000000000000
1.3100000000 0.30473854445832715410 0.00000000000000000000
1.3200000000 0.30144413603466591045 0.00000000000000000000
1.3300000000 0.29822835978880085639 0.00000000000000000000
1.3400000000 0.29508892484002541279 0.00000000000000000000
1.3500000000 0.29202361580076502401 0.00000000000000000000
1.3600000000 0.28903029007187464039 0.00000000000000000000
1.3700000000 0.28610687524031858109 0.00000000000000000000
1.3800000000 0.28325136657515964655 0.00000000000000000000
1.3900000000 0.28046182461817947829 0.00000000000000000000
1.4000000000 0.27773637286530777901 0.00000000000000000000
1.4100000000 0.27507319553544762325 0.00000000000000000000
1.4200000000 0.27247053542322291486 0.00000000000000000000
1.4300000000 0.26992669183239131891 0.00000000000000000000
1.4400000000 0.26744001858684773865 0.00000000000000000000
1.4500000000 0.26500892211611293270 0.00000000000000000000
1.4600000000 0.26263185961246232614 0.00000000000000000000
1.4700000000 0.26030733725691279634 0.00000000000000000000
1.4800000000 0.25803390851135959982 0.00000000000000000000
1.4900000000 0.25581017247433046613 0.00000000000000000000
1.5000000000 0.25363477229785180711 0.00000000000000000000
1.5100000000 0.25150639366307975253 0.00000000000000000000
1.5200000000 0.24942376331241306042 0.00000000000000000000
1.5300000000 0.24738564763589565576 0.00000000000000000000
1.5400000000 0.24539085130978757765 0.00000000000000000000
1.5500000000 0.24343821598533890715 0.00000000000000000000
1.5600000000 0.24152661902576474939 0.00000000000000000000
1.5700000000 0.23965497228958407283 0.00000000000000000000
1.5800000000 0.23782222095857838418 0.00000000000000000000
1.5900000000 0.23602734240854961190 0.00000000000000000000
1.6000000000 0.23426934512132466248 0.00000000000000000000
1.6100000000 0.23254726763639757547 0.00000000000000000000
1.6200000000 0.23086017754063115071 0.00000000000000000000
1.6300000000 0.22920717049463859571 0.00000000000000000000
1.6400000000 0.22758736929439229990 0.00000000000000000000
1.6500000000 0.22599992296671456149 0.00000000000000000000
1.6600000000 0.22444400589737625862 0.00000000000000000000
1.6700000000 0.22291881699054660881 0.00000000000000000000
1.6800000000 0.22142357885838512277 0.00000000000000000000
1.6900000000 0.21995753703967341197 0.00000000000000000000
1.7000000000 0.21851995924633049739 0.00000000000000000000
1.7100000000 0.21711013463679412760 0.00000000000000000000
1.7200000000 0.21572737311523265680 0.00000000000000000000
1.7300000000 0.21437100465561681473 0.00000000000000000000
1.7400000000 0.21304037864970809535 0.00000000000000000000
1.7500000000 0.21173486327808360707 0.00000000000000000000
1.7600000000 0.21045384490328547522 0.00000000000000000000
1.7700000000 0.20919672748432865950 0.00000000000000000000
1.7800000000 0.20796293201170587550 0.00000000000000000000
1.7900000000 0.20675189596216086985 0.00000000000000000000
1.8000000000 0.20556307277248664356 0.00000000000000000000
1.8100000000 0.20439593133162053951 0.00000000000000000000
1.8200000000 0.20324995549038232800 0.00000000000000000000
1.8300000000 0.20212464358818418853 0.00000000000000000000
1.8400000000 0.20101950799607390397 0.00000000000000000000
1.8500000000 0.19993407467555548984 0.00000000000000000000
1.8600000000 0.19886788275253566849 0.00000000000000000000
1.8700000000 0.19782048410588978782 0.00000000000000000000
1.8800000000 0.19679144297009532050 0.00000000000000000000
1.8900000000 0.19578033555142007605 0.00000000000000000000
1.9000000000 0.19478674965715758738 0.00000000000000000000
1.9100000000 0.19381028433744135198 0.00000000000000000000
1.9200000000 0.19285054953918992493 0.00000000000000000000
1.9300000000 0.19190716577172478585 0.00000000000000000000
1.9400000000 0.19097976378364200922 0.00000000000000000000
1.9500000000 0.19006798425053383905 0.00000000000000000000
1.9600000000 0.18917147747317775153 0.00000000000000000000
1.9700000000 0.18828990308578424928 0.00000000000000000000
1.9800000000 0.18742292977398236631 0.00000000000000000000
1.9900000000 0.18657023500216288192 0.00000000000000000000
2.0000000000 0.18573150474985478109 0.00000000000000000000
2.0100000000 0.18490643325681976883 0.00000000000000000000
2.0200000000 0.18409472277653629591 0.00000000000000000000
2.0300000000 0.18329608333779368046 0.00000000000000000000
2.0400000000 0.18251023251409395631 0.00000000000000000000
2.0500000000 0.18173689520059493896 0.00000000000000000000
2.0600000000 0.18097580339832472496 0.00000000000000000000
2.0700000000 0.18022669600540555668 0.00000000000000000000
2.0800000000 0.17948931861505518226 0.00000000000000000000
2.0900000000 0.17876342332010863867 0.00000000000000000000
2.1000000000 0.17804876852385220776 0.00000000000000000000
2.1100000000 0.17734511875693154126 0.00000000000000000000
2.1200000000 0.17665224450014058166 0.00000000000000000000
2.1300000000 0.17596992201286509871 0.00000000000000000000
2.1400000000 0.17529793316700620354 0.00000000000000000000
2.1500000000 0.17463606528618322300 0.00000000000000000000
2.1600000000 0.17398411099002988878 0.00000000000000000000
2.1700000000 0.17334186804342627264 0.00000000000000000000
2.1800000000 0.17270913921047340023 0.00000000000000000000
2.1900000000 0.17208573211306466000 0.00000000000000000000
2.2000000000 0.17147145909389527318 0.00000000000000000000
2.2100000000 0.17086613708375261722 0.00000000000000000000
2.2200000000 0.17026958747294698715 0.00000000000000000000
2.2300000000 0.16968163598673738357 0.00000000000000000000
2.2400000000 0.16910211256462640006 0.00000000000000000000
2.2500000000 0.16853085124337860434 0.00000000000000000000
2.2600000000 0.16796769004366074451 0.00000000000000000000
2.2700000000 0.16741247086014943157 0.00000000000000000000
2.2800000000 0.16686503935502491891 0.00000000000000000000
2.2900000000 0.16632524485471270048 0.00000000000000000000
2.3000000000 0.16579294024977628275 0.00000000000000000000
2.3100000000 0.16526798189785346649 0.00000000000000000000
2.3200000000 0.16475022952953485844 0.00000000000000000000
2.3300000000 0.16423954615709093763 0.00000000000000000000
2.3400000000 0.16373579798594481427 0.00000000000000000000
2.3500000000 0.16323885432881607427 0.00000000000000000000
2.3600000000 0.16274858752242749027 0.00000000000000000000
2.3700000000 0.16226487284671115008 0.00000000000000000000
2.3800000000 0.16178758844641735748 0.00000000000000000000
2.3900000000 0.16131661525505242016 0.00000000000000000000
2.4000000000 0.16085183692108037667 0.00000000000000000000
2.4100000000 0.16039313973629409915 0.00000000000000000000
2.4200000000 0.15994041256630361914 0.00000000000000000000
2.4300000000 0.15949354678306959521 0.00000000000000000000
2.4400000000 0.15905243619940850897 0.00000000000000000000
2.4500000000 0.15861697700541391165 0.00000000000000000000
2.4600000000 0.15818706770673235384 0.00000000000000000000
2.4700000000 0.15776260906462893918 0.00000000000000000000
2.4800000000 0.15734350403779648331 0.00000000000000000000
2.4900000000 0.15692965772583580830 0.00000000000000000000
2.5000000000 0.15652097731437275563 0.00000000000000000000
2.5100000000 0.15611737202174855166 0.00000000000000000000
2.5200000000 0.15571875304723817313 0.00000000000000000000
2.5300000000 0.15532503352074628067 0.00000000000000000000
2.5400000000 0.15493612845394000299 0.00000000000000000000
2.5500000000 0.15455195469276278297 0.00000000000000000000
2.5600000000 0.15417243087130277912 0.00000000000000000000
2.5700000000 0.15379747736695570381 0.00000000000000000000
2.5800000000 0.15342701625685248312 0.00000000000000000000
2.5900000000 0.15306097127551601678 0.00000000000000000000
2.6000000000 0.15269926777369433046 0.00000000000000000000
2.6100000000 0.15234183267835216258 0.00000000000000000000
2.6200000000 0.15198859445377177479 0.00000000000000000000
2.6300000000 0.15163948306373287167 0.00000000000000000000
2.6400000000 0.15129442993474442880 0.00000000000000000000
2.6500000000 0.15095336792028687944 0.00000000000000000000
2.6600000000 0.15061623126604084533 0.00000000000000000000
2.6700000000 0.15028295557607165844 0.00000000000000000000
2.6800000000 0.14995347777993534022 0.00000000000000000000
2.6900000000 0.14962773610068860752 0.00000000000000000000
2.7000000000 0.14930567002376338159 0.00000000000000000000
2.7100000000 0.14898722026669186658 0.00000000000000000000
2.7200000000 0.14867232874964511624 0.00000000000000000000
2.7300000000 0.14836093856677290415 0.00000000000000000000
2.7400000000 0.14805299395830986975 0.00000000000000000000
2.7500000000 0.14774844028343411817 0.00000000000000000000
2.7600000000 0.14744722399384799227 0.00000000000000000000
2.7700000000 0.14714929260806769440 0.00000000000000000000
2.7800000000 0.14685459468639761038 0.00000000000000000000
2.7900000000 0.14656307980656230194 0.00000000000000000000
2.8000000000 0.14627469853999150451 0.00000000000000000000
2.8100000000 0.14598940242872485151 0.00000000000000000000
2.8200000000 0.14570714396292885895 0.00000000000000000000
2.8300000000 0.14542787655899813704 0.00000000000000000000
2.8400000000 0.14515155453823691545 0.00000000000000000000
2.8500000000 0.14487813310608918527 0.00000000000000000000
2.8600000000 0.14460756833191415471 0.00000000000000000000
2.8700000000 0.14433981712928636854 0.00000000000000000000
2.8800000000 0.14407483723680231114 0.00000000000000000000
2.8900000000 0.14381258719938413981 0.00000000000000000000
2.9000000000 0.14355302635006572665 0.00000000000000000000
2.9100000000 0.14329611479224244053 0.00000000000000000000
2.9200000000 0.14304181338237892396 0.00000000000000000000
2.9300000000 0.14279008371315515813 0.00000000000000000000
2.9400000000 0.14254088809704185126 0.00000000000000000000
2.9500000000 0.14229418955029404792 0.00000000000000000000
2.9600000000 0.14204995177734638934 0.00000000000000000000
2.9700000000 0.14180813915560694372 0.00000000000000000000
2.9800000000 0.14156871672062867895 0.00000000000000000000
2.9900000000 0.14133165015165355394 0.00000000000000000000
3.0000000000 0.14109690575752373287 0.00000000000000000000
3.0100000000 0.14086445046293519234 0.00000000000000000000
3.0200000000 0.14063425179504182583 0.00000000000000000000
3.0300000000 0.14040627787038637009 0.00000000000000000000
3.0400000000 0.14018049738215562772 0.00000000000000000000
3.0500000000 0.13995687958775276938 0.00000000000000000000
3.0600000000 0.13973539429667222733 0.00000000000000000000
3.0700000000 0.13951601185867312793 0.00000000000000000000
3.0800000000 0.13929870315224210375 0.00000000000000000000
3.0900000000 0.13908343957333713092 0.00000000000000000000
3.1000000000 0.13887019302440645196 0.00000000000000000000
3.1100000000 0.13865893590367237009 0.00000000000000000000
3.1200000000 0.13844964109467500224 0.00000000000000000000
3.1300000000 0.13824228195606735881 0.00000000000000000000
3.1400000000 0.13803683231165797540 0.00000000000000000000
3.1500000000 0.13783326644069046618 0.00000000000000000000
3.1600000000 0.13763155906835589093 0.00000000000000000000
3.1700000000 0.13743168535653318973 0.00000000000000000000
3.1800000000 0.13723362089474672176 0.00000000000000000000
3.1900000000 0.13703734169134157428 0.00000000000000000000
3.2000000000 0.13684282416486648337 0.00000000000000000000
3.2100000000 0.13665004513565914834 0.00000000000000000000
3.2200000000 0.13645898181763019275 0.00000000000000000000
3.2300000000 0.13626961181024024872 0.00000000000000000000
3.2400000000 0.13608191309066536290 0.00000000000000000000
3.2500000000 0.13589586400614306338 0.00000000000000000000
3.2600000000 0.13571144326649794976 0.00000000000000000000
3.2700000000 0.13552862993684192117 0.00000000000000000000
3.2800000000 0.13534740343044068811 0.00000000000000000000
3.2900000000 0.13516774350174731723 0.00000000000000000000
3.3000000000 0.13498963023959439922 0.00000000000000000000
3.3100000000 0.13481304406054298028 0.00000000000000000000
3.3200000000 0.13463796570238475980 0.00000000000000000000
3.3300000000 0.13446437621779108729 0.00000000000000000000
3.3400000000 0.13429225696810728752 0.00000000000000000000
3.3500000000 0.13412158961728834483 0.00000000000000000000
3.3600000000 0.13395235612597017338 0.00000000000000000000
3.3700000000 0.13378453874567700077 0.00000000000000000000
3.3800000000 0.13361812001315759302 0.00000000000000000000
3.3900000000 0.13345308274484876665 0.00000000000000000000
3.4000000000 0.13328941003146380084 0.00000000000000000000
3.4100000000 0.13312708523270033734 0.00000000000000000000
3.4200000000 0.13296609197206826769 0.00000000000000000000
3.4300000000 0.13280641413182914246 0.00000000000000000000
3.4400000000 0.13264803584805182068 0.00000000000000000000
3.4500000000 0.13249094150577289675 0.00000000000000000000
3.4600000000 0.13233511573426789965 0.00000000000000000000
3.4700000000 0.13218054340242393896 0.00000000000000000000
3.4800000000 0.13202720961421268719 0.00000000000000000000
3.4900000000 0.13187509970426686268 0.00000000000000000000
3.5000000000 0.13172419923354641846 0.00000000000000000000
3.5100000000 0.13157449398510581706 0.00000000000000000000
3.5200000000 0.13142596995994834663 0.00000000000000000000
3.5300000000 0.13127861337297064281 0.00000000000000000000
3.5400000000 0.13113241064899630595 0.00000000000000000000
3.5500000000 0.13098734841889483893 0.00000000000000000000
3.5600000000 0.13084341351578079871 0.00000000000000000000
3.5700000000 0.13070059297129718590 0.00000000000000000000
3.5800000000 0.13055887401197802111 0.00000000000000000000
3.5900000000 0.13041824405568558376 0.00000000000000000000
3.6000000000 0.13027869070812647667 0.00000000000000000000
3.6100000000 0.13014020175943910584 0.00000000000000000000
3.6200000000 0.13000276518085401856 0.00000000000000000000
3.6300000000 0.12986636912142449085 0.00000000000000000000
3.6400000000 0.12973100190482544924 0.00000000000000000000
3.6500000000 0.12959665202621969970 0.00000000000000000000
3.6600000000 0.12946330814918896590 0.00000000000000000000
3.6700000000 0.12933095910272970896 0.00000000000000000000
3.6800000000 0.12919959387830967645 0.00000000000000000000
3.6900000000 0.12906920162698823362 0.00000000000000000000
3.7000000000 0.12893977165659223361 0.00000000000000000000
3.7100000000 0.12881129342895378254 0.00000000000000000000
3.7200000000 0.12868375655720143413 0.00000000000000000000
3.7300000000 0.12855715080311103105 0.00000000000000000000
3.7400000000 0.12843146607450492414 0.00000000000000000000
3.7500000000 0.12830669242270939523 0.00000000000000000000
3.7600000000 0.12818282004006129049 0.00000000000000000000
3.7700000000 0.12805983925746514118 0.00000000000000000000
3.7800000000 0.12793774054199996693 0.00000000000000000000
3.7900000000 0.12781651449457484548 0.00000000000000000000
3.8000000000 0.12769615184763075111 0.00000000000000000000
3.8100000000 0.12757664346288849488 0.00000000000000000000
3.8200000000 0.12745798032914293363 0.00000000000000000000
3.8300000000 0.12734015356009883990 0.00000000000000000000
3.8400000000 0.12722315439225223566 0.00000000000000000000
3.8500000000 0.12710697418281247106 0.00000000000000000000
3.8600000000 0.12699160440766510405 0.00000000000000000000
3.8700000000 0.12687703665937583031 0.00000000000000000000
3.8800000000 0.12676326264523313236 0.00000000000000000000
3.8900000000 0.12665027418532978642 0.00000000000000000000
3.9000000000 0.12653806321068106211 0.00000000000000000000
3.9100000000 0.12642662176138078078 0.00000000000000000000
3.9200000000 0.12631594198479217939 0.00000000000000000000
3.9300000000 0.12620601613377463446 0.00000000000000000000
3.9400000000 0.12609683656494466431 0.00000000000000000000
3.9500000000 0.12598839573697001581 0.00000000000000000000
3.9600000000 0.12588068620889708571 0.00000000000000000000
3.9700000000 0.12577370063851006643 0.00000000000000000000
3.9800000000 0.12566743178072203868 0.00000000000000000000
3.9900000000 0.12556187248599678941 0.00000000000000000000
4.0000000000 0.12545701569879955106 0.00000000000000000000
4.0100000000 0.12535285445607904919 0.00000000000000000000
4.0200000000 0.12524938188577694476 0.00000000000000000000
4.0300000000 0.12514659120536597570 0.00000000000000000000
4.0400000000 0.12504447572041529901 0.00000000000000000000
4.0500000000 0.12494302882318322756 0.00000000000000000000
4.0600000000 0.12484224399123718119 0.00000000000000000000
4.0700000000 0.12474211478609631421 0.00000000000000000000
4.0800000000 0.12464263485190438252 0.00000000000000000000
4.0900000000 0.12454379791412253931 0.00000000000000000000
4.1000000000 0.12444559777824941438 0.00000000000000000000
4.1100000000 0.12434802832856349519 0.00000000000000000000
4.1200000000 0.12425108352688997437 0.00000000000000000000
4.1300000000 0.12415475741138844168 0.00000000000000000000
4.1400000000 0.12405904409536509803 0.00000000000000000000
4.1500000000 0.12396393776610437065 0.00000000000000000000
4.1600000000 0.12386943268372431481 0.00000000000000000000
4.1700000000 0.12377552318005058396 0.00000000000000000000
4.1800000000 0.12368220365751257661 0.00000000000000000000
4.1900000000 0.12358946858805917868 0.00000000000000000000
4.2000000000 0.12349731251209289384 0.00000000000000000000
4.2100000000 0.12340573003742573432 0.00000000000000000000
4.2200000000 0.12331471583825130700 0.00000000000000000000
4.2300000000 0.12322426465413630070 0.00000000000000000000
4.2400000000 0.12313437128903134687 0.00000000000000000000
4.2500000000 0.12304503061029731237 0.00000000000000000000
4.2600000000 0.12295623754775006353 0.00000000000000000000
4.2700000000 0.12286798709272316044 0.00000000000000000000
4.2800000000 0.12278027429714478969 0.00000000000000000000
4.2900000000 0.12269309427263375145 0.00000000000000000000
4.3000000000 0.12260644218960801977 0.00000000000000000000
4.3100000000 0.12252031327641357827 0.00000000000000000000
4.3200000000 0.12243470281846383085 0.00000000000000000000
4.3300000000 0.12234960615739683132 0.00000000000000000000
4.3400000000 0.12226501869024702929 0.00000000000000000000
4.3500000000 0.12218093586863044975 0.00000000000000000000
4.3600000000 0.12209735319794431940 0.00000000000000000000
4.3700000000 0.12201426623658141735 0.00000000000000000000
4.3800000000 0.12193167059515699902 0.00000000000000000000
4.3900000000 0.12184956193574932037 0.00000000000000000000
4.4000000000 0.12176793597115355416 0.00000000000000000000
4.4100000000 0.12168678846414800188 0.00000000000000000000
4.4200000000 0.12160611522677290675 0.00000000000000000000
4.4300000000 0.12152591211962261719 0.00000000000000000000
4.4400000000 0.12144617505114795042 0.00000000000000000000
4.4500000000 0.12136689997697176768 0.00000000000000000000
4.4600000000 0.12128808289921599872 0.00000000000000000000
4.4700000000 0.12120971986583937985 0.00000000000000000000
4.4800000000 0.12113180696998680774 0.00000000000000000000
4.4900000000 0.12105434034934990650 0.00000000000000000000
4.5000000000 0.12097731618553772548 0.00000000000000000000
4.5100000000 0.12090073070345834505 0.00000000000000000000
4.5200000000 0.12082458017071034950 0.00000000000000000000
4.5300000000 0.12074886089698516622 0.00000000000000000000
4.5400000000 0.12067356923347875852 0.00000000000000000000
4.5500000000 0.12059870157231300514 0.00000000000000000000
4.5600000000 0.12052425434596715503 0.00000000000000000000
4.5700000000 0.12045022402671792805 0.00000000000000000000
4.5800000000 0.12037660712608976021 0.00000000000000000000
4.5900000000 0.12030340019431300103 0.00000000000000000000
4.6000000000 0.12023059981979174193 0.00000000000000000000
4.6100000000 0.12015820262857999923 0.00000000000000000000
4.6200000000 0.12008620528386650117 0.00000000000000000000
4.6300000000 0.12001460448546799609 0.00000000000000000000
4.6400000000 0.11994339696933013772 0.00000000000000000000
4.6500000000 0.11987257950703739118 0.00000000000000000000
4.6600000000 0.11980214890533032179 0.00000000000000000000
4.6700000000 0.11973210200562993399 0.00000000000000000000
4.6800000000 0.11966243568357148863 0.00000000000000000000
4.6900000000 0.11959314684854348287 0.00000000000000000000
4.7000000000 0.11952423244323638618 0.00000000000000000000
4.7100000000 0.11945568944319584492 0.00000000000000000000
4.7200000000 0.11938751485638605943 0.00000000000000000000
4.7300000000 0.11931970572275740761 0.00000000000000000000
4.7400000000 0.11925225911382190958 0.00000000000000000000
4.7500000000 0.11918517213223640827 0.00000000000000000000
4.7600000000 0.11911844191139041305 0.00000000000000000000
4.7700000000 0.11905206561500161766 0.00000000000000000000
4.7800000000 0.11898604043671774655 0.00000000000000000000
4.7900000000 0.11892036359972406323 0.00000000000000000000
4.8000000000 0.11885503235635726249 0.00000000000000000000
4.8100000000 0.11879004398772523288 0.00000000000000000000
4.8200000000 0.11872539580333367482 0.00000000000000000000
4.8300000000 0.11866108514071642410 0.00000000000000000000
4.8400000000 0.11859710936507381063 0.00000000000000000000
4.8500000000 0.11853346586891477799 0.00000000000000000000
4.8600000000 0.11847015207170547013 0.00000000000000000000
4.8700000000 0.11840716541952318874 0.00000000000000000000
4.8800000000 0.11834450338471495801 0.00000000000000000000
4.8900000000 0.11828216346556219563 0.00000000000000000000
4.9000000000 0.11822014318594960269 0.00000000000000000000
4.9100000000 0.11815844009503938261 0.00000000000000000000
4.9200000000 0.11809705176695144135 0.00000000000000000000
4.9300000000 0.11803597580044615512 0.00000000000000000000
4.9400000000 0.11797520981861442380 0.00000000000000000000
4.9500000000 0.11791475146857058331 0.00000000000000000000
4.9600000000 0.11785459842115024454 0.00000000000000000000
4.9700000000 0.11779474837061409964 0.00000000000000000000
4.9800000000 0.11773519903435354650 0.00000000000000000000
4.9900000000 0.11767594815260326579 0.00000000000000000000
5.0000000000 0.11761699348815642108 0.00000000000000000000
