0.1000000000 4.93440963810855670602 0.00000000000000000000
0.1100000000 4.79392989639908861932 0.00000000000000000000
0.1200000000 4.65606443638678157981 0.00000000000000000000
0.1300000000 4.52095413128018996929 0.00000000000000000000
0.1400000000 4.38872380175557896820 0.00000000000000000000
0.1500000000 4.25948112759561237084 0.00000000000000000000
0.1600000000 4.13331594836250104663 0.00000000000000000000
0.1700000000 4.01029996341453731645 0.00000000000000000000
0.1800000000 3.89048682248854893473 0.00000000000000000000
0.1900000000 3.77391258046849342733 0.00000000000000000000
0.2000000000 3.66059647515078623314 0.00000000000000000000
0.2100000000 3.55054197573831586965 0.00000000000000000000
0.2200000000 3.44373804293790453102 0.00000000000000000000
0.2300000000 3.34016053893690134657 0.00000000000000000000
0.2400000000 3.23977372683106379370 0.00000000000000000000
0.2500000000 3.14253180360613004751 0.00000000000000000000
0.2600000000 3.04838041770099188454 0.00000000000000000000
0.2700000000 2.95725813060443831759 0.00000000000000000000
0.2800000000 2.86909779101151185543 0.00000000000000000000
0.2900000000 2.78382779906092103772 0.00000000000000000000
0.3000000000 2.70137324652861865459 0.00000000000000000000
0.3100000000 2.62165692617879519943 0.00000000000000000000
0.3200000000 2.54460020955698196232 0.00000000000000000000
0.3300000000 2.47012379727902953164 0.00000000000000000000
0.3400000000 2.39814834936542053967 0.00000000000000000000
0.3500000000 2.32859500551135534252 0.00000000000000000000
0.3600000000 2.26138580653378706842 0.00000000000000000000
0.3700000000 2.19644402878199596074 0.00000000000000000000
0.3800000000 2.13369444322198598130 0.00000000000000000000
0.3900000000 2.07306351037854241781 0.00000000000000000000
0.4000000000 2.01447952148963649321 0.00000000000000000000
0.4100000000 1.95787269522015749956 0.00000000000000000000
0.4200000000 1.90317523819189338141 0.00000000000000000000
0.4300000000 1.85032137648786543238 0.00000000000000000000
0.4400000000 1.79924736423231679261 0.00000000000000000000
0.4500000000 1.74989147436723735396 0.00000000000000000000
0.4600000000 1.70219397586181697690 0.00000000000000000000
0.4700000000 1.65609710081111249913 0.00000000000000000000
0.4800000000 1.61154500420629687163 0.00000000000000000000
0.4900000000 1.56848371858621504771 0.00000000000000000000
0.5000000000 1.52686110530108454242 0.00000000000000000000
0.5100000000 1.48662680372484579117 0.00000000000000000000
0.5200000000 1.44773217943146792486 0.00000000000000000000
0.5300000000 1.41013027209387975525 0.00000000000000000000
0.5400000000 1.37377574366007371154 0.00000000000000000000
0.5500000000 1.33862482720210262954 0.00000000000000000000
0.5600000000 1.30463527671133339148 0.00000000000000000000
0.5700000000 1.27176631802028317075 0.00000000000000000000
0.5800000000 1.23997860096223289084 0.00000000000000000000
0.5900000000 1.20923415282908419677 0.00000000000000000000
0.6000000000 1.17949633315159374547 0.00000000000000000000
0.6100000000 1.15072978980121054526 0.00000000000000000000
0.6200000000 1.12290041639559290410 0.00000000000000000000
0.6300000000 1.09597531097945166678 0.00000000000000000000
0.6400000000 1.06992273594619202726 0.00000000000000000000
0.6500000000 1.04471207916275776739 0.00000000000000000000
0.6600000000 1.02031381625939743252 0.00000000000000000000
0.6700000000 0.99669947404669800850 0.00000000000000000000
0.6800000000 0.97384159502362244165 0.00000000000000000000
0.6900000000 0.95171370294264923118 0.00000000000000000000
0.7000000000 0.93029026939973424870 0.00000000000000000000
0.7100000000 0.90954668141978656237 0.00000000000000000000
0.7200000000 0.88945921000964789371 0.00000000000000000000
0.7300000000 0.87000497965310141790 0.00000000000000000000
0.7400000000 0.85116193872392731379 0.00000000000000000000
0.7500000000 0.83290883079422028956 0.00000000000000000000
0.7600000000 0.81522516681688872442 0.00000000000000000000
0.7700000000 0.79809119816186602225 0.00000000000000000000
0.7800000000 0.78148789048649802691 0.00000000000000000000
0.7900000000 0.76539689842131963804 0.00000000000000000000
0.8000000000 0.74980054105260163233 0.00000000000000000000
0.8100000000 0.73468177818400892676 0.00000000000000000000
0.8200000000 0.72002418735921835946 0.00000000000000000000
0.8300000000 0.70581194162821347948 0.00000000000000000000
0.8400000000 0.69202978803970449651 0.00000000000000000000
0.8500000000 0.67866302684245427557 0.00000000000000000000
0.8600000000 0.66569749137825506846 0.00000000000000000000
0.8700000000 0.65311952864931743790 0.00000000000000000000
0.8800000000 0.64091598054318310584 0.00000000000000000000
0.8900000000 0.62907416569785801208 0.00000000000000000000
0.9000000000 0.61758186199030340457 0.00000000000000000000
0.9100000000 0.60642728963173797574 0.00000000000000000000
0.9200000000 0.59559909485237261251 0.00000000000000000000
0.9300000000 0.58508633415940436429 0.00000000000000000000
0.9400000000 0.57487845915183843903 0.00000000000000000000
0.9500000000 0.56496530187516957877 0.00000000000000000000
0.9600000000 0.55533706070093891149 0.00000000000000000000
0.9700000000 0.54598428671363630205 0.00000000000000000000
0.9800000000 0.53689787059106708345 0.00000000000000000000
0.9900000000 0.52806902996172422338 0.00000000000000000000
1.0000000000 0.51948929722112524576 0.00000000000000000000
1.0100000000 0.51115050780298332267 0.00000000000000000000
1.0200000000 0.50304478887394776798 0.00000000000000000000
1.0300000000 0.49516454844846613526 0.00000000000000000000
1.0400000000 0.48750246491199383803 0.00000000000000000000
1.0500000000 0.48005147693052752089 0.00000000000000000000
1.0600000000 0.47280477373822721310 0.00000000000000000000
1.0700000000 0.46575578578850912459 0.00000000000000000000
1.0800000000 0.45889817575661229210 0.00000000000000000000
1.0900000000 0.45222582988098347645 0.00000000000000000000
1.1000000000 0.44573284963108322776 0.00000000000000000000
1.1100000000 0.43941354369048424289 0.00000000000000000000
1.1200000000 0.43326242024356442784 0.00000000000000000000
1.1300000000 0.42727417955485824663 0.00000000000000000000
1.1400000000 0.42144370683023280044 0.00000000000000000000
1.1500000000 0.41576606534989307695 0.00000000000000000000
1.1600000000 0.41023648986267657879 0.00000000000000000000
1.1700000000 0.40485038023236030735 0.00000000000000000000
1.1800000000 0.39960329532637689498 0.00000000000000000000
1.1900000000 0.39449094713778348753 0.00000000000000000000
1.2000000000 0.38950919513192822086 0.00000000000000000000
1.2100000000 0.38465404080903720097 0.00000000000000000000
1.2200000000 0.37992162247487504256 0.00000000000000000000
1.2300000000 0.37530821021119042946 0.00000000000000000000
1.2400000000 0.37081020103861922488 0.00000000000000000000
1.2500000000 0.36642411426450122169 0.00000000000000000000
1.2600000000 0.36214658700863822105 0.00000000000000000000
1.2700000000 0.35797436990006864521 0.00000000000000000000
1.2800000000 0.35390432293822549070 0.00000000000000000000
1.2900000000 0.34993341151228840591 0.00000000000000000000
1.3000000000 0.34605870257245235910 0.00000000000000000000
1.3100000000 0.34227736094733191008 0.00000000000000000000
1.3200000000 0.33858664580172098679 0.00000000000000000000
1.3300000000 0.33498390722939064279 0.00000000000000000000
1.3400000000 0.33146658297556530481 0.00000000000000000000
1.3500000000 0.32803219528404115035 0.00000000000000000000
1.3600000000 0.32467834786419136339 0.00000000000000000000
1.3700000000 0.32140272297299488091 0.00000000000000000000
1.3800000000 0.31820307860782492959 0.00000000000000000000
1.3900000000 0.31507724580547991078 0.00000000000000000000
1.4000000000 0.31202312604339466073 0.00000000000000000000
1.4100000000 0.30903868873910295134 0.00000000000000000000
1.4200000000 0.30612196884396936092 0.00000000000000000000
1.4300000000 0.30327106452759738930 0.00000000000000000000
1.4400000000 0.30048413494939640866 0.00000000000000000000
1.4500000000 0.29775939811385415679 0.00000000000000000000
1.4600000000 0.29509512880621108222 0.00000000000000000000
1.4700000000 0.29248965660550696466 0.00000000000000000000
1.4800000000 0.28994136397191011545 0.00000000000000000000
1.4900000000 0.28744868440539095289 0.00000000000000000000
1.5000000000 0.28501010067310000862 0.00000000000000000000
1.5100000000 0.28262414310259986738 0.00000000000000000000
1.5200000000 0.28028938793852542499 0.00000000000000000000
1.5300000000 0.27800445576015392346 0.00000000000000000000
1.5400000000 0.27576800995748484979 0.00000000000000000000
1.5500000000 0.27357875526365510455 0.00000000000000000000
1.5600000000 0.27143543634135325338 0.00000000000000000000
1.5700000000 0.26933683642133338099 0.00000000000000000000
1.5800000000 0.26728177599081254234 0.00000000000000000000
1.5900000000 0.26526911153000387600 0.00000000000000000000
1.6000000000 0.26329773429477787428 0.00000000000000000000
1.6100000000 0.26136656914377592864 0.00000000000000000000
1.6200000000 0.25947457340820756500 0.00000000000000000000
1.6300000000 0.25762073580272309981 0.00000000000000000000
1.6400000000 0.25580407537576388410 0.00000000000000000000
1.6500000000 0.25402364049786596567 0.00000000000000000000
1.6600000000 0.25227850788650896252 0.00000000000000000000
1.6700000000 0.25056778166604848357 0.00000000000000000000
1.6800000000 0.24889059246145880944 0.00000000000000000000
1.6900000000 0.24724609652454176967 0.00000000000000000000
1.7000000000 0.24563347489138684376 0.00000000000000000000
1.7100000000 0.24405193256992313566 0.00000000000000000000
1.7200000000 0.24250069775635765823 0.00000000000000000000
1.7300000000 0.24097902107947877237 0.00000000000000000000
1.7400000000 0.23948617487170528739 0.00000000000000000000
1.7500000000 0.23802145246592035233 0.00000000000000000000
1.7600000000 0.23658416751709823722 0.00000000000000000000
1.7700000000 0.23517365334778650432 0.00000000000000000000
1.7800000000 0.23378926231655924872 0.00000000000000000000
1.7900000000 0.23243036520858098570 0.00000000000000000000
1.8000000000 0.23109635064744038502 0.00000000000000000000
1.8100000000 0.22978662452747988798 0.00000000000000000000
1.8200000000 0.22850060946584396793 0.00000000000000000000
1.8300000000 0.22723774427350429406 0.00000000000000000000
1.8400000000 0.22599748344460146576 0.00000000000000000000
1.8500000000 0.22477929666334925396 0.00000000000000000000
1.8600000000 0.22358266832794207457 0.00000000000000000000
1.8700000000 0.22240709709075484612 0.00000000000000000000
1.8800000000 0.22125209541430215787 0.00000000000000000000
1.8900000000 0.22011718914233341371 0.00000000000000000000
1.9000000000 0.21900191708553068404 0.00000000000000000000
1.9100000000 0.21790583062126861469 0.00000000000000000000
1.9200000000 0.21682849330693290679 0.00000000000000000000
1.9300000000 0.21576948050628438902 0.00000000000000000000
1.9400000000 0.21472837902841279689 0.00000000000000000000
1.9500000000 0.21370478677881790674 0.00000000000000000000
1.9600000000 0.21269831242217268619 0.00000000000000000000
1.9700000000 0.21170857505635823359 0.00000000000000000000
1.9800000000 0.21073520389736605241 0.00000000000000000000
1.9900000000 0.20977783797465016091 0.00000000000000000000
2.0000000000 0.20883612583659347250 0.00000000000000000000
2.0100000000 0.20790972526570580814 0.00000000000000000000
2.0200000000 0.20699830300319474463 0.00000000000000000000
2.0300000000 0.20610153448261386844 0.00000000000000000000
2.0400000000 0.20521910357221359589 0.00000000000000000000
2.0500000000 0.20435070232573748772 0.00000000000000000000
2.0600000000 0.20349603074132976976 0.00000000000000000000
2.0700000000 0.20265479652828802259 0.00000000000000000000
2.0800000000 0.20182671488137080007 0.00000000000000000000
2.0900000000 0.20101150826240571368 0.00000000000000000000
2.1000000000 0.20020890618893813495 0.00000000000000000000
2.1100000000 0.19941864502968220663 0.00000000000000000000
2.1200000000 0.19864046780651328783 0.00000000000000000000
2.1300000000 0.19787412400280862679 0.00000000000000000000
2.1400000000 0.19711936937788784863 0.00000000000000000000
2.1500000000 0.19637596578736107866 0.00000000000000000000
2.1600000000 0.19564368100916459947 0.00000000000000000000
2.1700000000 0.19492228857510271456 0.00000000000000000000
2.1800000000 0.19421156760770263983 0.00000000000000000000
2.1900000000 0.19351130266218879994 0.00000000000000000000
2.2000000000 0.19282128357342542824 0.00000000000000000000
2.2100000000 0.19214130530762868476 0.00000000000000000000
2.2200000000 0.19147116781871484359 0.00000000000000000000
2.2300000000 0.19081067590910907872 0.00000000000000000000
2.2400000000 0.19015963909486563455 0.00000000000000000000
2.2500000000 0.18951787147496154673 0.00000000000000000000
2.2600000000 0.18888519160462033386 0.00000000000000000000
2.2700000000 0.18826142237252585510 0.00000000000000000000
2.2800000000 0.18764639088179743687 0.00000000000000000000
2.2900000000 0.18703992833461341450 0.00000000000000000000
2.3000000000 0.18644186992033856543 0.00000000000000000000
2.3100000000 0.18585205470705273845 0.00000000000000000000
2.3200000000 0.18527032553638070334 0.00000000000000000000
2.3300000000 0.18469652892147711554 0.00000000000000000000
2.3400000000 0.18413051494810889208 0.00000000000000000000
2.3500000000 0.18357213717868803293 0.00000000000000000000
2.3600000000 0.18302125255919635127 0.00000000000000000000
2.3700000000 0.18247772132887937757 0.00000000000000000000
2.3800000000 0.18194140693263888275 0.00000000000000000000
2.3900000000 0.18141217593602460001 0.00000000000000000000
2.4000000000 0.18088989794273599432 0.00000000000000000000
2.4100000000 0.18037444551457759712 0.00000000000000000000
2.4200000000 0.17986569409375474660 0.00000000000000000000
2.4300000000 0.17936352192746130019 0.00000000000000000000
2.4400000000 0.17886780999467313813 0.00000000000000000000
2.4500000000 0.17837844193507942925 0.00000000000000000000
2.4600000000 0.17789530398007902257 0.00000000000000000000
2.4700000000 0.17741828488578934020 0.00000000000000000000
2.4800000000 0.17694727586798603136 0.00000000000000000000
2.4900000000 0.17648217053892220618 0.00000000000000000000
2.5000000000 0.17602286484597434724 0.00000000000000000000
2.5100000000 0.17556925701203859869 0.00000000000000000000
2.5200000000 0.17512124747763696542 0.00000000000000000000
2.5300000000 0.17467873884467943757 0.00000000000000000000
2.5400000000 0.17424163582182211618 0.00000000000000000000
2.5500000000 0.17380984517137662571 0.00000000000000000000
2.5600000000 0.17338327565772468364 0.00000000000000000000
2.5700000000 0.17296183799718306551 0.00000000000000000000
2.5800000000 0.17254544480928482586 0.00000000000000000000
2.5900000000 0.17213401056942387313 0.00000000000000000000
2.6000000000 0.17172745156282326340 0.00000000000000000000
2.6100000000 0.17132568583979335131 0.00000000000000000000
2.6200000000 0.17092863317222592445 0.00000000000000000000
2.6300000000 0.17053621501130439286 0.00000000000000000000
2.6400000000 0.17014835444637432804 0.00000000000000000000
2.6500000000 0.16976497616495631049 0.00000000000000000000
2.6600000000 0.16938600641385487267 0.00000000000000000000
2.6700000000 0.16901137296133206256 0.00000000000000000000
2.6800000000 0.16864100506031942661 0.00000000000000000000
2.6900000000 0.16827483341263077543 0.00000000000000000000
2.7000000000 0.16791279013414822652 0.00000000000000000000
2.7100000000 0.16755480872095213085 0.00000000000000000000
2.7200000000 0.16720082401636712777 0.00000000000000000000
2.7300000000 0.16685077217889804357 0.00000000000000000000
2.7400000000 0.16650459065102113376 0.00000000000000000000
2.7500000000 0.16616221812882450704 0.00000000000000000000
2.7600000000 0.16582359453244582825 0.00000000000000000000
2.7700000000 0.16548866097730652314 0.00000000000000000000
2.7800000000 0.16515735974611189807 0.00000000000000000000
2.7900000000 0.16482963426158597775 0.00000000000000000000
2.8000000000 0.16450542905993328913 0.00000000000000000000
2.8100000000 0.16418468976499708822 0.00000000000000000000
2.8200000000 0.16386736306309857003 0.00000000000000000000
2.8300000000 0.16355339667853388552 0.00000000000000000000
2.8400000000 0.16324273934971125777 0.00000000000000000000
2.8500000000 0.16293534080591262625 0.00000000000000000000
2.8600000000 0.16263115174465550550 0.00000000000000000000
2.8700000000 0.16233012380964284560 0.00000000000000000000
2.8800000000 0.16203220956928551799 0.00000000000000000000
2.8900000000 0.16173736249577294610 0.00000000000000000000
2.9000000000 0.16144553694468530280 0.00000000000000000000
2.9100000000 0.16115668813512698532 0.00000000000000000000
2.9200000000 0.16087077213036723999 0.00000000000000000000
2.9300000000 0.16058774581897514167 0.00000000000000000000
2.9400000000 0.16030756689643271828 0.00000000000000000000
2.9500000000 0.16003019384721384188 0.00000000000000000000
2.9600000000 0.15975558592731778362 0.00000000000000000000
2.9700000000 0.15948370314723869789 0.00000000000000000000
2.9800000000 0.15921450625536937018 0.00000000000000000000
2.9900000000 0.15894795672181391555 0.00000000000000000000
3.0000000000 0.15868401672260915025 0.00000000000000000000
3.0100000000 0.15842264912433934310 0.00000000000000000000
3.0200000000 0.15816381746912805406 0.00000000000000000000
3.0300000000 0.15790748596000911408 0.00000000000000000000
3.0400000000 0.15765361944665315375 0.00000000000000000000
3.0500000000 0.15740218341144887604 0.00000000000000000000
3.0600000000 0.15715314395592516750 0.00000000000000000000
3.0700000000 0.15690646778750572121 0.00000000000000000000
3.0800000000 0.15666212220658753962 0.00000000000000000000
3.0900000000 0.15642007509393479614 0.00000000000000000000
3.1000000000 0.15618029489837756407 0.00000000000000000000
3.1100000000 0.15594275062481025018 0.00000000000000000000
3.1200000000 0.15570741182247771484 0.00000000000000000000
3.1300000000 0.15547424857354688599 0.00000000000000000000
3.1400000000 0.15524323148194993371 0.00000000000000000000
3.1500000000 0.15501433166249495299 0.00000000000000000000
3.1600000000 0.15478752073023979707 0.00000000000000000000
3.1700000000 0.15456277079011593312 0.00000000000000000000
3.1800000000 0.15434005442679912812 0.00000000000000000000
3.1900000000 0.15411934469482299614 0.00000000000000000000
3.2000000000 0.15390061510892219521 0.00000000000000000000
3.2100000000 0.15368383963460552355 0.00000000000000000000
3.2200000000 0.15346899267895086627 0.00000000000000000000
3.2300000000 0.15325604908161458151 0.00000000000000000000
3.2400000000 0.15304498410605138492 0.00000000000000000000
3.2500000000 0.15283577343093851519 0.00000000000000000000
3.2600000000 0.15262839314180057237 0.00000000000000000000
3.2700000000 0.15242281972282656355 0.00000000000000000000
3.2800000000 0.15221903004887885058 0.00000000000000000000
3.2900000000 0.15201700137768145438 0.00000000000000000000
3.3000000000 0.15181671134219362762 0.00000000000000000000
3.3100000000 0.15161813794315479043 0.00000000000000000000
3.3200000000 0.15142125954179885827 0.00000000000000000000
3.3300000000 0.15122605485273935000 0.00000000000000000000
3.3400000000 0.15103250293701162010 0.00000000000000000000
3.3500000000 0.15084058319527504644 0.00000000000000000000
3.3600000000 0.15065027536116712414 0.00000000000000000000
3.3700000000 0.15046155949481102021 0.00000000000000000000
3.3800000000 0.15027441597646540306 0.00000000000000000000
3.3900000000 0.15008882550031754644 0.00000000000000000000
3.4000000000 0.14990476906841679328 0.00000000000000000000
3.4100000000 0.14972222798474218997 0.00000000000000000000
3.4200000000 0.14954118384940162656 0.00000000000000000000
3.4300000000 0.14936161855296054002 0.00000000000000000000
3.4400000000 0.14918351427089532324 0.00000000000000000000
3.4500000000 0.14900685345817027416 0.00000000000000000000
3.4600000000 0.14883161884393217300 0.00000000000000000000
3.4700000000 0.14865779342632226556 0.00000000000000000000
3.4800000000 0.14848536046740226646 0.00000000000000000000
3.4900000000 0.14831430348818949727 0.00000000000000000000
3.5000000000 0.14814460626380229757 0.00000000000000000000
3.5100000000 0.14797625281870774305 0.00000000000000000000
3.5200000000 0.14780922742207577847 0.00000000000000000000
3.5300000000 0.14764351458323057842 0.00000000000000000000
3.5400000000 0.14747909904720171714 0.00000000000000000000
3.5500000000 0.14731596579036929096 0.00000000000000000000
3.5600000000 0.14715410001620538027 0.00000000000000000000
3.5700000000 0.14699348715110149843 0.00000000000000000000
3.5800000000 0.14683411284028921595 0.00000000000000000000
3.5900000000 0.14667596294384566136 0.00000000000000000000
3.6000000000 0.14651902353278398183 0.00000000000000000000
3.6100000000 0.14636328088522584934 0.00000000000000000000
3.6200000000 0.14620872148265448565 0.00000000000000000000
3.6300000000 0.14605533200624779000 0.00000000000000000000
3.6400000000 0.14590309933328735048 0.00000000000000000000
3.6500000000 0.14575201053364186810 0.00000000000000000000
3.6600000000 0.14560205286632466049 0.00000000000000000000
3.6700000000 0.14545321377612319136 0.00000000000000000000
3.6800000000 0.14530548089029737824 0.00000000000000000000
3.6900000000 0.14515884201534645648 0.00000000000000000000
3.7000000000 0.14501328513384295626 0.00000000000000000000
3.7100000000 0.14486879840133112807 0.00000000000000000000
3.7200000000 0.14472537014329003857 0.00000000000000000000
3.7300000000 0.14458298885215700724 0.00000000000000000000
3.7400000000 0.14444164318441443662 0.00000000000000000000
3.7500000000 0.14430132195773198722 0.00000000000000000000
3.7600000000 0.14416201414817136905 0.00000000000000000000
3.7700000000 0.14402370888744345234 0.00000000000000000000
3.7800000000 0.14388639546022399807 0.00000000000000000000
3.7900000000 0.14375006330152101386 0.00000000000000000000
3.8000000000 0.14361470199409656634 0.00000000000000000000
3.8100000000 0.14348030126594005229 0.00000000000000000000
3.8200000000 0.14334685098778968126 0.00000000000000000000
3.8300000000 0.14321434117070744318 0.00000000000000000000
3.8400000000 0.14308276196369837385 0.00000000000000000000
3.8500000000 0.14295210365137900332 0.00000000000000000000
3.8600000000 0.14282235665169112915 0.00000000000000000000
3.8700000000 0.14269351151366124753 0.00000000000000000000
3.8800000000 0.14256555891520331092 0.00000000000000000000
3.8900000000 0.14243848966096539499 0.00000000000000000000
3.9000000000 0.14231229468021677764 0.00000000000000000000
3.9100000000 0.14218696502477878862 0.00000000000000000000
3.9200000000 0.14206249186699354548 0.00000000000000000000
3.9300000000 0.14193886649773360120 0.00000000000000000000
3.9400000000 0.14181608032444895096 0.00000000000000000000
3.9500000000 0.14169412486925236916 0.00000000000000000000
3.9600000000 0.14157299176704188359 0.00000000000000000000
3.9700000000 0.14145267276365811049 0.00000000000000000000
3.9800000000 0.14133315971407914291 0.00000000000000000000
3.9900000000 0.14121444458064580374 0.00000000000000000000
4.0000000000 0.14109651943132600627 0.00000000000000000000
4.0100000000 0.14097937643800759200 0.00000000000000000000
4.0200000000 0.14086300787482564090 0.00000000000000000000
4.0300000000 0.14074740611652136746 0.00000000000000000000
4.0400000000 0.14063256363683038219 0.00000000000000000000
4.0500000000 0.14051847300690420428 0.00000000000000000000
4.0600000000 0.14040512689375775346 0.00000000000000000000
4.0700000000 0.14029251805874895509 0.00000000000000000000
4.0800000000 0.14018063935608424120 0.00000000000000000000
4.0900000000 0.14006948373135444386 0.00000000000000000000
4.1000000000 0.13995904422009480816 0.00000000000000000000
4.1100000000 0.13984931394637431512 0.00000000000000000000
4.1200000000 0.13974028612140967920 0.00000000000000000000
4.1300000000 0.13963195404220488105 0.00000000000000000000
4.1400000000 0.13952431109021598554 0.00000000000000000000
4.1500000000 0.13941735073004085654 0.00000000000000000000
4.1600000000 0.13931106650813152026 0.00000000000000000000
4.1700000000 0.13920545205153109225 0.00000000000000000000
4.1800000000 0.13910050106663351954 0.00000000000000000000
4.1900000000 0.13899620733796513861 0.00000000000000000000
4.2000000000 0.13889256472698879863 0.00000000000000000000
4.2100000000 0.13878956717092982842 0.00000000000000000000
4.2200000000 0.13868720868162234816 0.00000000000000000000
4.2300000000 0.13858548334437673089 0.00000000000000000000
4.2400000000 0.13848438531686727004 0.00000000000000000000
4.2500000000 0.13838390882803947024 0.00000000000000000000
4.2600000000 0.13828404817703746077 0.00000000000000000000
4.2700000000 0.13818479773214964457 0.00000000000000000000
4.2800000000 0.13808615192977299890 0.00000000000000000000
4.2900000000 0.13798810527339694376 0.00000000000000000000
4.3000000000 0.13789065233260353049 0.00000000000000000000
4.3100000000 0.13779378774208544955 0.00000000000000000000
4.3200000000 0.13769750620068288427 0.00000000000000000000
4.3300000000 0.13760180247043488078 0.00000000000000000000
4.3400000000 0.13750667137564856479 0.00000000000000000000
4.3500000000 0.13741210780198498398 0.00000000000000000000
4.3600000000 0.13731810669555941096 0.00000000000000000000
4.3700000000 0.13722466306205824416 0.00000000000000000000
4.3800000000 0.13713177196587078566 0.00000000000000000000
4.3900000000 0.13703942852923645113 0.00000000000000000000
4.4000000000 0.13694762793140574653 0.00000000000000000000
4.4100000000 0.13685636540781637160 0.00000000000000000000
4.4200000000 0.13676563624928295138 0.00000000000000000000
4.4300000000 0.13667543580120114499 0.00000000000000000000
4.4400000000 0.13658575946276454993 0.00000000000000000000
4.4500000000 0.13649660268619553949 0.00000000000000000000
4.4600000000 0.13640796097598850700 0.00000000000000000000
4.4700000000 0.13631982988816629399 0.00000000000000000000
4.4800000000 0.13623220502954969113 0.00000000000000000000
4.4900000000 0.13614508205703745869 0.00000000000000000000
4.5000000000 0.13605845667690005807 0.00000000000000000000
4.5100000000 0.13597232464408526287 0.00000000000000000000
4.5200000000 0.13588668176153334555 0.00000000000000000000
4.5300000000 0.13580152387950650272 0.00000000000000000000
4.5400000000 0.13571684689492657938 0.00000000000000000000
4.5500000000 0.13563264675072606025 0.00000000000000000000
4.5600000000 0.13554891943520852582 0.00000000000000000000
4.5700000000 0.13546566098141971102 0.00000000000000000000
4.5800000000 0.13538286746652938852 0.00000000000000000000
4.5900000000 0.13530053501122291104 0.00000000000000000000
4.6000000000 0.13521865977910280110 0.00000000000000000000
4.6100000000 0.13513723797610055488 0.00000000000000000000
4.6200000000 0.13505626584989707806 0.00000000000000000000
4.6300000000 0.13497573968935344668 0.00000000000000000000
4.6400000000 0.13489565582395074417 0.00000000000000000000
4.6500000000 0.13481601062323797513 0.00000000000000000000
4.6600000000 0.13473680049629005451 0.00000000000000000000
4.6700000000 0.13465802189117387355 0.00000000000000000000
4.6800000000 0.13457967129442399701 0.00000000000000000000
4.6900000000 0.13450174523052363385 0.00000000000000000000
4.7000000000 0.13442424026139881965 0.00000000000000000000
4.7100000000 0.13434715298591592969 0.00000000000000000000
4.7200000000 0.13427048003938968357 0.00000000000000000000
4.7300000000 0.13419421809309917126 0.00000000000000000000
4.7400000000 0.13411836385380943026 0.00000000000000000000
4.7500000000 0.13404291406330287595 0.00000000000000000000
4.7600000000 0.13396786549791694920 0.00000000000000000000
4.7700000000 0.13389321496808867518 0.00000000000000000000
4.7800000000 0.13381895931790760423 0.00000000000000000000
4.7900000000 0.13374509542467427625 0.00000000000000000000
4.8000000000 0.13367162019846634546 0.00000000000000000000
4.8100000000 0.13359853058171214379 0.00000000000000000000
4.8200000000 0.13352582354876910142 0.00000000000000000000
4.8300000000 0.13345349610550977237 0.00000000000000000000
4.8400000000 0.13338154528891457695 0.00000000000000000000
4.8500000000 0.13330996816667017857 0.00000000000000000000
4.8600000000 0.13323876183677374474 0.00000000000000000000
4.8700000000 0.13316792342714439679 0.00000000000000000000
4.8800000000 0.13309745009523918369 0.00000000000000000000
4.8900000000 0.13302733902767632790 0.00000000000000000000
4.9000000000 0.13295758743986293982 0.00000000000000000000
4.9100000000 0.13288819257562939358 0.00000000000000000000
4.9200000000 0.13281915170686811600 0.00000000000000000000
4.9300000000 0.13275046213317953647 0.00000000000000000000
4.9400000000 0.13268212118152120094 0.00000000000000000000
4.9500000000 0.13261412620586382483 0.00000000000000000000
4.9600000000 0.13254647458685189787 0.00000000000000000000
4.9700000000 0.13247916373146975677 0.00000000000000000000
4.9800000000 0.13241219107271182120 0.00000000000000000000
4.9900000000 0.13234555406925788135 0.00000000000000000000
5.0000000000 0.13227925020515465815 0.00000000000000000000
