0.1000000000 3.33626746767670390170 0.00000000000000000000
0.1100000000 3.21037506825353657902 0.00000000000000000000
0.1200000000 3.08909961156147527817 0.00000000000000000000
0.1300000000 2.97251642077153910293 0.00000000000000000000
0.1400000000 2.86065639433166429839 0.00000000000000000000
0.1500000000 2.75350810524911970845 0.00000000000000000000
0.1600000000 2.65102117388078450944 0.00000000000000000000
0.1700000000 2.55311062806751376542 0.00000000000000000000
0.1800000000 2.45966192704552222281 0.00000000000000000000
0.1900000000 2.37053632252450752205 0.00000000000000000000
0.2000000000 2.28557625658439134142 0.00000000000000000000
0.2100000000 2.20461054345836870993 0.00000000000000000000
0.2200000000 2.12745914156233517645 0.00000000000000000000
0.2300000000 2.05393738461044517152 0.00000000000000000000
0.2400000000 1.98385959938251299484 0.00000000000000000000
0.2500000000 1.91704208801522502092 0.00000000000000000000
0.2600000000 1.85330549217333051537 0.00000000000000000000
0.2700000000 1.79247658460776615463 0.00000000000000000000
0.2800000000 1.73438955126559490871 0.00000000000000000000
0.2900000000 1.67888683592358955998 0.00000000000000000000
0.3000000000 1.62581962124664469727 0.00000000000000000000
0.3100000000 1.57504801719116405145 0.00000000000000000000
0.3200000000 1.52644102152949967532 0.00000000000000000000
0.3300000000 1.47987630938993763863 0.00000000000000000000
0.3400000000 1.43523990016661140423 0.00000000000000000000
0.3500000000 1.39242574171217459167 0.00000000000000000000
0.3600000000 1.35133524386884684709 0.00000000000000000000
0.3700000000 1.31187678639378413337 0.00000000000000000000
0.3800000000 1.27396522031002978892 0.00000000000000000000
0.3900000000 1.23752137667540607069 0.00000000000000000000
0.4000000000 1.20247159265195868727 0.00000000000000000000
0.4100000000 1.16874726148373442314 0.00000000000000000000
0.4200000000 1.13628441043941763589 0.00000000000000000000
0.4300000000 1.10502330883470056833 0.00000000000000000000
0.4400000000 1.07490810680898452034 0.00000000000000000000
0.4500000000 1.04588650449444409141 0.00000000000000000000
0.4600000000 1.01790945049774750331 0.00000000000000000000
0.4700000000 0.99093086814401254436 0.00000000000000000000
0.4800000000 0.96490740764966020926 0.00000000000000000000
0.4900000000 0.93979822224754705484 0.00000000000000000000
0.5000000000 0.91556476624602434189 0.00000000000000000000
0.5100000000 0.89217061303343347944 0.00000000000000000000
0.5200000000 0.86958129111763826646 0.00000000000000000000
0.5300000000 0.84776413639964509628 0.00000000000000000000
0.5400000000 0.82668815900741676739 0.00000000000000000000
0.5500000000 0.80632392315162992880 0.00000000000000000000
0.5600000000 0.78664343860244601014 0.00000000000000000000
0.5700000000 0.76762006252060388523 0.00000000000000000000
0.5800000000 0.74922841050423460985 0.00000000000000000000
0.5900000000 0.73144427583295623663 0.00000000000000000000
0.6000000000 0.71424455600171610214 0.00000000000000000000
0.6100000000 0.69760718573851487889 0.00000000000000000000
0.6200000000 0.68151107579183001217 0.00000000000000000000
0.6300000000 0.66593605685672729866 0.00000000000000000000
0.6400000000 0.65086282808232875929 0.00000000000000000000
0.6500000000 0.63627290966949812123 0.00000000000000000000
0.6600000000 0.62214859912596665037 0.00000000000000000000
0.6700000000 0.60847293079788411507 0.00000000000000000000
0.6800000000 0.59522963834225062207 0.00000000000000000000
0.6900000000 0.58240311984485237939 0.00000000000000000000
0.7000000000 0.56997840532349874909 0.00000000000000000000
0.7100000000 0.55794112638716097941 0.00000000000000000000
0.7200000000 0.54627748784865282072 0.00000000000000000000
0.7300000000 0.53497424111213565112 0.00000000000000000000
0.7400000000 0.52401865917737577849 0.00000000000000000000
0.7500000000 0.51339851312076734136 0.00000000000000000000
0.7600000000 0.50310204992891072173 0.00000000000000000000
0.7700000000 0.49311797157432341043 0.00000000000000000000
0.7800000000 0.48343541523494276690 0.00000000000000000000
0.7900000000 0.47404393456965776554 0.00000000000000000000
0.8000000000 0.46493348197127160049 0.00000000000000000000
0.8100000000 0.45609439172646815130 0.00000000000000000000
0.8200000000 0.44751736401938646548 0.00000000000000000000
0.8300000000 0.43919344972169693797 0.00000000000000000000
0.8400000000 0.43111403591751706887 0.00000000000000000000
0.8500000000 0.42327083211624350056 0.00000000000000000000
0.8600000000 0.41565585711090191623 0.00000000000000000000
0.8700000000 0.40826142644285323691 0.00000000000000000000
0.8800000000 0.40108014043778822399 0.00000000000000000000
0.8900000000 0.39410487277991729238 0.00000000000000000000
0.9000000000 0.38732875959493945350 0.00000000000000000000
0.9100000000 0.38074518901368858970 0.00000000000000000000
0.9200000000 0.37434779119143213322 0.00000000000000000000
0.9300000000 0.36813042875850554569 0.00000000000000000000
0.9400000000 0.36208718768105346841 0.00000000000000000000
0.9500000000 0.35621236851096593767 0.00000000000000000000
0.9600000000 0.35050047800556843880 0.00000000000000000000
0.9700000000 0.34494622110021722072 0.00000000000000000000
0.9800000000 0.33954449321592111710 0.00000000000000000000
0.9900000000 0.33429037288689950058 0.00000000000000000000
1.0000000000 0.32917911469285804360 0.00000000000000000000
1.0100000000 0.32420614248326623530 0.00000000000000000000
1.0200000000 0.31936704287820127934 0.00000000000000000000
1.0300000000 0.31465755903494291301 0.00000000000000000000
1.0400000000 0.31007358466902135152 0.00000000000000000000
1.0500000000 0.30561115831683138833 0.00000000000000000000
1.0600000000 0.30126645783064387452 0.00000000000000000000
1.0700000000 0.29703579509524752345 0.00000000000000000000
1.0800000000 0.29291561095697410400 0.00000000000000000000
1.0900000000 0.28890247035600341574 0.00000000000000000000
1.1000000000 0.28499305765316862438 0.00000000000000000000
1.1100000000 0.28118417214319857411 0.00000000000000000000
1.1200000000 0.27747272374631781755 0.00000000000000000000
1.1300000000 0.27385572887101333750 0.00000000000000000000
1.1400000000 0.27033030644053718250 0.00000000000000000000
1.1500000000 0.26689367407650788078 0.00000000000000000000
1.1600000000 0.26354314443299808879 0.00000000000000000000
1.1700000000 0.26027612167497887752 0.00000000000000000000
1.1800000000 0.25709009809499494548 0.00000000000000000000
1.1900000000 0.25398265086260291001 0.00000000000000000000
1.2000000000 0.25095143890092869166 0.00000000000000000000
1.2100000000 0.24799419988528551007 0.00000000000000000000
1.2200000000 0.24510874735874932373 0.00000000000000000000
1.2300000000 0.24229296796000726610 0.00000000000000000000
1.2400000000 0.23954481875888702924 0.00000000000000000000
1.2500000000 0.23686232469514786891 0.00000000000000000000
1.2600000000 0.23424357611643564780 0.00000000000000000000
1.2700000000 0.23168672641131080048 0.00000000000000000000
1.2800000000 0.22918998973351878412 0.00000000000000000000
1.2900000000 0.22675163881389528986 0.00000000000000000000
1.3000000000 0.22437000285625391394 0.00000000000000000000
1.3100000000 0.22204346551400955256 0.00000000000000000000
1.3200000000 0.21977046294417412753 0.00000000000000000000
1.3300000000 0.21754948193573922510 0.00000000000000000000
1.3400000000 0.21537905810935126238 0.00000000000000000000
1.3500000000 0.21325777418553745757 0.00000000000000000000
1.3600000000 0.21118425831866655118 0.00000000000000000000
1.3700000000 0.20915718249405951257 0.00000000000000000000
1.3800000000 0.20717526098574062798 0.00000000000000000000
1.3900000000 0.20523724887239494508 0.00000000000000000000
1.4000000000 0.20334194060924917768 0.00000000000000000000
1.4100000000 0.20148816865364044260 0.00000000000000000000
1.4200000000 0.19967480214214924916 0.00000000000000000000
1.4300000000 0.19790074561727902247 0.00000000000000000000
1.4400000000 0.19616493780170146666 0.00000000000000000000
1.4500000000 0.19446635041820475864 0.00000000000000000000
1.4600000000 0.19280398705355644706 0.00000000000000000000
1.4700000000 0.19117688206454389044 0.00000000000000000000
1.4800000000 0.18958409952453691982 0.00000000000000000000
1.4900000000 0.18802473220899090789 0.00000000000000000000
1.5000000000 0.18649790061838081301 0.00000000000000000000
1.5100000000 0.18500275203707566840 0.00000000000000000000
1.5200000000 0.18353845962677445280 0.00000000000000000000
1.5300000000 0.18210422155316885462 0.00000000000000000000
1.5400000000 0.18069926014450524154 0.00000000000000000000
1.5500000000 0.17932282108084571237 0.00000000000000000000
1.5600000000 0.17797417261282563739 0.00000000000000000000
1.5700000000 0.17665260480876240901 0.00000000000000000000
1.5800000000 0.17535742882903354589 0.00000000000000000000
1.5900000000 0.17408797622666769001 0.00000000000000000000
1.6000000000 0.17284359827313350300 0.00000000000000000000
1.6100000000 0.17162366530838510381 0.00000000000000000000
1.6200000000 0.17042756611419912494 0.00000000000000000000
1.6300000000 0.16925470730994754409 0.00000000000000000000
1.6400000000 0.16810451276992355307 0.00000000000000000000
1.6500000000 0.16697642306142082558 0.00000000000000000000
1.6600000000 0.16586989490275558246 0.00000000000000000000
1.6700000000 0.16478440064050625669 0.00000000000000000000
1.6800000000 0.16371942774519698816 0.00000000000000000000
1.6900000000 0.16267447832478057479 0.00000000000000000000
1.7000000000 0.16164906865521155854 0.00000000000000000000
1.7100000000 0.16064272872747792364 0.00000000000000000000
1.7200000000 0.15965500181048172812 0.00000000000000000000
1.7300000000 0.15868544402915496505 0.00000000000000000000
1.7400000000 0.15773362395726656104 0.00000000000000000000
1.7500000000 0.15679912222435174463 0.00000000000000000000
1.7600000000 0.15588153113624236834 0.00000000000000000000
1.7700000000 0.15498045430870108219 0.00000000000000000000
1.7800000000 0.15409550631366045192 0.00000000000000000000
1.7900000000 0.15322631233761338510 0.00000000000000000000
1.8000000000 0.15237250785169415002 0.00000000000000000000
1.8100000000 0.15153373829303140585 0.00000000000000000000
1.8200000000 0.15070965875694708469 0.00000000000000000000
1.8300000000 0.14989993369961340797 0.00000000000000000000
1.8400000000 0.14910423665077496280 0.00000000000000000000
1.8500000000 0.14832224993617984521 0.00000000000000000000
1.8600000000 0.14755366440935632766 0.00000000000000000000
1.8700000000 0.14679817919239843138 0.00000000000000000000
1.8800000000 0.14605550142544279635 0.00000000000000000000
1.8900000000 0.14532534602449861949 0.00000000000000000000
1.9000000000 0.14460743544735962796 0.00000000000000000000
1.9100000000 0.14390149946728342245 0.00000000000000000000
1.9200000000 0.14320727495416904484 0.00000000000000000000
1.9300000000 0.14252450566296584467 0.00000000000000000000
1.9400000000 0.14185294202904563665 0.00000000000000000000
1.9500000000 0.14119234097030133879 0.00000000000000000000
1.9600000000 0.14054246569572592662 0.00000000000000000000
1.9700000000 0.13990308552023816846 0.00000000000000000000
1.9800000000 0.13927397568554739093 0.00000000000000000000
1.9900000000 0.13865491718682720901 0.00000000000000000000
2.0000000000 0.13804569660500551342 0.00000000000000000000
2.0100000000 0.13744610594447051466 0.00000000000000000000
2.0200000000 0.13685594247599364159 0.00000000000000000000
2.0300000000 0.13627500858470839584 0.00000000000000000000
2.0400000000 0.13570311162294143581 0.00000000000000000000
2.0500000000 0.13514006376775014595 0.00000000000000000000
2.0600000000 0.13458568188298816737 0.00000000000000000000
2.0700000000 0.13403978738575322849 0.00000000000000000000
2.0800000000 0.13350220611705540530 0.00000000000000000000
2.0900000000 0.13297276821656583978 0.00000000000000000000
2.1000000000 0.13245130800131224569 0.00000000000000000000
2.1100000000 0.13193766384816801862 0.00000000000000000000
2.1200000000 0.13143167808002637065 0.00000000000000000000
2.1300000000 0.13093319685551677023 0.00000000000000000000
2.1400000000 0.13044207006215408073 0.00000000000000000000
2.1500000000 0.12995815121279777338 0.00000000000000000000
2.1600000000 0.12948129734531285684 0.00000000000000000000
2.1700000000 0.12901136892532333311 0.00000000000000000000
2.1800000000 0.12854822975194976631 0.00000000000000000000
2.1900000000 0.12809174686644281271 0.00000000000000000000
2.2000000000 0.12764179046359847014 0.00000000000000000000
2.2100000000 0.12719823380587899631 0.00000000000000000000
2.2200000000 0.12676095314013852144 0.00000000000000000000
2.2300000000 0.12632982761686711859 0.00000000000000000000
2.2400000000 0.12590473921188116702 0.00000000000000000000
2.2500000000 0.12548557265036280883 0.00000000000000000000
2.2600000000 0.12507221533318235718 0.00000000000000000000
2.2700000000 0.12466455726542712001 0.00000000000000000000
2.2800000000 0.12426249098706021456 0.00000000000000000000
2.2900000000 0.12386591150564213448 0.00000000000000000000
2.3000000000 0.12347471623104948335 0.00000000000000000000
2.3100000000 0.12308880491212471908 0.00000000000000000000
2.3200000000 0.12270807957519047626 0.00000000000000000000
2.3300000000 0.12233244446437641084 0.00000000000000000000
2.3400000000 0.12196180598368999703 0.00000000000000000000
2.3500000000 0.12159607264078578504 0.00000000000000000000
2.3600000000 0.12123515499236978132 0.00000000000000000000
2.3700000000 0.12087896559118965767 0.00000000000000000000
2.3800000000 0.12052741893456521416 0.00000000000000000000
2.3900000000 0.12018043141439951893 0.00000000000000000000
2.4000000000 0.11983792126863539174 0.00000000000000000000
2.4100000000 0.11949980853410085979 0.00000000000000000000
2.4200000000 0.11916601500071030695 0.00000000000000000000
2.4300000000 0.11883646416696574954 0.00000000000000000000
2.4400000000 0.11851108119673361974 0.00000000000000000000
2.4500000000 0.11818979287724054594 0.00000000000000000000
2.4600000000 0.11787252757826208183 0.00000000000000000000
2.4700000000 0.11755921521246248673 0.00000000000000000000
2.4800000000 0.11724978719684760187 0.00000000000000000000
2.4900000000 0.11694417641530470420 0.00000000000000000000
2.5000000000 0.11664231718218273648 0.00000000000000000000
2.5100000000 0.11634414520689437267 0.00000000000000000000
2.5200000000 0.11604959755949975642 0.00000000000000000000
2.5300000000 0.11575861263724454564 0.00000000000000000000
2.5400000000 0.11547113013202242593 0.00000000000000000000
2.5500000000 0.11518709099873759849 0.00000000000000000000
2.5600000000 0.11490643742453339471 0.00000000000000000000
2.5700000000 0.11462911279886564553 0.00000000000000000000
2.5800000000 0.11435506168439378560 0.00000000000000000000
2.5900000000 0.11408422978866546160 0.00000000000000000000
2.6000000000 0.11381656393657012261 0.00000000000000000000
2.6100000000 0.11355201204353920774 0.00000000000000000000
2.6200000000 0.11329052308946924166 0.00000000000000000000
2.6300000000 0.11303204709334870037 0.00000000000000000000
2.6400000000 0.11277653508856598508 0.00000000000000000000
2.6500000000 0.11252393909887771495 0.00000000000000000000
2.6600000000 0.11227421211502044973 0.00000000000000000000
2.6700000000 0.11202730807194417884 0.00000000000000000000
2.6800000000 0.11178318182664941094 0.00000000000000000000
2.6900000000 0.11154178913661420836 0.00000000000000000000
2.7000000000 0.11130308663878625552 0.00000000000000000000
2.7100000000 0.11106703182913231498 0.00000000000000000000
2.7200000000 0.11083358304272186712 0.00000000000000000000
2.7300000000 0.11060269943433287398 0.00000000000000000000
2.7400000000 0.11037434095956420721 0.00000000000000000000
2.7500000000 0.11014846835643839207 0.00000000000000000000
2.7600000000 0.10992504312748363482 0.00000000000000000000
2.7700000000 0.10970402752227870202 0.00000000000000000000
2.7800000000 0.10948538452044699609 0.00000000000000000000
2.7900000000 0.10926907781509147266 0.00000000000000000000
2.8000000000 0.10905507179665147044 0.00000000000000000000
2.8100000000 0.10884333153717423714 0.00000000000000000000
2.8200000000 0.10863382277498818962 0.00000000000000000000
2.8300000000 0.10842651189976475201 0.00000000000000000000
2.8400000000 0.10822136593796072290 0.00000000000000000000
2.8500000000 0.10801835253862829278 0.00000000000000000000
2.8600000000 0.10781743995958342763 0.00000000000000000000
2.8700000000 0.10761859705392215480 0.00000000000000000000
2.8800000000 0.10742179325687510605 0.00000000000000000000
2.8900000000 0.10722699857299189397 0.00000000000000000000
2.9000000000 0.10703418356364412245 0.00000000000000000000
2.9100000000 0.10684331933483957877 0.00000000000000000000
2.9200000000 0.10665437752534048799 0.00000000000000000000
2.9300000000 0.10646733029507335355 0.00000000000000000000
2.9400000000 0.10628215031382620692 0.00000000000000000000
2.9500000000 0.10609881075022520314 0.00000000000000000000
2.9600000000 0.10591728526097887730 0.00000000000000000000
2.9700000000 0.10573754798038798031 0.00000000000000000000
2.9800000000 0.10555957351011167888 0.00000000000000000000
2.9900000000 0.10538333690917961460 0.00000000000000000000
3.0000000000 0.10520881368425216706 0.00000000000000000000
3.0100000000 0.10503597978010968672 0.00000000000000000000
3.0200000000 0.10486481157037699785 0.00000000000000000000
3.0300000000 0.10469528584846835018 0.00000000000000000000
3.0400000000 0.10452737981875140361 0.00000000000000000000
3.0500000000 0.10436107108792040676 0.00000000000000000000
3.0600000000 0.10419633765657827784 0.00000000000000000000
3.0700000000 0.10403315791101749865 0.00000000000000000000
3.0800000000 0.10387151061519710182 0.00000000000000000000
3.0900000000 0.10371137490290775751 0.00000000000000000000
3.1000000000 0.10355273027012584786 0.00000000000000000000
3.1100000000 0.10339555656754337298 0.00000000000000000000
3.1200000000 0.10323983399327640864 0.00000000000000000000
3.1300000000 0.10308554308574306713 0.00000000000000000000
3.1400000000 0.10293266471670835249 0.00000000000000000000
3.1500000000 0.10278118008449120546 0.00000000000000000000
3.1600000000 0.10263107070732956083 0.00000000000000000000
3.1700000000 0.10248231841689775523 0.00000000000000000000
3.1800000000 0.10233490535197710403 0.00000000000000000000
3.1900000000 0.10218881395226887820 0.00000000000000000000
3.2000000000 0.10204402695235198495 0.00000000000000000000
3.2100000000 0.10190052737577762199 0.00000000000000000000
3.2200000000 0.10175829852930100283 0.00000000000000000000
3.2300000000 0.10161732399724325571 0.00000000000000000000
3.2400000000 0.10147758763598088705 0.00000000000000000000
3.2500000000 0.10133907356856269866 0.00000000000000000000
3.2600000000 0.10120176617944640074 0.00000000000000000000
3.2700000000 0.10106565010935551763 0.00000000000000000000
3.2800000000 0.10093071025025122933 0.00000000000000000000
3.2900000000 0.10079693174041703951 0.00000000000000000000
3.3000000000 0.10066429995965432698 0.00000000000000000000
3.3100000000 0.10053280052458499205 0.00000000000000000000
3.3200000000 0.10040241928405796434 0.00000000000000000000
3.3300000000 0.10027314231465904448 0.00000000000000000000
3.3400000000 0.10014495591631927818 0.00000000000000000000
3.3500000000 0.10001784660802094662 0.00000000000000000000
3.3600000000 0.09989180112359763442 0.00000000000000000000
3.3700000000 0.09976680640762815300 0.00000000000000000000
3.3800000000 0.09964284961141858799 0.00000000000000000000
3.3900000000 0.09951991808907284520 0.00000000000000000000
3.4000000000 0.09939799939365061288 0.00000000000000000000
3.4100000000 0.09927708127340596767 0.00000000000000000000
3.4200000000 0.09915715166811078785 0.00000000000000000000
3.4300000000 0.09903819870545486903 0.00000000000000000000
3.4400000000 0.09892021069752550411 0.00000000000000000000
3.4500000000 0.09880317613736334936 0.00000000000000000000
3.4600000000 0.09868708369559017757 0.00000000000000000000
3.4700000000 0.09857192221711100211 0.00000000000000000000
3.4800000000 0.09845768071788552067 0.00000000000000000000
3.4900000000 0.09834434838176882299 0.00000000000000000000
3.5000000000 0.09823191455741865641 0.00000000000000000000
3.5100000000 0.09812036875526981838 0.00000000000000000000
3.5200000000 0.09800970064457013853 0.00000000000000000000
3.5300000000 0.09789990005048158916 0.00000000000000000000
3.5400000000 0.09779095695124048748 0.00000000000000000000
3.5500000000 0.09768286147537826036 0.00000000000000000000
3.5600000000 0.09757560389899978814 0.00000000000000000000
3.5700000000 0.09746917464311925794 0.00000000000000000000
3.5800000000 0.09736356427105102851 0.00000000000000000000
3.5900000000 0.09725876348585502096 0.00000000000000000000
3.6000000000 0.09715476312783467849 0.00000000000000000000
3.6100000000 0.09705155417208700952 0.00000000000000000000
3.6200000000 0.09694912772610254914 0.00000000000000000000
3.6300000000 0.09684747502741596070 0.00000000000000000000
3.6400000000 0.09674658744130293364 0.00000000000000000000
3.6500000000 0.09664645645852631972 0.00000000000000000000
3.6600000000 0.09654707369312612308 0.00000000000000000000
3.6700000000 0.09644843088025650824 0.00000000000000000000
3.6800000000 0.09635051987406520468 0.00000000000000000000
3.6900000000 0.09625333264561643232 0.00000000000000000000
3.7000000000 0.09615686128085595974 0.00000000000000000000
3.7100000000 0.09606109797861747679 0.00000000000000000000
3.7200000000 0.09596603504866763057 0.00000000000000000000
3.7300000000 0.09587166490979165401 0.00000000000000000000
3.7400000000 0.09577798008791682527 0.00000000000000000000
3.7500000000 0.09568497321427353597 0.00000000000000000000
3.7600000000 0.09559263702359228898 0.00000000000000000000
3.7700000000 0.09550096435233750014 0.00000000000000000000
3.7800000000 0.09540994813697512011 0.00000000000000000000
3.7900000000 0.09531958141227610259 0.00000000000000000000
3.8000000000 0.09522985730965102813 0.00000000000000000000
3.8100000000 0.09514076905551965835 0.00000000000000000000
3.8200000000 0.09505230996971066049 0.00000000000000000000
3.8300000000 0.09496447346389443045 0.00000000000000000000
3.8400000000 0.09487725304004492044 0.00000000000000000000
3.8500000000 0.09479064228893169242 0.00000000000000000000
3.8600000000 0.09470463488864211410 0.00000000000000000000
3.8700000000 0.09461922460313139382 0.00000000000000000000
3.8800000000 0.09453440528080053751 0.00000000000000000000
3.8900000000 0.09445017085310189464 0.00000000000000000000
3.9000000000 0.09436651533317197416 0.00000000000000000000
3.9100000000 0.09428343281448965663 0.00000000000000000000
3.9200000000 0.09420091746956057999 0.00000000000000000000
3.9300000000 0.09411896354862640812 0.00000000000000000000
3.9400000000 0.09403756537839869090 0.00000000000000000000
3.9500000000 0.09395671736081641356 0.00000000000000000000
3.9600000000 0.09387641397182823477 0.00000000000000000000
3.9700000000 0.09379664976019608247 0.00000000000000000000
3.9800000000 0.09371741934632260573 0.00000000000000000000
3.9900000000 0.09363871742109962371 0.00000000000000000000
4.0000000000 0.09356053874477929244 0.00000000000000000000
4.0100000000 0.09348287814586526967 0.00000000000000000000
4.0200000000 0.09340573052002522358 0.00000000000000000000
4.0300000000 0.09332909082902353382 0.00000000000000000000
4.0400000000 0.09325295409967303273 0.00000000000000000000
4.0500000000 0.09317731542280786872 0.00000000000000000000
4.0600000000 0.09310216995227291181 0.00000000000000000000
4.0700000000 0.09302751290393426742 0.00000000000000000000
4.0800000000 0.09295333955470594378 0.00000000000000000000
4.0900000000 0.09287964524159610102 0.00000000000000000000
4.1000000000 0.09280642536076866289 0.00000000000000000000
4.1100000000 0.09273367536662445454 0.00000000000000000000
4.1200000000 0.09266139077089706466 0.00000000000000000000
4.1300000000 0.09258956714176619363 0.00000000000000000000
4.1400000000 0.09251820010298653085 0.00000000000000000000
4.1500000000 0.09244728533303307738 0.00000000000000000000
4.1600000000 0.09237681856426065152 0.00000000000000000000
4.1700000000 0.09230679558208008950 0.00000000000000000000
4.1800000000 0.09223721222414740795 0.00000000000000000000
4.1900000000 0.09216806437956939768 0.00000000000000000000
4.2000000000 0.09209934798812136059 0.00000000000000000000
4.2100000000 0.09203105903948095856 0.00000000000000000000
4.2200000000 0.09196319357247367821 0.00000000000000000000
4.2300000000 0.09189574767433268676 0.00000000000000000000
4.2400000000 0.09182871747997213563 0.00000000000000000000
4.2500000000 0.09176209917127149673 0.00000000000000000000
4.2600000000 0.09169588897637523384 0.00000000000000000000
4.2700000000 0.09163008316900214667 0.00000000000000000000
4.2800000000 0.09156467806776837082 0.00000000000000000000
4.2900000000 0.09149967003552127165 0.00000000000000000000
4.3000000000 0.09143505547868614747 0.00000000000000000000
4.3100000000 0.09137083084662284138 0.00000000000000000000
4.3200000000 0.09130699263099426033 0.00000000000000000000
4.3300000000 0.09124353736514592694 0.00000000000000000000
4.3400000000 0.09118046162349603689 0.00000000000000000000
4.3500000000 0.09111776202093604948 0.00000000000000000000
4.3600000000 0.09105543521224104819 0.00000000000000000000
4.3700000000 0.09099347789149125898 0.00000000000000000000
4.3800000000 0.09093188679150251974 0.00000000000000000000
4.3900000000 0.09087065868326717200 0.00000000000000000000
4.4000000000 0.09080979037540320986 0.00000000000000000000
4.4100000000 0.09074927871361490594 0.00000000000000000000
4.4200000000 0.09068912058016014022 0.00000000000000000000
4.4300000000 0.09062931289332866458 0.00000000000000000000
4.4400000000 0.09056985260692786144 0.00000000000000000000
4.4500000000 0.09051073670977767549 0.00000000000000000000
4.4600000000 0.09045196222521477425 0.00000000000000000000
4.4700000000 0.09039352621060293969 0.00000000000000000000
4.4800000000 0.09033542575685370168 0.00000000000000000000
4.4900000000 0.09027765798795409080 0.00000000000000000000
4.5000000000 0.09022022006050177401 0.00000000000000000000
4.5100000000 0.09016310916324885016 0.00000000000000000000
4.5200000000 0.09010632251665294523 0.00000000000000000000
4.5300000000 0.09004985737243444144 0.00000000000000000000
4.5400000000 0.08999371101314307397 0.00000000000000000000
4.5500000000 0.08993788075173030083 0.00000000000000000000
4.5600000000 0.08988236393112827849 0.00000000000000000000
4.5700000000 0.08982715792383749731 0.00000000000000000000
4.5800000000 0.08977226013151896888 0.00000000000000000000
4.5900000000 0.08971766798459505921 0.00000000000000000000
4.6000000000 0.08966337894185490154 0.00000000000000000000
4.6100000000 0.08960939049006762247 0.00000000000000000000
4.6200000000 0.08955570014360127173 0.00000000000000000000
4.6300000000 0.08950230544404767785 0.00000000000000000000
4.6400000000 0.08944920395985381245 0.00000000000000000000
4.6500000000 0.08939639328595878898 0.00000000000000000000
4.6600000000 0.08934387104343610719 0.00000000000000000000
4.6700000000 0.08929163487914314190 0.00000000000000000000
4.6800000000 0.08923968246537450355 0.00000000000000000000
4.6900000000 0.08918801149952186591 0.00000000000000000000
4.7000000000 0.08913661970373892851 0.00000000000000000000
4.7100000000 0.08908550482461168041 0.00000000000000000000
4.7200000000 0.08903466463283407628 0.00000000000000000000
4.7300000000 0.08898409692288809791 0.00000000000000000000
4.7400000000 0.08893379951272975537 0.00000000000000000000
4.7500000000 0.08888377024347965394 0.00000000000000000000
4.7600000000 0.08883400697911805755 0.00000000000000000000
4.7700000000 0.08878450760618497584 0.00000000000000000000
4.7800000000 0.08873527003348508080 0.00000000000000000000
4.7900000000 0.08868629219179692547 0.00000000000000000000
4.8000000000 0.08863757203358699210 0.00000000000000000000
4.8100000000 0.08858910753272726535 0.00000000000000000000
4.8200000000 0.08854089668421868953 0.00000000000000000000
4.8300000000 0.08849293750391738766 0.00000000000000000000
4.8400000000 0.08844522802826572383 0.00000000000000000000
4.8500000000 0.08839776631402784801 0.00000000000000000000
4.8600000000 0.08835055043802848840 0.00000000000000000000
4.8700000000 0.08830357849689621230 0.00000000000000000000
4.8800000000 0.08825684860681037858 0.00000000000000000000
4.8900000000 0.08821035890325223949 0.00000000000000000000
4.9000000000 0.08816410754075935940 0.00000000000000000000
4.9100000000 0.08811809269268421063 0.00000000000000000000
4.9200000000 0.08807231255095575306 0.00000000000000000000
4.9300000000 0.08802676532584544078 0.00000000000000000000
4.9400000000 0.08798144924573614301 0.00000000000000000000
4.9500000000 0.08793636255689434023 0.00000000000000000000
4.9600000000 0.08789150352324666404 0.00000000000000000000
4.9700000000 0.08784687042615857422 0.00000000000000000000
4.9800000000 0.08780246156421722681 0.00000000000000000000
4.9900000000 0.08775827525301697907 0.00000000000000000000
5.0000000000 0.08771430982494841933 0.00000000000000000000
