0.1000000000 1.09194409544587478500 0.00000000000000000000
0.1100000000 1.06518213167997344293 0.00000000000000000000
0.1200000000 1.03893030311742307070 0.00000000000000000000
0.1300000000 1.01319180102615868933 0.00000000000000000000
0.1400000000 0.98796896456570926226 0.00000000000000000000
0.1500000000 0.96326329897162121796 0.00000000000000000000
0.1600000000 0.93907549732064132808 0.00000000000000000000
0.1700000000 0.91540546555009993934 0.00000000000000000000
0.1800000000 0.89225235038708083923 0.00000000000000000000
0.1900000000 0.86961456983112683794 0.00000000000000000000
0.2000000000 0.84748984582824216094 0.00000000000000000000
0.2100000000 0.82587523877348301138 0.00000000000000000000
0.2200000000 0.80476718348405962278 0.00000000000000000000
0.2300000000 0.78416152629409319186 0.00000000000000000000
0.2400000000 0.76405356293542880941 0.00000000000000000000
0.2500000000 0.74443807688563545799 0.00000000000000000000
0.2600000000 0.72530937788385974052 0.00000000000000000000
0.2700000000 0.70666134033700989114 0.00000000000000000000
0.2800000000 0.68848744136217487899 0.00000000000000000000
0.2900000000 0.67078079823573066864 0.00000000000000000000
0.3000000000 0.65353420504467751861 0.00000000000000000000
0.3100000000 0.63674016836098534800 0.00000000000000000000
0.3200000000 0.62039094178460785223 0.00000000000000000000
0.3300000000 0.60447855922508686444 0.00000000000000000000
0.3400000000 0.58899486681493029572 0.00000000000000000000
0.3500000000 0.57393155337000834049 0.00000000000000000000
0.3600000000 0.55928017933289753127 0.00000000000000000000
0.3700000000 0.54503220415421060885 0.00000000000000000000
0.3800000000 0.53117901208448325967 0.00000000000000000000
0.3900000000 0.51771193636499679425 0.00000000000000000000
0.4000000000 0.50462228182008406208 0.00000000000000000000
0.4100000000 0.49190134586593087240 0.00000000000000000000
0.4200000000 0.47954043796175133130 0.00000000000000000000
0.4300000000 0.46753089753851428956 0.00000000000000000000
0.4400000000 0.45586411044823516026 0.00000000000000000000
0.4500000000 0.44453152398328632522 0.00000000000000000000
0.4600000000 0.43352466052037774702 0.00000000000000000000
0.4700000000 0.42283512984785254218 0.00000000000000000000
0.4800000000 0.41245464023791972297 0.00000000000000000000
0.4900000000 0.40237500832742972845 0.00000000000000000000
0.5000000000 0.39258816787200323528 0.00000000000000000000
0.5100000000 0.38308617743872913630 0.00000000000000000000
0.5200000000 0.37386122710246277867 0.00000000000000000000
0.5300000000 0.36490564421001392414 0.00000000000000000000
0.5400000000 0.35621189827528199068 0.00000000000000000000
0.5500000000 0.34777260506684232189 0.00000000000000000000
0.5600000000 0.33958052994757137455 0.00000000000000000000
0.5700000000 0.33162859052374310531 0.00000000000000000000
0.5800000000 0.32390985865874871719 0.00000000000000000000
0.5900000000 0.31641756190404718430 0.00000000000000000000
0.6000000000 0.30914508439748444868 0.00000000000000000000
0.6100000000 0.30208596727642844648 0.00000000000000000000
0.6200000000 0.29523390865058307675 0.00000000000000000000
0.6300000000 0.28858276317669706579 0.00000000000000000000
0.6400000000 0.28212654127479891430 0.00000000000000000000
0.6500000000 0.27585940802303138275 0.00000000000000000000
0.6600000000 0.26977568176570781988 0.00000000000000000000
0.6700000000 0.26386983246678236137 0.00000000000000000000
0.6800000000 0.25813647983864729252 0.00000000000000000000
0.6900000000 0.25257039127392855171 0.00000000000000000000
0.7000000000 0.24716647960587229127 0.00000000000000000000
0.7100000000 0.24191980072087113096 0.00000000000000000000
0.7200000000 0.23682555104480457198 0.00000000000000000000
0.7300000000 0.23187906492305315753 0.00000000000000000000
0.7400000000 0.22707581191238365714 0.00000000000000000000
0.7500000000 0.22241139400124823600 0.00000000000000000000
0.7600000000 0.21788154277366270084 0.00000000000000000000
0.7700000000 0.21348211653032292401 0.00000000000000000000
0.7800000000 0.20920909737940437956 0.00000000000000000000
0.7900000000 0.20505858830826412254 0.00000000000000000000
0.8000000000 0.20102681024612231719 0.00000000000000000000
0.8100000000 0.19711009912681629053 0.00000000000000000000
0.8200000000 0.19330490295969351977 0.00000000000000000000
0.8300000000 0.18960777891592392463 0.00000000000000000000
0.8400000000 0.18601539043658263384 0.00000000000000000000
0.8500000000 0.18252450436822342805 0.00000000000000000000
0.8600000000 0.17913198813086225747 0.00000000000000000000
0.8700000000 0.17583480692279351842 0.00000000000000000000
0.8800000000 0.17263002096592974799 0.00000000000000000000
0.8900000000 0.16951478279499374024 0.00000000000000000000
0.9000000000 0.16648633459327635831 0.00000000000000000000
0.9100000000 0.16354200557732645471 0.00000000000000000000
0.9200000000 0.16067920943249364152 0.00000000000000000000
0.9300000000 0.15789544180093811887 0.00000000000000000000
0.9400000000 0.15518827782332864085 0.00000000000000000000
0.9500000000 0.15255536973520436583 0.00000000000000000000
0.9600000000 0.14999444451873247819 0.00000000000000000000
0.9700000000 0.14750330161028124554 0.00000000000000000000
0.9800000000 0.14507981066409328386 0.00000000000000000000
0.9900000000 0.14272190937209705552 0.00000000000000000000
1.0000000000 0.14042760133981815884 0.00000000000000000000
1.0100000000 0.13819495401803352785 0.00000000000000000000
1.0200000000 0.13602209668981182777 0.00000000000000000000
1.0300000000 0.13390721851259804187 0.00000000000000000000
1.0400000000 0.13184856661441959891 0.00000000000000000000
1.0500000000 0.12984444424381338945 0.00000000000000000000
1.0600000000 0.12789320897253375620 0.00000000000000000000
1.0700000000 0.12599327095029633217 0.00000000000000000000
1.0800000000 0.12414309121058904328 0.00000000000000000000
1.0900000000 0.12234118002665740621 0.00000000000000000000
1.1000000000 0.12058609531666504566 0.00000000000000000000
1.1100000000 0.11887644109703707218 0.00000000000000000000
1.1200000000 0.11721086598289640057 0.00000000000000000000
1.1300000000 0.11558806173460953182 0.00000000000000000000
1.1400000000 0.11400676184930304269 0.00000000000000000000
1.1500000000 0.11246574019631157271 0.00000000000000000000
1.1600000000 0.11096380969544920869 0.00000000000000000000
1.1700000000 0.10949982103703034819 0.00000000000000000000
1.1800000000 0.10807266144254015772 0.00000000000000000000
1.1900000000 0.10668125346488201155 0.00000000000000000000
1.2000000000 0.10532455382713364067 0.00000000000000000000
1.2100000000 0.10400155229873107865 0.00000000000000000000
1.2200000000 0.10271127060805143594 0.00000000000000000000
1.2300000000 0.10145276139033156115 0.00000000000000000000
1.2400000000 0.10022510716992517887 0.00000000000000000000
1.2500000000 0.09902741937586795329 0.00000000000000000000
1.2600000000 0.09785883738977850521 0.00000000000000000000
1.2700000000 0.09671852762512027357 0.00000000000000000000
1.2800000000 0.09560568263687067858 0.00000000000000000000
1.2900000000 0.09451952026066451351 0.00000000000000000000
1.3000000000 0.09345928278050714966 0.00000000000000000000
1.3100000000 0.09242423612416289513 0.00000000000000000000
1.3200000000 0.09141366908534966085 0.00000000000000000000
1.3300000000 0.09042689257189079344 0.00000000000000000000
1.3400000000 0.08946323887900085869 0.00000000000000000000
1.3500000000 0.08852206098689469060 0.00000000000000000000
1.3600000000 0.08760273188194052374 0.00000000000000000000
1.3700000000 0.08670464390058908732 0.00000000000000000000
1.3800000000 0.08582720809534226392 0.00000000000000000000
1.3900000000 0.08496985362202934267 0.00000000000000000000
1.4000000000 0.08413202714770622037 0.00000000000000000000
1.4100000000 0.08331319227847816533 0.00000000000000000000
1.4200000000 0.08251282900660229791 0.00000000000000000000
1.4300000000 0.08173043317621356274 0.00000000000000000000
1.4400000000 0.08096551596706656750 0.00000000000000000000
1.4500000000 0.08021760339567875209 0.00000000000000000000
1.4600000000 0.07948623583329468556 0.00000000000000000000
1.4700000000 0.07877096754011052304 0.00000000000000000000
1.4800000000 0.07807136621519951414 0.00000000000000000000
1.4900000000 0.07738701256161520381 0.00000000000000000000
1.5000000000 0.07671749986615498951 0.00000000000000000000
1.5100000000 0.07606243359328880571 0.00000000000000000000
1.5200000000 0.07542143099276384099 0.00000000000000000000
1.5300000000 0.07479412072043191417 0.00000000000000000000
1.5400000000 0.07418014247183293830 0.00000000000000000000
1.5500000000 0.07357914662811199102 0.00000000000000000000
1.5600000000 0.07299079391384143134 0.00000000000000000000
1.5700000000 0.07241475506634015291 0.00000000000000000000
1.5800000000 0.07185071051609862036 0.00000000000000000000
1.5900000000 0.07129835007792728607 0.00000000000000000000
1.6000000000 0.07075737265246108409 0.00000000000000000000
1.6100000000 0.07022748593766181546 0.00000000000000000000
1.6200000000 0.06970840614997948770 0.00000000000000000000
1.6300000000 0.06919985775483480928 0.00000000000000000000
1.6400000000 0.06870157320610903451 0.00000000000000000000
1.6500000000 0.06821329269432256648 0.00000000000000000000
1.6600000000 0.06773476390321338247 0.00000000000000000000
1.6700000000 0.06726574177441783930 0.00000000000000000000
1.6800000000 0.06680598827998032729 0.00000000000000000000
1.6900000000 0.06635527220242042057 0.00000000000000000000
1.7000000000 0.06591336892209564979 0.00000000000000000000
1.7100000000 0.06548006021161520418 0.00000000000000000000
1.7200000000 0.06505513403705419362 0.00000000000000000000
1.7300000000 0.06463838436573980661 0.00000000000000000000
1.7400000000 0.06422961098038443284 0.00000000000000000000
1.7500000000 0.06382861929934127709 0.00000000000000000000
1.7600000000 0.06343522020278132001 0.00000000000000000000
1.7700000000 0.06304922986458154355 0.00000000000000000000
1.7800000000 0.06267046958973095105 0.00000000000000000000
1.7900000000 0.06229876565706557456 0.00000000000000000000
1.8000000000 0.06193394916715078136 0.00000000000000000000
1.8100000000 0.06157585589513184243 0.00000000000000000000
1.8200000000 0.06122432614838838744 0.00000000000000000000
1.8300000000 0.06087920462881982187 0.00000000000000000000
1.8400000000 0.06054034029961475466 0.00000000000000000000
1.8500000000 0.06020758625634129585 0.00000000000000000000
1.8600000000 0.05988079960221921044 0.00000000000000000000
1.8700000000 0.05955984132742495052 0.00000000000000000000
1.8800000000 0.05924457619229698407 0.00000000000000000000
1.8900000000 0.05893487261430777752 0.00000000000000000000
1.9000000000 0.05863060255867442311 0.00000000000000000000
1.9100000000 0.05833164143248345535 0.00000000000000000000
1.9200000000 0.05803786798221263754 0.00000000000000000000
1.9300000000 0.05774916419453570565 0.00000000000000000000
1.9400000000 0.05746541520029570249 0.00000000000000000000
1.9500000000 0.05718650918154354057 0.00000000000000000000
1.9600000000 0.05691233728153736321 0.00000000000000000000
1.9700000000 0.05664279351760161119 0.00000000000000000000
1.9800000000 0.05637777469675340353 0.00000000000000000000
1.9900000000 0.05611718033399885203 0.00000000000000000000
2.0000000000 0.05586091257321364884 0.00000000000000000000
2.0100000000 0.05560887611051931051 0.00000000000000000000
2.0200000000 0.05536097812007260283 0.00000000000000000000
2.0300000000 0.05511712818218784254 0.00000000000000000000
2.0400000000 0.05487723821371288252 0.00000000000000000000
2.0500000000 0.05464122240058617852 0.00000000000000000000
2.0600000000 0.05440899713250023362 0.00000000000000000000
2.0700000000 0.05418048093960346062 0.00000000000000000000
2.0800000000 0.05395559443117083770 0.00000000000000000000
2.0900000000 0.05373426023618163572 0.00000000000000000000
2.1000000000 0.05351640294573582757 0.00000000000000000000
2.1100000000 0.05330194905725652021 0.00000000000000000000
2.1200000000 0.05309082692041001972 0.00000000000000000000
2.1300000000 0.05288296668469618517 0.00000000000000000000
2.1400000000 0.05267830024864782190 0.00000000000000000000
2.1500000000 0.05247676121059019483 0.00000000000000000000
2.1600000000 0.05227828482090727397 0.00000000000000000000
2.1700000000 0.05208280793576797879 0.00000000000000000000
2.1800000000 0.05189026897226158008 0.00000000000000000000
2.1900000000 0.05170060786490009858 0.00000000000000000000
2.2000000000 0.05151376602344069633 0.00000000000000000000
2.2100000000 0.05132968629198645522 0.00000000000000000000
2.2200000000 0.05114831290932262547 0.00000000000000000000
2.2300000000 0.05096959147045218574 0.00000000000000000000
2.2400000000 0.05079346888928715914 0.00000000000000000000
2.2500000000 0.05061989336246177501 0.00000000000000000000
2.2600000000 0.05044881433423056838 0.00000000000000000000
2.2700000000 0.05028018246241656303 0.00000000000000000000
2.2800000000 0.05011394958537603028 0.00000000000000000000
2.2900000000 0.04995006868994623928 0.00000000000000000000
2.3000000000 0.04978849388034726348 0.00000000000000000000
2.3100000000 0.04962918034800552214 0.00000000000000000000
2.3200000000 0.04947208434226962881 0.00000000000000000000
2.3300000000 0.04931716314199176970 0.00000000000000000000
2.3400000000 0.04916437502794550329 0.00000000000000000000
2.3500000000 0.04901367925605604192 0.00000000000000000000
2.3600000000 0.04886503603141258145 0.00000000000000000000
2.3700000000 0.04871840648304490151 0.00000000000000000000
2.3800000000 0.04857375263943358029 0.00000000000000000000
2.3900000000 0.04843103740473515828 0.00000000000000000000
2.4000000000 0.04829022453569829787 0.00000000000000000000
2.4100000000 0.04815127861924879682 0.00000000000000000000
2.4200000000 0.04801416505072435975 0.00000000000000000000
2.4300000000 0.04787885001273673585 0.00000000000000000000
2.4400000000 0.04774530045464359107 0.00000000000000000000
2.4500000000 0.04761348407261020710 0.00000000000000000000
2.4600000000 0.04748336929024209868 0.00000000000000000000
2.4700000000 0.04735492523977372081 0.00000000000000000000
2.4800000000 0.04722812174379210914 0.00000000000000000000
2.4900000000 0.04710292929748265828 0.00000000000000000000
2.5000000000 0.04697931905137831682 0.00000000000000000000
2.5100000000 0.04685726279459821036 0.00000000000000000000
2.5200000000 0.04673673293856063504 0.00000000000000000000
2.5300000000 0.04661770250115549602 0.00000000000000000000
2.5400000000 0.04650014509136243118 0.00000000000000000000
2.5500000000 0.04638403489430040910 0.00000000000000000000
2.5600000000 0.04626934665669735214 0.00000000000000000000
2.5700000000 0.04615605567276549054 0.00000000000000000000
2.5800000000 0.04604413777047004774 0.00000000000000000000
2.5900000000 0.04593356929818138285 0.00000000000000000000
2.6000000000 0.04582432711169660139 0.00000000000000000000
2.6100000000 0.04571638856162120457 0.00000000000000000000
2.6200000000 0.04560973148109893904 0.00000000000000000000
2.6300000000 0.04550433417388081991 0.00000000000000000000
2.6400000000 0.04540017540272126700 0.00000000000000000000
2.6500000000 0.04529723437809270864 0.00000000000000000000
2.6600000000 0.04519549074721030540 0.00000000000000000000
2.6700000000 0.04509492458335452592 0.00000000000000000000
2.6800000000 0.04499551637548619004 0.00000000000000000000
2.6900000000 0.04489724701814248875 0.00000000000000000000
2.7000000000 0.04480009780160847110 0.00000000000000000000
2.7100000000 0.04470405040235239658 0.00000000000000000000
2.7200000000 0.04460908687372094200 0.00000000000000000000
2.7300000000 0.04451518963688373687 0.00000000000000000000
2.7400000000 0.04442234147202148153 0.00000000000000000000
2.7500000000 0.04433052550975023764 0.00000000000000000000
2.7600000000 0.04423972522277477143 0.00000000000000000000
2.7700000000 0.04414992441776378895 0.00000000000000000000
2.7800000000 0.04406110722744257385 0.00000000000000000000
2.7900000000 0.04397325810289421516 0.00000000000000000000
2.8000000000 0.04388636180606488718 0.00000000000000000000
2.8100000000 0.04380040340246731806 0.00000000000000000000
2.8200000000 0.04371536825407579263 0.00000000000000000000
2.8300000000 0.04363124201240878297 0.00000000000000000000
2.8400000000 0.04354801061179187915 0.00000000000000000000
2.8500000000 0.04346566026279697487 0.00000000000000000000
2.8600000000 0.04338417744585345431 0.00000000000000000000
2.8700000000 0.04330354890502414317 0.00000000000000000000
2.8800000000 0.04322376164194421944 0.00000000000000000000
2.8900000000 0.04314480290991565270 0.00000000000000000000
2.9000000000 0.04306666020815570067 0.00000000000000000000
2.9100000000 0.04298932127619142785 0.00000000000000000000
2.9200000000 0.04291277408840066254 0.00000000000000000000
2.9300000000 0.04283700684869078124 0.00000000000000000000
2.9400000000 0.04276200798531486907 0.00000000000000000000
2.9500000000 0.04268776614581955287 0.00000000000000000000
2.9600000000 0.04261427019212117584 0.00000000000000000000
2.9700000000 0.04254150919570753170 0.00000000000000000000
2.9800000000 0.04246947243296020358 0.00000000000000000000
2.9900000000 0.04239814938059573157 0.00000000000000000000
3.0000000000 0.04232752971122145241 0.00000000000000000000
3.0100000000 0.04225760328900205615 0.00000000000000000000
3.0200000000 0.04218836016543660306 0.00000000000000000000
3.0300000000 0.04211979057523917297 0.00000000000000000000
3.0400000000 0.04205188493232296654 0.00000000000000000000
3.0500000000 0.04198463382588508985 0.00000000000000000000
3.0600000000 0.04191802801658651295 0.00000000000000000000
3.0700000000 0.04185205843282881200 0.00000000000000000000
3.0800000000 0.04178671616712059667 0.00000000000000000000
3.0900000000 0.04172199247253577381 0.00000000000000000000
3.1000000000 0.04165787875925588274 0.00000000000000000000
3.1100000000 0.04159436659120003404 0.00000000000000000000
3.1200000000 0.04153144768273445836 0.00000000000000000000
3.1300000000 0.04146911389546516225 0.00000000000000000000
3.1400000000 0.04140735723510534372 0.00000000000000000000
3.1500000000 0.04134616984842114790 0.00000000000000000000
3.1600000000 0.04128554402025076675 0.00000000000000000000
3.1700000000 0.04122547217059372576 0.00000000000000000000
3.1800000000 0.04116594685177308449 0.00000000000000000000
3.1900000000 0.04110696074566314723 0.00000000000000000000
3.2000000000 0.04104850666098494583 0.00000000000000000000
3.2100000000 0.04099057753066536608 0.00000000000000000000
3.2200000000 0.04093316640926058375 0.00000000000000000000
3.2300000000 0.04087626647043857836 0.00000000000000000000
3.2400000000 0.04081987100452307698 0.00000000000000000000
3.2500000000 0.04076397341609460517 0.00000000000000000000
3.2600000000 0.04070856722164804126 0.00000000000000000000
3.2700000000 0.04065364604730599407 0.00000000000000000000
3.2800000000 0.04059920362658457627 0.00000000000000000000
3.2900000000 0.04054523379821228790 0.00000000000000000000
3.3000000000 0.04049173050399956786 0.00000000000000000000
3.3100000000 0.04043868778675759751 0.00000000000000000000
3.3200000000 0.04038609978826580849 0.00000000000000000000
3.3300000000 0.04033396074728544389 0.00000000000000000000
3.3400000000 0.04028226499762062318 0.00000000000000000000
3.3500000000 0.04023100696622235878 0.00000000000000000000
3.3600000000 0.04018018117133706490 0.00000000000000000000
3.3700000000 0.04012978222069689405 0.00000000000000000000
3.3800000000 0.04007980480975174148 0.00000000000000000000
3.3900000000 0.04003024371994138436 0.00000000000000000000
3.4000000000 0.03998109381700693660 0.00000000000000000000
3.4100000000 0.03993235004934000965 0.00000000000000000000
3.4200000000 0.03988400744637028011 0.00000000000000000000
3.4300000000 0.03983606111698791835 0.00000000000000000000
3.4400000000 0.03978850624800295277 0.00000000000000000000
3.4500000000 0.03974133810263784372 0.00000000000000000000
3.4600000000 0.03969455201905473102 0.00000000000000000000
3.4700000000 0.03964814340891495426 0.00000000000000000000
3.4800000000 0.03960210775597055449 0.00000000000000000000
3.4900000000 0.03955644061468759076 0.00000000000000000000
3.5000000000 0.03951113760889891219 0.00000000000000000000
3.5100000000 0.03946619443048803716 0.00000000000000000000
3.5200000000 0.03942160683810017052 0.00000000000000000000
3.5300000000 0.03937737065588319679 0.00000000000000000000
3.5400000000 0.03933348177225527709 0.00000000000000000000
3.5500000000 0.03928993613869939672 0.00000000000000000000
3.5600000000 0.03924672976858444018 0.00000000000000000000
3.5700000000 0.03920385873601168331 0.00000000000000000000
3.5800000000 0.03916131917468610585 0.00000000000000000000
3.5900000000 0.03911910727681245509 0.00000000000000000000
3.6000000000 0.03907721929201449923 0.00000000000000000000
3.6100000000 0.03903565152627818530 0.00000000000000000000
3.6200000000 0.03899440034091689739 0.00000000000000000000
3.6300000000 0.03895346215155873204 0.00000000000000000000
3.6400000000 0.03891283342715588789 0.00000000000000000000
3.6500000000 0.03887251068901451112 0.00000000000000000000
3.6600000000 0.03883249050984573236 0.00000000000000000000
3.6700000000 0.03879276951283587571 0.00000000000000000000
3.6800000000 0.03875334437073698485 0.00000000000000000000
3.6900000000 0.03871421180497650050 0.00000000000000000000
3.7000000000 0.03867536858478454187 0.00000000000000000000
3.7100000000 0.03863681152634109578 0.00000000000000000000
3.7200000000 0.03859853749193931788 0.00000000000000000000
3.7300000000 0.03856054338916753421 0.00000000000000000000
3.7400000000 0.03852282617010718835 0.00000000000000000000
3.7500000000 0.03848538283054818432 0.00000000000000000000
3.7600000000 0.03844821040921991145 0.00000000000000000000
3.7700000000 0.03841130598703797888 0.00000000000000000000
3.7800000000 0.03837466668636708989 0.00000000000000000000
3.7900000000 0.03833828967029812018 0.00000000000000000000
3.8000000000 0.03830217214194047565 0.00000000000000000000
3.8100000000 0.03826631134372895232 0.00000000000000000000
3.8200000000 0.03823070455674393991 0.00000000000000000000
3.8300000000 0.03819534910004623862 0.00000000000000000000
3.8400000000 0.03816024233002483085 0.00000000000000000000
3.8500000000 0.03812538163975783684 0.00000000000000000000
3.8600000000 0.03809076445838603664 0.00000000000000000000
3.8700000000 0.03805638825049983964 0.00000000000000000000
3.8800000000 0.03802225051553721757 0.00000000000000000000
3.8900000000 0.03798834878719451608 0.00000000000000000000
3.9000000000 0.03795468063284893057 0.00000000000000000000
3.9100000000 0.03792124365299171657 0.00000000000000000000
3.9200000000 0.03788803548067347371 0.00000000000000000000
3.9300000000 0.03785505378095965073 0.00000000000000000000
3.9400000000 0.03782229625039723597 0.00000000000000000000
3.9500000000 0.03778976061649162027 0.00000000000000000000
3.9600000000 0.03775744463719370864 0.00000000000000000000
3.9700000000 0.03772534610039707942 0.00000000000000000000
3.9800000000 0.03769346282344480936 0.00000000000000000000
3.9900000000 0.03766179265264624904 0.00000000000000000000
4.0000000000 0.03763033346280235392 0.00000000000000000000
4.0100000000 0.03759908315674100054 0.00000000000000000000
4.0200000000 0.03756803966486070567 0.00000000000000000000
4.0300000000 0.03753720094468315088 0.00000000000000000000
4.0400000000 0.03750656498041474163 0.00000000000000000000
4.0500000000 0.03747612978251557009 0.00000000000000000000
4.0600000000 0.03744589338727758593 0.00000000000000000000
4.0700000000 0.03741585385641005984 0.00000000000000000000
4.0800000000 0.03738600927663343620 0.00000000000000000000
4.0900000000 0.03735635775928022873 0.00000000000000000000
4.1000000000 0.03732689743990385417 0.00000000000000000000
4.1100000000 0.03729762647789491153 0.00000000000000000000
4.1200000000 0.03726854305610405316 0.00000000000000000000
4.1300000000 0.03723964538047248168 0.00000000000000000000
4.1400000000 0.03721093167966921939 0.00000000000000000000
4.1500000000 0.03718240020473462942 0.00000000000000000000
4.1600000000 0.03715404922873129928 0.00000000000000000000
4.1700000000 0.03712587704640075287 0.00000000000000000000
4.1800000000 0.03709788197382665742 0.00000000000000000000
4.1900000000 0.03707006234810442807 0.00000000000000000000
4.2000000000 0.03704241652701662640 0.00000000000000000000
4.2100000000 0.03701494288871423621 0.00000000000000000000
4.2200000000 0.03698763983140410799 0.00000000000000000000
4.2300000000 0.03696050577304166307 0.00000000000000000000
4.2400000000 0.03693353915102948887 0.00000000000000000000
4.2500000000 0.03690673842192126325 0.00000000000000000000
4.2600000000 0.03688010206113073730 0.00000000000000000000
4.2700000000 0.03685362856264655373 0.00000000000000000000
4.2800000000 0.03682731643875151312 0.00000000000000000000
4.2900000000 0.03680116421974755081 0.00000000000000000000
4.3000000000 0.03677517045368486337 0.00000000000000000000
4.3100000000 0.03674933370609641259 0.00000000000000000000
4.3200000000 0.03672365255973701614 0.00000000000000000000
4.3300000000 0.03669812561432681669 0.00000000000000000000
4.3400000000 0.03667275148629969839 0.00000000000000000000
4.3500000000 0.03664752880855565859 0.00000000000000000000
4.3600000000 0.03662245623021780777 0.00000000000000000000
4.3700000000 0.03659753241639386590 0.00000000000000000000
4.3800000000 0.03657275604794094775 0.00000000000000000000
4.3900000000 0.03654812582123562192 0.00000000000000000000
4.4000000000 0.03652364044794701586 0.00000000000000000000
4.4100000000 0.03649929865481421620 0.00000000000000000000
4.4200000000 0.03647509918342774216 0.00000000000000000000
4.4300000000 0.03645104079001421776 0.00000000000000000000
4.4400000000 0.03642712224522530462 0.00000000000000000000
4.4500000000 0.03640334233392996527 0.00000000000000000000
4.4600000000 0.03637969985501030012 0.00000000000000000000
4.4700000000 0.03635619362116089548 0.00000000000000000000
4.4800000000 0.03633282245869160626 0.00000000000000000000
4.4900000000 0.03630958520733369027 0.00000000000000000000
4.5000000000 0.03628648072004916902 0.00000000000000000000
4.5100000000 0.03626350786284330413 0.00000000000000000000
4.5200000000 0.03624066551458079294 0.00000000000000000000
4.5300000000 0.03621795256680399727 0.00000000000000000000
4.5400000000 0.03619536792355535632 0.00000000000000000000
4.5500000000 0.03617291050120204077 0.00000000000000000000
4.5600000000 0.03615057922826364623 0.00000000000000000000
4.5700000000 0.03612837304524307153 0.00000000000000000000
4.5800000000 0.03610629090445974243 0.00000000000000000000
4.5900000000 0.03608433176988588148 0.00000000000000000000
4.6000000000 0.03606249461698567138 0.00000000000000000000
4.6100000000 0.03604077843255627106 0.00000000000000000000
4.6200000000 0.03601918221457251629 0.00000000000000000000
4.6300000000 0.03599770497203332031 0.00000000000000000000
4.6400000000 0.03597634572481097498 0.00000000000000000000
4.6500000000 0.03595510350350276940 0.00000000000000000000
4.6600000000 0.03593397734928509279 0.00000000000000000000
4.6700000000 0.03591296631376995202 0.00000000000000000000
4.6800000000 0.03589206945886362632 0.00000000000000000000
4.6900000000 0.03587128585662755637 0.00000000000000000000
4.7000000000 0.03585061458914208521 0.00000000000000000000
4.7100000000 0.03583005474837136495 0.00000000000000000000
4.7200000000 0.03580960543603133039 0.00000000000000000000
4.7300000000 0.03578926576345931726 0.00000000000000000000
4.7400000000 0.03576903485148578282 0.00000000000000000000
4.7500000000 0.03574891183030835112 0.00000000000000000000
4.7600000000 0.03572889583936740554 0.00000000000000000000
4.7700000000 0.03570898602722400589 0.00000000000000000000
4.7800000000 0.03568918155143960269 0.00000000000000000000
4.7900000000 0.03566948157845776374 0.00000000000000000000
4.8000000000 0.03564988528348730923 0.00000000000000000000
4.8100000000 0.03563039185038796575 0.00000000000000000000
4.8200000000 0.03561100047155724146 0.00000000000000000000
4.8300000000 0.03559171034781931364 0.00000000000000000000
4.8400000000 0.03557252068831565778 0.00000000000000000000
4.8500000000 0.03555343071039711311 0.00000000000000000000
4.8600000000 0.03553443963951812001 0.00000000000000000000
4.8700000000 0.03551554670913193573 0.00000000000000000000
4.8800000000 0.03549675116058807756 0.00000000000000000000
4.8900000000 0.03547805224303087618 0.00000000000000000000
4.9000000000 0.03545944921329985400 0.00000000000000000000
4.9100000000 0.03544094133583158140 0.00000000000000000000
4.9200000000 0.03542252788256283064 0.00000000000000000000
4.9300000000 0.03540420813283551987 0.00000000000000000000
4.9400000000 0.03538598137330285082 0.00000000000000000000
4.9500000000 0.03536784689783693814 0.00000000000000000000
4.9600000000 0.03534980400743784751 0.00000000000000000000
4.9700000000 0.03533185201014398674 0.00000000000000000000
4.9800000000 0.03531399022094392631 0.00000000000000000000
4.9900000000 0.03529621796168938563 0.00000000000000000000
5.0000000000 0.03527853456100947527 0.00000000000000000000
