0.1000000000 1.61748940282065190033 0.00000000000000000000
0.1100000000 1.57579676334961038542 0.00000000000000000000
0.1200000000 1.53496014889355247846 0.00000000000000000000
0.1300000000 1.49498366278535099738 0.00000000000000000000
0.1400000000 1.45586985581724581706 0.00000000000000000000
0.1500000000 1.41761976878382545131 0.00000000000000000000
0.1600000000 1.38023298199618316140 0.00000000000000000000
0.1700000000 1.34370767098441956655 0.00000000000000000000
0.1800000000 1.30804066757561199275 0.00000000000000000000
0.1900000000 1.27322752551986084768 0.00000000000000000000
0.2000000000 1.23926258983718518003 0.00000000000000000000
0.2100000000 1.20613906907160939319 0.00000000000000000000
0.2200000000 1.17384910966428557266 0.00000000000000000000
0.2300000000 1.14238387169329613791 0.00000000000000000000
0.2400000000 1.11173360527215758786 0.00000000000000000000
0.2500000000 1.08188772695019808090 0.00000000000000000000
0.2600000000 1.05283489551426234776 0.00000000000000000000
0.2700000000 1.02456308665086326393 0.00000000000000000000
0.2800000000 0.99705966598948181367 0.00000000000000000000
0.2900000000 0.97031146010981916827 0.00000000000000000000
0.3000000000 0.94430482515717839576 0.00000000000000000000
0.3100000000 0.91902571276981714909 0.00000000000000000000
0.3200000000 0.89445973307912318706 0.00000000000000000000
0.3300000000 0.87059221459723334924 0.00000000000000000000
0.3400000000 0.84740826085665854617 0.00000000000000000000
0.3500000000 0.82489280371227302613 0.00000000000000000000
0.3600000000 0.80303065325743705483 0.00000000000000000000
0.3700000000 0.78180654434300644873 0.00000000000000000000
0.3800000000 0.76120517972045387278 0.00000000000000000000
0.3900000000 0.74121126985852392455 0.00000000000000000000
0.4000000000 0.72180956950681884887 0.00000000000000000000
0.4100000000 0.70298491109974181601 0.00000000000000000000
0.4200000000 0.68472223511061081069 0.00000000000000000000
0.4300000000 0.66700661747870249041 0.00000000000000000000
0.4400000000 0.64982329424190754530 0.00000000000000000000
0.4500000000 0.63315768351477907938 0.00000000000000000000
0.4600000000 0.61699540495645943672 0.00000000000000000000
0.4700000000 0.60132229687548310881 0.00000000000000000000
0.4800000000 0.58612443111911005644 0.00000000000000000000
0.4900000000 0.57138812589395071573 0.00000000000000000000
0.5000000000 0.55709995666234146672 0.00000000000000000000
0.5100000000 0.54324676525562576312 0.00000000000000000000
0.5200000000 0.52981566734116536388 0.00000000000000000000
0.5300000000 0.51679405837504821530 0.00000000000000000000
0.5400000000 0.50416961816685557096 0.00000000000000000000
0.5500000000 0.49193031417706128972 0.00000000000000000000
0.5600000000 0.48006440366144154108 0.00000000000000000000
0.5700000000 0.46856043477057651714 0.00000000000000000000
0.5800000000 0.45740724670620147574 0.00000000000000000000
0.5900000000 0.44659396902980663668 0.00000000000000000000
0.6000000000 0.43611002021262396111 0.00000000000000000000
0.6100000000 0.42594510551007558341 0.00000000000000000000
0.6200000000 0.41608921423775468984 0.00000000000000000000
0.6300000000 0.40653261652034822227 0.00000000000000000000
0.6400000000 0.39726585957939680727 0.00000000000000000000
0.6500000000 0.38827976362053934212 0.00000000000000000000
0.6600000000 0.37956541737596283248 0.00000000000000000000
0.6700000000 0.37111417335302437914 0.00000000000000000000
0.6800000000 0.36291764283562677473 0.00000000000000000000
0.6900000000 0.35496769068077344000 0.00000000000000000000
0.7000000000 0.34725642994879146741 0.00000000000000000000
0.7100000000 0.33977621640215882604 0.00000000000000000000
0.7200000000 0.33251964290443170036 0.00000000000000000000
0.7300000000 0.32547953374766347423 0.00000000000000000000
0.7400000000 0.31864893893381501799 0.00000000000000000000
0.7500000000 0.31202112843297225009 0.00000000000000000000
0.7600000000 0.30558958643868483485 0.00000000000000000000
0.7700000000 0.29934800563855040734 0.00000000000000000000
0.7800000000 0.29329028151598757201 0.00000000000000000000
0.7900000000 0.28741050669732037814 0.00000000000000000000
0.8000000000 0.28170296535649091973 0.00000000000000000000
0.8100000000 0.27616212768817605117 0.00000000000000000000
0.8200000000 0.27078264445858013509 0.00000000000000000000
0.8300000000 0.26555934164193173430 0.00000000000000000000
0.8400000000 0.26048721514943945499 0.00000000000000000000
0.8500000000 0.25556142565643236164 0.00000000000000000000
0.8600000000 0.25077729353245586941 0.00000000000000000000
0.8700000000 0.24613029387809493009 0.00000000000000000000
0.8800000000 0.24161605167171359976 0.00000000000000000000
0.8900000000 0.23723033702832474479 0.00000000000000000000
0.9000000000 0.23296906057243382815 0.00000000000000000000
0.9100000000 0.22882826892592783574 0.00000000000000000000
0.9200000000 0.22480414031170498079 0.00000000000000000000
0.9300000000 0.22089298027316189854 0.00000000000000000000
0.9400000000 0.21709121750949958440 0.00000000000000000000
0.9500000000 0.21339539982606112178 0.00000000000000000000
0.9600000000 0.20980219019914253531 0.00000000000000000000
0.9700000000 0.20630836295380317047 0.00000000000000000000
0.9800000000 0.20291080005366665673 0.00000000000000000000
0.9900000000 0.19960648750093565318 0.00000000000000000000
1.0000000000 0.19639251184523509597 0.00000000000000000000
1.0100000000 0.19326605679809225058 0.00000000000000000000
1.0200000000 0.19022439995330936435 0.00000000000000000000
1.0300000000 0.18726490961012043357 0.00000000000000000000
1.0400000000 0.18438504169509786768 0.00000000000000000000
1.0500000000 0.18158233678374671727 0.00000000000000000000
1.0600000000 0.17885441721731248910 0.00000000000000000000
1.0700000000 0.17619898431335836997 0.00000000000000000000
1.0800000000 0.17361381566739425564 0.00000000000000000000
1.0900000000 0.17109676254340383528 0.00000000000000000000
1.1000000000 0.16864574735078027845 0.00000000000000000000
1.1100000000 0.16625876120535074132 0.00000000000000000000
1.1200000000 0.16393386157215500409 0.00000000000000000000
1.1300000000 0.16166916998754116142 0.00000000000000000000
1.1400000000 0.15946286985840060768 0.00000000000000000000
1.1500000000 0.15731320433614112697 0.00000000000000000000
1.1600000000 0.15521847426320783958 0.00000000000000000000
1.1700000000 0.15317703618990227699 0.00000000000000000000
1.1800000000 0.15118730045933603812 0.00000000000000000000
1.1900000000 0.14924772935837685162 0.00000000000000000000
1.2000000000 0.14735683533248017385 0.00000000000000000000
1.2100000000 0.14551317926238810374 0.00000000000000000000
1.2200000000 0.14371536880063759400 0.00000000000000000000
1.2300000000 0.14196205676599216172 0.00000000000000000000
1.2400000000 0.14025193959382947773 0.00000000000000000000
1.2500000000 0.13858375584065804609 0.00000000000000000000
1.2600000000 0.13695628474094195814 0.00000000000000000000
1.2700000000 0.13536834481448251077 0.00000000000000000000
1.2800000000 0.13381879252262912638 0.00000000000000000000
1.2900000000 0.13230652097166961667 0.00000000000000000000
1.3000000000 0.13083045866178619199 0.00000000000000000000
1.3100000000 0.12938956827998923660 0.00000000000000000000
1.3200000000 0.12798284553554339915 0.00000000000000000000
1.3300000000 0.12660931803637459625 0.00000000000000000000
1.3400000000 0.12526804420505860405 0.00000000000000000000
1.3500000000 0.12395811223299842141 0.00000000000000000000
1.3600000000 0.12267863907144123392 0.00000000000000000000
1.3700000000 0.12142876945805929079 0.00000000000000000000
1.3800000000 0.12020767497781967292 0.00000000000000000000
1.3900000000 0.11901455315695269599 0.00000000000000000000
1.4000000000 0.11784862658881771480 0.00000000000000000000
1.4100000000 0.11670914209057016431 0.00000000000000000000
1.4200000000 0.11559536988949223324 0.00000000000000000000
1.4300000000 0.11450660283796781913 0.00000000000000000000
1.4400000000 0.11344215565605490770 0.00000000000000000000
1.4500000000 0.11240136420067882439 0.00000000000000000000
1.4600000000 0.11138358476048881851 0.00000000000000000000
1.4700000000 0.11038819337546808275 0.00000000000000000000
1.4800000000 0.10941458518039198777 0.00000000000000000000
1.4900000000 0.10846217377129903359 0.00000000000000000000
1.5000000000 0.10753039059413128931 0.00000000000000000000
1.5100000000 0.10661868435475516104 0.00000000000000000000
1.5200000000 0.10572652044959500450 0.00000000000000000000
1.5300000000 0.10485338041613467830 0.00000000000000000000
1.5400000000 0.10399876140257005575 0.00000000000000000000
1.5500000000 0.10316217565592941674 0.00000000000000000000
1.5600000000 0.10234315002799486416 0.00000000000000000000
1.5700000000 0.10154122549837923950 0.00000000000000000000
1.5800000000 0.10075595671414752652 0.00000000000000000000
1.5900000000 0.09998691154538670578 0.00000000000000000000
1.6000000000 0.09923367065614434324 0.00000000000000000000
1.6100000000 0.09849582709019120974 0.00000000000000000000
1.6200000000 0.09777298587106819650 0.00000000000000000000
1.6300000000 0.09706476361591258317 0.00000000000000000000
1.6400000000 0.09637078816255727209 0.00000000000000000000
1.6500000000 0.09569069820943795768 0.00000000000000000000
1.6600000000 0.09502414296784172931 0.00000000000000000000
1.6700000000 0.09437078182605797283 0.00000000000000000000
1.6800000000 0.09373028402500373224 0.00000000000000000000
1.6900000000 0.09310232834491367904 0.00000000000000000000
1.7000000000 0.09248660280269944967 0.00000000000000000000
1.7100000000 0.09188280435959621240 0.00000000000000000000
1.7200000000 0.09129063863873050633 0.00000000000000000000
1.7300000000 0.09070981965225399790 0.00000000000000000000
1.7400000000 0.09014006953770462016 0.00000000000000000000
1.7500000000 0.08958111830326440095 0.00000000000000000000
1.7600000000 0.08903270358160199349 0.00000000000000000000
1.7700000000 0.08849457039198806163 0.00000000000000000000
1.7800000000 0.08796647091039890010 0.00000000000000000000
1.7900000000 0.08744816424731838289 0.00000000000000000000
1.8000000000 0.08693941623296956578 0.00000000000000000000
1.8100000000 0.08643999920971348616 0.00000000000000000000
1.8200000000 0.08594969183136157154 0.00000000000000000000
1.8300000000 0.08546827886915656092 0.00000000000000000000
1.8400000000 0.08499555102419140140 0.00000000000000000000
1.8500000000 0.08453130474603871847 0.00000000000000000000
1.8600000000 0.08407534205736703903 0.00000000000000000000
1.8700000000 0.08362747038434620306 0.00000000000000000000
1.8800000000 0.08318750239262710788 0.00000000000000000000
1.8900000000 0.08275525582871021135 0.00000000000000000000
1.9000000000 0.08233055336650965672 0.00000000000000000000
1.9100000000 0.08191322245893510601 0.00000000000000000000
1.9200000000 0.08150309519431499228 0.00000000000000000000
1.9300000000 0.08110000815749600356 0.00000000000000000000
1.9400000000 0.08070380229545282003 0.00000000000000000000
1.9500000000 0.08031432278725698926 0.00000000000000000000
1.9600000000 0.07993141891824935563 0.00000000000000000000
1.9700000000 0.07955494395827648890 0.00000000000000000000
1.9800000000 0.07918475504384681063 0.00000000000000000000
1.9900000000 0.07882071306407457956 0.00000000000000000000
2.0000000000 0.07846268255028181204 0.00000000000000000000
2.0100000000 0.07811053156913025375 0.00000000000000000000
2.0200000000 0.07776413161916843897 0.00000000000000000000
2.0300000000 0.07742335753066931225 0.00000000000000000000
2.0400000000 0.07708808736865579991 0.00000000000000000000
2.0500000000 0.07675820233899731393 0.00000000000000000000
2.0600000000 0.07643358669748064049 0.00000000000000000000
2.0700000000 0.07611412766174843747 0.00000000000000000000
2.0800000000 0.07579971532601234574 0.00000000000000000000
2.0900000000 0.07549024257844540176 0.00000000000000000000
2.1000000000 0.07518560502116559963 0.00000000000000000000
2.1100000000 0.07488570089272042485 0.00000000000000000000
2.1200000000 0.07459043099299070279 0.00000000000000000000
2.1300000000 0.07429969861043454749 0.00000000000000000000
2.1400000000 0.07401340945158782492 0.00000000000000000000
2.1500000000 0.07373147157275218577 0.00000000000000000000
2.1600000000 0.07345379531379360449 0.00000000000000000000
2.1700000000 0.07318029323398402008 0.00000000000000000000
2.1800000000 0.07291088004981600978 0.00000000000000000000
2.1900000000 0.07264547257472712960 0.00000000000000000000
2.2000000000 0.07238398966067161044 0.00000000000000000000
2.2100000000 0.07212635214147558593 0.00000000000000000000
2.2200000000 0.07187248277791880025 0.00000000000000000000
2.2300000000 0.07162230620448989393 0.00000000000000000000
2.2400000000 0.07137574887775212373 0.00000000000000000000
2.2500000000 0.07113273902627625933 0.00000000000000000000
2.2600000000 0.07089320660208194014 0.00000000000000000000
2.2700000000 0.07065708323354448483 0.00000000000000000000
2.2800000000 0.07042430217971450135 0.00000000000000000000
2.2900000000 0.07019479828600937166 0.00000000000000000000
2.3000000000 0.06996850794122681794 0.00000000000000000000
2.3100000000 0.06974536903584456493 0.00000000000000000000
2.3200000000 0.06952532092155687404 0.00000000000000000000
2.3300000000 0.06930830437201709882 0.00000000000000000000
2.3400000000 0.06909426154473893855 0.00000000000000000000
2.3500000000 0.06888313594412601160 0.00000000000000000000
2.3600000000 0.06867487238558998841 0.00000000000000000000
2.3700000000 0.06846941696072390837 0.00000000000000000000
2.3800000000 0.06826671700349702665 0.00000000000000000000
2.3900000000 0.06806672105743924450 0.00000000000000000000
2.4000000000 0.06786937884378370367 0.00000000000000000000
2.4100000000 0.06767464123053483493 0.00000000000000000000
2.4200000000 0.06748246020243754695 0.00000000000000000000
2.4300000000 0.06729278883181516457 0.00000000000000000000
2.4400000000 0.06710558125025053999 0.00000000000000000000
2.4500000000 0.06692079262108364957 0.00000000000000000000
2.4600000000 0.06673837911270000256 0.00000000000000000000
2.4700000000 0.06655829787258633889 0.00000000000000000000
2.4800000000 0.06638050700212710931 0.00000000000000000000
2.4900000000 0.06620496553212276702 0.00000000000000000000
2.5000000000 0.06603163339900297579 0.00000000000000000000
2.5100000000 0.06586047142171792823 0.00000000000000000000
2.5200000000 0.06569144127928198962 0.00000000000000000000
2.5300000000 0.06552450548895430438 0.00000000000000000000
2.5400000000 0.06535962738503348080 0.00000000000000000000
2.5500000000 0.06519677109824860428 0.00000000000000000000
2.5600000000 0.06503590153572950949 0.00000000000000000000
2.5700000000 0.06487698436153699344 0.00000000000000000000
2.5800000000 0.06471998597773576112 0.00000000000000000000
2.5900000000 0.06456487350599668384 0.00000000000000000000
2.6000000000 0.06441161476970683197 0.00000000000000000000
2.6100000000 0.06426017827657898307 0.00000000000000000000
2.6200000000 0.06411053320173890069 0.00000000000000000000
2.6300000000 0.06396264937127960071 0.00000000000000000000
2.6400000000 0.06381649724626901887 0.00000000000000000000
2.6500000000 0.06367204790719514784 0.00000000000000000000
2.6600000000 0.06352927303883668109 0.00000000000000000000
2.6700000000 0.06338814491554814468 0.00000000000000000000
2.6800000000 0.06324863638694332157 0.00000000000000000000
2.6900000000 0.06311072086396994629 0.00000000000000000000
2.7000000000 0.06297437230535950226 0.00000000000000000000
2.7100000000 0.06283956520444435034 0.00000000000000000000
2.7200000000 0.06270627457632972634 0.00000000000000000000
2.7300000000 0.06257447594541062919 0.00000000000000000000
2.7400000000 0.06244414533322390631 0.00000000000000000000
2.7500000000 0.06231525924662396215 0.00000000000000000000
2.7600000000 0.06218779466627544217 0.00000000000000000000
2.7700000000 0.06206172903545141561 0.00000000000000000000
2.7800000000 0.06193704024912888295 0.00000000000000000000
2.7900000000 0.06181370664337271920 0.00000000000000000000
2.8000000000 0.06169170698500073269 0.00000000000000000000
2.8100000000 0.06157102046152048563 0.00000000000000000000
2.8200000000 0.06145162667133007711 0.00000000000000000000
2.8300000000 0.06133350561417675456 0.00000000000000000000
2.8400000000 0.06121663768186436788 0.00000000000000000000
2.8500000000 0.06110100364920265786 0.00000000000000000000
2.8600000000 0.06098658466519234211 0.00000000000000000000
2.8700000000 0.06087336224443962163 0.00000000000000000000
2.8800000000 0.06076131825879153847 0.00000000000000000000
2.8900000000 0.06065043492918761880 0.00000000000000000000
2.9000000000 0.06054069481772130640 0.00000000000000000000
2.9100000000 0.06043208081990611436 0.00000000000000000000
2.9200000000 0.06032457615713780752 0.00000000000000000000
2.9300000000 0.06021816436935114453 0.00000000000000000000
2.9400000000 0.06011282930786231854 0.00000000000000000000
2.9500000000 0.06000855512839424477 0.00000000000000000000
2.9600000000 0.05990532628427761713 0.00000000000000000000
2.9700000000 0.05980312751982489600 0.00000000000000000000
2.9800000000 0.05970194386387062818 0.00000000000000000000
2.9900000000 0.05960176062347433829 0.00000000000000000000
3.0000000000 0.05950256337778157129 0.00000000000000000000
3.0100000000 0.05940433797203872185 0.00000000000000000000
3.0200000000 0.05930707051175642536 0.00000000000000000000
3.0300000000 0.05921074735701890857 0.00000000000000000000
3.0400000000 0.05911535511693442185 0.00000000000000000000
3.0500000000 0.05902088064422345709 0.00000000000000000000
3.0600000000 0.05892731102993950532 0.00000000000000000000
3.0700000000 0.05883463359832084849 0.00000000000000000000
3.0800000000 0.05874283590176911096 0.00000000000000000000
3.0900000000 0.05865190571594885299 0.00000000000000000000
3.1000000000 0.05856183103501020476 0.00000000000000000000
3.1100000000 0.05847260006692484718 0.00000000000000000000
3.1200000000 0.05838420122893666492 0.00000000000000000000
3.1300000000 0.05829662314312328286 0.00000000000000000000
3.1400000000 0.05820985463206412164 0.00000000000000000000
3.1500000000 0.05812388471461264750 0.00000000000000000000
3.1600000000 0.05803870260177172724 0.00000000000000000000
3.1700000000 0.05795429769266625952 0.00000000000000000000
3.1800000000 0.05787065957061361676 0.00000000000000000000
3.1900000000 0.05778777799928684622 0.00000000000000000000
3.2000000000 0.05770564291897015141 0.00000000000000000000
3.2100000000 0.05762424444290185216 0.00000000000000000000
3.2200000000 0.05754357285370616942 0.00000000000000000000
3.2300000000 0.05746361859990655602 0.00000000000000000000
3.2400000000 0.05738437229252407040 0.00000000000000000000
3.2500000000 0.05730582470175277915 0.00000000000000000000
3.2600000000 0.05722796675371554648 0.00000000000000000000
3.2700000000 0.05715078952729405609 0.00000000000000000000
3.2800000000 0.05707428425103334979 0.00000000000000000000
3.2900000000 0.05699844230011821833 0.00000000000000000000
3.3000000000 0.05692325519341987633 0.00000000000000000000
3.3100000000 0.05684871459061071469 0.00000000000000000000
3.3200000000 0.05677481228934520840 0.00000000000000000000
3.3300000000 0.05670154022250671610 0.00000000000000000000
3.3400000000 0.05662889045551687539 0.00000000000000000000
3.3500000000 0.05655685518370583142 0.00000000000000000000
3.3600000000 0.05648542672974390250 0.00000000000000000000
3.3700000000 0.05641459754113049840 0.00000000000000000000
3.3800000000 0.05634436018774104105 0.00000000000000000000
3.3900000000 0.05627470735942839003 0.00000000000000000000
3.4000000000 0.05620563186367893982 0.00000000000000000000
3.4100000000 0.05613712662332227821 0.00000000000000000000
3.4200000000 0.05606918467429052727 0.00000000000000000000
3.4300000000 0.05600179916342922642 0.00000000000000000000
3.4400000000 0.05593496334635705142 0.00000000000000000000
3.4500000000 0.05586867058537258596 0.00000000000000000000
3.4600000000 0.05580291434740796558 0.00000000000000000000
3.4700000000 0.05573768820202807533 0.00000000000000000000
3.4800000000 0.05567298581947360131 0.00000000000000000000
3.4900000000 0.05560880096874723511 0.00000000000000000000
3.5000000000 0.05554512751574217783 0.00000000000000000000
3.5100000000 0.05548195942141211090 0.00000000000000000000
3.5200000000 0.05541929073997971245 0.00000000000000000000
3.5300000000 0.05535711561718612700 0.00000000000000000000
3.5400000000 0.05529542828857680892 0.00000000000000000000
3.5500000000 0.05523422307782607787 0.00000000000000000000
3.5600000000 0.05517349439509683373 0.00000000000000000000
3.5700000000 0.05511323673543559731 0.00000000000000000000
3.5800000000 0.05505344467720348078 0.00000000000000000000
3.5900000000 0.05499411288053880631 0.00000000000000000000
3.6000000000 0.05493523608585472451 0.00000000000000000000
3.6100000000 0.05487680911236714892 0.00000000000000000000
3.6200000000 0.05481882685665487309 0.00000000000000000000
3.6300000000 0.05476128429125041996 0.00000000000000000000
3.6400000000 0.05470417646326036082 0.00000000000000000000
3.6500000000 0.05464749849301485385 0.00000000000000000000
3.6600000000 0.05459124557274536854 0.00000000000000000000
3.6700000000 0.05453541296529102606 0.00000000000000000000
3.6800000000 0.05447999600283130739 0.00000000000000000000
3.6900000000 0.05442499008564508078 0.00000000000000000000
3.7000000000 0.05437039068089642019 0.00000000000000000000
3.7100000000 0.05431619332144467516 0.00000000000000000000
3.7200000000 0.05426239360467959016 0.00000000000000000000
3.7300000000 0.05420898719138089045 0.00000000000000000000
3.7400000000 0.05415596980460089804 0.00000000000000000000
3.7500000000 0.05410333722856979638 0.00000000000000000000
3.7600000000 0.05405108530762459812 0.00000000000000000000
3.7700000000 0.05399920994515854805 0.00000000000000000000
3.7800000000 0.05394770710259296637 0.00000000000000000000
3.7900000000 0.05389657279836961717 0.00000000000000000000
3.8000000000 0.05384580310696354677 0.00000000000000000000
3.8100000000 0.05379539415791602386 0.00000000000000000000
3.8200000000 0.05374534213488655482 0.00000000000000000000
3.8300000000 0.05369564327472482745 0.00000000000000000000
3.8400000000 0.05364629386656056403 0.00000000000000000000
3.8500000000 0.05359729025091160975 0.00000000000000000000
3.8600000000 0.05354862881881043007 0.00000000000000000000
3.8700000000 0.05350030601094719201 0.00000000000000000000
3.8800000000 0.05345231831683072699 0.00000000000000000000
3.8900000000 0.05340466227396515470 0.00000000000000000000
3.9000000000 0.05335733446704364613 0.00000000000000000000
3.9100000000 0.05331033152715779211 0.00000000000000000000
3.9200000000 0.05326365013102191126 0.00000000000000000000
3.9300000000 0.05321728700021360198 0.00000000000000000000
3.9400000000 0.05317123890042829010 0.00000000000000000000
3.9500000000 0.05312550264074871603 0.00000000000000000000
3.9600000000 0.05308007507292871602 0.00000000000000000000
3.9700000000 0.05303495309069020114 0.00000000000000000000
3.9800000000 0.05299013362903472191 0.00000000000000000000
3.9900000000 0.05294561366356759918 0.00000000000000000000
4.0000000000 0.05290139020983526674 0.00000000000000000000
4.0100000000 0.05285746032267547162 0.00000000000000000000
4.0200000000 0.05281382109557949955 0.00000000000000000000
4.0300000000 0.05277046966006717493 0.00000000000000000000
4.0400000000 0.05272740318507294216 0.00000000000000000000
4.0500000000 0.05268461887634477009 0.00000000000000000000
4.0600000000 0.05264211397585303459 0.00000000000000000000
4.0700000000 0.05259988576121160664 0.00000000000000000000
4.0800000000 0.05255793154510946669 0.00000000000000000000
4.0900000000 0.05251624867475308822 0.00000000000000000000
4.1000000000 0.05247483453131900760 0.00000000000000000000
4.1100000000 0.05243368652941691327 0.00000000000000000000
4.1200000000 0.05239280211656269920 0.00000000000000000000
4.1300000000 0.05235217877266130221 0.00000000000000000000
4.1400000000 0.05231181400949871246 0.00000000000000000000
4.1500000000 0.05227170537024414948 0.00000000000000000000
4.1600000000 0.05223185042896072439 0.00000000000000000000
4.1700000000 0.05219224679012567092 0.00000000000000000000
4.1800000000 0.05215289208815863248 0.00000000000000000000
4.1900000000 0.05211378398695929587 0.00000000000000000000
4.2000000000 0.05207492017945330315 0.00000000000000000000
4.2100000000 0.05203629838714606687 0.00000000000000000000
4.2200000000 0.05199791635968490505 0.00000000000000000000
4.2300000000 0.05195977187442926692 0.00000000000000000000
4.2400000000 0.05192186273602865387 0.00000000000000000000
4.2500000000 0.05188418677600763890 0.00000000000000000000
4.2600000000 0.05184674185235912253 0.00000000000000000000
4.2700000000 0.05180952584914451375 0.00000000000000000000
4.2800000000 0.05177253667610068333 0.00000000000000000000
4.2900000000 0.05173577226825461922 0.00000000000000000000
4.3000000000 0.05169923058554448669 0.00000000000000000000
4.3100000000 0.05166290961244745378 0.00000000000000000000
4.3200000000 0.05162680735761402545 0.00000000000000000000
4.3300000000 0.05159092185350921955 0.00000000000000000000
4.3400000000 0.05155525115605975872 0.00000000000000000000
4.3500000000 0.05151979334430713958 0.00000000000000000000
4.3600000000 0.05148454652006741877 0.00000000000000000000
4.3700000000 0.05144950880759639744 0.00000000000000000000
4.3800000000 0.05141467835326107155 0.00000000000000000000
4.3900000000 0.05138005332521659169 0.00000000000000000000
4.4000000000 0.05134563191308832292 0.00000000000000000000
4.4100000000 0.05131141232766038562 0.00000000000000000000
4.4200000000 0.05127739280056888699 0.00000000000000000000
4.4300000000 0.05124357158400057177 0.00000000000000000000
4.4400000000 0.05120994695039627481 0.00000000000000000000
4.4500000000 0.05117651719216055606 0.00000000000000000000
4.4600000000 0.05114328062137481201 0.00000000000000000000
4.4700000000 0.05111023556951656971 0.00000000000000000000
4.4800000000 0.05107738038718227097 0.00000000000000000000
4.4900000000 0.05104471344381629472 0.00000000000000000000
4.5000000000 0.05101223312744293525 0.00000000000000000000
4.5100000000 0.05097993784440420229 0.00000000000000000000
4.5200000000 0.05094782601910104181 0.00000000000000000000
4.5300000000 0.05091589609373962239 0.00000000000000000000
4.5400000000 0.05088414652808127825 0.00000000000000000000
4.5500000000 0.05085257579919740673 0.00000000000000000000
4.5600000000 0.05082118240122723146 0.00000000000000000000
4.5700000000 0.05078996484514086002 0.00000000000000000000
4.5800000000 0.05075892165850544313 0.00000000000000000000
4.5900000000 0.05072805138525535856 0.00000000000000000000
4.6000000000 0.05069735258546630152 0.00000000000000000000
4.6100000000 0.05066682383513321924 0.00000000000000000000
4.6200000000 0.05063646372595143053 0.00000000000000000000
4.6300000000 0.05060627086510151307 0.00000000000000000000
4.6400000000 0.05057624387503814600 0.00000000000000000000
4.6500000000 0.05054638139328163082 0.00000000000000000000
4.6600000000 0.05051668207221320789 0.00000000000000000000
4.6700000000 0.05048714457887382850 0.00000000000000000000
4.6800000000 0.05045776759476566786 0.00000000000000000000
4.6900000000 0.05042854981565743355 0.00000000000000000000
4.7000000000 0.05039948995139232474 0.00000000000000000000
4.7100000000 0.05037058672569922485 0.00000000000000000000
4.7200000000 0.05034183887600677393 0.00000000000000000000
4.7300000000 0.05031324515326122959 0.00000000000000000000
4.7400000000 0.05028480432174559089 0.00000000000000000000
4.7500000000 0.05025651515890306592 0.00000000000000000000
4.7600000000 0.05022837645516282229 0.00000000000000000000
4.7700000000 0.05020038701376831197 0.00000000000000000000
4.7800000000 0.05017254565060851046 0.00000000000000000000
4.7900000000 0.05014485119405168168 0.00000000000000000000
4.8000000000 0.05011730248478188376 0.00000000000000000000
4.8100000000 0.05008989837563786185 0.00000000000000000000
4.8200000000 0.05006263773145464002 0.00000000000000000000
4.8300000000 0.05003551942890741705 0.00000000000000000000
4.8400000000 0.05000854235635782130 0.00000000000000000000
4.8500000000 0.04998170541370293429 0.00000000000000000000
4.8600000000 0.04995500751222611835 0.00000000000000000000
4.8700000000 0.04992844757445041165 0.00000000000000000000
4.8800000000 0.04990202453399424781 0.00000000000000000000
4.8900000000 0.04987573733542925020 0.00000000000000000000
4.9000000000 0.04984958493414022584 0.00000000000000000000
4.9100000000 0.04982356629618722027 0.00000000000000000000
4.9200000000 0.04979768039817000086 0.00000000000000000000
4.9300000000 0.04977192622709391417 0.00000000000000000000
4.9400000000 0.04974630278023874780 0.00000000000000000000
4.9500000000 0.04972080906502847342 0.00000000000000000000
4.9600000000 0.04969544409890390424 0.00000000000000000000
4.9700000000 0.04967020690919669162 0.00000000000000000000
4.9800000000 0.04964509653300540337 0.00000000000000000000
4.9900000000 0.04962011201707351021 0.00000000000000000000
5.0000000000 0.04959525241766894743 0.00000000000000000000
