0.1000000000 1.61701145793778278126 0.00000000000000000000
0.1100000000 1.57527837798781145118 0.00000000000000000000
0.1200000000 1.53440264575061924290 0.00000000000000000000
0.1300000000 1.49438835535244596286 0.00000000000000000000
0.1400000000 1.45523804698351266751 0.00000000000000000000
0.1500000000 1.41695274955092309632 0.00000000000000000000
0.1600000000 1.37953203029722804018 0.00000000000000000000
0.1700000000 1.34297405060132524213 0.00000000000000000000
0.1800000000 1.30727562714847977965 0.00000000000000000000
0.1900000000 1.27243229764196486009 0.00000000000000000000
0.2000000000 1.23843839022914137260 0.00000000000000000000
0.2100000000 1.20528709582851267790 0.00000000000000000000
0.2200000000 1.17297054256991439836 0.00000000000000000000
0.2300000000 1.14147987159588626405 0.00000000000000000000
0.2400000000 1.11080531351671329965 0.00000000000000000000
0.2500000000 1.08093626486283223009 0.00000000000000000000
0.2600000000 1.05186136393457219107 0.00000000000000000000
0.2700000000 1.02356856550888419832 0.00000000000000000000
0.2800000000 0.99604521392427114446 0.00000000000000000000
0.2900000000 0.96927811412720621398 0.00000000000000000000
0.3000000000 0.94325360032464822257 0.00000000000000000000
0.3100000000 0.91795760194689302036 0.00000000000000000000
0.3200000000 0.89337570668195065426 0.00000000000000000000
0.3300000000 0.86949322039635146275 0.00000000000000000000
0.3400000000 0.84629522380717181473 0.00000000000000000000
0.3500000000 0.82376662581581683309 0.00000000000000000000
0.3600000000 0.80189221345546179975 0.00000000000000000000
0.3700000000 0.78065669844096718943 0.00000000000000000000
0.3800000000 0.76004476034256129857 0.00000000000000000000
0.3900000000 0.74004108643270249956 0.00000000000000000000
0.4000000000 0.72063040827948987577 0.00000000000000000000
0.4100000000 0.70179753518002219170 0.00000000000000000000
0.4200000000 0.68352738454342809593 0.00000000000000000000
0.4300000000 0.66580500934627440124 0.00000000000000000000
0.4400000000 0.64861562279291928856 0.00000000000000000000
0.4500000000 0.63194462032051901268 0.00000000000000000000
0.4600000000 0.61577759909307816510 0.00000000000000000000
0.4700000000 0.60010037513142777676 0.00000000000000000000
0.4800000000 0.58489899822673574459 0.00000000000000000000
0.4900000000 0.57015976478418828322 0.00000000000000000000
0.5000000000 0.55586922874126831751 0.00000000000000000000
0.5100000000 0.54201421070168509520 0.00000000000000000000
0.5200000000 0.52858180542176225192 0.00000000000000000000
0.5300000000 0.51555938778117527121 0.00000000000000000000
0.5400000000 0.50293461736439804000 0.00000000000000000000
0.5500000000 0.49069544177338803026 0.00000000000000000000
0.5600000000 0.47883009878589072317 0.00000000000000000000
0.5700000000 0.46732711746743377246 0.00000000000000000000
0.5800000000 0.45617531833879748637 0.00000000000000000000
0.5900000000 0.44536381269433361618 0.00000000000000000000
0.6000000000 0.43488200116036190845 0.00000000000000000000
0.6100000000 0.42471957157667233895 0.00000000000000000000
0.6200000000 0.41486649627831290177 0.00000000000000000000
0.6300000000 0.40531302884907416395 0.00000000000000000000
0.6400000000 0.39604970041260900704 0.00000000000000000000
0.6500000000 0.38706731552192641388 0.00000000000000000000
0.6600000000 0.37835694770298161638 0.00000000000000000000
0.6700000000 0.36990993470342548033 0.00000000000000000000
0.6800000000 0.36171787349315226434 0.00000000000000000000
0.6900000000 0.35377261505908302874 0.00000000000000000000
0.7000000000 0.34606625903280291423 0.00000000000000000000
0.7100000000 0.33859114818599150842 0.00000000000000000000
0.7200000000 0.33133986282523164579 0.00000000000000000000
0.7300000000 0.32430521511463256124 0.00000000000000000000
0.7400000000 0.31748024335184643618 0.00000000000000000000
0.7500000000 0.31085820622029408655 0.00000000000000000000
0.7600000000 0.30443257703806420045 0.00000000000000000000
0.7700000000 0.29819703802154950978 0.00000000000000000000
0.7800000000 0.29214547457990269752 0.00000000000000000000
0.7900000000 0.28627196965445200760 0.00000000000000000000
0.8000000000 0.28057079811541618675 0.00000000000000000000
0.8100000000 0.27503642122677168791 0.00000000000000000000
0.8200000000 0.26966348118858185501 0.00000000000000000000
0.8300000000 0.26444679576482604810 0.00000000000000000000
0.8400000000 0.25938135300354880908 0.00000000000000000000
0.8500000000 0.25446230605510544720 0.00000000000000000000
0.8600000000 0.24968496809322096586 0.00000000000000000000
0.8700000000 0.24504480734279396326 0.00000000000000000000
0.8800000000 0.24053744221754400079 0.00000000000000000000
0.8900000000 0.23615863656981508911 0.00000000000000000000
0.9000000000 0.23190429505437942792 0.00000000000000000000
0.9100000000 0.22777045860729328020 0.00000000000000000000
0.9200000000 0.22375330004059376665 0.00000000000000000000
0.9300000000 0.21984911975298021547 0.00000000000000000000
0.9400000000 0.21605434155626490611 0.00000000000000000000
0.9500000000 0.21236550861717012895 0.00000000000000000000
0.9600000000 0.20877927951350774838 0.00000000000000000000
0.9700000000 0.20529242440372891254 0.00000000000000000000
0.9800000000 0.20190182130842085351 0.00000000000000000000
0.9900000000 0.19860445250226907432 0.00000000000000000000
1.0000000000 0.19539740101391495086 0.00000000000000000000
1.0100000000 0.19227784723547217127 0.00000000000000000000
1.0200000000 0.18924306563355811073 0.00000000000000000000
1.0300000000 0.18629042156321767854 0.00000000000000000000
1.0400000000 0.18341736818559958855 0.00000000000000000000
1.0500000000 0.18062144348118899795 0.00000000000000000000
1.0600000000 0.17790026735994671214 0.00000000000000000000
1.0700000000 0.17525153886516206536 0.00000000000000000000
1.0800000000 0.17267303346862897251 0.00000000000000000000
1.0900000000 0.17016260045488329489 0.00000000000000000000
1.1000000000 0.16771816039203585325 0.00000000000000000000
1.1100000000 0.16533770268687608684 0.00000000000000000000
1.1200000000 0.16301928322188419251 0.00000000000000000000
1.1300000000 0.16076102207182288439 0.00000000000000000000
1.1400000000 0.15856110129755315863 0.00000000000000000000
1.1500000000 0.15641776281483502076 0.00000000000000000000
1.1600000000 0.15432930633581287694 0.00000000000000000000
1.1700000000 0.15229408738098895726 0.00000000000000000000
1.1800000000 0.15031051535948894426 0.00000000000000000000
1.1900000000 0.14837705171549353533 0.00000000000000000000
1.2000000000 0.14649220813872182445 0.00000000000000000000
1.2100000000 0.14465454483690956544 0.00000000000000000000
1.2200000000 0.14286266886830334411 0.00000000000000000000
1.2300000000 0.14111523253218058449 0.00000000000000000000
1.2400000000 0.13941093181549712998 0.00000000000000000000
1.2500000000 0.13774850489380016660 0.00000000000000000000
1.2600000000 0.13612673068459682502 0.00000000000000000000
1.2700000000 0.13454442745139816306 0.00000000000000000000
1.2800000000 0.13300045145674407876 0.00000000000000000000
1.2900000000 0.13149369566251695174 0.00000000000000000000
1.3000000000 0.13002308847595903107 0.00000000000000000000
1.3100000000 0.12858759253978405135 0.00000000000000000000
1.3200000000 0.12718620356488452572 0.00000000000000000000
1.3300000000 0.12581794920415689809 0.00000000000000000000
1.3400000000 0.12448188796599531092 0.00000000000000000000
1.3500000000 0.12317710816608848368 0.00000000000000000000
1.3600000000 0.12190272691616134415 0.00000000000000000000
1.3700000000 0.12065788914837098644 0.00000000000000000000
1.3800000000 0.11944176667409310555 0.00000000000000000000
1.3900000000 0.11825355727589235977 0.00000000000000000000
1.4000000000 0.11709248383148859740 0.00000000000000000000
1.4100000000 0.11595779346859019787 0.00000000000000000000
1.4200000000 0.11484875674950102697 0.00000000000000000000
1.4300000000 0.11376466688442365971 0.00000000000000000000
1.4400000000 0.11270483897245198168 0.00000000000000000000
1.4500000000 0.11166860926925246955 0.00000000000000000000
1.4600000000 0.11065533448048228693 0.00000000000000000000
1.4700000000 0.10966439108002096203 0.00000000000000000000
1.4800000000 0.10869517465212742702 0.00000000000000000000
1.4900000000 0.10774709925666077492 0.00000000000000000000
1.5000000000 0.10681959681653592498 0.00000000000000000000
1.5100000000 0.10591211652662065046 0.00000000000000000000
1.5200000000 0.10502412428329056804 0.00000000000000000000
1.5300000000 0.10415510213391590555 0.00000000000000000000
1.5400000000 0.10330454774554412301 0.00000000000000000000
1.5500000000 0.10247197389210224716 0.00000000000000000000
1.5600000000 0.10165690795944216929 0.00000000000000000000
1.5700000000 0.10085889146759371982 0.00000000000000000000
1.5800000000 0.10007747960960018674 0.00000000000000000000
1.5900000000 0.09931224080634240559 0.00000000000000000000
1.6000000000 0.09856275627677583973 0.00000000000000000000
1.6100000000 0.09782861962302574765 0.00000000000000000000
1.6200000000 0.09710943642980486568 0.00000000000000000000
1.6300000000 0.09640482387764148786 0.00000000000000000000
1.6400000000 0.09571441036942020253 0.00000000000000000000
1.6500000000 0.09503783516975329582 0.00000000000000000000
1.6600000000 0.09437474805673182199 0.00000000000000000000
1.6700000000 0.09372480898560373030 0.00000000000000000000
1.6800000000 0.09308768776395448530 0.00000000000000000000
1.6900000000 0.09246306373797866240 0.00000000000000000000
1.7000000000 0.09185062548944857019 0.00000000000000000000
1.7100000000 0.09125007054298901743 0.00000000000000000000
1.7200000000 0.09066110508330106621 0.00000000000000000000
1.7300000000 0.09008344368197078456 0.00000000000000000000
1.7400000000 0.08951680903352778051 0.00000000000000000000
1.7500000000 0.08896093170041870224 0.00000000000000000000
1.7600000000 0.08841554986658647919 0.00000000000000000000
1.7700000000 0.08788040909933790557 0.00000000000000000000
1.7800000000 0.08735526211921890161 0.00000000000000000000
1.7900000000 0.08683986857760249423 0.00000000000000000000
1.8000000000 0.08633399484172468719 0.00000000000000000000
1.8100000000 0.08583741378689790924 0.00000000000000000000
1.8200000000 0.08534990459565804100 0.00000000000000000000
1.8300000000 0.08487125256358774017 0.00000000000000000000
1.8400000000 0.08440124891159515863 0.00000000000000000000
1.8500000000 0.08393969060440947816 0.00000000000000000000
1.8600000000 0.08348638017508291931 0.00000000000000000000
1.8700000000 0.08304112555528360418 0.00000000000000000000
1.8800000000 0.08260373991118222237 0.00000000000000000000
1.8900000000 0.08217404148472734482 0.00000000000000000000
1.9000000000 0.08175185344013650990 0.00000000000000000000
1.9100000000 0.08133700371540394936 0.00000000000000000000
1.9200000000 0.08092932487866572044 0.00000000000000000000
1.9300000000 0.08052865398924247131 0.00000000000000000000
1.9400000000 0.08013483246320575459 0.00000000000000000000
1.9500000000 0.07974770594330654605 0.00000000000000000000
1.9600000000 0.07936712417311578283 0.00000000000000000000
1.9700000000 0.07899294087523421604 0.00000000000000000000
1.9800000000 0.07862501363342930261 0.00000000000000000000
1.9900000000 0.07826320377856400834 0.00000000000000000000
2.0000000000 0.07790737627818988820 0.00000000000000000000
2.0100000000 0.07755739962967493628 0.00000000000000000000
2.0200000000 0.07721314575674924352 0.00000000000000000000
2.0300000000 0.07687448990935157045 0.00000000000000000000
2.0400000000 0.07654131056665838817 0.00000000000000000000
2.0500000000 0.07621348934319868706 0.00000000000000000000
2.0600000000 0.07589091089793693901 0.00000000000000000000
2.0700000000 0.07557346284623445154 0.00000000000000000000
2.0800000000 0.07526103567458394816 0.00000000000000000000
2.0900000000 0.07495352265802818215 0.00000000000000000000
2.1000000000 0.07465081978017340525 0.00000000000000000000
2.1100000000 0.07435282565570333624 0.00000000000000000000
2.1200000000 0.07405944145531946632 0.00000000000000000000
2.1300000000 0.07377057083301774565 0.00000000000000000000
2.1400000000 0.07348611985562979176 0.00000000000000000000
2.1500000000 0.07320599693454997448 0.00000000000000000000
2.1600000000 0.07293011275957554662 0.00000000000000000000
2.1700000000 0.07265838023479190277 0.00000000000000000000
2.1800000000 0.07239071441643153693 0.00000000000000000000
2.1900000000 0.07212703245264633078 0.00000000000000000000
2.2000000000 0.07186725352512440823 0.00000000000000000000
2.2100000000 0.07161129879249480967 0.00000000000000000000
2.2200000000 0.07135909133546051997 0.00000000000000000000
2.2300000000 0.07111055610360150769 0.00000000000000000000
2.2400000000 0.07086561986379345812 0.00000000000000000000
2.2500000000 0.07062421115019293372 0.00000000000000000000
2.2600000000 0.07038626021572977343 0.00000000000000000000
2.2700000000 0.07015169898506969093 0.00000000000000000000
2.2800000000 0.06992046100898612060 0.00000000000000000000
2.2900000000 0.06969248142010518732 0.00000000000000000000
2.3000000000 0.06946769688997567194 0.00000000000000000000
2.3100000000 0.06924604558742156191 0.00000000000000000000
2.3200000000 0.06902746713813583124 0.00000000000000000000
2.3300000000 0.06881190258547544014 0.00000000000000000000
2.3400000000 0.06859929435242043128 0.00000000000000000000
2.3500000000 0.06838958620465693250 0.00000000000000000000
2.3600000000 0.06818272321475180031 0.00000000000000000000
2.3700000000 0.06797865172738037920 0.00000000000000000000
2.3800000000 0.06777731932557715111 0.00000000000000000000
2.3900000000 0.06757867479797520505 0.00000000000000000000
2.4000000000 0.06738266810700220544 0.00000000000000000000
2.4100000000 0.06718925035800558943 0.00000000000000000000
2.4200000000 0.06699837376927499089 0.00000000000000000000
2.4300000000 0.06680999164293341397 0.00000000000000000000
2.4400000000 0.06662405833667424393 0.00000000000000000000
2.4500000000 0.06644052923631044161 0.00000000000000000000
2.4600000000 0.06625936072911774166 0.00000000000000000000
2.4700000000 0.06608051017794190629 0.00000000000000000000
2.4800000000 0.06590393589604905122 0.00000000000000000000
2.4900000000 0.06572959712269468846 0.00000000000000000000
2.5000000000 0.06555745399938930906 0.00000000000000000000
2.5100000000 0.06538746754684060525 0.00000000000000000000
2.5200000000 0.06521959964254817055 0.00000000000000000000
2.5300000000 0.06505381299903362224 0.00000000000000000000
2.5400000000 0.06489007114268612042 0.00000000000000000000
2.5500000000 0.06472833839320203675 0.00000000000000000000
2.5600000000 0.06456857984360372948 0.00000000000000000000
2.5700000000 0.06441076134081848148 0.00000000000000000000
2.5800000000 0.06425484946679933806 0.00000000000000000000
2.5900000000 0.06410081152017350903 0.00000000000000000000
2.6000000000 0.06394861549840050174 0.00000000000000000000
2.6100000000 0.06379823008042692645 0.00000000000000000000
2.6200000000 0.06364962460981871128 0.00000000000000000000
2.6300000000 0.06350276907836206741 0.00000000000000000000
2.6400000000 0.06335763411011410828 0.00000000000000000000
2.6500000000 0.06321419094589207643 0.00000000000000000000
2.6600000000 0.06307241142818850732 0.00000000000000000000
2.6700000000 0.06293226798649717568 0.00000000000000000000
2.6800000000 0.06279373362304085937 0.00000000000000000000
2.6900000000 0.06265678189888561345 0.00000000000000000000
2.7000000000 0.06252138692043311685 0.00000000000000000000
2.7100000000 0.06238752332627776898 0.00000000000000000000
2.7200000000 0.06225516627441846085 0.00000000000000000000
2.7300000000 0.06212429142981541058 0.00000000000000000000
2.7400000000 0.06199487495228013512 0.00000000000000000000
2.7500000000 0.06186689348469047445 0.00000000000000000000
2.7600000000 0.06174032414152008652 0.00000000000000000000
2.7700000000 0.06161514449767446083 0.00000000000000000000
2.7800000000 0.06149133257762251503 0.00000000000000000000
2.7900000000 0.06136886684481698828 0.00000000000000000000
2.8000000000 0.06124772619139468716 0.00000000000000000000
2.8100000000 0.06112788992814855576 0.00000000000000000000
2.8200000000 0.06100933777476282710 0.00000000000000000000
2.8300000000 0.06089204985030558653 0.00000000000000000000
2.8400000000 0.06077600666396931750 0.00000000000000000000
2.8500000000 0.06066118910605301090 0.00000000000000000000
2.8600000000 0.06054757843918077281 0.00000000000000000000
2.8700000000 0.06043515628974653608 0.00000000000000000000
2.8800000000 0.06032390463958139243 0.00000000000000000000
2.8900000000 0.06021380581783639802 0.00000000000000000000
2.9000000000 0.06010484249307456589 0.00000000000000000000
2.9100000000 0.05999699766556519653 0.00000000000000000000
2.9200000000 0.05989025465977797918 0.00000000000000000000
2.9300000000 0.05978459711706635149 0.00000000000000000000
2.9400000000 0.05968000898853941666 0.00000000000000000000
2.9500000000 0.05957647452811531269 0.00000000000000000000
2.9600000000 0.05947397828574896295 0.00000000000000000000
2.9700000000 0.05937250510083406235 0.00000000000000000000
2.9800000000 0.05927204009576909904 0.00000000000000000000
2.9900000000 0.05917256866968672452 0.00000000000000000000
3.0000000000 0.05907407649234089342 0.00000000000000000000
3.0100000000 0.05897654949814631897 0.00000000000000000000
3.0200000000 0.05887997388036649710 0.00000000000000000000
3.0300000000 0.05878433608544865463 0.00000000000000000000
3.0400000000 0.05868962280749721871 0.00000000000000000000
3.0500000000 0.05859582098288499546 0.00000000000000000000
3.0600000000 0.05850291778499890766 0.00000000000000000000
3.0700000000 0.05841090061911315134 0.00000000000000000000
3.0800000000 0.05831975711739024321 0.00000000000000000000
3.0900000000 0.05822947513400370673 0.00000000000000000000
3.1000000000 0.05814004274038092612 0.00000000000000000000
3.1100000000 0.05805144822056070714 0.00000000000000000000
3.1200000000 0.05796368006666573897 0.00000000000000000000
3.1300000000 0.05787672697448369846 0.00000000000000000000
3.1400000000 0.05779057783915544227 0.00000000000000000000
3.1500000000 0.05770522175096779588 0.00000000000000000000
3.1600000000 0.05762064799124747005 0.00000000000000000000
3.1700000000 0.05753684602835364148 0.00000000000000000000
3.1800000000 0.05745380551376638029 0.00000000000000000000
3.1900000000 0.05737151627826886369 0.00000000000000000000
3.2000000000 0.05728996832822046137 0.00000000000000000000
3.2100000000 0.05720915184191862485 0.00000000000000000000
3.2200000000 0.05712905716604617379 0.00000000000000000000
3.2300000000 0.05704967481220408337 0.00000000000000000000
3.2400000000 0.05697099545352454081 0.00000000000000000000
3.2500000000 0.05689300992136471502 0.00000000000000000000
3.2600000000 0.05681570920207782566 0.00000000000000000000
3.2700000000 0.05673908443385931866 0.00000000000000000000
3.2800000000 0.05666312690366710758 0.00000000000000000000
3.2900000000 0.05658782804421395862 0.00000000000000000000
3.3000000000 0.05651317943102791147 0.00000000000000000000
3.3100000000 0.05643917277958331730 0.00000000000000000000
3.3200000000 0.05636579994249598519 0.00000000000000000000
3.3300000000 0.05629305290678390111 0.00000000000000000000
3.3400000000 0.05622092379119052880 0.00000000000000000000
3.3500000000 0.05614940484357008876 0.00000000000000000000
3.3600000000 0.05607848843833140862 0.00000000000000000000
3.3700000000 0.05600816707394122573 0.00000000000000000000
3.3800000000 0.05593843337048316766 0.00000000000000000000
3.3900000000 0.05586928006727322205 0.00000000000000000000
3.4000000000 0.05580070002052785888 0.00000000000000000000
3.4100000000 0.05573268620108561694 0.00000000000000000000
3.4200000000 0.05566523169217939271 0.00000000000000000000
3.4300000000 0.05559832968725933466 0.00000000000000000000
3.4400000000 0.05553197348786356735 0.00000000000000000000
3.4500000000 0.05546615650153708527 0.00000000000000000000
3.4600000000 0.05540087223979660302 0.00000000000000000000
3.4700000000 0.05533611431614078591 0.00000000000000000000
3.4800000000 0.05527187644410429257 0.00000000000000000000
3.4900000000 0.05520815243535450584 0.00000000000000000000
3.5000000000 0.05514493619783150669 0.00000000000000000000
3.5100000000 0.05508222173392649662 0.00000000000000000000
3.5200000000 0.05502000313870262366 0.00000000000000000000
3.5300000000 0.05495827459815275789 0.00000000000000000000
3.5400000000 0.05489703038749617348 0.00000000000000000000
3.5500000000 0.05483626486951225648 0.00000000000000000000
3.5600000000 0.05477597249290952486 0.00000000000000000000
3.5700000000 0.05471614779073064733 0.00000000000000000000
3.5800000000 0.05465678537879157389 0.00000000000000000000
3.5900000000 0.05459787995415387590 0.00000000000000000000
3.6000000000 0.05453942629363076056 0.00000000000000000000
3.6100000000 0.05448141925232342225 0.00000000000000000000
3.6200000000 0.05442385376219063819 0.00000000000000000000
3.6300000000 0.05436672483064646649 0.00000000000000000000
3.6400000000 0.05431002753918986320 0.00000000000000000000
3.6500000000 0.05425375704206192307 0.00000000000000000000
3.6600000000 0.05419790856493144487 0.00000000000000000000
3.6700000000 0.05414247740360874500 0.00000000000000000000
3.6800000000 0.05408745892278637307 0.00000000000000000000
3.6900000000 0.05403284855480575133 0.00000000000000000000
3.7000000000 0.05397864179844936994 0.00000000000000000000
3.7100000000 0.05392483421775919050 0.00000000000000000000
3.7200000000 0.05387142144087839896 0.00000000000000000000
3.7300000000 0.05381839915891770132 0.00000000000000000000
3.7400000000 0.05376576312484487863 0.00000000000000000000
3.7500000000 0.05371350915239719859 0.00000000000000000000
3.7600000000 0.05366163311501608718 0.00000000000000000000
3.7700000000 0.05361013094480396313 0.00000000000000000000
3.7800000000 0.05355899863150159063 0.00000000000000000000
3.7900000000 0.05350823222148735903 0.00000000000000000000
3.8000000000 0.05345782781679588730 0.00000000000000000000
3.8100000000 0.05340778157415653621 0.00000000000000000000
3.8200000000 0.05335808970405275797 0.00000000000000000000
3.8300000000 0.05330874846979820336 0.00000000000000000000
3.8400000000 0.05325975418663313893 0.00000000000000000000
3.8500000000 0.05321110322083833638 0.00000000000000000000
3.8600000000 0.05316279198886605939 0.00000000000000000000
3.8700000000 0.05311481695648993112 0.00000000000000000000
3.8800000000 0.05306717463797000489 0.00000000000000000000
3.8900000000 0.05301986159523526532 0.00000000000000000000
3.9000000000 0.05297287443708244281 0.00000000000000000000
3.9100000000 0.05292620981839016997 0.00000000000000000000
3.9200000000 0.05287986443934841740 0.00000000000000000000
3.9300000000 0.05283383504470385433 0.00000000000000000000
3.9400000000 0.05278811842301928126 0.00000000000000000000
3.9500000000 0.05274271140594767593 0.00000000000000000000
3.9600000000 0.05269761086752044327 0.00000000000000000000
3.9700000000 0.05265281372344939731 0.00000000000000000000
3.9800000000 0.05260831693044247526 0.00000000000000000000
3.9900000000 0.05256411748553192764 0.00000000000000000000
4.0000000000 0.05252021242541667079 0.00000000000000000000
4.0100000000 0.05247659882581594964 0.00000000000000000000
4.0200000000 0.05243327380083639272 0.00000000000000000000
4.0300000000 0.05239023450235055085 0.00000000000000000000
4.0400000000 0.05234747811938759987 0.00000000000000000000
4.0500000000 0.05230500187753518715 0.00000000000000000000
4.0600000000 0.05226280303835330321 0.00000000000000000000
4.0700000000 0.05222087889879842293 0.00000000000000000000
4.0800000000 0.05217922679065913061 0.00000000000000000000
4.0900000000 0.05213784408000227827 0.00000000000000000000
4.1000000000 0.05209672816662885148 0.00000000000000000000
4.1100000000 0.05205587648354097208 0.00000000000000000000
4.1200000000 0.05201528649641808111 0.00000000000000000000
4.1300000000 0.05197495570310336349 0.00000000000000000000
4.1400000000 0.05193488163309945005 0.00000000000000000000
4.1500000000 0.05189506184707318170 0.00000000000000000000
4.1600000000 0.05185549393637036569 0.00000000000000000000
4.1700000000 0.05181617552253833803 0.00000000000000000000
4.1800000000 0.05177710425685812246 0.00000000000000000000
4.1900000000 0.05173827781988514507 0.00000000000000000000
4.2000000000 0.05169969392099736660 0.00000000000000000000
4.2100000000 0.05166135029795292793 0.00000000000000000000
4.2200000000 0.05162324471645512308 0.00000000000000000000
4.2300000000 0.05158537496972494252 0.00000000000000000000
4.2400000000 0.05154773887808256072 0.00000000000000000000
4.2500000000 0.05151033428853469404 0.00000000000000000000
4.2600000000 0.05147315907437081950 0.00000000000000000000
4.2700000000 0.05143621113476561091 0.00000000000000000000
4.2800000000 0.05139948839438946565 0.00000000000000000000
4.2900000000 0.05136298880302487407 0.00000000000000000000
4.3000000000 0.05132671033519035225 0.00000000000000000000
4.3100000000 0.05129065098977086262 0.00000000000000000000
4.3200000000 0.05125480878965486126 0.00000000000000000000
4.3300000000 0.05121918178137748606 0.00000000000000000000
4.3400000000 0.05118376803476994141 0.00000000000000000000
4.3500000000 0.05114856564261588412 0.00000000000000000000
4.3600000000 0.05111357272031259724 0.00000000000000000000
4.3700000000 0.05107878740553910279 0.00000000000000000000
4.3800000000 0.05104420785792931209 0.00000000000000000000
4.3900000000 0.05100983225875151822 0.00000000000000000000
4.4000000000 0.05097565881059275966 0.00000000000000000000
4.4100000000 0.05094168573704907499 0.00000000000000000000
4.4200000000 0.05090791128242116992 0.00000000000000000000
4.4300000000 0.05087433371141499017 0.00000000000000000000
4.4400000000 0.05084095130884754010 0.00000000000000000000
4.4500000000 0.05080776237935793332 0.00000000000000000000
4.4600000000 0.05077476524712302292 0.00000000000000000000
4.4700000000 0.05074195825557799994 0.00000000000000000000
4.4800000000 0.05070933976714223079 0.00000000000000000000
4.4900000000 0.05067690816294866812 0.00000000000000000000
4.5000000000 0.05064466184257885445 0.00000000000000000000
4.5100000000 0.05061259922380192261 0.00000000000000000000
4.5200000000 0.05058071874231792608 0.00000000000000000000
4.5300000000 0.05054901885150569346 0.00000000000000000000
4.5400000000 0.05051749802217479074 0.00000000000000000000
4.5500000000 0.05048615474232126532 0.00000000000000000000
4.5600000000 0.05045498751688848316 0.00000000000000000000
4.5700000000 0.05042399486753061655 0.00000000000000000000
4.5800000000 0.05039317533238087121 0.00000000000000000000
4.5900000000 0.05036252746582362688 0.00000000000000000000
4.6000000000 0.05033204983826945061 0.00000000000000000000
4.6100000000 0.05030174103593496732 0.00000000000000000000
4.6200000000 0.05027159966062538787 0.00000000000000000000
4.6300000000 0.05024162432952112428 0.00000000000000000000
4.6400000000 0.05021181367496767300 0.00000000000000000000
4.6500000000 0.05018216634426889144 0.00000000000000000000
4.6600000000 0.05015268099948383407 0.00000000000000000000
4.6700000000 0.05012335631722668328 0.00000000000000000000
4.6800000000 0.05009419098846981666 0.00000000000000000000
4.6900000000 0.05006518371835024656 0.00000000000000000000
4.7000000000 0.05003633322597923067 0.00000000000000000000
4.7100000000 0.05000763824425470683 0.00000000000000000000
4.7200000000 0.04997909751967660047 0.00000000000000000000
4.7300000000 0.04995070981216582356 0.00000000000000000000
4.7400000000 0.04992247389488489728 0.00000000000000000000
4.7500000000 0.04989438855406288370 0.00000000000000000000
4.7600000000 0.04986645258882158732 0.00000000000000000000
4.7700000000 0.04983866481100591300 0.00000000000000000000
4.7800000000 0.04981102404501576431 0.00000000000000000000
4.7900000000 0.04978352912764127253 0.00000000000000000000
4.8000000000 0.04975617890790025311 0.00000000000000000000
4.8100000000 0.04972897224687845841 0.00000000000000000000
4.8200000000 0.04970190801757202320 0.00000000000000000000
4.8300000000 0.04967498510473258161 0.00000000000000000000
4.8400000000 0.04964820240471477103 0.00000000000000000000
4.8500000000 0.04962155882532599122 0.00000000000000000000
4.8600000000 0.04959505328567843929 0.00000000000000000000
4.8700000000 0.04956868471604382320 0.00000000000000000000
4.8800000000 0.04954245205770955313 0.00000000000000000000
4.8900000000 0.04951635426283807623 0.00000000000000000000
4.9000000000 0.04949039029432730080 0.00000000000000000000
4.9100000000 0.04946455912567430252 0.00000000000000000000
4.9200000000 0.04943885974083996743 0.00000000000000000000
4.9300000000 0.04941329113411677826 0.00000000000000000000
4.9400000000 0.04938785230999755832 0.00000000000000000000
4.9500000000 0.04936254228304691460 0.00000000000000000000
4.9600000000 0.04933736007777450583 0.00000000000000000000
4.9700000000 0.04931230472850985785 0.00000000000000000000
4.9800000000 0.04928737527927951056 0.00000000000000000000
4.9900000000 0.04926257078368566356 0.00000000000000000000
5.0000000000 0.04923789030478683409 0.00000000000000000000
