0.1000000000 2.14207955156202611846 0.00000000000000000000
0.1100000000 2.08537013618660349579 0.00000000000000000000
0.1200000000 2.02986478504385248200 0.00000000000000000000
0.1300000000 1.97556860117372634633 0.00000000000000000000
0.1400000000 1.92248442562953036905 0.00000000000000000000
0.1500000000 1.87061290394163037831 0.00000000000000000000
0.1600000000 1.81995256310178343817 0.00000000000000000000
0.1700000000 1.77049989782078665002 0.00000000000000000000
0.1800000000 1.72224946476684093177 0.00000000000000000000
0.1900000000 1.67519398347261949667 0.00000000000000000000
0.2000000000 1.62932444260377029543 0.00000000000000000000
0.2100000000 1.58463021030832384994 0.00000000000000000000
0.2200000000 1.54109914741257614246 0.00000000000000000000
0.2300000000 1.49871772229166233537 0.00000000000000000000
0.2400000000 1.45747112631920527903 0.00000000000000000000
0.2500000000 1.41734338888708544246 0.00000000000000000000
0.2600000000 1.37831749108061196729 0.00000000000000000000
0.2700000000 1.34037547719338467900 0.00000000000000000000
0.2800000000 1.30349856336737834894 0.00000000000000000000
0.2900000000 1.26766724274494291258 0.00000000000000000000
0.3000000000 1.23286138661859090426 0.00000000000000000000
0.3100000000 1.19906034115989967859 0.00000000000000000000
0.3200000000 1.16624301939931496186 0.00000000000000000000
0.3300000000 1.13438798821306408016 0.00000000000000000000
0.3400000000 1.10347355015102799314 0.00000000000000000000
0.3500000000 1.07347782000980629391 0.00000000000000000000
0.3600000000 1.04437879611814699032 0.00000000000000000000
0.3700000000 1.01615442635726083154 0.00000000000000000000
0.3800000000 0.98878266898657640738 0.00000000000000000000
0.3900000000 0.96224154838633046971 0.00000000000000000000
0.4000000000 0.93650920586252539568 0.00000000000000000000
0.4100000000 0.91156394568757603825 0.00000000000000000000
0.4200000000 0.88738427657197405107 0.00000000000000000000
0.4300000000 0.86394894877902728147 0.00000000000000000000
0.4400000000 0.84123698710672745182 0.00000000000000000000
0.4500000000 0.81922771996859033994 0.00000000000000000000
0.4600000000 0.79790080480948266661 0.00000000000000000000
0.4700000000 0.77723625009343744185 0.00000000000000000000
0.4800000000 0.75721443409874578112 0.00000000000000000000
0.4900000000 0.73781612075173352849 0.00000000000000000000
0.5000000000 0.71902247272480668272 0.00000000000000000000
0.5100000000 0.70081506201715282334 0.00000000000000000000
0.5200000000 0.68317587822807845921 0.00000000000000000000
0.5300000000 0.66608733472369652251 0.00000000000000000000
0.5400000000 0.64953227288783921267 0.00000000000000000000
0.5500000000 0.63349396463777363220 0.00000000000000000000
0.5600000000 0.61795611337487488246 0.00000000000000000000
0.5700000000 0.60290285352983619127 0.00000000000000000000
0.5800000000 0.58831874885157564581 0.00000000000000000000
0.5900000000 0.57418878957871244406 0.00000000000000000000
0.6000000000 0.56049838862249490301 0.00000000000000000000
0.6100000000 0.54723337688036433057 0.00000000000000000000
0.6200000000 0.53437999779008360512 0.00000000000000000000
0.6300000000 0.52192490122542645192 0.00000000000000000000
0.6400000000 0.50985513682608551989 0.00000000000000000000
0.6500000000 0.49815814684636877674 0.00000000000000000000
0.6600000000 0.48682175859986931421 0.00000000000000000000
0.6700000000 0.47583417657015864011 0.00000000000000000000
0.6800000000 0.46518397425102198106 0.00000000000000000000
0.6900000000 0.45486008577361658478 0.00000000000000000000
0.7000000000 0.44485179737222696472 0.00000000000000000000
0.7100000000 0.43514873873503534529 0.00000000000000000000
0.7200000000 0.42574087428141571543 0.00000000000000000000
0.7300000000 0.41661849440282822110 0.00000000000000000000
0.7400000000 0.40777220670020697391 0.00000000000000000000
0.7500000000 0.39919292724697402752 0.00000000000000000000
0.7600000000 0.39087187190335942466 0.00000000000000000000
0.7700000000 0.38280054770450477886 0.00000000000000000000
0.7800000000 0.37497074434198307546 0.00000000000000000000
0.7900000000 0.36737452575574269797 0.00000000000000000000
0.8000000000 0.36000422185105945827 0.00000000000000000000
0.8100000000 0.35285242035299141383 0.00000000000000000000
0.8200000000 0.34591195880882297242 0.00000000000000000000
0.8300000000 0.33917591674728964080 0.00000000000000000000
0.8400000000 0.33263760800173741705 0.00000000000000000000
0.8500000000 0.32629057320297455425 0.00000000000000000000
0.8600000000 0.32012857244632514364 0.00000000000000000000
0.8700000000 0.31414557813623888993 0.00000000000000000000
0.8800000000 0.30833576801076845175 0.00000000000000000000
0.8900000000 0.30269351834741931029 0.00000000000000000000
0.9000000000 0.29721339735096141688 0.00000000000000000000
0.9100000000 0.29189015872320739353 0.00000000000000000000
0.9200000000 0.28671873541405085151 0.00000000000000000000
0.9300000000 0.28169423355260619912 0.00000000000000000000
0.9400000000 0.27681192655667091751 0.00000000000000000000
0.9500000000 0.27206724941862436840 0.00000000000000000000
0.9600000000 0.26745579316511225443 0.00000000000000000000
0.9700000000 0.26297329948787662168 0.00000000000000000000
0.9800000000 0.25861565554291926494 0.00000000000000000000
0.9900000000 0.25437888891440407768 0.00000000000000000000
1.0000000000 0.25025916273995713057 0.00000000000000000000
1.0100000000 0.24625277099541986736 0.00000000000000000000
1.0200000000 0.24235613393234711754 0.00000000000000000000
1.0300000000 0.23856579366645136453 0.00000000000000000000
1.0400000000 0.23487840991458672213 0.00000000000000000000
1.0500000000 0.23129075587351038967 0.00000000000000000000
1.0600000000 0.22779971423847289458 0.00000000000000000000
1.0700000000 0.22440227335731147140 0.00000000000000000000
1.0800000000 0.22109552351630207268 0.00000000000000000000
1.0900000000 0.21787665335381356524 0.00000000000000000000
1.1000000000 0.21474294639816560171 0.00000000000000000000
1.1100000000 0.21169177772581238006 0.00000000000000000000
1.1200000000 0.20872061073627348748 0.00000000000000000000
1.1300000000 0.20582699404009929811 0.00000000000000000000
1.1400000000 0.20300855845633536401 0.00000000000000000000
1.1500000000 0.20026301411601066249 0.00000000000000000000
1.1600000000 0.19758814766813068142 0.00000000000000000000
1.1700000000 0.19498181958491156429 0.00000000000000000000
1.1800000000 0.19244196156290838129 0.00000000000000000000
1.1900000000 0.18996657401685518307 0.00000000000000000000
1.2000000000 0.18755372366309017163 0.00000000000000000000
1.2100000000 0.18520154118951362432 0.00000000000000000000
1.2200000000 0.18290821900911397035 0.00000000000000000000
1.2300000000 0.18067200909419639521 0.00000000000000000000
1.2400000000 0.17849122088848989875 0.00000000000000000000
1.2500000000 0.17636421929442974710 0.00000000000000000000
1.2600000000 0.17428942273296585408 0.00000000000000000000
1.2700000000 0.17226530127335290543 0.00000000000000000000
1.2800000000 0.17029037483042144818 0.00000000000000000000
1.2900000000 0.16836321142694526953 0.00000000000000000000
1.3000000000 0.16648242551876865636 0.00000000000000000000
1.3100000000 0.16464667638044391818 0.00000000000000000000
1.3200000000 0.16285466654920718876 0.00000000000000000000
1.3300000000 0.16110514032517589400 0.00000000000000000000
1.3400000000 0.15939688232574550364 0.00000000000000000000
1.3500000000 0.15772871609220542877 0.00000000000000000000
1.3600000000 0.15609950274668629722 0.00000000000000000000
1.3700000000 0.15450813969759444322 0.00000000000000000000
1.3800000000 0.15295355939176660809 0.00000000000000000000
1.3900000000 0.15143472811163696812 0.00000000000000000000
1.4000000000 0.14995064481576383941 0.00000000000000000000
1.4100000000 0.14850034002112991183 0.00000000000000000000
1.4200000000 0.14708287472566783372 0.00000000000000000000
1.4300000000 0.14569733936955792108 0.00000000000000000000
1.4400000000 0.14434285283383610499 0.00000000000000000000
1.4500000000 0.14301856147496738725 0.00000000000000000000
1.4600000000 0.14172363819404856788 0.00000000000000000000
1.4700000000 0.14045728153934936011 0.00000000000000000000
1.4800000000 0.13921871484098824467 0.00000000000000000000
1.4900000000 0.13800718537653300366 0.00000000000000000000
1.5000000000 0.13682196356639561574 0.00000000000000000000
1.5100000000 0.13566234219792416837 0.00000000000000000000
1.5200000000 0.13452763567711722992 0.00000000000000000000
1.5300000000 0.13341717930696464500 0.00000000000000000000
1.5400000000 0.13233032859140461679 0.00000000000000000000
1.5500000000 0.13126645856397545220 0.00000000000000000000
1.5600000000 0.13022496314023460084 0.00000000000000000000
1.5700000000 0.12920525449307612709 0.00000000000000000000
1.5800000000 0.12820676245010600991 0.00000000000000000000
1.5900000000 0.12722893391224646131 0.00000000000000000000
1.6000000000 0.12627123229281092542 0.00000000000000000000
1.6100000000 0.12533313697627809780 0.00000000000000000000
1.6200000000 0.12441414279604669224 0.00000000000000000000
1.6300000000 0.12351375953047985523 0.00000000000000000000
1.6400000000 0.12263151141655426191 0.00000000000000000000
1.6500000000 0.12176693668048287067 0.00000000000000000000
1.6600000000 0.12091958708468174277 0.00000000000000000000
1.6700000000 0.12008902749048080971 0.00000000000000000000
1.6800000000 0.11927483543601105631 0.00000000000000000000
1.6900000000 0.11847660072870444536 0.00000000000000000000
1.7000000000 0.11769392505188341902 0.00000000000000000000
1.7100000000 0.11692642158491511895 0.00000000000000000000
1.7200000000 0.11617371463644987628 0.00000000000000000000
1.7300000000 0.11543543929025745776 0.00000000000000000000
1.7400000000 0.11471124106320959579 0.00000000000000000000
1.7500000000 0.11400077557496672565 0.00000000000000000000
1.7600000000 0.11330370822894589300 0.00000000000000000000
1.7700000000 0.11261971390416379568 0.00000000000000000000
1.7800000000 0.11194847665755637556 0.00000000000000000000
1.7900000000 0.11128968943640671352 0.00000000000000000000
1.8000000000 0.11064305380050939998 0.00000000000000000000
1.8100000000 0.11000827965372574069 0.00000000000000000000
1.8200000000 0.10938508498459226237 0.00000000000000000000
1.8300000000 0.10877319561565740313 0.00000000000000000000
1.8400000000 0.10817234496123495635 0.00000000000000000000
1.8500000000 0.10758227379327472972 0.00000000000000000000
1.8600000000 0.10700273001506085957 0.00000000000000000000
1.8700000000 0.10643346844245528404 0.00000000000000000000
1.8800000000 0.10587425059242708270 0.00000000000000000000
1.8900000000 0.10532484447859946641 0.00000000000000000000
1.9000000000 0.10478502441357467889 0.00000000000000000000
1.9100000000 0.10425457081779046509 0.00000000000000000000
1.9200000000 0.10373327003468441054 0.00000000000000000000
1.9300000000 0.10322091415193711261 0.00000000000000000000
1.9400000000 0.10271730082858591959 0.00000000000000000000
1.9500000000 0.10222223312780244486 0.00000000000000000000
1.9600000000 0.10173551935513393263 0.00000000000000000000
1.9700000000 0.10125697290201872425 0.00000000000000000000
1.9800000000 0.10078641209439048732 0.00000000000000000000
1.9900000000 0.10032366004619920619 0.00000000000000000000
2.0000000000 0.09986854451766956353 0.00000000000000000000
2.0100000000 0.09942089777814046292 0.00000000000000000000
2.0200000000 0.09898055647332494600 0.00000000000000000000
2.0300000000 0.09854736149683278323 0.00000000000000000000
2.0400000000 0.09812115786581769583 0.00000000000000000000
2.0500000000 0.09770179460060027243 0.00000000000000000000
2.0600000000 0.09728912460813403384 0.00000000000000000000
2.0700000000 0.09688300456918060022 0.00000000000000000000
2.0800000000 0.09648329482906939369 0.00000000000000000000
2.0900000000 0.09608985929191586617 0.00000000000000000000
2.1000000000 0.09570256531819019974 0.00000000000000000000
2.1100000000 0.09532128362550482126 0.00000000000000000000
2.1200000000 0.09494588819253328704 0.00000000000000000000
2.1300000000 0.09457625616593733076 0.00000000000000000000
2.1400000000 0.09421226777020813570 0.00000000000000000000
2.1500000000 0.09385380622032628295 0.00000000000000000000
2.1600000000 0.09350075763713688870 0.00000000000000000000
2.1700000000 0.09315301096535621994 0.00000000000000000000
2.1800000000 0.09281045789412135927 0.00000000000000000000
2.1900000000 0.09247299277999383726 0.00000000000000000000
2.2000000000 0.09214051257233811520 0.00000000000000000000
2.2100000000 0.09181291674099599509 0.00000000000000000000
2.2200000000 0.09149010720618162840 0.00000000000000000000
2.2300000000 0.09117198827051962995 0.00000000000000000000
2.2400000000 0.09085846655316220932 0.00000000000000000000
2.2500000000 0.09054945092590828415 0.00000000000000000000
2.2600000000 0.09024485245126814825 0.00000000000000000000
2.2700000000 0.08994458432240151624 0.00000000000000000000
2.2800000000 0.08964856180487296156 0.00000000000000000000
2.2900000000 0.08935670218016404653 0.00000000000000000000
2.3000000000 0.08906892469088097120 0.00000000000000000000
2.3100000000 0.08878515048761255468 0.00000000000000000000
2.3200000000 0.08850530257737156126 0.00000000000000000000
2.3300000000 0.08822930577358024939 0.00000000000000000000
2.3400000000 0.08795708664754170458 0.00000000000000000000
2.3500000000 0.08768857348135537799 0.00000000000000000000
2.3600000000 0.08742369622222462278 0.00000000000000000000
2.3700000000 0.08716238643811678732 0.00000000000000000000
2.3800000000 0.08690457727472906957 0.00000000000000000000
2.3900000000 0.08665020341371892920 0.00000000000000000000
2.4000000000 0.08639920103216137959 0.00000000000000000000
2.4100000000 0.08615150776319055459 0.00000000000000000000
2.4200000000 0.08590706265778916273 0.00000000000000000000
2.4300000000 0.08566580614769180035 0.00000000000000000000
2.4400000000 0.08542768000936384887 0.00000000000000000000
2.4500000000 0.08519262732902303792 0.00000000000000000000
2.4600000000 0.08496059246867221360 0.00000000000000000000
2.4700000000 0.08473152103310901961 0.00000000000000000000
2.4800000000 0.08450535983788565186 0.00000000000000000000
2.4900000000 0.08428205687818417224 0.00000000000000000000
2.5000000000 0.08406156129858381731 0.00000000000000000000
2.5100000000 0.08384382336368807753 0.00000000000000000000
2.5200000000 0.08362879442958935650 0.00000000000000000000
2.5300000000 0.08341642691614224725 0.00000000000000000000
2.5400000000 0.08320667428001921051 0.00000000000000000000
2.5500000000 0.08299949098853004470 0.00000000000000000000
2.5600000000 0.08279483249417600443 0.00000000000000000000
2.5700000000 0.08259265520991765364 0.00000000000000000000
2.5800000000 0.08239291648513874522 0.00000000000000000000
2.5900000000 0.08219557458227651214 0.00000000000000000000
2.6000000000 0.08200058865410703168 0.00000000000000000000
2.6100000000 0.08180791872165987799 0.00000000000000000000
2.6200000000 0.08161752565274493776 0.00000000000000000000
2.6300000000 0.08142937114107352825 0.00000000000000000000
2.6400000000 0.08124341768595359781 0.00000000000000000000
2.6500000000 0.08105962857254528364 0.00000000000000000000
2.6600000000 0.08087796785265670418 0.00000000000000000000
2.6700000000 0.08069840032606510893 0.00000000000000000000
2.6800000000 0.08052089152234800928 0.00000000000000000000
2.6900000000 0.08034540768320935777 0.00000000000000000000
2.7000000000 0.08017191574528481635 0.00000000000000000000
2.7100000000 0.08000038332341159741 0.00000000000000000000
2.7200000000 0.07983077869435172003 0.00000000000000000000
2.7300000000 0.07966307078095408167 0.00000000000000000000
2.7400000000 0.07949722913673853975 0.00000000000000000000
2.7500000000 0.07933322393089747848 0.00000000000000000000
2.7600000000 0.07917102593369494679 0.00000000000000000000
2.7700000000 0.07901060650225687210 0.00000000000000000000
2.7800000000 0.07885193756673741783 0.00000000000000000000
2.7900000000 0.07869499161685358790 0.00000000000000000000
2.8000000000 0.07853974168877486672 0.00000000000000000000
2.8100000000 0.07838616135235948468 0.00000000000000000000
2.8200000000 0.07823422469872652607 0.00000000000000000000
2.8300000000 0.07808390632815209731 0.00000000000000000000
2.8400000000 0.07793518133828572503 0.00000000000000000000
2.8500000000 0.07778802531267095532 0.00000000000000000000
2.8600000000 0.07764241430956775325 0.00000000000000000000
2.8700000000 0.07749832485106177005 0.00000000000000000000
2.8800000000 0.07735573391245967323 0.00000000000000000000
2.8900000000 0.07721461891195410820 0.00000000000000000000
2.9000000000 0.07707495770055945716 0.00000000000000000000
2.9100000000 0.07693672855230135332 0.00000000000000000000
2.9200000000 0.07679991015466168525 0.00000000000000000000
2.9300000000 0.07666448159926535222 0.00000000000000000000
2.9400000000 0.07653042237280598126 0.00000000000000000000
2.9500000000 0.07639771234820043333 0.00000000000000000000
2.9600000000 0.07626633177597028079 0.00000000000000000000
2.9700000000 0.07613626127583847381 0.00000000000000000000
2.9800000000 0.07600748182853994672 0.00000000000000000000
2.9900000000 0.07587997476783746309 0.00000000000000000000
3.0000000000 0.07575372177273818897 0.00000000000000000000
3.0100000000 0.07562870485990388913 0.00000000000000000000
3.0200000000 0.07550490637625269230 0.00000000000000000000
3.0300000000 0.07538230899174279409 0.00000000000000000000
3.0400000000 0.07526089569233662679 0.00000000000000000000
3.0500000000 0.07514064977313920923 0.00000000000000000000
3.0600000000 0.07502155483170566685 0.00000000000000000000
3.0700000000 0.07490359476151325913 0.00000000000000000000
3.0800000000 0.07478675374559412559 0.00000000000000000000
3.0900000000 0.07467101625032473988 0.00000000000000000000
3.1000000000 0.07455636701936589616 0.00000000000000000000
3.1100000000 0.07444279106775070209 0.00000000000000000000
3.1200000000 0.07433027367611755309 0.00000000000000000000
3.1300000000 0.07421880038508094080 0.00000000000000000000
3.1400000000 0.07410835698973951280 0.00000000000000000000
3.1500000000 0.07399892953431624898 0.00000000000000000000
3.1600000000 0.07389050430692853388 0.00000000000000000000
3.1700000000 0.07378306783448171369 0.00000000000000000000
3.1800000000 0.07367660687768655403 0.00000000000000000000
3.1900000000 0.07357110842619464519 0.00000000000000000000
3.2000000000 0.07346655969385014473 0.00000000000000000000
3.2100000000 0.07336294811405368044 0.00000000000000000000
3.2200000000 0.07326026133523627637 0.00000000000000000000
3.2300000000 0.07315848721644022112 0.00000000000000000000
3.2400000000 0.07305761382300364482 0.00000000000000000000
3.2500000000 0.07295762942234700066 0.00000000000000000000
3.2600000000 0.07285852247985719066 0.00000000000000000000
3.2700000000 0.07276028165486925214 0.00000000000000000000
3.2800000000 0.07266289579674002630 0.00000000000000000000
3.2900000000 0.07256635394101505765 0.00000000000000000000
3.3000000000 0.07247064530568170238 0.00000000000000000000
3.3100000000 0.07237575928751137366 0.00000000000000000000
3.3200000000 0.07228168545848467907 0.00000000000000000000
3.3300000000 0.07218841356229872830 0.00000000000000000000
3.3400000000 0.07209593351095501534 0.00000000000000000000
3.3500000000 0.07200423538142500246 0.00000000000000000000
3.3600000000 0.07191330941239232333 0.00000000000000000000
3.3700000000 0.07182314600106745606 0.00000000000000000000
3.3800000000 0.07173373570007708644 0.00000000000000000000
3.3900000000 0.07164506921442136134 0.00000000000000000000
3.4000000000 0.07155713739850159960 0.00000000000000000000
3.4100000000 0.07146993125321382534 0.00000000000000000000
3.4200000000 0.07138344192310808189 0.00000000000000000000
3.4300000000 0.07129766069361113956 0.00000000000000000000
3.4400000000 0.07121257898831094557 0.00000000000000000000
3.4500000000 0.07112818836630208086 0.00000000000000000000
3.4600000000 0.07104448051958923982 0.00000000000000000000
3.4700000000 0.07096144727054914947 0.00000000000000000000
3.4800000000 0.07087908056944815238 0.00000000000000000000
3.4900000000 0.07079737249201419058 0.00000000000000000000
3.5000000000 0.07071631523706287115 0.00000000000000000000
3.5100000000 0.07063590112417400535 0.00000000000000000000
3.5200000000 0.07055612259142071685 0.00000000000000000000
3.5300000000 0.07047697219314751071 0.00000000000000000000
3.5400000000 0.07039844259779497182 0.00000000000000000000
3.5500000000 0.07032052658577446491 0.00000000000000000000
3.5600000000 0.07024321704738625827 0.00000000000000000000
3.5700000000 0.07016650698078380488 0.00000000000000000000
3.5800000000 0.07009038948998159990 0.00000000000000000000
3.5900000000 0.07001485778290549022 0.00000000000000000000
3.6000000000 0.06993990516948467295 0.00000000000000000000
3.6100000000 0.06986552505978470273 0.00000000000000000000
3.6200000000 0.06979171096218003689 0.00000000000000000000
3.6300000000 0.06971845648156513309 0.00000000000000000000
3.6400000000 0.06964575531760382188 0.00000000000000000000
3.6500000000 0.06957360126301516401 0.00000000000000000000
3.6600000000 0.06950198820189504301 0.00000000000000000000
3.6700000000 0.06943091010807460328 0.00000000000000000000
3.6800000000 0.06936036104351116227 0.00000000000000000000
3.6900000000 0.06929033515671333132 0.00000000000000000000
3.7000000000 0.06922082668119981796 0.00000000000000000000
3.7100000000 0.06915182993398839850 0.00000000000000000000
3.7200000000 0.06908333931411790585 0.00000000000000000000
3.7300000000 0.06901534930120034605 0.00000000000000000000
3.7400000000 0.06894785445400154755 0.00000000000000000000
3.7500000000 0.06888084940905245257 0.00000000000000000000
3.7600000000 0.06881432887928869147 0.00000000000000000000
3.7700000000 0.06874828765271716324 0.00000000000000000000
3.7800000000 0.06868272059111013572 0.00000000000000000000
3.7900000000 0.06861762262872606044 0.00000000000000000000
3.8000000000 0.06855298877105649169 0.00000000000000000000
3.8100000000 0.06848881409359761085 0.00000000000000000000
3.8200000000 0.06842509374064702221 0.00000000000000000000
3.8300000000 0.06836182292412501527 0.00000000000000000000
3.8400000000 0.06829899692241822584 0.00000000000000000000
3.8500000000 0.06823661107924858249 0.00000000000000000000
3.8600000000 0.06817466080256194549 0.00000000000000000000
3.8700000000 0.06811314156344178139 0.00000000000000000000
3.8800000000 0.06805204889504209986 0.00000000000000000000
3.8900000000 0.06799137839154291429 0.00000000000000000000
3.9000000000 0.06793112570712533937 0.00000000000000000000
3.9100000000 0.06787128655496772744 0.00000000000000000000
3.9200000000 0.06781185670626085904 0.00000000000000000000
3.9300000000 0.06775283198924254846 0.00000000000000000000
3.9400000000 0.06769420828825148395 0.00000000000000000000
3.9500000000 0.06763598154279884533 0.00000000000000000000
3.9600000000 0.06757814774665847624 0.00000000000000000000
3.9700000000 0.06752070294697433417 0.00000000000000000000
3.9800000000 0.06746364324338531560 0.00000000000000000000
3.9900000000 0.06740696478716730333 0.00000000000000000000
4.0000000000 0.06735066378039060442 0.00000000000000000000
4.0100000000 0.06729473647509488787 0.00000000000000000000
4.0200000000 0.06723917917247884679 0.00000000000000000000
4.0300000000 0.06718398822210620847 0.00000000000000000000
4.0400000000 0.06712916002112565006 0.00000000000000000000
4.0500000000 0.06707469101350668761 0.00000000000000000000
4.0600000000 0.06702057768928917914 0.00000000000000000000
4.0700000000 0.06696681658384777414 0.00000000000000000000
4.0800000000 0.06691340427716910289 0.00000000000000000000
4.0900000000 0.06686033739314346802 0.00000000000000000000
4.1000000000 0.06680761259886952574 0.00000000000000000000
4.1100000000 0.06675522660397195662 0.00000000000000000000
4.1200000000 0.06670317615993111293 0.00000000000000000000
4.1300000000 0.06665145805942673807 0.00000000000000000000
4.1400000000 0.06660006913569183062 0.00000000000000000000
4.1500000000 0.06654900626188026136 0.00000000000000000000
4.1600000000 0.06649826635044471523 0.00000000000000000000
4.1700000000 0.06644784635252674876 0.00000000000000000000
4.1800000000 0.06639774325735783855 0.00000000000000000000
4.1900000000 0.06634795409167108804 0.00000000000000000000
4.2000000000 0.06629847591912442495 0.00000000000000000000
4.2100000000 0.06624930583973340226 0.00000000000000000000
4.2200000000 0.06620044098931467114 0.00000000000000000000
4.2300000000 0.06615187853893980674 0.00000000000000000000
4.2400000000 0.06610361569439812679 0.00000000000000000000
4.2500000000 0.06605564969567026545 0.00000000000000000000
4.2600000000 0.06600797781641024042 0.00000000000000000000
4.2700000000 0.06596059736343769242 0.00000000000000000000
4.2800000000 0.06591350567623800727 0.00000000000000000000
4.2900000000 0.06586670012647240224 0.00000000000000000000
4.3000000000 0.06582017811749636682 0.00000000000000000000
4.3100000000 0.06577393708388624971 0.00000000000000000000
4.3200000000 0.06572797449097489420 0.00000000000000000000
4.3300000000 0.06568228783439489238 0.00000000000000000000
4.3400000000 0.06563687463962999957 0.00000000000000000000
4.3500000000 0.06559173246157452841 0.00000000000000000000
4.3600000000 0.06554685888410037575 0.00000000000000000000
4.3700000000 0.06550225151963161296 0.00000000000000000000
4.3800000000 0.06545790800872657023 0.00000000000000000000
4.3900000000 0.06541382601966676258 0.00000000000000000000
4.4000000000 0.06537000324805333773 0.00000000000000000000
4.4100000000 0.06532643741641057378 0.00000000000000000000
4.4200000000 0.06528312627379578847 0.00000000000000000000
4.4300000000 0.06524006759541590983 0.00000000000000000000
4.4400000000 0.06519725918225148520 0.00000000000000000000
4.4500000000 0.06515469886068601946 0.00000000000000000000
4.4600000000 0.06511238448214191898 0.00000000000000000000
4.4700000000 0.06507031392272315251 0.00000000000000000000
4.4800000000 0.06502848508286347695 0.00000000000000000000
4.4900000000 0.06498689588698072783 0.00000000000000000000
4.5000000000 0.06494554428313685512 0.00000000000000000000
4.5100000000 0.06490442824270373223 0.00000000000000000000
4.5200000000 0.06486354576003480754 0.00000000000000000000
4.5300000000 0.06482289485214180746 0.00000000000000000000
4.5400000000 0.06478247355837715715 0.00000000000000000000
4.5500000000 0.06474227994012154985 0.00000000000000000000
4.5600000000 0.06470231208047687310 0.00000000000000000000
4.5700000000 0.06466256808396385336 0.00000000000000000000
4.5800000000 0.06462304607622523789 0.00000000000000000000
4.5900000000 0.06458374420373334812 0.00000000000000000000
4.6000000000 0.06454466063350254579 0.00000000000000000000
4.6100000000 0.06450579355280693095 0.00000000000000000000
4.6200000000 0.06446714116890189805 0.00000000000000000000
4.6300000000 0.06442870170875068803 0.00000000000000000000
4.6400000000 0.06439047341875518693 0.00000000000000000000
4.6500000000 0.06435245456449176227 0.00000000000000000000
4.6600000000 0.06431464343044972221 0.00000000000000000000
4.6700000000 0.06427703831977625570 0.00000000000000000000
4.6800000000 0.06423963755402334330 0.00000000000000000000
4.6900000000 0.06420243947290038555 0.00000000000000000000
4.7000000000 0.06416544243402994008 0.00000000000000000000
4.7100000000 0.06412864481270717787 0.00000000000000000000
4.7200000000 0.06409204500166421070 0.00000000000000000000
4.7300000000 0.06405564141083672225 0.00000000000000000000
4.7400000000 0.06401943246713574787 0.00000000000000000000
4.7500000000 0.06398341661422199400 0.00000000000000000000
4.7600000000 0.06394759231228439034 0.00000000000000000000
4.7700000000 0.06391195803782144524 0.00000000000000000000
4.7800000000 0.06387651228342723642 0.00000000000000000000
4.7900000000 0.06384125355757896969 0.00000000000000000000
4.8000000000 0.06380618038442974205 0.00000000000000000000
4.8100000000 0.06377129130360328912 0.00000000000000000000
4.8200000000 0.06373658486999207728 0.00000000000000000000
4.8300000000 0.06370205965355936473 0.00000000000000000000
4.8400000000 0.06366771423914324712 0.00000000000000000000
4.8500000000 0.06363354722626425597 0.00000000000000000000
4.8600000000 0.06359955722893609331 0.00000000000000000000
4.8700000000 0.06356574287547887836 0.00000000000000000000
4.8800000000 0.06353210280833535006 0.00000000000000000000
4.8900000000 0.06349863568389034485 0.00000000000000000000
4.9000000000 0.06346534017229225888 0.00000000000000000000
4.9100000000 0.06343221495727785486 0.00000000000000000000
4.9200000000 0.06339925873599931705 0.00000000000000000000
4.9300000000 0.06336647021885426223 0.00000000000000000000
4.9400000000 0.06333384812931822094 0.00000000000000000000
4.9500000000 0.06330139120377946405 0.00000000000000000000
4.9600000000 0.06326909819137631341 0.00000000000000000000
4.9700000000 0.06323696785383738084 0.00000000000000000000
4.9800000000 0.06320499896532366657 0.00000000000000000000
4.9900000000 0.06317319031227301707 0.00000000000000000000
5.0000000000 0.06314154069324752483 0.00000000000000000000
