0.1000000000 4.83530607949878188379 0.00000000000000000000
0.1100000000 4.68171042626519007257 0.00000000000000000000
0.1200000000 4.53134967743970928922 0.00000000000000000000
0.1300000000 4.38445243057068623216 0.00000000000000000000
0.1400000000 4.24122167095603330722 0.00000000000000000000
0.1500000000 4.10183154257157589484 0.00000000000000000000
0.1600000000 3.96642496443644754223 0.00000000000000000000
0.1700000000 3.83511219562098970570 0.00000000000000000000
0.1800000000 3.70797039070227096857 0.00000000000000000000
0.1900000000 3.58504412385941328978 0.00000000000000000000
0.2000000000 3.46634680086453439429 0.00000000000000000000
0.2100000000 3.35186282989006789634 0.00000000000000000000
0.2200000000 3.24155038841181131204 0.00000000000000000000
0.2300000000 3.13534460634847311766 0.00000000000000000000
0.2400000000 3.03316098448380877528 0.00000000000000000000
0.2500000000 2.93489887985057062991 0.00000000000000000000
0.2600000000 2.84044491259956588536 0.00000000000000000000
0.2700000000 2.74967617793867447062 0.00000000000000000000
0.2800000000 2.66246317817445898868 0.00000000000000000000
0.2900000000 2.57867242051201417397 0.00000000000000000000
0.3000000000 2.49816865372346752494 0.00000000000000000000
0.3100000000 2.42081673965343080468 0.00000000000000000000
0.3200000000 2.34648317318952370769 0.00000000000000000000
0.3300000000 2.27503727683476686394 0.00000000000000000000
0.3400000000 2.20635210387129943044 0.00000000000000000000
0.3500000000 2.14030508805087649193 0.00000000000000000000
0.3600000000 2.07677847863312559085 0.00000000000000000000
0.3700000000 2.01565959824796081534 0.00000000000000000000
0.3800000000 1.95684095822392944974 0.00000000000000000000
0.3900000000 1.90022026231585638989 0.00000000000000000000
0.4000000000 1.84570032566234831783 0.00000000000000000000
0.4100000000 1.79318893165806270140 0.00000000000000000000
0.4200000000 1.74259864547598541940 0.00000000000000000000
0.4300000000 1.69384659936938475333 0.00000000000000000000
0.4400000000 1.64685426169910331673 0.00000000000000000000
0.4500000000 1.60154719889614249873 0.00000000000000000000
0.4600000000 1.55785483727373841312 0.00000000000000000000
0.4700000000 1.51571022971726732109 0.00000000000000000000
0.4800000000 1.47504983076152917931 0.00000000000000000000
0.4900000000 1.43581328236547034471 0.00000000000000000000
0.5000000000 1.39794321176669278373 0.00000000000000000000
0.5100000000 1.36138504209449462401 0.00000000000000000000
0.5200000000 1.32608681590142563067 0.00000000000000000000
0.5300000000 1.29199903140081140407 0.00000000000000000000
0.5400000000 1.25907449094149725966 0.00000000000000000000
0.5500000000 1.22726816108427572161 0.00000000000000000000
0.5600000000 1.19653704354586531977 0.00000000000000000000
0.5700000000 1.16684005622825925919 0.00000000000000000000
0.5800000000 1.13813792354007992103 0.00000000000000000000
0.5900000000 1.11039307523137265044 0.00000000000000000000
0.6000000000 1.08356955299513413316 0.00000000000000000000
0.6100000000 1.05763292413253728874 0.00000000000000000000
0.6200000000 1.03255020162811361750 0.00000000000000000000
0.6300000000 1.00828977003376096810 0.00000000000000000000
0.6400000000 0.98482131661320770899 0.00000000000000000000
0.6500000000 0.96211576724995473420 0.00000000000000000000
0.6600000000 0.94014522667083688656 0.00000000000000000000
0.6700000000 0.91888292258300241500 0.00000000000000000000
0.6800000000 0.89830315336426447281 0.00000000000000000000
0.6900000000 0.87838123898557873837 0.00000000000000000000
0.7000000000 0.85909347487907816721 0.00000000000000000000
0.7100000000 0.84041708849638230294 0.00000000000000000000
0.7200000000 0.82233019833008591526 0.00000000000000000000
0.7300000000 0.80481177519610436200 0.00000000000000000000
0.7400000000 0.78784160559669602630 0.00000000000000000000
0.7500000000 0.77140025700326120273 0.00000000000000000000
0.7600000000 0.75546904491562960615 0.00000000000000000000
0.7700000000 0.74003000156907816631 0.00000000000000000000
0.7800000000 0.72506584617431946160 0.00000000000000000000
0.7900000000 0.71055995658652182367 0.00000000000000000000
0.8000000000 0.69649634231059731615 0.00000000000000000000
0.8100000000 0.68285961875808787180 0.00000000000000000000
0.8200000000 0.66963498267953991405 0.00000000000000000000
0.8300000000 0.65680818870285562205 0.00000000000000000000
0.8400000000 0.64436552691437509743 0.00000000000000000000
0.8500000000 0.63229380142463720293 0.00000000000000000000
0.8600000000 0.62058030986590539957 0.00000000000000000000
0.8700000000 0.60921282377212193637 0.00000000000000000000
0.8800000000 0.59817956979619135716 0.00000000000000000000
0.8900000000 0.58746921172306953984 0.00000000000000000000
0.9000000000 0.57707083323899344141 0.00000000000000000000
0.9100000000 0.56697392142098912426 0.00000000000000000000
0.9200000000 0.55716835091269090174 0.00000000000000000000
0.9300000000 0.54764436875456923293 0.00000000000000000000
0.9400000000 0.53839257983850807854 0.00000000000000000000
0.9500000000 0.52940393295935606055 0.00000000000000000000
0.9600000000 0.52066970743574969571 0.00000000000000000000
0.9700000000 0.51218150027637854294 0.00000000000000000000
0.9800000000 0.50393121386731198896 0.00000000000000000000
0.9900000000 0.49591104415779435621 0.00000000000000000000
1.0000000000 0.48811346932300897494 0.00000000000000000000
1.0100000000 0.48053123888575988154 0.00000000000000000000
1.0200000000 0.47315736327368757008 0.00000000000000000000
1.0300000000 0.46598510379684598970 0.00000000000000000000
1.0400000000 0.45900796302742447041 0.00000000000000000000
1.0500000000 0.45221967556419340184 0.00000000000000000000
1.0600000000 0.44561419916636368921 0.00000000000000000000
1.0700000000 0.43918570624122049706 0.00000000000000000000
1.0800000000 0.43292857567092513094 0.00000000000000000000
1.0900000000 0.42683738496525563955 0.00000000000000000000
1.1000000000 0.42090690272571690267 0.00000000000000000000
1.1100000000 0.41513208140939772406 0.00000000000000000000
1.1200000000 0.40950805037961945931 0.00000000000000000000
1.1300000000 0.40403010923197729687 0.00000000000000000000
1.1400000000 0.39869372138450553944 0.00000000000000000000
1.1500000000 0.39349450792104834207 0.00000000000000000000
1.1600000000 0.38842824167781941913 0.00000000000000000000
1.1700000000 0.38349084156308554938 0.00000000000000000000
1.1800000000 0.37867836710043262238 0.00000000000000000000
1.1900000000 0.37398701318685995121 0.00000000000000000000
1.2000000000 0.36941310505653290885 0.00000000000000000000
1.2100000000 0.36495309344241982918 0.00000000000000000000
1.2200000000 0.36060354992722942757 0.00000000000000000000
1.2300000000 0.35636116247640847732 0.00000000000000000000
1.2400000000 0.35222273114567864694 0.00000000000000000000
1.2500000000 0.34818516395605314528 0.00000000000000000000
1.2600000000 0.34424547292959745137 0.00000000000000000000
1.2700000000 0.34040077027944981580 0.00000000000000000000
1.2800000000 0.33664826474785625177 0.00000000000000000000
1.2900000000 0.33298525808631823653 0.00000000000000000000
1.3000000000 0.32940914167202473006 0.00000000000000000000
1.3100000000 0.32591739325516333459 0.00000000000000000000
1.3200000000 0.32250757383187400595 0.00000000000000000000
1.3300000000 0.31917732463769249440 0.00000000000000000000
1.3400000000 0.31592436425673325884 0.00000000000000000000
1.3500000000 0.31274648584192077383 0.00000000000000000000
1.3600000000 0.30964155444187135835 0.00000000000000000000
1.3700000000 0.30660750443010909017 0.00000000000000000000
1.3800000000 0.30364233703250731455 0.00000000000000000000
1.3900000000 0.30074411794910177465 0.00000000000000000000
1.4000000000 0.29791097506642461035 0.00000000000000000000
1.4100000000 0.29514109625683948579 0.00000000000000000000
1.4200000000 0.29243272726129282413 0.00000000000000000000
1.4300000000 0.28978416965228070978 0.00000000000000000000
1.4400000000 0.28719377887378189085 0.00000000000000000000
1.4500000000 0.28465996235509599677 0.00000000000000000000
1.4600000000 0.28218117769568762387 0.00000000000000000000
1.4700000000 0.27975593091819933589 0.00000000000000000000
1.4800000000 0.27738277478694406408 0.00000000000000000000
1.4900000000 0.27506030718931667733 0.00000000000000000000
1.5000000000 0.27278716957757820349 0.00000000000000000000
1.5100000000 0.27056204546871204242 0.00000000000000000000
1.5200000000 0.26838365900001692754 0.00000000000000000000
1.5300000000 0.26625077353826770432 0.00000000000000000000
1.5400000000 0.26416219034033372459 0.00000000000000000000
1.5500000000 0.26211674726323225260 0.00000000000000000000
1.5600000000 0.26011331752173927345 0.00000000000000000000
1.5700000000 0.25815080849160360055 0.00000000000000000000
1.5800000000 0.25622816055669339619 0.00000000000000000000
1.5900000000 0.25434434599826460932 0.00000000000000000000
1.6000000000 0.25249836792481167302 0.00000000000000000000
1.6100000000 0.25068925924085860846 0.00000000000000000000
1.6200000000 0.24891608165321177371 0.00000000000000000000
1.6300000000 0.24717792471320002012 0.00000000000000000000
1.6400000000 0.24547390489357909238 0.00000000000000000000
1.6500000000 0.24380316469868276719 0.00000000000000000000
1.6600000000 0.24216487180659482248 0.00000000000000000000
1.6700000000 0.24055821824211262583 0.00000000000000000000
1.6800000000 0.23898241957929483581 0.00000000000000000000
1.6900000000 0.23743671417249148647 0.00000000000000000000
1.7000000000 0.23592036241475275449 0.00000000000000000000
1.7100000000 0.23443264602258509499 0.00000000000000000000
1.7200000000 0.23297286734604974456 0.00000000000000000000
1.7300000000 0.23154034870323914053 0.00000000000000000000
1.7400000000 0.23013443173821196419 0.00000000000000000000
1.7500000000 0.22875447680151109187 0.00000000000000000000
1.7600000000 0.22739986235238884849 0.00000000000000000000
1.7700000000 0.22606998438195480272 0.00000000000000000000
1.7800000000 0.22476425585643011740 0.00000000000000000000
1.7900000000 0.22348210617979025194 0.00000000000000000000
1.8000000000 0.22222298067502133101 0.00000000000000000000
1.8100000000 0.22098634008336751067 0.00000000000000000000
1.8200000000 0.21977166008082205106 0.00000000000000000000
1.8300000000 0.21857843081128666696 0.00000000000000000000
1.8400000000 0.21740615643573851790 0.00000000000000000000
1.8500000000 0.21625435469683826351 0.00000000000000000000
1.8600000000 0.21512255649839853722 0.00000000000000000000
1.8700000000 0.21401030549917698931 0.00000000000000000000
1.8800000000 0.21291715772044231270 0.00000000000000000000
1.8900000000 0.21184268116684659700 0.00000000000000000000
1.9000000000 0.21078645546009613931 0.00000000000000000000
1.9100000000 0.20974807148493773701 0.00000000000000000000
1.9200000000 0.20872713104705312159 0.00000000000000000000
1.9300000000 0.20772324654240639785 0.00000000000000000000
1.9400000000 0.20673604063761127914 0.00000000000000000000
1.9500000000 0.20576514596096920351 0.00000000000000000000
1.9600000000 0.20481020480374437231 0.00000000000000000000
1.9700000000 0.20387086883133703763 0.00000000000000000000
1.9800000000 0.20294679880399221772 0.00000000000000000000
1.9900000000 0.20203766430670194731 0.00000000000000000000
2.0000000000 0.20114314348797671106 0.00000000000000000000
2.0100000000 0.20026292280716379013 0.00000000000000000000
2.0200000000 0.19939669679001706393 0.00000000000000000000
2.0300000000 0.19854416779221750744 0.00000000000000000000
2.0400000000 0.19770504577057793072 0.00000000000000000000
2.0500000000 0.19687904806164005511 0.00000000000000000000
2.0600000000 0.19606589916742581114 0.00000000000000000000
2.0700000000 0.19526533054807623802 0.00000000000000000000
2.0800000000 0.19447708042114481009 0.00000000000000000000
2.0900000000 0.19370089356731468033 0.00000000000000000000
2.1000000000 0.19293652114230361305 0.00000000000000000000
2.1100000000 0.19218372049476831198 0.00000000000000000000
2.1200000000 0.19144225498996245149 0.00000000000000000000
2.1300000000 0.19071189383899023184 0.00000000000000000000
2.1400000000 0.18999241193343088807 0.00000000000000000000
2.1500000000 0.18928358968516503791 0.00000000000000000000
2.1600000000 0.18858521287123161669 0.00000000000000000000
2.1700000000 0.18789707248351270041 0.00000000000000000000
2.1800000000 0.18721896458313072586 0.00000000000000000000
2.1900000000 0.18655069015934405696 0.00000000000000000000
2.2000000000 0.18589205499282934753 0.00000000000000000000
2.2100000000 0.18524286952318422261 0.00000000000000000000
2.2200000000 0.18460294872051091764 0.00000000000000000000
2.2300000000 0.18397211196094293006 0.00000000000000000000
2.2400000000 0.18335018290598342761 0.00000000000000000000
2.2500000000 0.18273698938553092908 0.00000000000000000000
2.2600000000 0.18213236328445828183 0.00000000000000000000
2.2700000000 0.18153614043264648670 0.00000000000000000000
2.2800000000 0.18094816049833575833 0.00000000000000000000
2.2900000000 0.18036826688469925761 0.00000000000000000000
2.3000000000 0.17979630662953005604 0.00000000000000000000
2.3100000000 0.17923213030793549994 0.00000000000000000000
2.3200000000 0.17867559193794230188 0.00000000000000000000
2.3300000000 0.17812654888891885085 0.00000000000000000000
2.3400000000 0.17758486179271751326 0.00000000000000000000
2.3500000000 0.17705039445745660021 0.00000000000000000000
2.3600000000 0.17652301378384346875 0.00000000000000000000
2.3700000000 0.17600258968397294868 0.00000000000000000000
2.3800000000 0.17548899500250589312 0.00000000000000000000
2.3900000000 0.17498210544016212786 0.00000000000000000000
2.4000000000 0.17448179947944333912 0.00000000000000000000
2.4100000000 0.17398795831252480970 0.00000000000000000000
2.4200000000 0.17350046577124259017 0.00000000000000000000
2.4300000000 0.17301920825910011015 0.00000000000000000000
2.4400000000 0.17254407468524965430 0.00000000000000000000
2.4500000000 0.17207495640036699069 0.00000000000000000000
2.4600000000 0.17161174713436835870 0.00000000000000000000
2.4700000000 0.17115434293591147430 0.00000000000000000000
2.4800000000 0.17070264211362703999 0.00000000000000000000
2.4900000000 0.17025654517901209206 0.00000000000000000000
2.5000000000 0.16981595479095693002 0.00000000000000000000
2.5100000000 0.16938077570183110443 0.00000000000000000000
2.5200000000 0.16895091470509640552 0.00000000000000000000
2.5300000000 0.16852628058439123038 0.00000000000000000000
2.5400000000 0.16810678406404197527 0.00000000000000000000
2.5500000000 0.16769233776096248434 0.00000000000000000000
2.5600000000 0.16728285613788951292 0.00000000000000000000
2.5700000000 0.16687825545792234205 0.00000000000000000000
2.5800000000 0.16647845374031985943 0.00000000000000000000
2.5900000000 0.16608337071752307668 0.00000000000000000000
2.6000000000 0.16569292779335728638 0.00000000000000000000
2.6100000000 0.16530704800238787966 0.00000000000000000000
2.6200000000 0.16492565597038716385 0.00000000000000000000
2.6300000000 0.16454867787588198236 0.00000000000000000000
2.6400000000 0.16417604141274866336 0.00000000000000000000
2.6500000000 0.16380767575382437773 0.00000000000000000000
2.6600000000 0.16344351151550437495 0.00000000000000000000
2.6700000000 0.16308348072329625911 0.00000000000000000000
2.6800000000 0.16272751677830071815 0.00000000000000000000
2.6900000000 0.16237555442459117305 0.00000000000000000000
2.7000000000 0.16202752971746997579 0.00000000000000000000
2.7100000000 0.16168337999257142990 0.00000000000000000000
2.7200000000 0.16134304383578532138 0.00000000000000000000
2.7300000000 0.16100646105398103147 0.00000000000000000000
2.7400000000 0.16067357264650561355 0.00000000000000000000
2.7500000000 0.16034432077743507317 0.00000000000000000000
2.7600000000 0.16001864874855520338 0.00000000000000000000
2.7700000000 0.15969650097305274072 0.00000000000000000000
2.7800000000 0.15937782294989288889 0.00000000000000000000
2.7900000000 0.15906256123886763909 0.00000000000000000000
2.8000000000 0.15875066343629337662 0.00000000000000000000
2.8100000000 0.15844207815133537487 0.00000000000000000000
2.8200000000 0.15813675498295276522 0.00000000000000000000
2.8300000000 0.15783464449742801161 0.00000000000000000000
2.8400000000 0.15753569820648524735 0.00000000000000000000
2.8500000000 0.15723986854595914386 0.00000000000000000000
2.8600000000 0.15694710885502083375 0.00000000000000000000
2.8700000000 0.15665737335592341828 0.00000000000000000000
2.8800000000 0.15637061713426950171 0.00000000000000000000
2.8900000000 0.15608679611977641088 0.00000000000000000000
2.9000000000 0.15580586706753005166 0.00000000000000000000
2.9100000000 0.15552778753970761261 0.00000000000000000000
2.9200000000 0.15525251588776514677 0.00000000000000000000
2.9300000000 0.15498001123506793819 0.00000000000000000000
2.9400000000 0.15471023345995746356 0.00000000000000000000
2.9500000000 0.15444314317923901747 0.00000000000000000000
2.9600000000 0.15417870173208383933 0.00000000000000000000
2.9700000000 0.15391687116432342664 0.00000000000000000000
2.9800000000 0.15365761421314055868 0.00000000000000000000
2.9900000000 0.15340089429213257799 0.00000000000000000000
3.0000000000 0.15314667547674121195 0.00000000000000000000
3.0100000000 0.15289492249004685287 0.00000000000000000000
3.0200000000 0.15264560068890109523 0.00000000000000000000
3.0300000000 0.15239867605040363641 0.00000000000000000000
3.0400000000 0.15215411515870622128 0.00000000000000000000
3.0500000000 0.15191188519213719155 0.00000000000000000000
3.0600000000 0.15167195391063553744 0.00000000000000000000
3.0700000000 0.15143428964349198163 0.00000000000000000000
3.0800000000 0.15119886127738052517 0.00000000000000000000
3.0900000000 0.15096563824467992831 0.00000000000000000000
3.1000000000 0.15073459051207413473 0.00000000000000000000
3.1100000000 0.15050568856942347917 0.00000000000000000000
3.1200000000 0.15027890341890196013 0.00000000000000000000
3.1300000000 0.15005420656439250049 0.00000000000000000000
3.1400000000 0.14983157000113039858 0.00000000000000000000
3.1500000000 0.14961096620559541370 0.00000000000000000000
3.1600000000 0.14939236812563774781 0.00000000000000000000
3.1700000000 0.14917574917083797903 0.00000000000000000000
3.1800000000 0.14896108320309289774 0.00000000000000000000
3.1900000000 0.14874834452741739210 0.00000000000000000000
3.2000000000 0.14853750788296746221 0.00000000000000000000
3.2100000000 0.14832854843426240832 0.00000000000000000000
3.2200000000 0.14812144176261904382 0.00000000000000000000
3.2300000000 0.14791616385777783815 0.00000000000000000000
3.2400000000 0.14771269110972484739 0.00000000000000000000
3.2500000000 0.14751100030069819180 0.00000000000000000000
3.2600000000 0.14731106859738080095 0.00000000000000000000
3.2700000000 0.14711287354327204357 0.00000000000000000000
3.2800000000 0.14691639305122775050 0.00000000000000000000
3.2900000000 0.14672160539617609687 0.00000000000000000000
3.3000000000 0.14652848920799382837 0.00000000000000000000
3.3100000000 0.14633702346454610654 0.00000000000000000000
3.3200000000 0.14614718748488178535 0.00000000000000000000
3.3300000000 0.14595896092258178744 0.00000000000000000000
3.3400000000 0.14577232375925688879 0.00000000000000000000
3.3500000000 0.14558725629819005420 0.00000000000000000000
3.3600000000 0.14540373915812263017 0.00000000000000000000
3.3700000000 0.14522175326717479127 0.00000000000000000000
3.3800000000 0.14504127985690429270 0.00000000000000000000
3.3900000000 0.14486230045649475806 0.00000000000000000000
3.4000000000 0.14468479688707294728 0.00000000000000000000
3.4100000000 0.14450875125615003647 0.00000000000000000000
3.4200000000 0.14433414595218516108 0.00000000000000000000
3.4300000000 0.14416096363926972357 0.00000000000000000000
3.4400000000 0.14398918725192375034 0.00000000000000000000
3.4500000000 0.14381879999000871106 0.00000000000000000000
3.4600000000 0.14364978531374938964 0.00000000000000000000
3.4700000000 0.14348212693886475133 0.00000000000000000000
3.4800000000 0.14331580883180136676 0.00000000000000000000
3.4900000000 0.14315081520507158541 0.00000000000000000000
3.5000000000 0.14298713051269121288 0.00000000000000000000
3.5100000000 0.14282473944571522084 0.00000000000000000000
3.5200000000 0.14266362692786702104 0.00000000000000000000
3.5300000000 0.14250377811126346828 0.00000000000000000000
3.5400000000 0.14234517837222823711 0.00000000000000000000
3.5500000000 0.14218781330719643119 0.00000000000000000000
3.5600000000 0.14203166872870279236 0.00000000000000000000
3.5700000000 0.14187673066145697898 0.00000000000000000000
3.5800000000 0.14172298533849828073 0.00000000000000000000
3.5900000000 0.14157041919743651448 0.00000000000000000000
3.6000000000 0.14141901887676455729 0.00000000000000000000
3.6100000000 0.14126877121225256406 0.00000000000000000000
3.6200000000 0.14111966323341526564 0.00000000000000000000
3.6300000000 0.14097168216005365182 0.00000000000000000000
3.6400000000 0.14082481539886659849 0.00000000000000000000
3.6500000000 0.14067905054013418731 0.00000000000000000000
3.6600000000 0.14053437535446822171 0.00000000000000000000
3.6700000000 0.14039077778962913423 0.00000000000000000000
3.6800000000 0.14024824596740884108 0.00000000000000000000
3.6900000000 0.14010676818057699045 0.00000000000000000000
3.7000000000 0.13996633288988982735 0.00000000000000000000
3.7100000000 0.13982692872115862204 0.00000000000000000000
3.7200000000 0.13968854446237832789 0.00000000000000000000
3.7300000000 0.13955116906091474815 0.00000000000000000000
3.7400000000 0.13941479162074668641 0.00000000000000000000
3.7500000000 0.13927940139976585643 0.00000000000000000000
3.7600000000 0.13914498780712933335 0.00000000000000000000
3.7700000000 0.13901154040066365791 0.00000000000000000000
3.7800000000 0.13887904888432572870 0.00000000000000000000
3.7900000000 0.13874750310570718725 0.00000000000000000000
3.8000000000 0.13861689305359495283 0.00000000000000000000
3.8100000000 0.13848720885557450067 0.00000000000000000000
3.8200000000 0.13835844077568543176 0.00000000000000000000
3.8300000000 0.13823057921211875931 0.00000000000000000000
3.8400000000 0.13810361469496226783 0.00000000000000000000
3.8500000000 0.13797753788398953168 0.00000000000000000000
3.8600000000 0.13785233956649087239 0.00000000000000000000
3.8700000000 0.13772801065514828078 0.00000000000000000000
3.8800000000 0.13760454218595036258 0.00000000000000000000
3.8900000000 0.13748192531614827905 0.00000000000000000000
3.9000000000 0.13736015132225143365 0.00000000000000000000
3.9100000000 0.13723921159806043435 0.00000000000000000000
3.9200000000 0.13711909765274091222 0.00000000000000000000
3.9300000000 0.13699980110893056340 0.00000000000000000000
3.9400000000 0.13688131370088424399 0.00000000000000000000
3.9500000000 0.13676362727265606312 0.00000000000000000000
3.9600000000 0.13664673377631245121 0.00000000000000000000
3.9700000000 0.13653062527018269834 0.00000000000000000000
3.9800000000 0.13641529391714002362 0.00000000000000000000
3.9900000000 0.13630073198291706160 0.00000000000000000000
4.0000000000 0.13618693183445165773 0.00000000000000000000
4.0100000000 0.13607388593826444390 0.00000000000000000000
4.0200000000 0.13596158685886697293 0.00000000000000000000
4.0300000000 0.13585002725719894090 0.00000000000000000000
4.0400000000 0.13573919988909599610 0.00000000000000000000
4.0500000000 0.13562909760378397128 0.00000000000000000000
4.0600000000 0.13551971334240245359 0.00000000000000000000
4.0700000000 0.13541104013655591576 0.00000000000000000000
4.0800000000 0.13530307110689054895 0.00000000000000000000
4.0900000000 0.13519579946169824058 0.00000000000000000000
4.1000000000 0.13508921849554589301 0.00000000000000000000
4.1100000000 0.13498332158792944457 0.00000000000000000000
4.1200000000 0.13487810220195262101 0.00000000000000000000
4.1300000000 0.13477355388303133288 0.00000000000000000000
4.1400000000 0.13466967025761866772 0.00000000000000000000
4.1500000000 0.13456644503195600016 0.00000000000000000000
4.1600000000 0.13446387199084464115 0.00000000000000000000
4.1700000000 0.13436194499644069089 0.00000000000000000000
4.1800000000 0.13426065798707129129 0.00000000000000000000
4.1900000000 0.13416000497607213915 0.00000000000000000000
4.2000000000 0.13405998005064601042 0.00000000000000000000
4.2100000000 0.13396057737074162919 0.00000000000000000000
4.2200000000 0.13386179116795160482 0.00000000000000000000
4.2300000000 0.13376361574443210167 0.00000000000000000000
4.2400000000 0.13366604547183982832 0.00000000000000000000
4.2500000000 0.13356907479028776176 0.00000000000000000000
4.2600000000 0.13347269820732096668 0.00000000000000000000
4.2700000000 0.13337691029690909583 0.00000000000000000000
4.2800000000 0.13328170569845615434 0.00000000000000000000
4.2900000000 0.13318707911582977621 0.00000000000000000000
4.3000000000 0.13309302531640515577 0.00000000000000000000
4.3100000000 0.13299953913012624307 0.00000000000000000000
4.3200000000 0.13290661544858467513 0.00000000000000000000
4.3300000000 0.13281424922411305678 0.00000000000000000000
4.3400000000 0.13272243546889414545 0.00000000000000000000
4.3500000000 0.13263116925408627300 0.00000000000000000000
4.3600000000 0.13254044570896300614 0.00000000000000000000
4.3700000000 0.13245026002006829446 0.00000000000000000000
4.3800000000 0.13236060743038505216 0.00000000000000000000
4.3900000000 0.13227148323851928291 0.00000000000000000000
4.4000000000 0.13218288279789719430 0.00000000000000000000
4.4100000000 0.13209480151597557951 0.00000000000000000000
4.4200000000 0.13200723485346768649 0.00000000000000000000
4.4300000000 0.13192017832357910700 0.00000000000000000000
4.4400000000 0.13183362749125934754 0.00000000000000000000
4.4500000000 0.13174757797246436364 0.00000000000000000000
4.4600000000 0.13166202543343236142 0.00000000000000000000
4.4700000000 0.13157696558997075686 0.00000000000000000000
4.4800000000 0.13149239420675620793 0.00000000000000000000
4.4900000000 0.13140830709664580445 0.00000000000000000000
4.5000000000 0.13132470011999905490 0.00000000000000000000
4.5100000000 0.13124156918401283511 0.00000000000000000000
4.5200000000 0.13115891024206546844 0.00000000000000000000
4.5300000000 0.13107671929307287972 0.00000000000000000000
4.5400000000 0.13099499238085440811 0.00000000000000000000
4.5500000000 0.13091372559351041605 0.00000000000000000000
4.5600000000 0.13083291506280902983 0.00000000000000000000
4.5700000000 0.13075255696358242807 0.00000000000000000000
4.5800000000 0.13067264751313500959 0.00000000000000000000
4.5900000000 0.13059318297065888870 0.00000000000000000000
4.6000000000 0.13051415963666060382 0.00000000000000000000
4.6100000000 0.13043557385239593072 0.00000000000000000000
4.6200000000 0.13035742199931446561 0.00000000000000000000
4.6300000000 0.13027970049851334000 0.00000000000000000000
4.6400000000 0.13020240581019920656 0.00000000000000000000
4.6500000000 0.13012553443315907908 0.00000000000000000000
4.6600000000 0.13004908290423974893 0.00000000000000000000
4.6700000000 0.12997304779783527828 0.00000000000000000000
4.6800000000 0.12989742572538306997 0.00000000000000000000
4.6900000000 0.12982221333486726467 0.00000000000000000000
4.7000000000 0.12974740731033079788 0.00000000000000000000
4.7100000000 0.12967300437139533953 0.00000000000000000000
4.7200000000 0.12959900127278647930 0.00000000000000000000
4.7300000000 0.12952539480387048609 0.00000000000000000000
4.7400000000 0.12945218178819470345 0.00000000000000000000
4.7500000000 0.12937935908303671573 0.00000000000000000000
4.7600000000 0.12930692357896050870 0.00000000000000000000
4.7700000000 0.12923487219937973558 0.00000000000000000000
4.7800000000 0.12916320190012636759 0.00000000000000000000
4.7900000000 0.12909190966902900355 0.00000000000000000000
4.8000000000 0.12902099252549373287 0.00000000000000000000
4.8100000000 0.12895044752009537925 0.00000000000000000000
4.8200000000 0.12888027173417188065 0.00000000000000000000
4.8300000000 0.12881046227942760662 0.00000000000000000000
4.8400000000 0.12874101629753997855 0.00000000000000000000
4.8500000000 0.12867193095977494388 0.00000000000000000000
4.8600000000 0.12860320346660639168 0.00000000000000000000
4.8700000000 0.12853483104734172993 0.00000000000000000000
4.8800000000 0.12846681095975373554 0.00000000000000000000
4.8900000000 0.12839914048971751148 0.00000000000000000000
4.9000000000 0.12833181695085302265 0.00000000000000000000
4.9100000000 0.12826483768417329401 0.00000000000000000000
4.9200000000 0.12819820005773735483 0.00000000000000000000
4.9300000000 0.12813190146630873412 0.00000000000000000000
4.9400000000 0.12806593933101956262 0.00000000000000000000
4.9500000000 0.12800031109903883819 0.00000000000000000000
4.9600000000 0.12793501424324565940 0.00000000000000000000
4.9700000000 0.12787004626190873191 0.00000000000000000000
4.9800000000 0.12780540467836823404 0.00000000000000000000
4.9900000000 0.12774108704072520415 0.00000000000000000000
5.0000000000 0.12767709092153284312 0.00000000000000000000
