0.1000000000 1.09134678665646300821 0.00000000000000000000
0.1100000000 1.06453404033371690218 0.00000000000000000000
0.1200000000 1.03823308750774412346 0.00000000000000000000
0.1300000000 1.01244711860599312381 0.00000000000000000000
0.1400000000 0.98717846946924259210 0.00000000000000000000
0.1500000000 0.96242863962228764052 0.00000000000000000000
0.1600000000 0.93819831413066778758 0.00000000000000000000
0.1700000000 0.91448738871604950962 0.00000000000000000000
0.1800000000 0.89129499778503074037 0.00000000000000000000
0.1900000000 0.86861954501436011711 0.00000000000000000000
0.2000000000 0.84645873612962652111 0.00000000000000000000
0.2100000000 0.82480961351405590598 0.00000000000000000000
0.2200000000 0.80366859228874021337 0.00000000000000000000
0.2300000000 0.78303149751489675712 0.00000000000000000000
0.2400000000 0.76289360218207014075 0.00000000000000000000
0.2500000000 0.74324966566295613823 0.00000000000000000000
0.2600000000 0.72409397233512673431 0.00000000000000000000
0.2700000000 0.70542037009176650209 0.00000000000000000000
0.2800000000 0.68722230848702281492 0.00000000000000000000
0.2900000000 0.66949287628612963452 0.00000000000000000000
0.3000000000 0.65222483821561005879 0.00000000000000000000
0.3100000000 0.63541067073410617549 0.00000000000000000000
0.3200000000 0.61904259666931737982 0.00000000000000000000
0.3300000000 0.60311261859078291181 0.00000000000000000000
0.3400000000 0.58761255081155405744 0.00000000000000000000
0.3500000000 0.57253404993387124744 0.00000000000000000000
0.3600000000 0.55786864387465728843 0.00000000000000000000
0.3700000000 0.54360775932577698466 0.00000000000000000000
0.3800000000 0.52974274762154927032 0.00000000000000000000
0.3900000000 0.51626490900183141797 0.00000000000000000000
0.4000000000 0.50316551527316533132 0.00000000000000000000
0.4100000000 0.49043583088296877071 0.00000000000000000000
0.4200000000 0.47806713243261578228 0.00000000000000000000
0.4300000000 0.46605072666458663422 0.00000000000000000000
0.4400000000 0.45437796696668558694 0.00000000000000000000
0.4500000000 0.44304026844280536279 0.00000000000000000000
0.4600000000 0.43202912160491285798 0.00000000000000000000
0.4700000000 0.42133610474493260467 0.00000000000000000000
0.4800000000 0.41095289504819609849 0.00000000000000000000
0.4900000000 0.40087127851213183449 0.00000000000000000000
0.5000000000 0.39108315873505467009 0.00000000000000000000
0.5100000000 0.38158056464035949862 0.00000000000000000000
0.5200000000 0.37235565720123042777 0.00000000000000000000
0.5300000000 0.36340073523024080115 0.00000000000000000000
0.5400000000 0.35470824029700825930 0.00000000000000000000
0.5500000000 0.34627076083550484276 0.00000000000000000000
0.5600000000 0.33808103550071738619 0.00000000000000000000
0.5700000000 0.33013195583221677243 0.00000000000000000000
0.5800000000 0.32241656827987752454 0.00000000000000000000
0.5900000000 0.31492807564451025248 0.00000000000000000000
0.6000000000 0.30765983798362578350 0.00000000000000000000
0.6100000000 0.30060537302993117770 0.00000000000000000000
0.6200000000 0.29375835616752632440 0.00000000000000000000
0.6300000000 0.28711262000813864148 0.00000000000000000000
0.6400000000 0.28066215360715618399 0.00000000000000000000
0.6500000000 0.27440110135664436131 0.00000000000000000000
0.6600000000 0.26832376159008292094 0.00000000000000000000
0.6700000000 0.26242458493114168006 0.00000000000000000000
0.6800000000 0.25669817241650305650 0.00000000000000000000
0.6900000000 0.25113927342052638769 0.00000000000000000000
0.7000000000 0.24574278340744346028 0.00000000000000000000
0.7100000000 0.24050374153473233485 0.00000000000000000000
0.7200000000 0.23541732812944465847 0.00000000000000000000
0.7300000000 0.23047886205744763655 0.00000000000000000000
0.7400000000 0.22568379800383833733 0.00000000000000000000
0.7500000000 0.22102772368120196522 0.00000000000000000000
0.7600000000 0.21650635698090428538 0.00000000000000000000
0.7700000000 0.21211554308120211809 0.00000000000000000000
0.7800000000 0.20785125152466135678 0.00000000000000000000
0.7900000000 0.20370957327616795451 0.00000000000000000000
0.8000000000 0.19968671777167762427 0.00000000000000000000
0.8100000000 0.19577900996685879131 0.00000000000000000000
0.8200000000 0.19198288739374522183 0.00000000000000000000
0.8300000000 0.18829489723271639057 0.00000000000000000000
0.8400000000 0.18471169340622395350 0.00000000000000000000
0.8500000000 0.18123003370000612122 0.00000000000000000000
0.8600000000 0.17784677691677805433 0.00000000000000000000
0.8700000000 0.17455888006680578273 0.00000000000000000000
0.8800000000 0.17136339559914690045 0.00000000000000000000
0.8900000000 0.16825746867686727781 0.00000000000000000000
0.9000000000 0.16523833449898261971 0.00000000000000000000
0.9100000000 0.16230331567155334427 0.00000000000000000000
0.9200000000 0.15944981962983054147 0.00000000000000000000
0.9300000000 0.15667533611306258545 0.00000000000000000000
0.9400000000 0.15397743469329011612 0.00000000000000000000
0.9500000000 0.15135376235905109721 0.00000000000000000000
0.9600000000 0.14880204115468720349 0.00000000000000000000
0.9700000000 0.14632006587586979252 0.00000000000000000000
0.9800000000 0.14390570182137996103 0.00000000000000000000
0.9900000000 0.14155688260143803325 0.00000000000000000000
1.0000000000 0.13927160800215676595 0.00000000000000000000
1.0100000000 0.13704794190672517362 0.00000000000000000000
1.0200000000 0.13488401027166552204 0.00000000000000000000
1.0300000000 0.13277799915799534669 0.00000000000000000000
1.0400000000 0.13072815281816993482 0.00000000000000000000
1.0500000000 0.12873277183599227125 0.00000000000000000000
1.0600000000 0.12679021131994092086 0.00000000000000000000
1.0700000000 0.12489887914879727049 0.00000000000000000000
1.0800000000 0.12305723426866276016 0.00000000000000000000
1.0900000000 0.12126378504043558437 0.00000000000000000000
1.1000000000 0.11951708763674485925 0.00000000000000000000
1.1100000000 0.11781574448734943861 0.00000000000000000000
1.1200000000 0.11615840277194726393 0.00000000000000000000
1.1300000000 0.11454375295932094081 0.00000000000000000000
1.1400000000 0.11297052739176688396 0.00000000000000000000
1.1500000000 0.11143749891369311711 0.00000000000000000000
1.1600000000 0.10994347954331450123 0.00000000000000000000
1.1700000000 0.10848731918634121896 0.00000000000000000000
1.1800000000 0.10706790439056913800 0.00000000000000000000
1.1900000000 0.10568415714028694952 0.00000000000000000000
1.2000000000 0.10433503368941722533 0.00000000000000000000
1.2100000000 0.10301952343232699538 0.00000000000000000000
1.2200000000 0.10173664781123535616 0.00000000000000000000
1.2300000000 0.10048545925919799560 0.00000000000000000000
1.2400000000 0.09926504017760647003 0.00000000000000000000
1.2500000000 0.09807450194722662495 0.00000000000000000000
1.2600000000 0.09691298397174467893 0.00000000000000000000
1.2700000000 0.09577965275287188274 0.00000000000000000000
1.2800000000 0.09467370099603208966 0.00000000000000000000
1.2900000000 0.09359434674570651924 0.00000000000000000000
1.3000000000 0.09254083254951137039 0.00000000000000000000
1.3100000000 0.09151242465011674709 0.00000000000000000000
1.3200000000 0.09050841220412490784 0.00000000000000000000
1.3300000000 0.08952810652706470751 0.00000000000000000000
1.3400000000 0.08857084036365903135 0.00000000000000000000
1.3500000000 0.08763596718255935170 0.00000000000000000000
1.3600000000 0.08672286049476034264 0.00000000000000000000
1.3700000000 0.08583091319491867321 0.00000000000000000000
1.3800000000 0.08495953692483396158 0.00000000000000000000
1.3900000000 0.08410816145836755298 0.00000000000000000000
1.4000000000 0.08327623410708376306 0.00000000000000000000
1.4100000000 0.08246321914594356706 0.00000000000000000000
1.4200000000 0.08166859725836536632 0.00000000000000000000
1.4300000000 0.08089186500003006652 0.00000000000000000000
1.4400000000 0.08013253428078317975 0.00000000000000000000
1.4500000000 0.07939013186404408895 0.00000000000000000000
1.4600000000 0.07866419888311992903 0.00000000000000000000
1.4700000000 0.07795429037386618354 0.00000000000000000000
1.4800000000 0.07725997482313338993 0.00000000000000000000
1.4900000000 0.07658083373246629688 0.00000000000000000000
1.5000000000 0.07591646119654453517 0.00000000000000000000
1.5100000000 0.07526646349585369711 0.00000000000000000000
1.5200000000 0.07463045870310701380 0.00000000000000000000
1.5300000000 0.07400807630295168360 0.00000000000000000000
1.5400000000 0.07339895682449684711 0.00000000000000000000
1.5500000000 0.07280275148623452375 0.00000000000000000000
1.5600000000 0.07221912185292160558 0.00000000000000000000
1.5700000000 0.07164773950401685798 0.00000000000000000000
1.5800000000 0.07108828571327290013 0.00000000000000000000
1.5900000000 0.07054045113910303866 0.00000000000000000000
1.6000000000 0.07000393552535069674 0.00000000000000000000
1.6100000000 0.06947844741210490449 0.00000000000000000000
1.6200000000 0.06896370385621408694 0.00000000000000000000
1.6300000000 0.06845943016116441682 0.00000000000000000000
1.6400000000 0.06796535961600397302 0.00000000000000000000
1.6500000000 0.06748123324299518111 0.00000000000000000000
1.6600000000 0.06700679955369773233 0.00000000000000000000
1.6700000000 0.06654181431319305950 0.00000000000000000000
1.6800000000 0.06608604031216719354 0.00000000000000000000
1.6900000000 0.06563924714657944082 0.00000000000000000000
1.7000000000 0.06520121100466264030 0.00000000000000000000
1.7100000000 0.06477171446099259933 0.00000000000000000000
1.7200000000 0.06435054627739281163 0.00000000000000000000
1.7300000000 0.06393750121043062506 0.00000000000000000000
1.7400000000 0.06353237982528561756 0.00000000000000000000
1.7500000000 0.06313498831576384862 0.00000000000000000000
1.7600000000 0.06274513833025263665 0.00000000000000000000
1.7700000000 0.06236264680340737609 0.00000000000000000000
1.7800000000 0.06198733579337687566 0.00000000000000000000
1.7900000000 0.06161903232437362932 0.00000000000000000000
1.8000000000 0.06125756823440876853 0.00000000000000000000
1.8100000000 0.06090278002801290114 0.00000000000000000000
1.8200000000 0.06055450873377307003 0.00000000000000000000
1.8300000000 0.06021259976651995721 0.00000000000000000000
1.8400000000 0.05987690279400659232 0.00000000000000000000
1.8500000000 0.05954727160792637475 0.00000000000000000000
1.8600000000 0.05922356399912037661 0.00000000000000000000
1.8700000000 0.05890564163683273402 0.00000000000000000000
1.8800000000 0.05859336995187577890 0.00000000000000000000
1.8900000000 0.05828661802357056054 0.00000000000000000000
1.9000000000 0.05798525847033603881 0.00000000000000000000
1.9100000000 0.05768916734380355460 0.00000000000000000000
1.9200000000 0.05739822402633498744 0.00000000000000000000
1.9300000000 0.05711231113182962948 0.00000000000000000000
1.9400000000 0.05683131440971193188 0.00000000000000000000
1.9500000000 0.05655512265198694294 0.00000000000000000000
1.9600000000 0.05628362760326499625 0.00000000000000000000
1.9700000000 0.05601672387365256439 0.00000000000000000000
1.9800000000 0.05575430885441395173 0.00000000000000000000
1.9900000000 0.05549628263631013053 0.00000000000000000000
2.0000000000 0.05524254793052690155 0.00000000000000000000
2.0100000000 0.05499300999210155610 0.00000000000000000000
2.0200000000 0.05474757654576698634 0.00000000000000000000
2.0300000000 0.05450615771413495209 0.00000000000000000000
2.0400000000 0.05426866594813459233 0.00000000000000000000
2.0500000000 0.05403501595963414172 0.00000000000000000000
2.0600000000 0.05380512465617553336 0.00000000000000000000
2.0700000000 0.05357891107774778727 0.00000000000000000000
2.0800000000 0.05335629633553142653 0.00000000000000000000
2.0900000000 0.05313720355255347610 0.00000000000000000000
2.1000000000 0.05292155780618387761 0.00000000000000000000
2.1100000000 0.05270928607241686520 0.00000000000000000000
2.1200000000 0.05250031717187522012 0.00000000000000000000
2.1300000000 0.05229458171748347511 0.00000000000000000000
2.1400000000 0.05209201206375385640 0.00000000000000000000
2.1500000000 0.05189254225763148543 0.00000000000000000000
2.1600000000 0.05169610799084872754 0.00000000000000000000
2.1700000000 0.05150264655373958805 0.00000000000000000000
2.1800000000 0.05131209679046472294 0.00000000000000000000
2.1900000000 0.05112439905560374476 0.00000000000000000000
2.2000000000 0.05093949517206777799 0.00000000000000000000
2.2100000000 0.05075732839029068605 0.00000000000000000000
2.2200000000 0.05057784334865750991 0.00000000000000000000
2.2300000000 0.05040098603512992159 0.00000000000000000000
2.2400000000 0.05022670375002952908 0.00000000000000000000
2.2500000000 0.05005494506994270787 0.00000000000000000000
2.2600000000 0.04988565981270912109 0.00000000000000000000
2.2700000000 0.04971879900346163478 0.00000000000000000000
2.2800000000 0.04955431484168120598 0.00000000000000000000
2.2900000000 0.04939216066923610843 0.00000000000000000000
2.3000000000 0.04923229093937321610 0.00000000000000000000
2.3100000000 0.04907466118663154214 0.00000000000000000000
2.3200000000 0.04891922799764725216 0.00000000000000000000
2.3300000000 0.04876594898282358981 0.00000000000000000000
2.3400000000 0.04861478274883818812 0.00000000000000000000
2.3500000000 0.04846568887195792930 0.00000000000000000000
2.3600000000 0.04831862787214181304 0.00000000000000000000
2.3700000000 0.04817356118790096925 0.00000000000000000000
2.3800000000 0.04803045115189558817 0.00000000000000000000
2.3900000000 0.04788926096724453046 0.00000000000000000000
2.4000000000 0.04774995468452526703 0.00000000000000000000
2.4100000000 0.04761249717944227022 0.00000000000000000000
2.4200000000 0.04747685413114387937 0.00000000000000000000
2.4300000000 0.04734299200116559581 0.00000000000000000000
2.4400000000 0.04721087801298268216 0.00000000000000000000
2.4500000000 0.04708048013215117983 0.00000000000000000000
2.4600000000 0.04695176704702046927 0.00000000000000000000
2.4700000000 0.04682470814999765280 0.00000000000000000000
2.4800000000 0.04669927351934977100 0.00000000000000000000
2.4900000000 0.04657543390152472235 0.00000000000000000000
2.5000000000 0.04645316069397509295 0.00000000000000000000
2.5100000000 0.04633242592847183067 0.00000000000000000000
2.5200000000 0.04621320225488907696 0.00000000000000000000
2.5300000000 0.04609546292544926260 0.00000000000000000000
2.5400000000 0.04597918177941174439 0.00000000000000000000
2.5500000000 0.04586433322819336023 0.00000000000000000000
2.5600000000 0.04575089224090615747 0.00000000000000000000
2.5700000000 0.04563883433030119924 0.00000000000000000000
2.5800000000 0.04552813553910501493 0.00000000000000000000
2.5900000000 0.04541877242673659359 0.00000000000000000000
2.6000000000 0.04531072205639529588 0.00000000000000000000
2.6100000000 0.04520396198250591080 0.00000000000000000000
2.6200000000 0.04509847023851242670 0.00000000000000000000
2.6300000000 0.04499422532500878258 0.00000000000000000000
2.6400000000 0.04489120619819617769 0.00000000000000000000
2.6500000000 0.04478939225865879309 0.00000000000000000000
2.6600000000 0.04468876334044673271 0.00000000000000000000
2.6700000000 0.04458929970045812097 0.00000000000000000000
2.6800000000 0.04449098200811135023 0.00000000000000000000
2.6900000000 0.04439379133529732652 0.00000000000000000000
2.7000000000 0.04429770914660679376 0.00000000000000000000
2.7100000000 0.04420271728982072545 0.00000000000000000000
2.7200000000 0.04410879798665895413 0.00000000000000000000
2.7300000000 0.04401593382377794184 0.00000000000000000000
2.7400000000 0.04392410774401103724 0.00000000000000000000
2.7500000000 0.04383330303784372523 0.00000000000000000000
2.7600000000 0.04374350333511722866 0.00000000000000000000
2.7700000000 0.04365469259695366894 0.00000000000000000000
2.7800000000 0.04356685510789705396 0.00000000000000000000
2.7900000000 0.04347997546826216225 0.00000000000000000000
2.8000000000 0.04339403858668683389 0.00000000000000000000
2.8100000000 0.04330902967288193656 0.00000000000000000000
2.8200000000 0.04322493423057159612 0.00000000000000000000
2.8300000000 0.04314173805061989608 0.00000000000000000000
2.8400000000 0.04305942720433816873 0.00000000000000000000
2.8500000000 0.04297798803696686182 0.00000000000000000000
2.8600000000 0.04289740716132917075 0.00000000000000000000
2.8700000000 0.04281767145164836613 0.00000000000000000000
2.8800000000 0.04273876803752747755 0.00000000000000000000
2.8900000000 0.04266068429808357598 0.00000000000000000000
2.9000000000 0.04258340785623569019 0.00000000000000000000
2.9100000000 0.04250692657313821093 0.00000000000000000000
2.9200000000 0.04243122854275917233 0.00000000000000000000
2.9300000000 0.04235630208659665191 0.00000000000000000000
2.9400000000 0.04228213574853131873 0.00000000000000000000
2.9500000000 0.04220871828981012652 0.00000000000000000000
2.9600000000 0.04213603868415754378 0.00000000000000000000
2.9700000000 0.04206408611301201000 0.00000000000000000000
2.9800000000 0.04199284996088247651 0.00000000000000000000
2.9900000000 0.04192231981082220060 0.00000000000000000000
3.0000000000 0.04185248544001764909 0.00000000000000000000
3.0100000000 0.04178333681548745265 0.00000000000000000000
3.0200000000 0.04171486408989002331 0.00000000000000000000
3.0300000000 0.04164705759743600466 0.00000000000000000000
3.0400000000 0.04157990784990236305 0.00000000000000000000
3.0500000000 0.04151340553274640577 0.00000000000000000000
3.0600000000 0.04144754150131597925 0.00000000000000000000
3.0700000000 0.04138230677715386968 0.00000000000000000000
3.0800000000 0.04131769254439313088 0.00000000000000000000
3.0900000000 0.04125369014624204883 0.00000000000000000000
3.1000000000 0.04119029108155474600 0.00000000000000000000
3.1100000000 0.04112748700148623204 0.00000000000000000000
3.1200000000 0.04106526970622971506 0.00000000000000000000
3.1300000000 0.04100363114183305097 0.00000000000000000000
3.1400000000 0.04094256339709253373 0.00000000000000000000
3.1500000000 0.04088205870052295104 0.00000000000000000000
3.1600000000 0.04082210941740001958 0.00000000000000000000
3.1700000000 0.04076270804687496391 0.00000000000000000000
3.1800000000 0.04070384721915851906 0.00000000000000000000
3.1900000000 0.04064551969277183097 0.00000000000000000000
3.2000000000 0.04058771835186487931 0.00000000000000000000
3.2100000000 0.04053043620359701033 0.00000000000000000000
3.2200000000 0.04047366637558170999 0.00000000000000000000
3.2300000000 0.04041740211339073241 0.00000000000000000000
3.2400000000 0.04036163677811868689 0.00000000000000000000
3.2500000000 0.04030636384400410749 0.00000000000000000000
3.2600000000 0.04025157689610734529 0.00000000000000000000
3.2700000000 0.04019726962804287540 0.00000000000000000000
3.2800000000 0.04014343583976516527 0.00000000000000000000
3.2900000000 0.04009006943540563417 0.00000000000000000000
3.3000000000 0.04003716442116075219 0.00000000000000000000
3.3100000000 0.03998471490322948185 0.00000000000000000000
3.3200000000 0.03993271508579770979 0.00000000000000000000
3.3300000000 0.03988115926907043196 0.00000000000000000000
3.3400000000 0.03983004184734843800 0.00000000000000000000
3.3500000000 0.03977935730715025098 0.00000000000000000000
3.3600000000 0.03972910022537672753 0.00000000000000000000
3.3700000000 0.03967926526751720806 0.00000000000000000000
3.3800000000 0.03962984718589793870 0.00000000000000000000
3.3900000000 0.03958084081796921921 0.00000000000000000000
3.4000000000 0.03953224108463227610 0.00000000000000000000
3.4100000000 0.03948404298860381384 0.00000000000000000000
3.4200000000 0.03943624161281724522 0.00000000000000000000
3.4300000000 0.03938883211886057278 0.00000000000000000000
3.4400000000 0.03934180974544909670 0.00000000000000000000
3.4500000000 0.03929516980693206762 0.00000000000000000000
3.4600000000 0.03924890769183362466 0.00000000000000000000
3.4700000000 0.03920301886142561754 0.00000000000000000000
3.4800000000 0.03915749884833202160 0.00000000000000000000
3.4900000000 0.03911234325516504268 0.00000000000000000000
3.5000000000 0.03906754775319096901 0.00000000000000000000
3.5100000000 0.03902310808102543715 0.00000000000000000000
3.5200000000 0.03897902004335750126 0.00000000000000000000
3.5300000000 0.03893527950970215173 0.00000000000000000000
3.5400000000 0.03889188241317904915 0.00000000000000000000
3.5500000000 0.03884882474931949242 0.00000000000000000000
3.5600000000 0.03880610257489788828 0.00000000000000000000
3.5700000000 0.03876371200678960932 0.00000000000000000000
3.5800000000 0.03872164922085303412 0.00000000000000000000
3.5900000000 0.03867991045083610940 0.00000000000000000000
3.6000000000 0.03863849198730631707 0.00000000000000000000
3.6100000000 0.03859739017660356042 0.00000000000000000000
3.6200000000 0.03855660141981562955 0.00000000000000000000
3.6300000000 0.03851612217177555891 0.00000000000000000000
3.6400000000 0.03847594894008015548 0.00000000000000000000
3.6500000000 0.03843607828412973909 0.00000000000000000000
3.6600000000 0.03839650681418802641 0.00000000000000000000
3.6700000000 0.03835723119046210994 0.00000000000000000000
3.6800000000 0.03831824812220114423 0.00000000000000000000
3.6900000000 0.03827955436681485663 0.00000000000000000000
3.7000000000 0.03824114672901054307 0.00000000000000000000
3.7100000000 0.03820302205994705741 0.00000000000000000000
3.7200000000 0.03816517725640750786 0.00000000000000000000
3.7300000000 0.03812760925998899542 0.00000000000000000000
3.7400000000 0.03809031505630895015 0.00000000000000000000
3.7500000000 0.03805329167422739217 0.00000000000000000000
3.7600000000 0.03801653618508662319 0.00000000000000000000
3.7700000000 0.03798004570196513580 0.00000000000000000000
3.7800000000 0.03794381737894757245 0.00000000000000000000
3.7900000000 0.03790784841040953368 0.00000000000000000000
3.8000000000 0.03787213603031702736 0.00000000000000000000
3.8100000000 0.03783667751153976799 0.00000000000000000000
3.8200000000 0.03780147016517928366 0.00000000000000000000
3.8300000000 0.03776651133990942266 0.00000000000000000000
3.8400000000 0.03773179842133117523 0.00000000000000000000
3.8500000000 0.03769732883134046392 0.00000000000000000000
3.8600000000 0.03766310002750773711 0.00000000000000000000
3.8700000000 0.03762910950247085745 0.00000000000000000000
3.8800000000 0.03759535478333975861 0.00000000000000000000
3.8900000000 0.03756183343111337697 0.00000000000000000000
3.9000000000 0.03752854304010715125 0.00000000000000000000
3.9100000000 0.03749548123739318561 0.00000000000000000000
3.9200000000 0.03746264568225031455 0.00000000000000000000
3.9300000000 0.03743003406562605412 0.00000000000000000000
3.9400000000 0.03739764410960815660 0.00000000000000000000
3.9500000000 0.03736547356690716332 0.00000000000000000000
3.9600000000 0.03733352022034864409 0.00000000000000000000
3.9700000000 0.03730178188237592840 0.00000000000000000000
3.9800000000 0.03727025639456185008 0.00000000000000000000
3.9900000000 0.03723894162713031059 0.00000000000000000000
4.0000000000 0.03720783547848707795 0.00000000000000000000
4.0100000000 0.03717693587475954381 0.00000000000000000000
4.0200000000 0.03714624076934515406 0.00000000000000000000
4.0300000000 0.03711574814246922788 0.00000000000000000000
4.0400000000 0.03708545600075020127 0.00000000000000000000
4.0500000000 0.03705536237677403699 0.00000000000000000000
4.0600000000 0.03702546532867615620 0.00000000000000000000
4.0700000000 0.03699576293973163427 0.00000000000000000000
4.0800000000 0.03696625331795296010 0.00000000000000000000
4.0900000000 0.03693693459569560161 0.00000000000000000000
4.1000000000 0.03690780492927071138 0.00000000000000000000
4.1100000000 0.03687886249856542342 0.00000000000000000000
4.1200000000 0.03685010550666984602 0.00000000000000000000
4.1300000000 0.03682153217951152080 0.00000000000000000000
4.1400000000 0.03679314076549613372 0.00000000000000000000
4.1500000000 0.03676492953515556744 0.00000000000000000000
4.1600000000 0.03673689678080176851 0.00000000000000000000
4.1700000000 0.03670904081618742154 0.00000000000000000000
4.1800000000 0.03668135997617281985 0.00000000000000000000
4.1900000000 0.03665385261639887010 0.00000000000000000000
4.2000000000 0.03662651711296598112 0.00000000000000000000
4.2100000000 0.03659935186211875358 0.00000000000000000000
4.2200000000 0.03657235527993683150 0.00000000000000000000
4.2300000000 0.03654552580203079826 0.00000000000000000000
4.2400000000 0.03651886188324402621 0.00000000000000000000
4.2500000000 0.03649236199735962638 0.00000000000000000000
4.2600000000 0.03646602463681317130 0.00000000000000000000
4.2700000000 0.03643984831240966449 0.00000000000000000000
4.2800000000 0.03641383155304660224 0.00000000000000000000
4.2900000000 0.03638797290544136531 0.00000000000000000000
4.3000000000 0.03636227093386367598 0.00000000000000000000
4.3100000000 0.03633672421987271112 0.00000000000000000000
4.3200000000 0.03631133136205911410 0.00000000000000000000
4.3300000000 0.03628609097579126030 0.00000000000000000000
4.3400000000 0.03626100169296616466 0.00000000000000000000
4.3500000000 0.03623606216176483014 0.00000000000000000000
4.3600000000 0.03621127104641191224 0.00000000000000000000
4.3700000000 0.03618662702693928312 0.00000000000000000000
4.3800000000 0.03616212879895402965 0.00000000000000000000
4.3900000000 0.03613777507341063566 0.00000000000000000000
4.4000000000 0.03611356457638643241 0.00000000000000000000
4.4100000000 0.03608949604886192708 0.00000000000000000000
4.4200000000 0.03606556824650408027 0.00000000000000000000
4.4300000000 0.03604177993945370528 0.00000000000000000000
4.4400000000 0.03601812991211648940 0.00000000000000000000
4.4500000000 0.03599461696295763041 0.00000000000000000000
4.4600000000 0.03597123990429985235 0.00000000000000000000
4.4700000000 0.03594799756212493230 0.00000000000000000000
4.4800000000 0.03592488877587877993 0.00000000000000000000
4.4900000000 0.03590191239827938280 0.00000000000000000000
4.5000000000 0.03587906729512850557 0.00000000000000000000
4.5100000000 0.03585635234512629665 0.00000000000000000000
4.5200000000 0.03583376643968905900 0.00000000000000000000
4.5300000000 0.03581130848277001844 0.00000000000000000000
4.5400000000 0.03578897739068319372 0.00000000000000000000
4.5500000000 0.03576677209193037527 0.00000000000000000000
4.5600000000 0.03574469152703042829 0.00000000000000000000
4.5700000000 0.03572273464835205165 0.00000000000000000000
4.5800000000 0.03570090041994910396 0.00000000000000000000
4.5900000000 0.03567918781739841394 0.00000000000000000000
4.6000000000 0.03565759582764051888 0.00000000000000000000
4.6100000000 0.03563612344882297750 0.00000000000000000000
4.6200000000 0.03561476969014634730 0.00000000000000000000
4.6300000000 0.03559353357171246568 0.00000000000000000000
4.6400000000 0.03557241412437518735 0.00000000000000000000
4.6500000000 0.03555141038959395289 0.00000000000000000000
4.6600000000 0.03553052141928940422 0.00000000000000000000
4.6700000000 0.03550974627570110953 0.00000000000000000000
4.6800000000 0.03548908403124838296 0.00000000000000000000
4.6900000000 0.03546853376839238098 0.00000000000000000000
4.7000000000 0.03544809457950114095 0.00000000000000000000
4.7100000000 0.03542776556671651395 0.00000000000000000000
4.7200000000 0.03540754584182304043 0.00000000000000000000
4.7300000000 0.03538743452611945589 0.00000000000000000000
4.7400000000 0.03536743075029156330 0.00000000000000000000
4.7500000000 0.03534753365428768695 0.00000000000000000000
4.7600000000 0.03532774238719574994 0.00000000000000000000
4.7700000000 0.03530805610712253045 0.00000000000000000000
4.7800000000 0.03528847398107461120 0.00000000000000000000
4.7900000000 0.03526899518484135493 0.00000000000000000000
4.8000000000 0.03524961890287969107 0.00000000000000000000
4.8100000000 0.03523034432820056072 0.00000000000000000000
4.8200000000 0.03521117066225743636 0.00000000000000000000
4.8300000000 0.03519209711483617387 0.00000000000000000000
4.8400000000 0.03517312290394698782 0.00000000000000000000
4.8500000000 0.03515424725571772435 0.00000000000000000000
4.8600000000 0.03513546940428910470 0.00000000000000000000
4.8700000000 0.03511678859171145362 0.00000000000000000000
4.8800000000 0.03509820406784280172 0.00000000000000000000
4.8900000000 0.03507971509024898626 0.00000000000000000000
4.9000000000 0.03506132092410488982 0.00000000000000000000
4.9100000000 0.03504302084209755253 0.00000000000000000000
4.9200000000 0.03502481412433014474 0.00000000000000000000
4.9300000000 0.03500670005822835440 0.00000000000000000000
4.9400000000 0.03498867793844712831 0.00000000000000000000
4.9500000000 0.03497074706677972405 0.00000000000000000000
4.9600000000 0.03495290675206746966 0.00000000000000000000
4.9700000000 0.03493515631011136907 0.00000000000000000000
4.9800000000 0.03491749506358465815 0.00000000000000000000
4.9900000000 0.03489992234194696369 0.00000000000000000000
5.0000000000 0.03488243748135956557 0.00000000000000000000
