0.1000000000 2.61521485347429472057 0.00000000000000000000
0.1100000000 2.51611426816331240630 0.00000000000000000000
0.1200000000 2.42125970961453695907 0.00000000000000000000
0.1300000000 2.33058811703677326577 0.00000000000000000000
0.1400000000 2.24400866119430641987 0.00000000000000000000
0.1500000000 2.16140710090062571069 0.00000000000000000000
0.1600000000 2.08265031768192754313 0.00000000000000000000
0.1700000000 2.00759080300385717166 0.00000000000000000000
0.1800000000 1.93607091263810859871 0.00000000000000000000
0.1900000000 1.86792674964753668831 0.00000000000000000000
0.2000000000 1.80299158510760304530 0.00000000000000000000
0.2100000000 1.74109876945778352386 0.00000000000000000000
0.2200000000 1.68208412432069454034 0.00000000000000000000
0.2300000000 1.62578783332134380046 0.00000000000000000000
0.2400000000 1.57205587072728691922 0.00000000000000000000
0.2500000000 1.52074101933817562582 0.00000000000000000000
0.2600000000 1.47170353521752517167 0.00000000000000000000
0.2700000000 1.42481151801911298804 0.00000000000000000000
0.2800000000 1.37994104323243149679 0.00000000000000000000
0.2900000000 1.33697610791290233401 0.00000000000000000000
0.3000000000 1.29580843540244528000 0.00000000000000000000
0.3100000000 1.25633717796994770488 0.00000000000000000000
0.3200000000 1.21846854976783869340 0.00000000000000000000
0.3300000000 1.18211541637586181608 0.00000000000000000000
0.3400000000 1.14719686169874490744 0.00000000000000000000
0.3500000000 1.11363774819950256401 0.00000000000000000000
0.3600000000 1.08136828240353732866 0.00000000000000000000
0.3700000000 1.05032359426787569312 0.00000000000000000000
0.3800000000 1.02044333631164985121 0.00000000000000000000
0.3900000000 0.99167130627032695767 0.00000000000000000000
0.4000000000 0.96395509538481993772 0.00000000000000000000
0.4100000000 0.93724576318767782723 0.00000000000000000000
0.4200000000 0.91149753872856564829 0.00000000000000000000
0.4300000000 0.88666754752540855034 0.00000000000000000000
0.4400000000 0.86271556307994212709 0.00000000000000000000
0.4500000000 0.83960378151020187421 0.00000000000000000000
0.4600000000 0.81729661768907380104 0.00000000000000000000
0.4700000000 0.79576052120610152318 0.00000000000000000000
0.4800000000 0.77496381046442264218 0.00000000000000000000
0.4900000000 0.75487652326637944000 0.00000000000000000000
0.5000000000 0.73547028231468658532 0.00000000000000000000
0.5100000000 0.71671817414980143468 0.00000000000000000000
0.5200000000 0.69859464014915428898 0.00000000000000000000
0.5300000000 0.68107537832419584589 0.00000000000000000000
0.5400000000 0.66413725476190188513 0.00000000000000000000
0.5500000000 0.64775822366538216013 0.00000000000000000000
0.5600000000 0.63191725505128848450 0.00000000000000000000
0.5700000000 0.61659426925857030444 0.00000000000000000000
0.5800000000 0.60177007751296940352 0.00000000000000000000
0.5900000000 0.58742632787405479888 0.00000000000000000000
0.6000000000 0.57354545596678430108 0.00000000000000000000
0.6100000000 0.56011063996747878502 0.00000000000000000000
0.6200000000 0.54710575937520189438 0.00000000000000000000
0.6300000000 0.53451535715431797158 0.00000000000000000000
0.6400000000 0.52232460488266052590 0.00000000000000000000
0.6500000000 0.51051927058319712671 0.00000000000000000000
0.6600000000 0.49908568895538585330 0.00000000000000000000
0.6700000000 0.48801073375641407237 0.00000000000000000000
0.6800000000 0.47728179211234489365 0.00000000000000000000
0.6900000000 0.46688674056558876480 0.00000000000000000000
0.7000000000 0.45681392268822029745 0.00000000000000000000
0.7100000000 0.44705212811096955994 0.00000000000000000000
0.7200000000 0.43759057283546559658 0.00000000000000000000
0.7300000000 0.42841888071301520435 0.00000000000000000000
0.7400000000 0.41952706598663397353 0.00000000000000000000
0.7500000000 0.41090551680520787103 0.00000000000000000000
0.7600000000 0.40254497962886742757 0.00000000000000000000
0.7700000000 0.39443654445392728469 0.00000000000000000000
0.7800000000 0.38657163079361978042 0.00000000000000000000
0.7900000000 0.37894197435789911399 0.00000000000000000000
0.8000000000 0.37153961438151528185 0.00000000000000000000
0.8100000000 0.36435688155510986830 0.00000000000000000000
0.8200000000 0.35738638651848009253 0.00000000000000000000
0.8300000000 0.35062100887955105488 0.00000000000000000000
0.8400000000 0.34405388672574849229 0.00000000000000000000
0.8500000000 0.33767840659814074566 0.00000000000000000000
0.8600000000 0.33148819390090000780 0.00000000000000000000
0.8700000000 0.32547710372148119795 0.00000000000000000000
0.8800000000 0.31963921203893447265 0.00000000000000000000
0.8900000000 0.31396880729949000477 0.00000000000000000000
0.9000000000 0.30846038234049127924 0.00000000000000000000
0.9100000000 0.30310862664500459740 0.00000000000000000000
0.9200000000 0.29790841891085040327 0.00000000000000000000
0.9300000000 0.29285481991905842891 0.00000000000000000000
0.9400000000 0.28794306568748817554 0.00000000000000000000
0.9500000000 0.28316856089676795127 0.00000000000000000000
0.9600000000 0.27852687257590030834 0.00000000000000000000
0.9700000000 0.27401372403665558153 0.00000000000000000000
0.9800000000 0.26962498904499432317 0.00000000000000000000
0.9900000000 0.26535668622035679665 0.00000000000000000000
1.0000000000 0.26120497365178446669 0.00000000000000000000
1.0100000000 0.25716614372450785631 0.00000000000000000000
1.0200000000 0.25323661814442355311 0.00000000000000000000
1.0300000000 0.24941294315460443842 0.00000000000000000000
1.0400000000 0.24569178493713664246 0.00000000000000000000
1.0500000000 0.24206992519026115929 0.00000000000000000000
1.0600000000 0.23854425687531163880 0.00000000000000000000
1.0700000000 0.23511178012614908361 0.00000000000000000000
1.0800000000 0.23176959831502272347 0.00000000000000000000
1.0900000000 0.22851491426834424914 0.00000000000000000000
1.1000000000 0.22534502662661171080 0.00000000000000000000
1.1100000000 0.22225732634286213263 0.00000000000000000000
1.1200000000 0.21924929331416345701 0.00000000000000000000
1.1300000000 0.21631849314102999382 0.00000000000000000000
1.1400000000 0.21346257400968365880 0.00000000000000000000
1.1500000000 0.21067926369253089924 0.00000000000000000000
1.1600000000 0.20796636666213555444 0.00000000000000000000
1.1700000000 0.20532176131438753530 0.00000000000000000000
1.1800000000 0.20274339729658696907 0.00000000000000000000
1.1900000000 0.20022929293642979798 0.00000000000000000000
1.2000000000 0.19777753276798543114 0.00000000000000000000
1.2100000000 0.19538626515088497460 0.00000000000000000000
1.2200000000 0.19305369997922663949 0.00000000000000000000
1.2300000000 0.19077810647660695120 0.00000000000000000000
1.2400000000 0.18855781107409000374 0.00000000000000000000
1.2500000000 0.18639119536781617592 0.00000000000000000000
1.2600000000 0.18427669415325798052 0.00000000000000000000
1.2700000000 0.18221279353313191152 0.00000000000000000000
1.2800000000 0.18019802909615023623 0.00000000000000000000
1.2900000000 0.17823098416386762288 0.00000000000000000000
1.3000000000 0.17631028810306056953 0.00000000000000000000
1.3100000000 0.17443461470101198629 0.00000000000000000000
1.3200000000 0.17260268060142222590 0.00000000000000000000
1.3300000000 0.17081324379849113781 0.00000000000000000000
1.3400000000 0.16906510218702128223 0.00000000000000000000
1.3500000000 0.16735709216633920526 0.00000000000000000000
1.3600000000 0.16568808729601205987 0.00000000000000000000
1.3700000000 0.16405699700132991836 0.00000000000000000000
1.3800000000 0.16246276532667369707 0.00000000000000000000
1.3900000000 0.16090436973493157935 0.00000000000000000000
1.4000000000 0.15938081995117600598 0.00000000000000000000
1.4100000000 0.15789115684893856306 0.00000000000000000000
1.4200000000 0.15643445137741812667 0.00000000000000000000
1.4300000000 0.15500980352809348717 0.00000000000000000000
1.4400000000 0.15361634133919846446 0.00000000000000000000
1.4500000000 0.15225321993663995523 0.00000000000000000000
1.4600000000 0.15091962060994504324 0.00000000000000000000
1.4700000000 0.14961474992192957956 0.00000000000000000000
1.4800000000 0.14833783885076692877 0.00000000000000000000
1.4900000000 0.14708814196325531443 0.00000000000000000000
1.5000000000 0.14586493661807531375 0.00000000000000000000
1.5100000000 0.14466752219791145784 0.00000000000000000000
1.5200000000 0.14349521936933201660 0.00000000000000000000
1.5300000000 0.14234736936937311680 0.00000000000000000000
1.5400000000 0.14122333331783096244 0.00000000000000000000
1.5500000000 0.14012249155426170777 0.00000000000000000000
1.5600000000 0.13904424299878312410 0.00000000000000000000
1.5700000000 0.13798800453575921221 0.00000000000000000000
1.5800000000 0.13695321041951108443 0.00000000000000000000
1.5900000000 0.13593931170122697250 0.00000000000000000000
1.6000000000 0.13494577567626736547 0.00000000000000000000
1.6100000000 0.13397208535110455285 0.00000000000000000000
1.6200000000 0.13301773892915488839 0.00000000000000000000
1.6300000000 0.13208224931479986552 0.00000000000000000000
1.6400000000 0.13116514363491235673 0.00000000000000000000
1.6500000000 0.13026596277723259676 0.00000000000000000000
1.6600000000 0.12938426094497038066 0.00000000000000000000
1.6700000000 0.12851960522702235434 0.00000000000000000000
1.6800000000 0.12767157518322838627 0.00000000000000000000
1.6900000000 0.12683976244410691270 0.00000000000000000000
1.7000000000 0.12602377032452699579 0.00000000000000000000
1.7100000000 0.12522321345081294242 0.00000000000000000000
1.7200000000 0.12443771740077230747 0.00000000000000000000
1.7300000000 0.12366691835617783790 0.00000000000000000000
1.7400000000 0.12291046276724272579 0.00000000000000000000
1.7500000000 0.12216800702864596961 0.00000000000000000000
1.7600000000 0.12143921716668712452 0.00000000000000000000
1.7700000000 0.12072376853715950651 0.00000000000000000000
1.7800000000 0.12002134553355667257 0.00000000000000000000
1.7900000000 0.11933164130521795032 0.00000000000000000000
1.8000000000 0.11865435748507779934 0.00000000000000000000
1.8100000000 0.11798920392663828083 0.00000000000000000000
1.8200000000 0.11733589844985685413 0.00000000000000000000
1.8300000000 0.11669416659561120120 0.00000000000000000000
1.8400000000 0.11606374138843433830 0.00000000000000000000
1.8500000000 0.11544436310722153149 0.00000000000000000000
1.8600000000 0.11483577906362524290 0.00000000000000000000
1.8700000000 0.11423774338785430693 0.00000000000000000000
1.8800000000 0.11365001682162026442 0.00000000000000000000
1.8900000000 0.11307236651796746807 0.00000000000000000000
1.9000000000 0.11250456584774658209 0.00000000000000000000
1.9100000000 0.11194639421248865629 0.00000000000000000000
1.9200000000 0.11139763686346206006 0.00000000000000000000
1.9300000000 0.11085808472667874058 0.00000000000000000000
1.9400000000 0.11032753423365278256 0.00000000000000000000
1.9500000000 0.10980578715769734321 0.00000000000000000000
1.9600000000 0.10929265045556993408 0.00000000000000000000
1.9700000000 0.10878793611427975407 0.00000000000000000000
1.9800000000 0.10829146100286828058 0.00000000000000000000
1.9900000000 0.10780304672899518326 0.00000000000000000000
2.0000000000 0.10732251950015986308 0.00000000000000000000
2.0100000000 0.10684970998939846698 0.00000000000000000000
2.0200000000 0.10638445320529377192 0.00000000000000000000
2.0300000000 0.10592658836615671814 0.00000000000000000000
2.0400000000 0.10547595877823225108 0.00000000000000000000
2.0500000000 0.10503241171778629481 0.00000000000000000000
2.0600000000 0.10459579831694439112 0.00000000000000000000
2.0700000000 0.10416597345315491141 0.00000000000000000000
2.0800000000 0.10374279564214204663 0.00000000000000000000
2.0900000000 0.10332612693424501893 0.00000000000000000000
2.1000000000 0.10291583281400980276 0.00000000000000000000
2.1100000000 0.10251178210294040194 0.00000000000000000000
2.1200000000 0.10211384686528533761 0.00000000000000000000
2.1300000000 0.10172190231677086247 0.00000000000000000000
2.1400000000 0.10133582673616893521 0.00000000000000000000
2.1500000000 0.10095550137961770143 0.00000000000000000000
2.1600000000 0.10058081039758523523 0.00000000000000000000
2.1700000000 0.10021164075440196217 0.00000000000000000000
2.1800000000 0.09984788215026951796 0.00000000000000000000
2.1900000000 0.09948942694566270672 0.00000000000000000000
2.2000000000 0.09913617008804655184 0.00000000000000000000
2.2100000000 0.09878800904083134826 0.00000000000000000000
2.2200000000 0.09844484371448880555 0.00000000000000000000
2.2300000000 0.09810657639976315403 0.00000000000000000000
2.2400000000 0.09777311170290030329 0.00000000000000000000
2.2500000000 0.09744435648283651663 0.00000000000000000000
2.2600000000 0.09712021979027649077 0.00000000000000000000
2.2700000000 0.09680061280860180473 0.00000000000000000000
2.2800000000 0.09648544879654759321 0.00000000000000000000
2.2900000000 0.09617464303259393166 0.00000000000000000000
2.3000000000 0.09586811276100871970 0.00000000000000000000
2.3100000000 0.09556577713949838959 0.00000000000000000000
2.3200000000 0.09526755718840405895 0.00000000000000000000
2.3300000000 0.09497337574140216065 0.00000000000000000000
2.3400000000 0.09468315739765410799 0.00000000000000000000
2.3500000000 0.09439682847536312593 0.00000000000000000000
2.3600000000 0.09411431696669077251 0.00000000000000000000
2.3700000000 0.09383555249399005982 0.00000000000000000000
2.3800000000 0.09356046626731295834 0.00000000000000000000
2.3900000000 0.09328899104315478696 0.00000000000000000000
2.4000000000 0.09302106108438948362 0.00000000000000000000
2.4100000000 0.09275661212136522560 0.00000000000000000000
2.4200000000 0.09249558131412073669 0.00000000000000000000
2.4300000000 0.09223790721568424222 0.00000000000000000000
2.4400000000 0.09198352973642695551 0.00000000000000000000
2.4500000000 0.09173239010943366745 0.00000000000000000000
2.4600000000 0.09148443085685821485 0.00000000000000000000
2.4700000000 0.09123959575723802895 0.00000000000000000000
2.4800000000 0.09099782981373272239 0.00000000000000000000
2.4900000000 0.09075907922325832100 0.00000000000000000000
2.5000000000 0.09052329134649543529 0.00000000000000000000
2.5100000000 0.09029041467873673288 0.00000000000000000000
2.5200000000 0.09006039882155165988 0.00000000000000000000
2.5300000000 0.08983319445524416691 0.00000000000000000000
2.5400000000 0.08960875331207693306 0.00000000000000000000
2.5500000000 0.08938702815023930048 0.00000000000000000000
2.5600000000 0.08916797272853795031 0.00000000000000000000
2.5700000000 0.08895154178178517335 0.00000000000000000000
2.5800000000 0.08873769099686727724 0.00000000000000000000
2.5900000000 0.08852637698946948241 0.00000000000000000000
2.6000000000 0.08831755728143801665 0.00000000000000000000
2.6100000000 0.08811119027876343490 0.00000000000000000000
2.6200000000 0.08790723525016172490 0.00000000000000000000
2.6300000000 0.08770565230623786346 0.00000000000000000000
2.6400000000 0.08750640237921668285 0.00000000000000000000
2.6500000000 0.08730944720321690000 0.00000000000000000000
2.6600000000 0.08711474929506236864 0.00000000000000000000
2.6700000000 0.08692227193560524146 0.00000000000000000000
2.6800000000 0.08673197915155068938 0.00000000000000000000
2.6900000000 0.08654383569777017449 0.00000000000000000000
2.7000000000 0.08635780704008191866 0.00000000000000000000
2.7100000000 0.08617385933849365520 0.00000000000000000000
2.7200000000 0.08599195943088615290 0.00000000000000000000
2.7300000000 0.08581207481713133689 0.00000000000000000000
2.7400000000 0.08563417364362632678 0.00000000000000000000
2.7500000000 0.08545822468823725815 0.00000000000000000000
2.7600000000 0.08528419734563577603 0.00000000000000000000
2.7700000000 0.08511206161302020679 0.00000000000000000000
2.7800000000 0.08494178807620834937 0.00000000000000000000
2.7900000000 0.08477334789609418386 0.00000000000000000000
2.8000000000 0.08460671279545306511 0.00000000000000000000
2.8100000000 0.08444185504609105775 0.00000000000000000000
2.8200000000 0.08427874745632338294 0.00000000000000000000
2.8300000000 0.08411736335877863235 0.00000000000000000000
2.8400000000 0.08395767659851115228 0.00000000000000000000
2.8500000000 0.08379966152142319380 0.00000000000000000000
2.8600000000 0.08364329296297788596 0.00000000000000000000
2.8700000000 0.08348854623720286527 0.00000000000000000000
2.8800000000 0.08333539712597136384 0.00000000000000000000
2.8900000000 0.08318382186855473315 0.00000000000000000000
2.9000000000 0.08303379715144126871 0.00000000000000000000
2.9100000000 0.08288530009840668067 0.00000000000000000000
2.9200000000 0.08273830826083990175 0.00000000000000000000
2.9300000000 0.08259279960830587242 0.00000000000000000000
2.9400000000 0.08244875251934817573 0.00000000000000000000
2.9500000000 0.08230614577251799124 0.00000000000000000000
2.9600000000 0.08216495853762736945 0.00000000000000000000
2.9700000000 0.08202517036721990173 0.00000000000000000000
2.9800000000 0.08188676118825073680 0.00000000000000000000
2.9900000000 0.08174971129397236302 0.00000000000000000000
3.0000000000 0.08161400133602020324 0.00000000000000000000
3.0100000000 0.08147961231669154092 0.00000000000000000000
3.0200000000 0.08134652558141483580 0.00000000000000000000
3.0300000000 0.08121472281140011684 0.00000000000000000000
3.0400000000 0.08108418601647060520 0.00000000000000000000
3.0500000000 0.08095489752806755979 0.00000000000000000000
3.0600000000 0.08082683999242289141 0.00000000000000000000
3.0700000000 0.08069999636389918463 0.00000000000000000000
3.0800000000 0.08057434989848760720 0.00000000000000000000
3.0900000000 0.08044988414746342964 0.00000000000000000000
3.1000000000 0.08032658295119225744 0.00000000000000000000
3.1100000000 0.08020443043308589370 0.00000000000000000000
3.1200000000 0.08008341099370007432 0.00000000000000000000
3.1300000000 0.07996350930497310439 0.00000000000000000000
3.1400000000 0.07984471030460250918 0.00000000000000000000
3.1500000000 0.07972699919055199758 0.00000000000000000000
3.1600000000 0.07961036141568973712 0.00000000000000000000
3.1700000000 0.07949478268255168179 0.00000000000000000000
3.1800000000 0.07938024893822771821 0.00000000000000000000
3.1900000000 0.07926674636936875684 0.00000000000000000000
3.2000000000 0.07915426139730744048 0.00000000000000000000
3.2100000000 0.07904278067329503776 0.00000000000000000000
3.2200000000 0.07893229107384740206 0.00000000000000000000
3.2300000000 0.07882277969619859437 0.00000000000000000000
3.2400000000 0.07871423385386042137 0.00000000000000000000
3.2500000000 0.07860664107228293451 0.00000000000000000000
3.2600000000 0.07849998908461452984 0.00000000000000000000
3.2700000000 0.07839426582756002515 0.00000000000000000000
3.2800000000 0.07828945943733360557 0.00000000000000000000
3.2900000000 0.07818555824570190549 0.00000000000000000000
3.3000000000 0.07808255077611853112 0.00000000000000000000
3.3100000000 0.07798042573994609650 0.00000000000000000000
3.3200000000 0.07787917203276360778 0.00000000000000000000
3.3300000000 0.07777877873075546289 0.00000000000000000000
3.3400000000 0.07767923508718449499 0.00000000000000000000
3.3500000000 0.07758053052894128832 0.00000000000000000000
3.3600000000 0.07748265465317234757 0.00000000000000000000
3.3700000000 0.07738559722398269392 0.00000000000000000000
3.3800000000 0.07728934816921208262 0.00000000000000000000
3.3900000000 0.07719389757728278845 0.00000000000000000000
3.4000000000 0.07709923569411689104 0.00000000000000000000
3.4100000000 0.07700535292012156141 0.00000000000000000000
3.4200000000 0.07691223980724097575 0.00000000000000000000
3.4300000000 0.07681988705607273316 0.00000000000000000000
3.4400000000 0.07672828551304725075 0.00000000000000000000
3.4500000000 0.07663742616766956728 0.00000000000000000000
3.4600000000 0.07654730014982008557 0.00000000000000000000
3.4700000000 0.07645789872711410140 0.00000000000000000000
3.4800000000 0.07636921330232009086 0.00000000000000000000
3.4900000000 0.07628123541083164927 0.00000000000000000000
3.5000000000 0.07619395671819512161 0.00000000000000000000
3.5100000000 0.07610736901769023233 0.00000000000000000000
3.5200000000 0.07602146422796260405 0.00000000000000000000
3.5300000000 0.07593623439070647241 0.00000000000000000000
3.5400000000 0.07585167166839745789 0.00000000000000000000
3.5500000000 0.07576776834207331335 0.00000000000000000000
3.5600000000 0.07568451680916161994 0.00000000000000000000
3.5700000000 0.07560190958135369621 0.00000000000000000000
3.5800000000 0.07551993928252317967 0.00000000000000000000
3.5900000000 0.07543859864668837900 0.00000000000000000000
3.6000000000 0.07535788051601802207 0.00000000000000000000
3.6100000000 0.07527777783887840135 0.00000000000000000000
3.6200000000 0.07519828366792033481 0.00000000000000000000
3.6300000000 0.07511939115820788493 0.00000000000000000000
3.6400000000 0.07504109356538492259 0.00000000000000000000
3.6500000000 0.07496338424387925803 0.00000000000000000000
3.6600000000 0.07488625664514485247 0.00000000000000000000
3.6700000000 0.07480970431593977898 0.00000000000000000000
3.6800000000 0.07473372089663996021 0.00000000000000000000
3.6900000000 0.07465830011958680956 0.00000000000000000000
3.7000000000 0.07458343580746926160 0.00000000000000000000
3.7100000000 0.07450912187173912293 0.00000000000000000000
3.7200000000 0.07443535231105766203 0.00000000000000000000
3.7300000000 0.07436212120977500617 0.00000000000000000000
3.7400000000 0.07428942273643916738 0.00000000000000000000
3.7500000000 0.07421725114233586329 0.00000000000000000000
3.7600000000 0.07414560076005789757 0.00000000000000000000
3.7700000000 0.07407446600210282339 0.00000000000000000000
3.7800000000 0.07400384135949872322 0.00000000000000000000
3.7900000000 0.07393372140045818830 0.00000000000000000000
3.8000000000 0.07386410076905823574 0.00000000000000000000
3.8100000000 0.07379497418394707908 0.00000000000000000000
3.8200000000 0.07372633643707604545 0.00000000000000000000
3.8300000000 0.07365818239245755517 0.00000000000000000000
3.8400000000 0.07359050698494648546 0.00000000000000000000
3.8500000000 0.07352330521904613947 0.00000000000000000000
3.8600000000 0.07345657216773779363 0.00000000000000000000
3.8700000000 0.07339030297133254666 0.00000000000000000000
3.8800000000 0.07332449283634649706 0.00000000000000000000
3.8900000000 0.07325913703439707048 0.00000000000000000000
3.9000000000 0.07319423090112114894 0.00000000000000000000
3.9100000000 0.07312976983511419726 0.00000000000000000000
3.9200000000 0.07306574929688965103 0.00000000000000000000
3.9300000000 0.07300216480785906570 0.00000000000000000000
3.9400000000 0.07293901194933086196 0.00000000000000000000
3.9500000000 0.07287628636152893025 0.00000000000000000000
3.9600000000 0.07281398374263023388 0.00000000000000000000
3.9700000000 0.07275209984782049499 0.00000000000000000000
3.9800000000 0.07269063048836753305 0.00000000000000000000
3.9900000000 0.07262957153071249172 0.00000000000000000000
4.0000000000 0.07256891889557902375 0.00000000000000000000
4.0100000000 0.07250866855709775516 0.00000000000000000000
4.0200000000 0.07244881654194901266 0.00000000000000000000
4.0300000000 0.07238935892852003950 0.00000000000000000000
4.0400000000 0.07233029184607937812 0.00000000000000000000
4.0500000000 0.07227161147396571339 0.00000000000000000000
4.0600000000 0.07221331404079264771 0.00000000000000000000
4.0700000000 0.07215539582366725657 0.00000000000000000000
4.0800000000 0.07209785314742482576 0.00000000000000000000
4.0900000000 0.07204068238387571765 0.00000000000000000000
4.1000000000 0.07198387995106775294 0.00000000000000000000
4.1100000000 0.07192744231256159582 0.00000000000000000000
4.1200000000 0.07187136597671929528 0.00000000000000000000
4.1300000000 0.07181564749600591324 0.00000000000000000000
4.1400000000 0.07176028346630476673 0.00000000000000000000
4.1500000000 0.07170527052624346698 0.00000000000000000000
4.1600000000 0.07165060535653428042 0.00000000000000000000
4.1700000000 0.07159628467932467599 0.00000000000000000000
4.1800000000 0.07154230525756063996 0.00000000000000000000
4.1900000000 0.07148866389436109303 0.00000000000000000000
4.2000000000 0.07143535743240418678 0.00000000000000000000
4.2100000000 0.07138238275332366156 0.00000000000000000000
4.2200000000 0.07132973677711636207 0.00000000000000000000
4.2300000000 0.07127741646156150745 0.00000000000000000000
4.2400000000 0.07122541880164807993 0.00000000000000000000
4.2500000000 0.07117374082901459231 0.00000000000000000000
4.2600000000 0.07112237961139725173 0.00000000000000000000
4.2700000000 0.07107133225208900340 0.00000000000000000000
4.2800000000 0.07102059588940728974 0.00000000000000000000
4.2900000000 0.07097016769617157939 0.00000000000000000000
4.3000000000 0.07092004487919015276 0.00000000000000000000
4.3100000000 0.07087022467875578324 0.00000000000000000000
4.3200000000 0.07082070436814981440 0.00000000000000000000
4.3300000000 0.07077148125315589622 0.00000000000000000000
4.3400000000 0.07072255267158114589 0.00000000000000000000
4.3500000000 0.07067391599278595449 0.00000000000000000000
4.3600000000 0.07062556861722260604 0.00000000000000000000
4.3700000000 0.07057750797598065506 0.00000000000000000000
4.3800000000 0.07052973153034106102 0.00000000000000000000
4.3900000000 0.07048223677133759468 0.00000000000000000000
4.4000000000 0.07043502121932611326 0.00000000000000000000
4.4100000000 0.07038808242356053846 0.00000000000000000000
4.4200000000 0.07034141796177678652 0.00000000000000000000
4.4300000000 0.07029502543978335960 0.00000000000000000000
4.4400000000 0.07024890249105887607 0.00000000000000000000
4.4500000000 0.07020304677635687274 0.00000000000000000000
4.4600000000 0.07015745598331660227 0.00000000000000000000
4.4700000000 0.07011212782608089444 0.00000000000000000000
4.4800000000 0.07006706004492020690 0.00000000000000000000
4.4900000000 0.07002225040586303184 0.00000000000000000000
4.5000000000 0.06997769670033283929 0.00000000000000000000
4.5100000000 0.06993339674479009949 0.00000000000000000000
4.5200000000 0.06988934838038148023 0.00000000000000000000
4.5300000000 0.06984554947259402624 0.00000000000000000000
4.5400000000 0.06980199791091548644 0.00000000000000000000
4.5500000000 0.06975869160849967887 0.00000000000000000000
4.5600000000 0.06971562850183858628 0.00000000000000000000
4.5700000000 0.06967280655043822657 0.00000000000000000000
4.5800000000 0.06963022373650118446 0.00000000000000000000
4.5900000000 0.06958787806461359804 0.00000000000000000000
4.6000000000 0.06954576756143751592 0.00000000000000000000
4.6100000000 0.06950389027540825049 0.00000000000000000000
4.6200000000 0.06946224427643676869 0.00000000000000000000
4.6300000000 0.06942082765561638502 0.00000000000000000000
4.6400000000 0.06937963852493468642 0.00000000000000000000
4.6500000000 0.06933867501699042535 0.00000000000000000000
4.6600000000 0.06929793528471388242 0.00000000000000000000
4.6700000000 0.06925741750109268291 0.00000000000000000000
4.6800000000 0.06921711985890180441 0.00000000000000000000
4.6900000000 0.06917704057043752575 0.00000000000000000000
4.7000000000 0.06913717786725577519 0.00000000000000000000
4.7100000000 0.06909752999991529421 0.00000000000000000000
4.7200000000 0.06905809523772357683 0.00000000000000000000
4.7300000000 0.06901887186848790212 0.00000000000000000000
4.7400000000 0.06897985819827022469 0.00000000000000000000
4.7500000000 0.06894105255114500730 0.00000000000000000000
4.7600000000 0.06890245326896216049 0.00000000000000000000
4.7700000000 0.06886405871111250798 0.00000000000000000000
4.7800000000 0.06882586725429779007 0.00000000000000000000
4.7900000000 0.06878787729230358139 0.00000000000000000000
4.8000000000 0.06875008723577663572 0.00000000000000000000
4.8100000000 0.06871249551200439565 0.00000000000000000000
4.8200000000 0.06867510056469930402 0.00000000000000000000
4.8300000000 0.06863790085378523864 0.00000000000000000000
4.8400000000 0.06860089485518805485 0.00000000000000000000
4.8500000000 0.06856408106062925056 0.00000000000000000000
4.8600000000 0.06852745797742215705 0.00000000000000000000
4.8700000000 0.06849102412827216824 0.00000000000000000000
4.8800000000 0.06845477805107938463 0.00000000000000000000
4.8900000000 0.06841871829874422717 0.00000000000000000000
4.9000000000 0.06838284343897664541 0.00000000000000000000
4.9100000000 0.06834715205410750449 0.00000000000000000000
4.9200000000 0.06831164274090327504 0.00000000000000000000
4.9300000000 0.06827631411038299902 0.00000000000000000000
4.9400000000 0.06824116478763900262 0.00000000000000000000
4.9500000000 0.06820619341165920502 0.00000000000000000000
4.9600000000 0.06817139863515246645 0.00000000000000000000
4.9700000000 0.06813677912437716977 0.00000000000000000000
4.9800000000 0.06810233355897116203 0.00000000000000000000
4.9900000000 0.06806806063178544308 0.00000000000000000000
5.0000000000 0.06803395904871954725 0.00000000000000000000
