0.1000000000 3.31699489595935892439 0.00000000000000000000
0.1100000000 3.19179172432429636430 0.00000000000000000000
0.1200000000 3.07121395063782021140 0.00000000000000000000
0.1300000000 2.95533189438520338399 0.00000000000000000000
0.1400000000 2.84417143155101825869 0.00000000000000000000
0.1500000000 2.73771625846283894745 0.00000000000000000000
0.1600000000 2.63591141192621725153 0.00000000000000000000
0.1700000000 2.53866775078111706065 0.00000000000000000000
0.1800000000 2.44586706996932701230 0.00000000000000000000
0.1900000000 2.35736751865319682508 0.00000000000000000000
0.2000000000 2.27300902330579690513 0.00000000000000000000
0.2100000000 2.19261846650494574007 0.00000000000000000000
0.2200000000 2.11601443297683777800 0.00000000000000000000
0.2300000000 2.04301139757807703745 0.00000000000000000000
0.2400000000 1.97342328857551896348 0.00000000000000000000
0.2500000000 1.90706640931719917376 0.00000000000000000000
0.2600000000 1.84376173999336767650 0.00000000000000000000
0.2700000000 1.78333666833751025571 0.00000000000000000000
0.2800000000 1.72562621479382460876 0.00000000000000000000
0.2900000000 1.67047382561100787868 0.00000000000000000000
0.3000000000 1.61773180853345799335 0.00000000000000000000
0.3100000000 1.56726148222918304498 0.00000000000000000000
0.3200000000 1.51893310405732151480 0.00000000000000000000
0.3300000000 1.47262563264040657884 0.00000000000000000000
0.3400000000 1.42822637301941823829 0.00000000000000000000
0.3500000000 1.38563054366306270815 0.00000000000000000000
0.3600000000 1.34474079673831337089 0.00000000000000000000
0.3700000000 1.30546671608021935818 0.00000000000000000000
0.3800000000 1.26772431132716656421 0.00000000000000000000
0.3900000000 1.23143552171288162000 0.00000000000000000000
0.4000000000 1.19652773896366815265 0.00000000000000000000
0.4100000000 1.16293335553969190421 0.00000000000000000000
0.4200000000 1.13058934196791183169 0.00000000000000000000
0.4300000000 1.09943685512635158652 0.00000000000000000000
0.4400000000 1.06942087794565132697 0.00000000000000000000
0.4500000000 1.04048988999707359149 0.00000000000000000000
0.4600000000 1.01259556775173487075 0.00000000000000000000
0.4700000000 0.98569251285271586305 0.00000000000000000000
0.4800000000 0.95973800648146867509 0.00000000000000000000
0.4900000000 0.93469178777501527033 0.00000000000000000000
0.5000000000 0.91051585422366976275 0.00000000000000000000
0.5100000000 0.88717428202065262699 0.00000000000000000000
0.5200000000 0.86463306442283549558 0.00000000000000000000
0.5300000000 0.84285996629862014462 0.00000000000000000000
0.5400000000 0.82182439317220168373 0.00000000000000000000
0.5500000000 0.80149727321391828205 0.00000000000000000000
0.5600000000 0.78185095076722621599 0.00000000000000000000
0.5700000000 0.76285909014023267627 0.00000000000000000000
0.5800000000 0.74449658852004974019 0.00000000000000000000
0.5900000000 0.72673949699010242931 0.00000000000000000000
0.6000000000 0.70956494874295306108 0.00000000000000000000
0.6100000000 0.69295109368375240599 0.00000000000000000000
0.6200000000 0.67687703871220383789 0.00000000000000000000
0.6300000000 0.66132279305430330396 0.00000000000000000000
0.6400000000 0.64626921808960779980 0.00000000000000000000
0.6500000000 0.63169798118611475424 0.00000000000000000000
0.6600000000 0.61759151311335247492 0.00000000000000000000
0.6700000000 0.60393296865632450920 0.00000000000000000000
0.6800000000 0.59070619009837044278 0.00000000000000000000
0.6900000000 0.57789567328122659617 0.00000000000000000000
0.7000000000 0.56548653598570630674 0.00000000000000000000
0.7100000000 0.55346448840715078976 0.00000000000000000000
0.7200000000 0.54181580552679831086 0.00000000000000000000
0.7300000000 0.53052730120372615374 0.00000000000000000000
0.7400000000 0.51958630383251624973 0.00000000000000000000
0.7500000000 0.50898063342992860836 0.00000000000000000000
0.7600000000 0.49869858002912614836 0.00000000000000000000
0.7700000000 0.48872888327423963384 0.00000000000000000000
0.7800000000 0.47906071311931147649 0.00000000000000000000
0.7900000000 0.46968365154681923634 0.00000000000000000000
0.8000000000 0.46058767522924121129 0.00000000000000000000
0.8100000000 0.45176313906595944037 0.00000000000000000000
0.8200000000 0.44320076053402501781 0.00000000000000000000
0.8300000000 0.43489160479789312763 0.00000000000000000000
0.8400000000 0.42682707052828633421 0.00000000000000000000
0.8500000000 0.41899887638530969314 0.00000000000000000000
0.8600000000 0.41139904812483069074 0.00000000000000000000
0.8700000000 0.40401990629091877327 0.00000000000000000000
0.8800000000 0.39685405446041949196 0.00000000000000000000
0.8900000000 0.38989436800839494257 0.00000000000000000000
0.9000000000 0.38313398336570514413 0.00000000000000000000
0.9100000000 0.37656628774285078043 0.00000000000000000000
0.9200000000 0.37018490929478831131 0.00000000000000000000
0.9300000000 0.36398370770515026118 0.00000000000000000000
0.9400000000 0.35795676516802171774 0.00000000000000000000
0.9500000000 0.35209837774828278700 0.00000000000000000000
0.9600000000 0.34640304710179881109 0.00000000000000000000
0.9700000000 0.34086547253907489852 0.00000000000000000000
0.9800000000 0.33548054341530753053 0.00000000000000000000
0.9900000000 0.33024333183277593262 0.00000000000000000000
1.0000000000 0.32514908564135608371 0.00000000000000000000
1.0100000000 0.32019322172222963729 0.00000000000000000000
1.0200000000 0.31537131954425218217 0.00000000000000000000
1.0300000000 0.31067911498108596868 0.00000000000000000000
1.0400000000 0.30611249437474369328 0.00000000000000000000
1.0500000000 0.30166748883834593187 0.00000000000000000000
1.0600000000 0.29734026878641306446 0.00000000000000000000
1.0700000000 0.29312713868278833518 0.00000000000000000000
1.0800000000 0.28902453199736410916 0.00000000000000000000
1.0900000000 0.28502900636289996150 0.00000000000000000000
1.1000000000 0.28113723892331227150 0.00000000000000000000
1.1100000000 0.27734602186568119153 0.00000000000000000000
1.1200000000 0.27365225812823590346 0.00000000000000000000
1.1300000000 0.27005295727712586018 0.00000000000000000000
1.1400000000 0.26654523154500464610 0.00000000000000000000
1.1500000000 0.26312629202478249324 0.00000000000000000000
1.1600000000 0.25979344501227114028 0.00000000000000000000
1.1700000000 0.25654408849155829753 0.00000000000000000000
1.1800000000 0.25337570875739789944 0.00000000000000000000
1.1900000000 0.25028587716896349979 0.00000000000000000000
1.2000000000 0.24727224702974653914 0.00000000000000000000
1.2100000000 0.24433255058842720531 0.00000000000000000000
1.2200000000 0.24146459615586296499 0.00000000000000000000
1.2300000000 0.23866626533354631801 0.00000000000000000000
1.2400000000 0.23593551034899457042 0.00000000000000000000
1.2500000000 0.23327035149382338575 0.00000000000000000000
1.2600000000 0.23066887466038088483 0.00000000000000000000
1.2700000000 0.22812922897296847302 0.00000000000000000000
1.2800000000 0.22564962450991549181 0.00000000000000000000
1.2900000000 0.22322833011282308679 0.00000000000000000000
1.3000000000 0.22086367127956499368 0.00000000000000000000
1.3100000000 0.21855402813764940317 0.00000000000000000000
1.3200000000 0.21629783349477557652 0.00000000000000000000
1.3300000000 0.21409357096352016336 0.00000000000000000000
1.3400000000 0.21193977315720285981 0.00000000000000000000
1.3500000000 0.20983501995411191210 0.00000000000000000000
1.3600000000 0.20777793682737308312 0.00000000000000000000
1.3700000000 0.20576719323788197902 0.00000000000000000000
1.3800000000 0.20380150108780137330 0.00000000000000000000
1.3900000000 0.20187961323223255206 0.00000000000000000000
1.4000000000 0.20000032204677600789 0.00000000000000000000
1.4100000000 0.19816245804875920467 0.00000000000000000000
1.4200000000 0.19636488857004885666 0.00000000000000000000
1.4300000000 0.19460651647941645814 0.00000000000000000000
1.4400000000 0.19288627895248861011 0.00000000000000000000
1.4500000000 0.19120314628746915009 0.00000000000000000000
1.4600000000 0.18955612076477301731 0.00000000000000000000
1.4700000000 0.18794423554893360806 0.00000000000000000000
1.4800000000 0.18636655363107193506 0.00000000000000000000
1.4900000000 0.18482216681038599049 0.00000000000000000000
1.5000000000 0.18331019471311682523 0.00000000000000000000
1.5100000000 0.18182978384756506851 0.00000000000000000000
1.5200000000 0.18038010669371967731 0.00000000000000000000
1.5300000000 0.17896036082621130658 0.00000000000000000000
1.5400000000 0.17756976806924004708 0.00000000000000000000
1.5500000000 0.17620757368229075790 0.00000000000000000000
1.5600000000 0.17487304557544194883 0.00000000000000000000
1.5700000000 0.17356547355309603908 0.00000000000000000000
1.5800000000 0.17228416858508072140 0.00000000000000000000
1.5900000000 0.17102846210404767935 0.00000000000000000000
1.6000000000 0.16979770532817389794 0.00000000000000000000
1.6100000000 0.16859126860817155724 0.00000000000000000000
1.6200000000 0.16740854079772224394 0.00000000000000000000
1.6300000000 0.16624892864640419821 0.00000000000000000000
1.6400000000 0.16511185621427404424 0.00000000000000000000
1.6500000000 0.16399676430727824772 0.00000000000000000000
1.6600000000 0.16290310993271178708 0.00000000000000000000
1.6700000000 0.16183036577394102618 0.00000000000000000000
1.6800000000 0.16077801968370009078 0.00000000000000000000
1.6900000000 0.15974557419522905644 0.00000000000000000000
1.7000000000 0.15873254605059866629 0.00000000000000000000
1.7100000000 0.15773846574556876776 0.00000000000000000000
1.7200000000 0.15676287709037087237 0.00000000000000000000
1.7300000000 0.15580533678580393842 0.00000000000000000000
1.7400000000 0.15486541401408665530 0.00000000000000000000
1.7500000000 0.15394269004390684352 0.00000000000000000000
1.7600000000 0.15303675784914538838 0.00000000000000000000
1.7700000000 0.15214722174075953620 0.00000000000000000000
1.7800000000 0.15127369701135207070 0.00000000000000000000
1.7900000000 0.15041580959194200684 0.00000000000000000000
1.8000000000 0.14957319572049670997 0.00000000000000000000
1.8100000000 0.14874550162179014934 0.00000000000000000000
1.8200000000 0.14793238319817281212 0.00000000000000000000
1.8300000000 0.14713350573084643669 0.00000000000000000000
1.8400000000 0.14634854359126933665 0.00000000000000000000
1.8500000000 0.14557717996231786528 0.00000000000000000000
1.8600000000 0.14481910656884655619 0.00000000000000000000
1.8700000000 0.14407402341730865536 0.00000000000000000000
1.8800000000 0.14334163854411341443 0.00000000000000000000
1.8900000000 0.14262166777239088100 0.00000000000000000000
1.9000000000 0.14191383447687183628 0.00000000000000000000
1.9100000000 0.14121786935659250140 0.00000000000000000000
1.9200000000 0.14053351021513169061 0.00000000000000000000
1.9300000000 0.13986050174811878732 0.00000000000000000000
1.9400000000 0.13919859533775569282 0.00000000000000000000
1.9500000000 0.13854754885409040210 0.00000000000000000000
1.9600000000 0.13790712646281411136 0.00000000000000000000
1.9700000000 0.13727709843934801648 0.00000000000000000000
1.9800000000 0.13665724098898368588 0.00000000000000000000
1.9900000000 0.13604733607288976849 0.00000000000000000000
2.0000000000 0.13544717123974811535 0.00000000000000000000
2.0100000000 0.13485653946284645310 0.00000000000000000000
2.0200000000 0.13427523898241727762 0.00000000000000000000
2.0300000000 0.13370307315305615670 0.00000000000000000000
2.0400000000 0.13313985029602481980 0.00000000000000000000
2.0500000000 0.13258538355628488037 0.00000000000000000000
2.0600000000 0.13203949076408841301 0.00000000000000000000
2.0700000000 0.13150199430096817799 0.00000000000000000000
2.0800000000 0.13097272096998077706 0.00000000000000000000
2.0900000000 0.13045150187004847520 0.00000000000000000000
2.1000000000 0.12993817227426743277 0.00000000000000000000
2.1100000000 0.12943257151203718669 0.00000000000000000000
2.1200000000 0.12893454285488814559 0.00000000000000000000
2.1300000000 0.12844393340587656471 0.00000000000000000000
2.1400000000 0.12796059399242684651 0.00000000000000000000
2.1500000000 0.12748437906250489893 0.00000000000000000000
2.1600000000 0.12701514658400911428 0.00000000000000000000
2.1700000000 0.12655275794726703054 0.00000000000000000000
2.1800000000 0.12609707787054116879 0.00000000000000000000
2.1900000000 0.12564797430843299697 0.00000000000000000000
2.2000000000 0.12520531836309625739 0.00000000000000000000
2.2100000000 0.12476898419816022379 0.00000000000000000000
2.2200000000 0.12433884895527420877 0.00000000000000000000
2.2300000000 0.12391479267318827873 0.00000000000000000000
2.2400000000 0.12349669820928237118 0.00000000000000000000
2.2500000000 0.12308445116346350412 0.00000000000000000000
2.2600000000 0.12267793980435909296 0.00000000000000000000
2.2700000000 0.12227705499771847342 0.00000000000000000000
2.2800000000 0.12188169013696184551 0.00000000000000000000
2.2900000000 0.12149174107580405779 0.00000000000000000000
2.3000000000 0.12110710606287372615 0.00000000000000000000
2.3100000000 0.12072768567828419395 0.00000000000000000000
2.3200000000 0.12035338277207381641 0.00000000000000000000
2.3300000000 0.11998410240445889219 0.00000000000000000000
2.3400000000 0.11961975178785649865 0.00000000000000000000
2.3500000000 0.11926024023059225709 0.00000000000000000000
2.3600000000 0.11890547908226443974 0.00000000000000000000
2.3700000000 0.11855538168069719440 0.00000000000000000000
2.3800000000 0.11820986330043790902 0.00000000000000000000
2.3900000000 0.11786884110274502280 0.00000000000000000000
2.4000000000 0.11753223408702150043 0.00000000000000000000
2.4100000000 0.11719996304365194739 0.00000000000000000000
2.4200000000 0.11687195050819014497 0.00000000000000000000
2.4300000000 0.11654812071686029840 0.00000000000000000000
2.4400000000 0.11622839956333182176 0.00000000000000000000
2.4500000000 0.11591271455672477741 0.00000000000000000000
2.4600000000 0.11560099478080536339 0.00000000000000000000
2.4700000000 0.11529317085433997414 0.00000000000000000000
2.4800000000 0.11498917489256960112 0.00000000000000000000
2.4900000000 0.11468894046976427226 0.00000000000000000000
2.5000000000 0.11439240258283614460 0.00000000000000000000
2.5100000000 0.11409949761596446804 0.00000000000000000000
2.5200000000 0.11381016330621143706 0.00000000000000000000
2.5300000000 0.11352433871009473543 0.00000000000000000000
2.5400000000 0.11324196417108906010 0.00000000000000000000
2.5500000000 0.11296298128802408078 0.00000000000000000000
2.5600000000 0.11268733288435688056 0.00000000000000000000
2.5700000000 0.11241496297828887374 0.00000000000000000000
2.5800000000 0.11214581675370469127 0.00000000000000000000
2.5900000000 0.11187984053190246081 0.00000000000000000000
2.6000000000 0.11161698174409777351 0.00000000000000000000
2.6100000000 0.11135718890467705133 0.00000000000000000000
2.6200000000 0.11110041158517221238 0.00000000000000000000
2.6300000000 0.11084660038894336709 0.00000000000000000000
2.6400000000 0.11059570692654120683 0.00000000000000000000
2.6500000000 0.11034768379173572062 0.00000000000000000000
2.6600000000 0.11010248453818327619 0.00000000000000000000
2.6700000000 0.10986006365672099094 0.00000000000000000000
2.6800000000 0.10962037655326549446 0.00000000000000000000
2.6900000000 0.10938337952729883240 0.00000000000000000000
2.7000000000 0.10914902975092534432 0.00000000000000000000
2.7100000000 0.10891728524848373616 0.00000000000000000000
2.7200000000 0.10868810487669168519 0.00000000000000000000
2.7300000000 0.10846144830532054859 0.00000000000000000000
2.7400000000 0.10823727599836813207 0.00000000000000000000
2.7500000000 0.10801554919573011504 0.00000000000000000000
2.7600000000 0.10779622989534498601 0.00000000000000000000
2.7700000000 0.10757928083580664547 0.00000000000000000000
2.7800000000 0.10736466547942440097 0.00000000000000000000
2.7900000000 0.10715234799572304070 0.00000000000000000000
2.8000000000 0.10694229324536884407 0.00000000000000000000
2.8100000000 0.10673446676450540349 0.00000000000000000000
2.8200000000 0.10652883474949495501 0.00000000000000000000
2.8300000000 0.10632536404204612213 0.00000000000000000000
2.8400000000 0.10612402211472470037 0.00000000000000000000
2.8500000000 0.10592477705682967759 0.00000000000000000000
2.8600000000 0.10572759756062680148 0.00000000000000000000
2.8700000000 0.10553245290793429600 0.00000000000000000000
2.8800000000 0.10533931295704168640 0.00000000000000000000
2.8900000000 0.10514814812996112203 0.00000000000000000000
2.9000000000 0.10495892939999582061 0.00000000000000000000
2.9100000000 0.10477162827962217817 0.00000000000000000000
2.9200000000 0.10458621680867005721 0.00000000000000000000
2.9300000000 0.10440266754280072559 0.00000000000000000000
2.9400000000 0.10422095354226781905 0.00000000000000000000
2.9500000000 0.10404104836095820485 0.00000000000000000000
2.9600000000 0.10386292603570104753 0.00000000000000000000
2.9700000000 0.10368656107584174608 0.00000000000000000000
2.9800000000 0.10351192845306941837 0.00000000000000000000
2.9900000000 0.10333900359149555959 0.00000000000000000000
3.0000000000 0.10316776235797253669 0.00000000000000000000
3.0100000000 0.10299818105264905987 0.00000000000000000000
3.0200000000 0.10283023639975308328 0.00000000000000000000
3.0300000000 0.10266390553859995605 0.00000000000000000000
3.0400000000 0.10249916601481558198 0.00000000000000000000
3.0500000000 0.10233599577177111828 0.00000000000000000000
3.0600000000 0.10217437314222362066 0.00000000000000000000
3.0700000000 0.10201427684015657027 0.00000000000000000000
3.0800000000 0.10185568595281556392 0.00000000000000000000
3.0900000000 0.10169857993293153486 0.00000000000000000000
3.1000000000 0.10154293859113133758 0.00000000000000000000
3.1100000000 0.10138874208852623193 0.00000000000000000000
3.1200000000 0.10123597092947556053 0.00000000000000000000
3.1300000000 0.10108460595452159470 0.00000000000000000000
3.1400000000 0.10093462833348837426 0.00000000000000000000
3.1500000000 0.10078601955874461060 0.00000000000000000000
3.1600000000 0.10063876143862242329 0.00000000000000000000
3.1700000000 0.10049283609098895453 0.00000000000000000000
3.1800000000 0.10034822593696904325 0.00000000000000000000
3.1900000000 0.10020491369481157595 0.00000000000000000000
3.2000000000 0.10006288237389794615 0.00000000000000000000
3.2100000000 0.09992211526888988837 0.00000000000000000000
3.2200000000 0.09978259595400995607 0.00000000000000000000
3.2300000000 0.09964430827745372754 0.00000000000000000000
3.2400000000 0.09950723635593086702 0.00000000000000000000
3.2500000000 0.09937136456932905981 0.00000000000000000000
3.2600000000 0.09923667755549983593 0.00000000000000000000
3.2700000000 0.09910316020516279911 0.00000000000000000000
3.2800000000 0.09897079765692555486 0.00000000000000000000
3.2900000000 0.09883957529241432782 0.00000000000000000000
3.3000000000 0.09870947873151600382 0.00000000000000000000
3.3100000000 0.09858049382772636482 0.00000000000000000000
3.3200000000 0.09845260666360147739 0.00000000000000000000
3.3300000000 0.09832580354631208219 0.00000000000000000000
3.3400000000 0.09820007100329596061 0.00000000000000000000
3.3500000000 0.09807539577800655772 0.00000000000000000000
3.3600000000 0.09795176482575709831 0.00000000000000000000
3.3700000000 0.09782916530965558854 0.00000000000000000000
3.3800000000 0.09770758459662871875 0.00000000000000000000
3.3900000000 0.09758701025353461178 0.00000000000000000000
3.4000000000 0.09746743004335967075 0.00000000000000000000
3.4100000000 0.09734883192149858255 0.00000000000000000000
3.4200000000 0.09723120403211674145 0.00000000000000000000
3.4300000000 0.09711453470458956960 0.00000000000000000000
3.4400000000 0.09699881245002081598 0.00000000000000000000
3.4500000000 0.09688402595783508764 0.00000000000000000000
3.4600000000 0.09677016409244489081 0.00000000000000000000
3.4700000000 0.09665721588998865688 0.00000000000000000000
3.4800000000 0.09654517055513893442 0.00000000000000000000
3.4900000000 0.09643401745797869351 0.00000000000000000000
3.5000000000 0.09632374613094467353 0.00000000000000000000
3.5100000000 0.09621434626583616478 0.00000000000000000000
3.5200000000 0.09610580771088601815 0.00000000000000000000
3.5300000000 0.09599812046789522879 0.00000000000000000000
3.5400000000 0.09589127468942701404 0.00000000000000000000
3.5500000000 0.09578526067606041305 0.00000000000000000000
3.5600000000 0.09568006887370167357 0.00000000000000000000
3.5700000000 0.09557568987095188540 0.00000000000000000000
3.5800000000 0.09547211439652961151 0.00000000000000000000
3.5900000000 0.09536933331674742054 0.00000000000000000000
3.6000000000 0.09526733763304066904 0.00000000000000000000
3.6100000000 0.09516611847954832559 0.00000000000000000000
3.6200000000 0.09506566712074267234 0.00000000000000000000
3.6300000000 0.09496597494910856418 0.00000000000000000000
3.6400000000 0.09486703348287101045 0.00000000000000000000
3.6500000000 0.09476883436376819236 0.00000000000000000000
3.6600000000 0.09467136935487142912 0.00000000000000000000
3.6700000000 0.09457463033844894229 0.00000000000000000000
3.6800000000 0.09447860931387233596 0.00000000000000000000
3.6900000000 0.09438329839556830470 0.00000000000000000000
3.7000000000 0.09428868981100844981 0.00000000000000000000
3.7100000000 0.09419477589874257484 0.00000000000000000000
3.7200000000 0.09410154910647031135 0.00000000000000000000
3.7300000000 0.09400900198915110306 0.00000000000000000000
3.7400000000 0.09391712720715399143 0.00000000000000000000
3.7500000000 0.09382591752444184585 0.00000000000000000000
3.7600000000 0.09373536580679452113 0.00000000000000000000
3.7700000000 0.09364546502006558526 0.00000000000000000000
3.7800000000 0.09355620822847382501 0.00000000000000000000
3.7900000000 0.09346758859293018140 0.00000000000000000000
3.8000000000 0.09337959936939525807 0.00000000000000000000
3.8100000000 0.09329223390727166276 0.00000000000000000000
3.8200000000 0.09320548564782626944 0.00000000000000000000
3.8300000000 0.09311934812264423267 0.00000000000000000000
3.8400000000 0.09303381495211299201 0.00000000000000000000
3.8500000000 0.09294887984393611358 0.00000000000000000000
3.8600000000 0.09286453659167566432 0.00000000000000000000
3.8700000000 0.09278077907332307750 0.00000000000000000000
3.8800000000 0.09269760124989810668 0.00000000000000000000
3.8900000000 0.09261499716407436966 0.00000000000000000000
3.9000000000 0.09253296093883099649 0.00000000000000000000
3.9100000000 0.09245148677613167221 0.00000000000000000000
3.9200000000 0.09237056895562723025 0.00000000000000000000
3.9300000000 0.09229020183338418337 0.00000000000000000000
3.9400000000 0.09221037984063737425 0.00000000000000000000
3.9500000000 0.09213109748256609333 0.00000000000000000000
3.9600000000 0.09205234933709349754 0.00000000000000000000
3.9700000000 0.09197413005370914940 0.00000000000000000000
3.9800000000 0.09189643435231266422 0.00000000000000000000
3.9900000000 0.09181925702208124096 0.00000000000000000000
4.0000000000 0.09174259292035612245 0.00000000000000000000
4.0100000000 0.09166643697155148207 0.00000000000000000000
4.0200000000 0.09159078416608347484 0.00000000000000000000
4.0300000000 0.09151562955931831500 0.00000000000000000000
4.0400000000 0.09144096827054157273 0.00000000000000000000
4.0500000000 0.09136679548194530376 0.00000000000000000000
4.0600000000 0.09129310643763394184 0.00000000000000000000
4.0700000000 0.09121989644264949515 0.00000000000000000000
4.0800000000 0.09114716086201422873 0.00000000000000000000
4.0900000000 0.09107489511979045826 0.00000000000000000000
4.1000000000 0.09100309469815823227 0.00000000000000000000
4.1100000000 0.09093175513650962605 0.00000000000000000000
4.1200000000 0.09086087203055949468 0.00000000000000000000
4.1300000000 0.09079044103147292100 0.00000000000000000000
4.1400000000 0.09072045784500727683 0.00000000000000000000
4.1500000000 0.09065091823067160381 0.00000000000000000000
4.1600000000 0.09058181800089934455 0.00000000000000000000
4.1700000000 0.09051315302023756060 0.00000000000000000000
4.1800000000 0.09044491920454948708 0.00000000000000000000
4.1900000000 0.09037711252023201969 0.00000000000000000000
4.2000000000 0.09030972898344746813 0.00000000000000000000
4.2100000000 0.09024276465936821590 0.00000000000000000000
4.2200000000 0.09017621566143542433 0.00000000000000000000
4.2300000000 0.09011007815063064308 0.00000000000000000000
4.2400000000 0.09004434833476072930 0.00000000000000000000
4.2500000000 0.08997902246775429935 0.00000000000000000000
4.2600000000 0.08991409684897251620 0.00000000000000000000
4.2700000000 0.08984956782252982721 0.00000000000000000000
4.2800000000 0.08978543177662813568 0.00000000000000000000
4.2900000000 0.08972168514290217167 0.00000000000000000000
4.3000000000 0.08965832439577574309 0.00000000000000000000
4.3100000000 0.08959534605183026856 0.00000000000000000000
4.3200000000 0.08953274666918327462 0.00000000000000000000
4.3300000000 0.08947052284687867507 0.00000000000000000000
4.3400000000 0.08940867122428636238 0.00000000000000000000
4.3500000000 0.08934718848051270701 0.00000000000000000000
4.3600000000 0.08928607133382211736 0.00000000000000000000
4.3700000000 0.08922531654106712062 0.00000000000000000000
4.3800000000 0.08916492089712854674 0.00000000000000000000
4.3900000000 0.08910488123436605123 0.00000000000000000000
4.4000000000 0.08904519442207725621 0.00000000000000000000
4.4100000000 0.08898585736596593965 0.00000000000000000000
4.4200000000 0.08892686700761999463 0.00000000000000000000
4.4300000000 0.08886822032399770144 0.00000000000000000000
4.4400000000 0.08880991432692254828 0.00000000000000000000
4.4500000000 0.08875194606258712815 0.00000000000000000000
4.4600000000 0.08869431261106465458 0.00000000000000000000
4.4700000000 0.08863701108582920651 0.00000000000000000000
4.4800000000 0.08858003863328380023 0.00000000000000000000
4.4900000000 0.08852339243229616350 0.00000000000000000000
4.5000000000 0.08846706969374260043 0.00000000000000000000
4.5100000000 0.08841106766005907280 0.00000000000000000000
4.5200000000 0.08835538360479998354 0.00000000000000000000
4.5300000000 0.08830001483220395464 0.00000000000000000000
4.5400000000 0.08824495867676680760 0.00000000000000000000
4.5500000000 0.08819021250282216284 0.00000000000000000000
4.5600000000 0.08813577370412793710 0.00000000000000000000
4.5700000000 0.08808163970346026550 0.00000000000000000000
4.5800000000 0.08802780795221390453 0.00000000000000000000
4.5900000000 0.08797427593000897716 0.00000000000000000000
4.6000000000 0.08792104114430430994 0.00000000000000000000
4.6100000000 0.08786810113001704281 0.00000000000000000000
4.6200000000 0.08781545344914824802 0.00000000000000000000
4.6300000000 0.08776309569041447489 0.00000000000000000000
4.6400000000 0.08771102546888553952 0.00000000000000000000
4.6500000000 0.08765924042562796281 0.00000000000000000000
4.6600000000 0.08760773822735398730 0.00000000000000000000
4.6700000000 0.08755651656607667255 0.00000000000000000000
4.6800000000 0.08750557315876973663 0.00000000000000000000
4.6900000000 0.08745490574703333742 0.00000000000000000000
4.7000000000 0.08740451209676529387 0.00000000000000000000
4.7100000000 0.08735438999783685932 0.00000000000000000000
4.7200000000 0.08730453726377425394 0.00000000000000000000
4.7300000000 0.08725495173144488803 0.00000000000000000000
4.7400000000 0.08720563126074848403 0.00000000000000000000
4.7500000000 0.08715657373431356936 0.00000000000000000000
4.7600000000 0.08710777705719748021 0.00000000000000000000
4.7700000000 0.08705923915659258272 0.00000000000000000000
4.7800000000 0.08701095798153626881 0.00000000000000000000
4.7900000000 0.08696293150262483784 0.00000000000000000000
4.8000000000 0.08691515771173341509 0.00000000000000000000
4.8100000000 0.08686763462173868744 0.00000000000000000000
4.8200000000 0.08682036026624667668 0.00000000000000000000
4.8300000000 0.08677333269932446802 0.00000000000000000000
4.8400000000 0.08672654999523639330 0.00000000000000000000
4.8500000000 0.08668001024818342004 0.00000000000000000000
4.8600000000 0.08663371157204771689 0.00000000000000000000
4.8700000000 0.08658765210013993907 0.00000000000000000000
4.8800000000 0.08654182998495130175 0.00000000000000000000
4.8900000000 0.08649624339790878969 0.00000000000000000000
4.9000000000 0.08645089052913422500 0.00000000000000000000
4.9100000000 0.08640576958720724843 0.00000000000000000000
4.9200000000 0.08636087879893149244 0.00000000000000000000
4.9300000000 0.08631621640910459858 0.00000000000000000000
4.9400000000 0.08627178068029144054 0.00000000000000000000
4.9500000000 0.08622756989260071947 0.00000000000000000000
4.9600000000 0.08618358234346489011 0.00000000000000000000
4.9700000000 0.08613981634742415294 0.00000000000000000000
4.9800000000 0.08609627023591219508 0.00000000000000000000
4.9900000000 0.08605294235704614991 0.00000000000000000000
5.0000000000 0.08600983107541977646 0.00000000000000000000
