0.1000000000 3.26590327465425200870 0.00000000000000000000
0.1100000000 3.14594690505070806452 0.00000000000000000000
0.1200000000 3.03027232036446791952 0.00000000000000000000
0.1300000000 2.91893622273771091713 0.00000000000000000000
0.1400000000 2.81195781026812285930 0.00000000000000000000
0.1500000000 2.70932081682700420799 0.00000000000000000000
0.1600000000 2.61097649813387056028 0.00000000000000000000
0.1700000000 2.51684733622359946281 0.00000000000000000000
0.1800000000 2.42683121375964594435 0.00000000000000000000
0.1900000000 2.34080581260532749610 0.00000000000000000000
0.2000000000 2.25863301362202228972 0.00000000000000000000
0.2100000000 2.18016311102542692524 0.00000000000000000000
0.2200000000 2.10523869848957323470 0.00000000000000000000
0.2300000000 2.03369812975325281457 0.00000000000000000000
0.2400000000 1.96537849916541729201 0.00000000000000000000
0.2500000000 1.90011812431383364519 0.00000000000000000000
0.2600000000 1.83775854199866017780 0.00000000000000000000
0.2700000000 1.77814604996148339922 0.00000000000000000000
0.2800000000 1.72113284048066206289 0.00000000000000000000
0.2900000000 1.66657777926638206445 0.00000000000000000000
0.3000000000 1.61434688535245940422 0.00000000000000000000
0.3100000000 1.56431356623008288587 0.00000000000000000000
0.3200000000 1.51635865852231233042 0.00000000000000000000
0.3300000000 1.47037031907858151136 0.00000000000000000000
0.3400000000 1.42624380527228833415 0.00000000000000000000
0.3500000000 1.38388117709090496810 0.00000000000000000000
0.3600000000 1.34319094770804525751 0.00000000000000000000
0.3700000000 1.30408770385806982439 0.00000000000000000000
0.3800000000 1.26649171261774617925 0.00000000000000000000
0.3900000000 1.23032852717449370239 0.00000000000000000000
0.4000000000 1.19552860080967038314 0.00000000000000000000
0.4100000000 1.16202691559698023660 0.00000000000000000000
0.4200000000 1.12976263014077815683 0.00000000000000000000
0.4300000000 1.09867874898099504577 0.00000000000000000000
0.4400000000 1.06872181499428120510 0.00000000000000000000
0.4500000000 1.03984162515443356867 0.00000000000000000000
0.4600000000 1.01199096931524334941 0.00000000000000000000
0.4700000000 0.98512539119104203245 0.00000000000000000000
0.4800000000 0.95920297038721602512 0.00000000000000000000
0.4900000000 0.93418412413677298645 0.00000000000000000000
0.5000000000 0.91003142729751862472 0.00000000000000000000
0.5100000000 0.88670944913287841338 0.00000000000000000000
0.5200000000 0.86418460541753816528 0.00000000000000000000
0.5300000000 0.84242502446157596641 0.00000000000000000000
0.5400000000 0.82140042572164639889 0.00000000000000000000
0.5500000000 0.80108200975612153805 0.00000000000000000000
0.5600000000 0.78144235837631326191 0.00000000000000000000
0.5700000000 0.76245534394298786207 0.00000000000000000000
0.5800000000 0.74409604685327845885 0.00000000000000000000
0.5900000000 0.72634068035523313700 0.00000000000000000000
0.6000000000 0.70916652191410189943 0.00000000000000000000
0.6100000000 0.69255185043557832003 0.00000000000000000000
0.6200000000 0.67647588872563502171 0.00000000000000000000
0.6300000000 0.66091875063457672379 0.00000000000000000000
0.6400000000 0.64586139239453177474 0.00000000000000000000
0.6500000000 0.63128556771501698197 0.00000000000000000000
0.6600000000 0.61717378625076846355 0.00000000000000000000
0.6700000000 0.60350927510044360957 0.00000000000000000000
0.6800000000 0.59027594303404418152 0.00000000000000000000
0.6900000000 0.57745834718183275402 0.00000000000000000000
0.7000000000 0.56504166194837157633 0.00000000000000000000
0.7100000000 0.55301164994244544904 0.00000000000000000000
0.7200000000 0.54135463473781031407 0.00000000000000000000
0.7300000000 0.53005747530048141769 0.00000000000000000000
0.7400000000 0.51910754193720587413 0.00000000000000000000
0.7500000000 0.50849269363564508772 0.00000000000000000000
0.7600000000 0.49820125668147952069 0.00000000000000000000
0.7700000000 0.48822200444984403811 0.00000000000000000000
0.7800000000 0.47854413827982006380 0.00000000000000000000
0.7900000000 0.46915726935008633669 0.00000000000000000000
0.8000000000 0.46005140148259093813 0.00000000000000000000
0.8100000000 0.45121691480830528054 0.00000000000000000000
0.8200000000 0.44264455023590165705 0.00000000000000000000
0.8300000000 0.43432539466973812958 0.00000000000000000000
0.8400000000 0.42625086692885699735 0.00000000000000000000
0.8500000000 0.41841270432282567926 0.00000000000000000000
0.8600000000 0.41080294984474546860 0.00000000000000000000
0.8700000000 0.40341393994457119820 0.00000000000000000000
0.8800000000 0.39623829284956829655 0.00000000000000000000
0.8900000000 0.38926889740116188410 0.00000000000000000000
0.9000000000 0.38249890238001527099 0.00000000000000000000
0.9100000000 0.37592170629318899522 0.00000000000000000000
0.9200000000 0.36953094759949944859 0.00000000000000000000
0.9300000000 0.36332049535042942878 0.00000000000000000000
0.9400000000 0.35728444022622662946 0.00000000000000000000
0.9500000000 0.35141708594740456162 0.00000000000000000000
0.9600000000 0.34571294104390298818 0.00000000000000000000
0.9700000000 0.34016671096467576696 0.00000000000000000000
0.9800000000 0.33477329051206683452 0.00000000000000000000
0.9900000000 0.32952775658582744711 0.00000000000000000000
1.0000000000 0.32442536122422299671 0.00000000000000000000
1.0100000000 0.31946152492335083695 0.00000000000000000000
1.0200000000 0.31463183023123042492 0.00000000000000000000
1.0300000000 0.30993201559932065381 0.00000000000000000000
1.0400000000 0.30535796947710164284 0.00000000000000000000
1.0500000000 0.30090572464637593830 0.00000000000000000000
1.0600000000 0.29657145278048507864 0.00000000000000000000
1.0700000000 0.29235145921997973684 0.00000000000000000000
1.0800000000 0.28824217795563067401 0.00000000000000000000
1.0900000000 0.28424016681011360363 0.00000000000000000000
1.1000000000 0.28034210280985816244 0.00000000000000000000
1.1100000000 0.27654477773944979857 0.00000000000000000000
1.1200000000 0.27284509387071065323 0.00000000000000000000
1.1300000000 0.26924005985949567288 0.00000000000000000000
1.1400000000 0.26572678680317468602 0.00000000000000000000
1.1500000000 0.26230248445229542575 0.00000000000000000000
1.1600000000 0.25896445757008867972 0.00000000000000000000
1.1700000000 0.25571010243380259963 0.00000000000000000000
1.1800000000 0.25253690347211743550 0.00000000000000000000
1.1900000000 0.24944243003311639129 0.00000000000000000000
1.2000000000 0.24642433327751994687 0.00000000000000000000
1.2100000000 0.24348034319217026766 0.00000000000000000000
1.2200000000 0.24060826571887050651 0.00000000000000000000
1.2300000000 0.23780597999396138609 0.00000000000000000000
1.2400000000 0.23507143569421815044 0.00000000000000000000
1.2500000000 0.23240265048474748055 0.00000000000000000000
1.2600000000 0.22979770756485481953 0.00000000000000000000
1.2700000000 0.22725475330794073225 0.00000000000000000000
1.2800000000 0.22477199499166516938 0.00000000000000000000
1.2900000000 0.22234769861482475695 0.00000000000000000000
1.3000000000 0.21998018679742886716 0.00000000000000000000
1.3100000000 0.21766783676071208009 0.00000000000000000000
1.3200000000 0.21540907838390979667 0.00000000000000000000
1.3300000000 0.21320239233470977824 0.00000000000000000000
1.3400000000 0.21104630827051201747 0.00000000000000000000
1.3500000000 0.20893940310766628832 0.00000000000000000000
1.3600000000 0.20688029935600579790 0.00000000000000000000
1.3700000000 0.20486766351611096493 0.00000000000000000000
1.3800000000 0.20290020453680454593 0.00000000000000000000
1.3900000000 0.20097667233054075653 0.00000000000000000000
1.4000000000 0.19909585634438434210 0.00000000000000000000
1.4100000000 0.19725658418441344155 0.00000000000000000000
1.4200000000 0.19545772029142927106 0.00000000000000000000
1.4300000000 0.19369816466600031646 0.00000000000000000000
1.4400000000 0.19197685164086228382 0.00000000000000000000
1.4500000000 0.19029274869886375621 0.00000000000000000000
1.4600000000 0.18864485533466046618 0.00000000000000000000
1.4700000000 0.18703220195845693397 0.00000000000000000000
1.4800000000 0.18545384884015578275 0.00000000000000000000
1.4900000000 0.18390888509236019699 0.00000000000000000000
1.5000000000 0.18239642769069266959 0.00000000000000000000
1.5100000000 0.18091562053001736254 0.00000000000000000000
1.5200000000 0.17946563351514657758 0.00000000000000000000
1.5300000000 0.17804566168472377163 0.00000000000000000000
1.5400000000 0.17665492436699148371 0.00000000000000000000
1.5500000000 0.17529266436619705960 0.00000000000000000000
1.5600000000 0.17395814717851323938 0.00000000000000000000
1.5700000000 0.17265066023627589908 0.00000000000000000000
1.5800000000 0.17136951217948620529 0.00000000000000000000
1.5900000000 0.17011403215354425900 0.00000000000000000000
1.6000000000 0.16888356913218341426 0.00000000000000000000
1.6100000000 0.16767749126466005571 0.00000000000000000000
1.6200000000 0.16649518524628101335 0.00000000000000000000
1.6300000000 0.16533605571136078538 0.00000000000000000000
1.6400000000 0.16419952464778472812 0.00000000000000000000
1.6500000000 0.16308503083233422126 0.00000000000000000000
1.6600000000 0.16199202928600375806 0.00000000000000000000
1.6700000000 0.16091999074855267704 0.00000000000000000000
1.6800000000 0.15986840117156353447 0.00000000000000000000
1.6900000000 0.15883676122931705832 0.00000000000000000000
1.7000000000 0.15782458584680819635 0.00000000000000000000
1.7100000000 0.15683140374426718378 0.00000000000000000000
1.7200000000 0.15585675699756637580 0.00000000000000000000
1.7300000000 0.15490020061391299167 0.00000000000000000000
1.7400000000 0.15396130212227795986 0.00000000000000000000
1.7500000000 0.15303964117799184752 0.00000000000000000000
1.7600000000 0.15213480918099533956 0.00000000000000000000
1.7700000000 0.15124640890722632069 0.00000000000000000000
1.7800000000 0.15037405415268509379 0.00000000000000000000
1.7900000000 0.14951736938967177815 0.00000000000000000000
1.8000000000 0.14867598943478496643 0.00000000000000000000
1.8100000000 0.14784955912822694835 0.00000000000000000000
1.8200000000 0.14703773302400385825 0.00000000000000000000
1.8300000000 0.14624017509063783060 0.00000000000000000000
1.8400000000 0.14545655842199015084 0.00000000000000000000
1.8500000000 0.14468656495783369098 0.00000000000000000000
1.8600000000 0.14392988521382857336 0.00000000000000000000
1.8700000000 0.14318621802054143366 0.00000000000000000000
1.8800000000 0.14245527027120880037 0.00000000000000000000
1.8900000000 0.14173675667789809030 0.00000000000000000000
1.9000000000 0.14103039953579066257 0.00000000000000000000
1.9100000000 0.14033592849528242485 0.00000000000000000000
1.9200000000 0.13965308034161888484 0.00000000000000000000
1.9300000000 0.13898159878181004512 0.00000000000000000000
1.9400000000 0.13832123423854270072 0.00000000000000000000
1.9500000000 0.13767174365087164745 0.00000000000000000000
1.9600000000 0.13703289028141790729 0.00000000000000000000
1.9700000000 0.13640444352986491605 0.00000000000000000000
1.9800000000 0.13578617875252280145 0.00000000000000000000
1.9900000000 0.13517787708774839373 0.00000000000000000000
2.0000000000 0.13457932528701171959 0.00000000000000000000
2.0100000000 0.13399031555141432959 0.00000000000000000000
2.0200000000 0.13341064537347180341 0.00000000000000000000
2.0300000000 0.13284011738396819813 0.00000000000000000000
2.0400000000 0.13227853920371637764 0.00000000000000000000
2.0500000000 0.13172572330003967656 0.00000000000000000000
2.0600000000 0.13118148684783217939 0.00000000000000000000
2.0700000000 0.13064565159501353997 0.00000000000000000000
2.0800000000 0.13011804373225238640 0.00000000000000000000
2.0900000000 0.12959849376679707933 0.00000000000000000000
2.1000000000 0.12908683640026596962 0.00000000000000000000
2.1100000000 0.12858291041028691026 0.00000000000000000000
2.1200000000 0.12808655853583006401 0.00000000000000000000
2.1300000000 0.12759762736611438005 0.00000000000000000000
2.1400000000 0.12711596723298179690 0.00000000000000000000
2.1500000000 0.12664143210659647987 0.00000000000000000000
2.1600000000 0.12617387949437705585 0.00000000000000000000
2.1700000000 0.12571317034304338445 0.00000000000000000000
2.1800000000 0.12525916894367947196 0.00000000000000000000
2.1900000000 0.12481174283969802274 0.00000000000000000000
2.2000000000 0.12437076273763089662 0.00000000000000000000
2.2100000000 0.12393610242062980120 0.00000000000000000000
2.2200000000 0.12350763866460334750 0.00000000000000000000
2.2300000000 0.12308525115689208929 0.00000000000000000000
2.2400000000 0.12266882241740242887 0.00000000000000000000
2.2500000000 0.12225823772212171536 0.00000000000000000000
2.2600000000 0.12185338502892567591 0.00000000000000000000
2.2700000000 0.12145415490561541072 0.00000000000000000000
2.2800000000 0.12106044046009960258 0.00000000000000000000
2.2900000000 0.12067213727266141998 0.00000000000000000000
2.3000000000 0.12028914333023686678 0.00000000000000000000
2.3100000000 0.11991135896263709071 0.00000000000000000000
2.3200000000 0.11953868678066054132 0.00000000000000000000
2.3300000000 0.11917103161602275729 0.00000000000000000000
2.3400000000 0.11880830046305540515 0.00000000000000000000
2.3500000000 0.11845040242210980175 0.00000000000000000000
2.3600000000 0.11809724864461304539 0.00000000000000000000
2.3700000000 0.11774875227972822489 0.00000000000000000000
2.3800000000 0.11740482842255985096 0.00000000000000000000
2.3900000000 0.11706539406385907398 0.00000000000000000000
2.4000000000 0.11673036804118550047 0.00000000000000000000
2.4100000000 0.11639967099146893148 0.00000000000000000000
2.4200000000 0.11607322530493881241 0.00000000000000000000
2.4300000000 0.11575095508036895020 0.00000000000000000000
2.4400000000 0.11543278608160066623 0.00000000000000000000
2.4500000000 0.11511864569530522173 0.00000000000000000000
2.4600000000 0.11480846288994292492 0.00000000000000000000
2.4700000000 0.11450216817588493301 0.00000000000000000000
2.4800000000 0.11419969356666111182 0.00000000000000000000
2.4900000000 0.11390097254129778748 0.00000000000000000000
2.5000000000 0.11360594000771156997 0.00000000000000000000
2.5100000000 0.11331453226713100735 0.00000000000000000000
2.5200000000 0.11302668697950632448 0.00000000000000000000
2.5300000000 0.11274234312988547224 0.00000000000000000000
2.5400000000 0.11246144099572177866 0.00000000000000000000
2.5500000000 0.11218392211508666778 0.00000000000000000000
2.5600000000 0.11190972925575748409 0.00000000000000000000
2.5700000000 0.11163880638515996657 0.00000000000000000000
2.5800000000 0.11137109864113023394 0.00000000000000000000
2.5900000000 0.11110655230348165379 0.00000000000000000000
2.6000000000 0.11084511476634377469 0.00000000000000000000
2.6100000000 0.11058673451125565490 0.00000000000000000000
2.6200000000 0.11033136108098930139 0.00000000000000000000
2.6300000000 0.11007894505407984920 0.00000000000000000000
2.6400000000 0.10982943802004388467 0.00000000000000000000
2.6500000000 0.10958279255526581775 0.00000000000000000000
2.6600000000 0.10933896219952736473 0.00000000000000000000
2.6700000000 0.10909790143316934474 0.00000000000000000000
2.6800000000 0.10885956565485921388 0.00000000000000000000
2.6900000000 0.10862391115995298496 0.00000000000000000000
2.7000000000 0.10839089511942874566 0.00000000000000000000
2.7100000000 0.10816047555937931268 0.00000000000000000000
2.7200000000 0.10793261134104437104 0.00000000000000000000
2.7300000000 0.10770726214136976118 0.00000000000000000000
2.7400000000 0.10748438843407605303 0.00000000000000000000
2.7500000000 0.10726395147122036455 0.00000000000000000000
2.7600000000 0.10704591326524430517 0.00000000000000000000
2.7700000000 0.10683023657148245367 0.00000000000000000000
2.7800000000 0.10661688487113177293 0.00000000000000000000
2.7900000000 0.10640582235465578798 0.00000000000000000000
2.8000000000 0.10619701390561991916 0.00000000000000000000
2.8100000000 0.10599042508494287140 0.00000000000000000000
2.8200000000 0.10578602211555093726 0.00000000000000000000
2.8300000000 0.10558377186742663734 0.00000000000000000000
2.8400000000 0.10538364184303720961 0.00000000000000000000
2.8500000000 0.10518560016313603656 0.00000000000000000000
2.8600000000 0.10498961555292204983 0.00000000000000000000
2.8700000000 0.10479565732855201932 0.00000000000000000000
2.8800000000 0.10460369538399168221 0.00000000000000000000
2.8900000000 0.10441370017819812110 0.00000000000000000000
2.9000000000 0.10422564272262541119 0.00000000000000000000
2.9100000000 0.10403949456904033888 0.00000000000000000000
2.9200000000 0.10385522779764602697 0.00000000000000000000
2.9300000000 0.10367281500549813122 0.00000000000000000000
2.9400000000 0.10349222929520979219 0.00000000000000000000
2.9500000000 0.10331344426393808400 0.00000000000000000000
2.9600000000 0.10313643399263976164 0.00000000000000000000
2.9700000000 0.10296117303559315648 0.00000000000000000000
2.9800000000 0.10278763641017800434 0.00000000000000000000
2.9900000000 0.10261579958690446313 0.00000000000000000000
3.0000000000 0.10244563847968682357 0.00000000000000000000
3.0100000000 0.10227712943635404452 0.00000000000000000000
3.0200000000 0.10211024922938977122 0.00000000000000000000
3.0300000000 0.10194497504689881140 0.00000000000000000000
3.0400000000 0.10178128448379153426 0.00000000000000000000
3.0500000000 0.10161915553317844851 0.00000000000000000000
3.0600000000 0.10145856657797512612 0.00000000000000000000
3.0700000000 0.10129949638270716039 0.00000000000000000000
3.0800000000 0.10114192408550934377 0.00000000000000000000
3.0900000000 0.10098582919031909300 0.00000000000000000000
3.1000000000 0.10083119155925279742 0.00000000000000000000
3.1100000000 0.10067799140516427159 0.00000000000000000000
3.1200000000 0.10052620928437880354 0.00000000000000000000
3.1300000000 0.10037582608959962072 0.00000000000000000000
3.1400000000 0.10022682304298062561 0.00000000000000000000
3.1500000000 0.10007918168936133507 0.00000000000000000000
3.1600000000 0.09993288388966138636 0.00000000000000000000
3.1700000000 0.09978791181442780989 0.00000000000000000000
3.1800000000 0.09964424793753448584 0.00000000000000000000
3.1900000000 0.09950187503002641543 0.00000000000000000000
3.2000000000 0.09936077615410651709 0.00000000000000000000
3.2100000000 0.09922093465726351813 0.00000000000000000000
3.2200000000 0.09908233416653139392 0.00000000000000000000
3.2300000000 0.09894495858288555878 0.00000000000000000000
3.2400000000 0.09880879207576243051 0.00000000000000000000
3.2500000000 0.09867381907770894633 0.00000000000000000000
3.2600000000 0.09854002427915040108 0.00000000000000000000
3.2700000000 0.09840739262327949377 0.00000000000000000000
3.2800000000 0.09827590930106046285 0.00000000000000000000
3.2900000000 0.09814555974634742164 0.00000000000000000000
3.3000000000 0.09801632963111024666 0.00000000000000000000
3.3100000000 0.09788820486077025318 0.00000000000000000000
3.3200000000 0.09776117156964091170 0.00000000000000000000
3.3300000000 0.09763521611646781839 0.00000000000000000000
3.3400000000 0.09751032508007133337 0.00000000000000000000
3.3500000000 0.09738648525508447618 0.00000000000000000000
3.3600000000 0.09726368364778609221 0.00000000000000000000
3.3700000000 0.09714190747202652854 0.00000000000000000000
3.3800000000 0.09702114414524208585 0.00000000000000000000
3.3900000000 0.09690138128456024513 0.00000000000000000000
3.4000000000 0.09678260670298632906 0.00000000000000000000
3.4100000000 0.09666480840567756583 0.00000000000000000000
3.4200000000 0.09654797458629672813 0.00000000000000000000
3.4300000000 0.09643209362344475066 0.00000000000000000000
3.4400000000 0.09631715407717389432 0.00000000000000000000
3.4500000000 0.09620314468557282506 0.00000000000000000000
3.4600000000 0.09609005436142760426 0.00000000000000000000
3.4700000000 0.09597787218895531547 0.00000000000000000000
3.4800000000 0.09586658742060644167 0.00000000000000000000
3.4900000000 0.09575618947393692293 0.00000000000000000000
3.5000000000 0.09564666792854724375 0.00000000000000000000
3.5100000000 0.09553801252308631586 0.00000000000000000000
3.5200000000 0.09543021315231985102 0.00000000000000000000
3.5300000000 0.09532325986425997655 0.00000000000000000000
3.5400000000 0.09521714285735767558 0.00000000000000000000
3.5500000000 0.09511185247775226503 0.00000000000000000000
3.5600000000 0.09500737921658101992 0.00000000000000000000
3.5700000000 0.09490371370734329570 0.00000000000000000000
3.5800000000 0.09480084672332229900 0.00000000000000000000
3.5900000000 0.09469876917505813674 0.00000000000000000000
3.6000000000 0.09459747210787669558 0.00000000000000000000
3.6100000000 0.09449694669946641368 0.00000000000000000000
3.6200000000 0.09439718425750937003 0.00000000000000000000
3.6300000000 0.09429817621735733790 0.00000000000000000000
3.6400000000 0.09419991413975993544 0.00000000000000000000
3.6500000000 0.09410238970863540886 0.00000000000000000000
3.6600000000 0.09400559472889125079 0.00000000000000000000
3.6700000000 0.09390952112428641030 0.00000000000000000000
3.6800000000 0.09381416093533918865 0.00000000000000000000
3.6900000000 0.09371950631727633818 0.00000000000000000000
3.7000000000 0.09362554953802572355 0.00000000000000000000
3.7100000000 0.09353228297624717469 0.00000000000000000000
3.7200000000 0.09343969911940595841 0.00000000000000000000
3.7300000000 0.09334779056188322044 0.00000000000000000000
3.7400000000 0.09325655000312493836 0.00000000000000000000
3.7500000000 0.09316597024582885800 0.00000000000000000000
3.7600000000 0.09307604419416649899 0.00000000000000000000
3.7700000000 0.09298676485204140918 0.00000000000000000000
3.7800000000 0.09289812532138259915 0.00000000000000000000
3.7900000000 0.09281011880047106144 0.00000000000000000000
3.8000000000 0.09272273858229926335 0.00000000000000000000
3.8100000000 0.09263597805296454324 0.00000000000000000000
3.8200000000 0.09254983069009270480 0.00000000000000000000
3.8300000000 0.09246429006129322503 0.00000000000000000000
3.8400000000 0.09237934982264531247 0.00000000000000000000
3.8500000000 0.09229500371721242880 0.00000000000000000000
3.8600000000 0.09221124557358728602 0.00000000000000000000
3.8700000000 0.09212806930446333642 0.00000000000000000000
3.8800000000 0.09204546890523632174 0.00000000000000000000
3.8900000000 0.09196343845263088568 0.00000000000000000000
3.9000000000 0.09188197210335502518 0.00000000000000000000
3.9100000000 0.09180106409277970225 0.00000000000000000000
3.9200000000 0.09172070873364460142 0.00000000000000000000
3.9300000000 0.09164090041478768767 0.00000000000000000000
3.9400000000 0.09156163359990079909 0.00000000000000000000
3.9500000000 0.09148290282630683334 0.00000000000000000000
3.9600000000 0.09140470270376215012 0.00000000000000000000
3.9700000000 0.09132702791328049796 0.00000000000000000000
3.9800000000 0.09124987320597968687 0.00000000000000000000
3.9900000000 0.09117323340195016002 0.00000000000000000000
4.0000000000 0.09109710338914463190 0.00000000000000000000
4.0100000000 0.09102147812228894574 0.00000000000000000000
4.0200000000 0.09094635262181276214 0.00000000000000000000
4.0300000000 0.09087172197280135588 0.00000000000000000000
4.0400000000 0.09079758132396539838 0.00000000000000000000
4.0500000000 0.09072392588663152901 0.00000000000000000000
4.0600000000 0.09065075093375075943 0.00000000000000000000
4.0700000000 0.09057805179892552960 0.00000000000000000000
4.0800000000 0.09050582387545419438 0.00000000000000000000
4.0900000000 0.09043406261539432833 0.00000000000000000000
4.1000000000 0.09036276352864233696 0.00000000000000000000
4.1100000000 0.09029192218202948539 0.00000000000000000000
4.1200000000 0.09022153419843617628 0.00000000000000000000
4.1300000000 0.09015159525592074397 0.00000000000000000000
4.1400000000 0.09008210108686473538 0.00000000000000000000
4.1500000000 0.09001304747713384513 0.00000000000000000000
4.1600000000 0.08994443026525394957 0.00000000000000000000
4.1700000000 0.08987624534160199019 0.00000000000000000000
4.1800000000 0.08980848864761124817 0.00000000000000000000
4.1900000000 0.08974115617499132946 0.00000000000000000000
4.2000000000 0.08967424396496170846 0.00000000000000000000
4.2100000000 0.08960774810749970454 0.00000000000000000000
4.2200000000 0.08954166474060076819 0.00000000000000000000
4.2300000000 0.08947599004955290869 0.00000000000000000000
4.2400000000 0.08941072026622357005 0.00000000000000000000
4.2500000000 0.08934585166835924686 0.00000000000000000000
4.2600000000 0.08928138057889743739 0.00000000000000000000
4.2700000000 0.08921730336529060112 0.00000000000000000000
4.2800000000 0.08915361643884263387 0.00000000000000000000
4.2900000000 0.08909031625405591792 0.00000000000000000000
4.3000000000 0.08902739930799093149 0.00000000000000000000
4.3100000000 0.08896486213963582246 0.00000000000000000000
4.3200000000 0.08890270132928852764 0.00000000000000000000
4.3300000000 0.08884091349794778769 0.00000000000000000000
4.3400000000 0.08877949530671642997 0.00000000000000000000
4.3500000000 0.08871844345621378303 0.00000000000000000000
4.3600000000 0.08865775468599867981 0.00000000000000000000
4.3700000000 0.08859742577400252228 0.00000000000000000000
4.3800000000 0.08853745353597179679 0.00000000000000000000
4.3900000000 0.08847783482492013740 0.00000000000000000000
4.4000000000 0.08841856653059006199 0.00000000000000000000
4.4100000000 0.08835964557892345139 0.00000000000000000000
4.4200000000 0.08830106893154116010 0.00000000000000000000
4.4300000000 0.08824283358523231369 0.00000000000000000000
4.4400000000 0.08818493657145017040 0.00000000000000000000
4.4500000000 0.08812737495581869640 0.00000000000000000000
4.4600000000 0.08807014583764645466 0.00000000000000000000
4.4700000000 0.08801324634944823755 0.00000000000000000000
4.4800000000 0.08795667365647577562 0.00000000000000000000
4.4900000000 0.08790042495625538521 0.00000000000000000000
4.5000000000 0.08784449747813355414 0.00000000000000000000
4.5100000000 0.08778888848283050717 0.00000000000000000000
4.5200000000 0.08773359526200061320 0.00000000000000000000
4.5300000000 0.08767861513780035587 0.00000000000000000000
4.5400000000 0.08762394546246339566 0.00000000000000000000
4.5500000000 0.08756958361788262646 0.00000000000000000000
4.5600000000 0.08751552701519893507 0.00000000000000000000
4.5700000000 0.08746177309439721881 0.00000000000000000000
4.5800000000 0.08740831932390813463 0.00000000000000000000
4.5900000000 0.08735516320021723125 0.00000000000000000000
4.6000000000 0.08730230224748002088 0.00000000000000000000
4.6100000000 0.08724973401714308796 0.00000000000000000000
4.6200000000 0.08719745608757188682 0.00000000000000000000
4.6300000000 0.08714546606368399340 0.00000000000000000000
4.6400000000 0.08709376157658878237 0.00000000000000000000
4.6500000000 0.08704234028323243333 0.00000000000000000000
4.6600000000 0.08699119986604880728 0.00000000000000000000
4.6700000000 0.08694033803261622118 0.00000000000000000000
4.6800000000 0.08688975251531907973 0.00000000000000000000
4.6900000000 0.08683944107101536358 0.00000000000000000000
4.7000000000 0.08678940148070934946 0.00000000000000000000
4.7100000000 0.08673963154922945118 0.00000000000000000000
4.7200000000 0.08669012910491080692 0.00000000000000000000
4.7300000000 0.08664089199928388940 0.00000000000000000000
4.7400000000 0.08659191810676651613 0.00000000000000000000
4.7500000000 0.08654320532436200752 0.00000000000000000000
4.7600000000 0.08649475157136164716 0.00000000000000000000
4.7700000000 0.08644655478905148571 0.00000000000000000000
4.7800000000 0.08639861294042401607 0.00000000000000000000
4.7900000000 0.08635092400989427541 0.00000000000000000000
4.8000000000 0.08630348600302049922 0.00000000000000000000
4.8100000000 0.08625629694622871657 0.00000000000000000000
4.8200000000 0.08620935488654180023 0.00000000000000000000
4.8300000000 0.08616265789131324904 0.00000000000000000000
4.8400000000 0.08611620404796382910 0.00000000000000000000
4.8500000000 0.08606999146372347476 0.00000000000000000000
4.8600000000 0.08602401826537628415 0.00000000000000000000
4.8700000000 0.08597828259901008074 0.00000000000000000000
4.8800000000 0.08593278262976929149 0.00000000000000000000
4.8900000000 0.08588751654161150273 0.00000000000000000000
4.9000000000 0.08584248253706849852 0.00000000000000000000
4.9100000000 0.08579767883701000519 0.00000000000000000000
4.9200000000 0.08575310368041123843 0.00000000000000000000
4.9300000000 0.08570875532412458586 0.00000000000000000000
4.9400000000 0.08566463204265351017 0.00000000000000000000
4.9500000000 0.08562073212793128163 0.00000000000000000000
4.9600000000 0.08557705388910170907 0.00000000000000000000
4.9700000000 0.08553359565230392314 0.00000000000000000000
4.9800000000 0.08549035576046021268 0.00000000000000000000
4.9900000000 0.08544733257306670604 0.00000000000000000000
5.0000000000 0.08540452446598774394 0.00000000000000000000
