0.1000000000 3.87321940070230708031 0.00000000000000000000
0.1100000000 3.73699325641187352076 0.00000000000000000000
0.1200000000 3.60477475295083937823 0.00000000000000000000
0.1300000000 3.47671718340772617495 0.00000000000000000000
0.1400000000 3.35293707085993775152 0.00000000000000000000
0.1500000000 3.23351330551540883107 0.00000000000000000000
0.1600000000 3.11848748976216016970 0.00000000000000000000
0.1700000000 3.00786541399140672226 0.00000000000000000000
0.1800000000 2.90161951625122016551 0.00000000000000000000
0.1900000000 2.79969212743520268205 0.00000000000000000000
0.2000000000 2.70199927455668476028 0.00000000000000000000
0.2100000000 2.60843480802707539112 0.00000000000000000000
0.2200000000 2.51887463210282724901 0.00000000000000000000
0.2300000000 2.43318084609560081333 0.00000000000000000000
0.2400000000 2.35120564191681413746 0.00000000000000000000
0.2500000000 2.27279484548875876371 0.00000000000000000000
0.2600000000 2.19779103077097426322 0.00000000000000000000
0.2700000000 2.12603617214806961400 0.00000000000000000000
0.2800000000 2.05737383158988684784 0.00000000000000000000
0.2900000000 1.99165090044462744778 0.00000000000000000000
0.3000000000 1.92871893204320254966 0.00000000000000000000
0.3100000000 1.86843511121565364341 0.00000000000000000000
0.3200000000 1.81066291144430713267 0.00000000000000000000
0.3300000000 1.75527249092367121364 0.00000000000000000000
0.3400000000 1.70214087644002631805 0.00000000000000000000
0.3500000000 1.65115197975560934474 0.00000000000000000000
0.3600000000 1.60219648592221841632 0.00000000000000000000
0.3700000000 1.55517164729567358705 0.00000000000000000000
0.3800000000 1.50998101142931506757 0.00000000000000000000
0.3900000000 1.46653410578838760969 0.00000000000000000000
0.4000000000 1.42474609752084657721 0.00000000000000000000
0.4100000000 1.38453744242324727765 0.00000000000000000000
0.4200000000 1.34583353376900127785 0.00000000000000000000
0.4300000000 1.30856435879184584969 0.00000000000000000000
0.4400000000 1.27266416828843009768 0.00000000000000000000
0.4500000000 1.23807116295414121332 0.00000000000000000000
0.4600000000 1.20472719862782939870 0.00000000000000000000
0.4700000000 1.17257751152564893005 0.00000000000000000000
0.4800000000 1.14157046373109527515 0.00000000000000000000
0.4900000000 1.11165730862133238510 0.00000000000000000000
0.5000000000 1.08279197550266248484 0.00000000000000000000
0.5100000000 1.05493087246007299917 0.00000000000000000000
0.5200000000 1.02803270626416987099 0.00000000000000000000
0.5300000000 1.00205831809719558834 0.00000000000000000000
0.5400000000 0.97697053383626142331 0.00000000000000000000
0.5500000000 0.95273402764993464498 0.00000000000000000000
0.5600000000 0.92931519771080783876 0.00000000000000000000
0.5700000000 0.90668205289149328419 0.00000000000000000000
0.5800000000 0.88480410938723619285 0.00000000000000000000
0.5900000000 0.86365229628956241559 0.00000000000000000000
0.6000000000 0.84319886921790754286 0.00000000000000000000
0.6100000000 0.82341733119733850899 0.00000000000000000000
0.6200000000 0.80428236004830466754 0.00000000000000000000
0.6300000000 0.78576974162783475020 0.00000000000000000000
0.6400000000 0.76785630832964746340 0.00000000000000000000
0.6500000000 0.75051988231346977720 0.00000000000000000000
0.6600000000 0.73373922299089266996 0.00000000000000000000
0.6700000000 0.71749397834677541841 0.00000000000000000000
0.6800000000 0.70176463972194658147 0.00000000000000000000
0.6900000000 0.68653249972419427838 0.00000000000000000000
0.7000000000 0.67177961297214294767 0.00000000000000000000
0.7100000000 0.65748875940929318862 0.00000000000000000000
0.7200000000 0.64364340995503344089 0.00000000000000000000
0.7300000000 0.63022769428514058276 0.00000000000000000000
0.7400000000 0.61722637055744533630 0.00000000000000000000
0.7500000000 0.60462479691821602312 0.00000000000000000000
0.7600000000 0.59240890464294604367 0.00000000000000000000
0.7700000000 0.58056517278065122856 0.00000000000000000000
0.7800000000 0.56908060418476880127 0.00000000000000000000
0.7900000000 0.55794270282582481002 0.00000000000000000000
0.8000000000 0.54713945229168059470 0.00000000000000000000
0.8100000000 0.53665929539078849331 0.00000000000000000000
0.8200000000 0.52649111478198207248 0.00000000000000000000
0.8300000000 0.51662421456187923585 0.00000000000000000000
0.8400000000 0.50704830274706347293 0.00000000000000000000
0.8500000000 0.49775347459453983534 0.00000000000000000000
0.8600000000 0.48873019670839334960 0.00000000000000000000
0.8700000000 0.47996929188551190615 0.00000000000000000000
0.8800000000 0.47146192465684783057 0.00000000000000000000
0.8900000000 0.46319958748492040534 0.00000000000000000000
0.9000000000 0.45517408758020660997 0.00000000000000000000
0.9100000000 0.44737753430342724892 0.00000000000000000000
0.9200000000 0.43980232712195299616 0.00000000000000000000
0.9300000000 0.43244114409150907763 0.00000000000000000000
0.9400000000 0.42528693083618857029 0.00000000000000000000
0.9500000000 0.41833289000218920606 0.00000000000000000000
0.9600000000 0.41157247116055600822 0.00000000000000000000
0.9700000000 0.40499936113868467702 0.00000000000000000000
0.9800000000 0.39860747475877844614 0.00000000000000000000
0.9900000000 0.39239094596428403250 0.00000000000000000000
1.0000000000 0.38634411931764545134 0.00000000000000000000
1.0100000000 0.38046154184795316633 0.00000000000000000000
1.0200000000 0.37473795523857078571 0.00000000000000000000
1.0300000000 0.36916828833520204389 0.00000000000000000000
1.0400000000 0.36374764996018127405 0.00000000000000000000
1.0500000000 0.35847132202121384514 0.00000000000000000000
1.0600000000 0.35333475290051657991 0.00000000000000000000
1.0700000000 0.34833355111214453492 0.00000000000000000000
1.0800000000 0.34346347921595077324 0.00000000000000000000
1.0900000000 0.33872044797721123643 0.00000000000000000000
1.1000000000 0.33410051076109292811 0.00000000000000000000
1.1100000000 0.32959985815219761118 0.00000000000000000000
1.1200000000 0.32521481278947766969 0.00000000000000000000
1.1300000000 0.32094182440738583395 0.00000000000000000000
1.1400000000 0.31677746507464793480 0.00000000000000000000
1.1500000000 0.31271842462234011872 0.00000000000000000000
1.1600000000 0.30876150625324105814 0.00000000000000000000
1.1700000000 0.30490362232506473816 0.00000000000000000000
1.1800000000 0.30114179030020582495 0.00000000000000000000
1.1900000000 0.29747312885518562009 0.00000000000000000000
1.2000000000 0.29389485414306359967 0.00000000000000000000
1.2100000000 0.29040427620270348186 0.00000000000000000000
1.2200000000 0.28699879550862344990 0.00000000000000000000
1.2300000000 0.28367589965586287315 0.00000000000000000000
1.2400000000 0.28043316017413677521 0.00000000000000000000
1.2500000000 0.27726822946616952459 0.00000000000000000000
1.2600000000 0.27417883786498747911 0.00000000000000000000
1.2700000000 0.27116279080547300850 0.00000000000000000000
1.2800000000 0.26821796610535741934 0.00000000000000000000
1.2900000000 0.26534231135137181790 0.00000000000000000000
1.3000000000 0.26253384138619295651 0.00000000000000000000
1.3100000000 0.25979063589215672936 0.00000000000000000000
1.3200000000 0.25711083706778831148 0.00000000000000000000
1.3300000000 0.25449264739343213648 0.00000000000000000000
1.3400000000 0.25193432748241861852 0.00000000000000000000
1.3500000000 0.24943419401425376281 0.00000000000000000000
1.3600000000 0.24699061774661612567 0.00000000000000000000
1.3700000000 0.24460202160296609653 0.00000000000000000000
1.3800000000 0.24226687883272737811 0.00000000000000000000
1.3900000000 0.23998371124119399767 0.00000000000000000000
1.4000000000 0.23775108748631584854 0.00000000000000000000
1.4100000000 0.23556762143974827040 0.00000000000000000000
1.4200000000 0.23343197060958725819 0.00000000000000000000
1.4300000000 0.23134283462234669915 0.00000000000000000000
1.4400000000 0.22929895376183698219 0.00000000000000000000
1.4500000000 0.22729910756267018845 0.00000000000000000000
1.4600000000 0.22534211345625285161 0.00000000000000000000
1.4700000000 0.22342682546720438186 0.00000000000000000000
1.4800000000 0.22155213295818260155 0.00000000000000000000
1.4900000000 0.21971695942124205847 0.00000000000000000000
1.5000000000 0.21792026131389730104 0.00000000000000000000
1.5100000000 0.21616102693809774449 0.00000000000000000000
1.5200000000 0.21443827536050916183 0.00000000000000000000
1.5300000000 0.21275105537242702813 0.00000000000000000000
1.5400000000 0.21109844448778841697 0.00000000000000000000
1.5500000000 0.20947954797782875058 0.00000000000000000000
1.5600000000 0.20789349794092720769 0.00000000000000000000
1.5700000000 0.20633945240629078532 0.00000000000000000000
1.5800000000 0.20481659447016570264 0.00000000000000000000
1.5900000000 0.20332413146331987375 0.00000000000000000000
1.6000000000 0.20186129414859660391 0.00000000000000000000
1.6100000000 0.20042733594735209768 0.00000000000000000000
1.6200000000 0.19902153219372317738 0.00000000000000000000
1.6300000000 0.19764317941559692016 0.00000000000000000000
1.6400000000 0.19629159464130660484 0.00000000000000000000
1.6500000000 0.19496611473104114021 0.00000000000000000000
1.6600000000 0.19366609573205376127 0.00000000000000000000
1.6700000000 0.19239091225672899643 0.00000000000000000000
1.6800000000 0.19113995688267887418 0.00000000000000000000
1.6900000000 0.18991263957400453255 0.00000000000000000000
1.7000000000 0.18870838712293760975 0.00000000000000000000
1.7100000000 0.18752664261109297517 0.00000000000000000000
1.7200000000 0.18636686488957443508 0.00000000000000000000
1.7300000000 0.18522852807726281066 0.00000000000000000000
1.7400000000 0.18411112107656288361 0.00000000000000000000
1.7500000000 0.18301414710599439584 0.00000000000000000000
1.7600000000 0.18193712324896060828 0.00000000000000000000
1.7700000000 0.18087958001812540210 0.00000000000000000000
1.7800000000 0.17984106093479973465 0.00000000000000000000
1.7900000000 0.17882112212278469809 0.00000000000000000000
1.8000000000 0.17781933191613805145 0.00000000000000000000
1.8100000000 0.17683527048035205254 0.00000000000000000000
1.8200000000 0.17586852944644112973 0.00000000000000000000
1.8300000000 0.17491871155747257260 0.00000000000000000000
1.8400000000 0.17398543032708280176 0.00000000000000000000
1.8500000000 0.17306830970953843152 0.00000000000000000000
1.8600000000 0.17216698378091629951 0.00000000000000000000
1.8700000000 0.17128109643101441240 0.00000000000000000000
1.8800000000 0.17041030106557839008 0.00000000000000000000
1.8900000000 0.16955426031849887836 0.00000000000000000000
1.9000000000 0.16871264577359326720 0.00000000000000000000
1.9100000000 0.16788513769564028522 0.00000000000000000000
1.9200000000 0.16707142477033581907 0.00000000000000000000
1.9300000000 0.16627120385283583603 0.00000000000000000000
1.9400000000 0.16548417972460446879 0.00000000000000000000
1.9500000000 0.16471006485823877497 0.00000000000000000000
1.9600000000 0.16394857919000480062 0.00000000000000000000
1.9700000000 0.16319944989982179684 0.00000000000000000000
1.9800000000 0.16246241119840162948 0.00000000000000000000
1.9900000000 0.16173720412131112334 0.00000000000000000000
2.0000000000 0.16102357632970878965 0.00000000000000000000
2.0100000000 0.16032128191751607305 0.00000000000000000000
2.0200000000 0.15963008122480870643 0.00000000000000000000
2.0300000000 0.15894974065719422174 0.00000000000000000000
2.0400000000 0.15828003251097938486 0.00000000000000000000
2.0500000000 0.15762073480392344016 0.00000000000000000000
2.0600000000 0.15697163111137635294 0.00000000000000000000
2.0700000000 0.15633251040762699557 0.00000000000000000000
2.0800000000 0.15570316691226845918 0.00000000000000000000
2.0900000000 0.15508339994141620566 0.00000000000000000000
2.1000000000 0.15447301376361405323 0.00000000000000000000
2.1100000000 0.15387181746025493934 0.00000000000000000000
2.1200000000 0.15327962479037288146 0.00000000000000000000
2.1300000000 0.15269625405966277820 0.00000000000000000000
2.1400000000 0.15212152799355957433 0.00000000000000000000
2.1500000000 0.15155527361426704425 0.00000000000000000000
2.1600000000 0.15099732212158975542 0.00000000000000000000
2.1700000000 0.15044750877743146011 0.00000000000000000000
2.1800000000 0.14990567279385713650 0.00000000000000000000
2.1900000000 0.14937165722458031758 0.00000000000000000000
2.2000000000 0.14884530885976829384 0.00000000000000000000
2.2100000000 0.14832647812405824750 0.00000000000000000000
2.2200000000 0.14781501897766713416 0.00000000000000000000
2.2300000000 0.14731078882050546719 0.00000000000000000000
2.2400000000 0.14681364839918290000 0.00000000000000000000
2.2500000000 0.14632346171681925862 0.00000000000000000000
2.2600000000 0.14584009594556165967 0.00000000000000000000
2.2700000000 0.14536342134172644536 0.00000000000000000000
2.2800000000 0.14489331116347181627 0.00000000000000000000
2.2900000000 0.14442964159092452903 0.00000000000000000000
2.3000000000 0.14397229164867600404 0.00000000000000000000
2.3100000000 0.14352114313057559580 0.00000000000000000000
2.3200000000 0.14307608052674189447 0.00000000000000000000
2.3300000000 0.14263699095272172612 0.00000000000000000000
2.3400000000 0.14220376408073406860 0.00000000000000000000
2.3500000000 0.14177629207291675417 0.00000000000000000000
2.3600000000 0.14135446951652805292 0.00000000000000000000
2.3700000000 0.14093819336102941797 0.00000000000000000000
2.3800000000 0.14052736285699762853 0.00000000000000000000
2.3900000000 0.14012187949679819066 0.00000000000000000000
2.4000000000 0.13972164695697353309 0.00000000000000000000
2.4100000000 0.13932657104228970968 0.00000000000000000000
2.4200000000 0.13893655963138024090 0.00000000000000000000
2.4300000000 0.13855152262395234453 0.00000000000000000000
2.4400000000 0.13817137188949280002 0.00000000000000000000
2.4500000000 0.13779602121743469989 0.00000000000000000000
2.4600000000 0.13742538626873287977 0.00000000000000000000
2.4700000000 0.13705938452881380463 0.00000000000000000000
2.4800000000 0.13669793526184625954 0.00000000000000000000
2.4900000000 0.13634095946629937179 0.00000000000000000000
2.5000000000 0.13598837983174399957 0.00000000000000000000
2.5100000000 0.13564012069686467998 0.00000000000000000000
2.5200000000 0.13529610800863495212 0.00000000000000000000
2.5300000000 0.13495626928263540489 0.00000000000000000000
2.5400000000 0.13462053356446196384 0.00000000000000000000
2.5500000000 0.13428883139220590404 0.00000000000000000000
2.5600000000 0.13396109475996489935 0.00000000000000000000
2.5700000000 0.13363725708235718592 0.00000000000000000000
2.5800000000 0.13331725316000547776 0.00000000000000000000
2.5900000000 0.13300101914596604291 0.00000000000000000000
2.6000000000 0.13268849251306971682 0.00000000000000000000
2.6100000000 0.13237961202215076106 0.00000000000000000000
2.6200000000 0.13207431769113456288 0.00000000000000000000
2.6300000000 0.13177255076496288688 0.00000000000000000000
2.6400000000 0.13147425368632337239 0.00000000000000000000
2.6500000000 0.13117937006717206305 0.00000000000000000000
2.6600000000 0.13088784466101041626 0.00000000000000000000
2.6700000000 0.13059962333590888206 0.00000000000000000000
2.6800000000 0.13031465304824377260 0.00000000000000000000
2.6900000000 0.13003288181713509863 0.00000000000000000000
2.7000000000 0.12975425869955686808 0.00000000000000000000
2.7100000000 0.12947873376610841145 0.00000000000000000000
2.7200000000 0.12920625807742094904 0.00000000000000000000
2.7300000000 0.12893678366118441203 0.00000000000000000000
2.7400000000 0.12867026348977364525 0.00000000000000000000
2.7500000000 0.12840665145846152928 0.00000000000000000000
2.7600000000 0.12814590236419678981 0.00000000000000000000
2.7700000000 0.12788797188493494783 0.00000000000000000000
2.7800000000 0.12763281655950092786 0.00000000000000000000
2.7900000000 0.12738039376797399838 0.00000000000000000000
2.8000000000 0.12713066171257764170 0.00000000000000000000
2.8100000000 0.12688357939905708927 0.00000000000000000000
2.8200000000 0.12663910661853849948 0.00000000000000000000
2.8300000000 0.12639720392984638009 0.00000000000000000000
2.8400000000 0.12615783264227245497 0.00000000000000000000
2.8500000000 0.12592095479878528952 0.00000000000000000000
2.8600000000 0.12568653315965899742 0.00000000000000000000
2.8700000000 0.12545453118652036273 0.00000000000000000000
2.8800000000 0.12522491302679567005 0.00000000000000000000
2.8900000000 0.12499764349854770862 0.00000000000000000000
2.9000000000 0.12477268807569219522 0.00000000000000000000
2.9100000000 0.12455001287358542783 0.00000000000000000000
2.9200000000 0.12432958463496898704 0.00000000000000000000
2.9300000000 0.12411137071626224260 0.00000000000000000000
2.9400000000 0.12389533907419741920 0.00000000000000000000
2.9500000000 0.12368145825278441252 0.00000000000000000000
2.9600000000 0.12346969737059339256 0.00000000000000000000
2.9700000000 0.12326002610835290474 0.00000000000000000000
2.9800000000 0.12305241469685161693 0.00000000000000000000
2.9900000000 0.12284683390513352619 0.00000000000000000000
3.0000000000 0.12264325502898440479 0.00000000000000000000
3.0100000000 0.12244164987969277658 0.00000000000000000000
3.0200000000 0.12224199077308936512 0.00000000000000000000
3.0300000000 0.12204425051884637554 0.00000000000000000000
3.0400000000 0.12184840241003784544 0.00000000000000000000
3.0500000000 0.12165442021294933794 0.00000000000000000000
3.0600000000 0.12146227815713281362 0.00000000000000000000
3.0700000000 0.12127195092569877100 0.00000000000000000000
3.0800000000 0.12108341364583968813 0.00000000000000000000
3.0900000000 0.12089664187958021335 0.00000000000000000000
3.1000000000 0.12071161161474444623 0.00000000000000000000
3.1100000000 0.12052829925613933737 0.00000000000000000000
3.1200000000 0.12034668161694461741 0.00000000000000000000
3.1300000000 0.12016673591030467561 0.00000000000000000000
3.1400000000 0.11998843974112069488 0.00000000000000000000
3.1500000000 0.11981177109803103908 0.00000000000000000000
3.1600000000 0.11963670834558114142 0.00000000000000000000
3.1700000000 0.11946323021657642705 0.00000000000000000000
3.1800000000 0.11929131580461023454 0.00000000000000000000
3.1900000000 0.11912094455676627835 0.00000000000000000000
3.2000000000 0.11895209626649040635 0.00000000000000000000
3.2100000000 0.11878475106662460259 0.00000000000000000000
3.2200000000 0.11861888942260244428 0.00000000000000000000
3.2300000000 0.11845449212580079490 0.00000000000000000000
3.2400000000 0.11829154028704151613 0.00000000000000000000
3.2500000000 0.11813001533024346246 0.00000000000000000000
3.2600000000 0.11796989898621720871 0.00000000000000000000
3.2700000000 0.11781117328660085930 0.00000000000000000000
3.2800000000 0.11765382055793489890 0.00000000000000000000
3.2900000000 0.11749782341586627321 0.00000000000000000000
3.3000000000 0.11734316475948838865 0.00000000000000000000
3.3100000000 0.11718982776580269545 0.00000000000000000000
3.3200000000 0.11703779588430852920 0.00000000000000000000
3.3300000000 0.11688705283171137161 0.00000000000000000000
3.3400000000 0.11673758258674944710 0.00000000000000000000
3.3500000000 0.11658936938513515813 0.00000000000000000000
3.3600000000 0.11644239771460829225 0.00000000000000000000
3.3700000000 0.11629665231009976567 0.00000000000000000000
3.3800000000 0.11615211814899956133 0.00000000000000000000
3.3900000000 0.11600878044653116505 0.00000000000000000000
3.4000000000 0.11586662465122560262 0.00000000000000000000
3.4100000000 0.11572563644049492504 0.00000000000000000000
3.4200000000 0.11558580171630206124 0.00000000000000000000
3.4300000000 0.11544710660092609433 0.00000000000000000000
3.4400000000 0.11530953743281709134 0.00000000000000000000
3.4500000000 0.11517308076254248461 0.00000000000000000000
3.4600000000 0.11503772334881967598 0.00000000000000000000
3.4700000000 0.11490345215463505790 0.00000000000000000000
3.4800000000 0.11477025434344619026 0.00000000000000000000
3.4900000000 0.11463811727546376062 0.00000000000000000000
3.5000000000 0.11450702850401545119 0.00000000000000000000
3.5100000000 0.11437697577198488452 0.00000000000000000000
3.5200000000 0.11424794700832796579 0.00000000000000000000
3.5300000000 0.11411993032466176412 0.00000000000000000000
3.5400000000 0.11399291401192668260 0.00000000000000000000
3.5500000000 0.11386688653711801722 0.00000000000000000000
3.5600000000 0.11374183654008625244 0.00000000000000000000
3.5700000000 0.11361775283040534412 0.00000000000000000000
3.5800000000 0.11349462438430596434 0.00000000000000000000
3.5900000000 0.11337244034167205664 0.00000000000000000000
3.6000000000 0.11325119000310120143 0.00000000000000000000
3.6100000000 0.11313086282702522478 0.00000000000000000000
3.6200000000 0.11301144842689067604 0.00000000000000000000
3.6300000000 0.11289293656839689828 0.00000000000000000000
3.6400000000 0.11277531716679209395 0.00000000000000000000
3.6500000000 0.11265858028422387482 0.00000000000000000000
3.6600000000 0.11254271612714543405 0.00000000000000000000
3.6700000000 0.11242771504377281622 0.00000000000000000000
3.6800000000 0.11231356752159571410 0.00000000000000000000
3.6900000000 0.11220026418493826703 0.00000000000000000000
3.7000000000 0.11208779579256963888 0.00000000000000000000
3.7100000000 0.11197615323536215526 0.00000000000000000000
3.7200000000 0.11186532753399715256 0.00000000000000000000
3.7300000000 0.11175530983671788654 0.00000000000000000000
3.7400000000 0.11164609141712603102 0.00000000000000000000
3.7500000000 0.11153766367202348764 0.00000000000000000000
3.7600000000 0.11143001811929634237 0.00000000000000000000
3.7700000000 0.11132314639584207916 0.00000000000000000000
3.7800000000 0.11121704025553708073 0.00000000000000000000
3.7900000000 0.11111169156724519380 0.00000000000000000000
3.8000000000 0.11100709231286462475 0.00000000000000000000
3.8100000000 0.11090323458541472001 0.00000000000000000000
3.8200000000 0.11080011058715895367 0.00000000000000000000
3.8300000000 0.11069771262776642584 0.00000000000000000000
3.8400000000 0.11059603312250732010 0.00000000000000000000
3.8500000000 0.11049506459048577534 0.00000000000000000000
3.8600000000 0.11039479965290524555 0.00000000000000000000
3.8700000000 0.11029523103136883166 0.00000000000000000000
3.8800000000 0.11019635154621215678 0.00000000000000000000
3.8900000000 0.11009815411486856274 0.00000000000000000000
3.9000000000 0.11000063175026518481 0.00000000000000000000
3.9100000000 0.10990377755925137548 0.00000000000000000000
3.9200000000 0.10980758474105506428 0.00000000000000000000
3.9300000000 0.10971204658577145274 0.00000000000000000000
3.9400000000 0.10961715647287773034 0.00000000000000000000
3.9500000000 0.10952290786977830761 0.00000000000000000000
3.9600000000 0.10942929433037587583 0.00000000000000000000
3.9700000000 0.10933630949367154073 0.00000000000000000000
3.9800000000 0.10924394708238921448 0.00000000000000000000
3.9900000000 0.10915220090162816580 0.00000000000000000000
4.0000000000 0.10906106483753863490 0.00000000000000000000
4.0100000000 0.10897053285602419093 0.00000000000000000000
4.0200000000 0.10888059900146752901 0.00000000000000000000
4.0300000000 0.10879125739547999829 0.00000000000000000000
4.0400000000 0.10870250223567451409 0.00000000000000000000
4.0500000000 0.10861432779446160424 0.00000000000000000000
4.0600000000 0.10852672841786736857 0.00000000000000000000
4.0700000000 0.10843969852437344847 0.00000000000000000000
4.0800000000 0.10835323260377746624 0.00000000000000000000
4.0900000000 0.10826732521607709825 0.00000000000000000000
4.1000000000 0.10818197099037106523 0.00000000000000000000
4.1100000000 0.10809716462378277102 0.00000000000000000000
4.1200000000 0.10801290088040284287 0.00000000000000000000
4.1300000000 0.10792917459025046234 0.00000000000000000000
4.1400000000 0.10784598064825433317 0.00000000000000000000
4.1500000000 0.10776331401325169035 0.00000000000000000000
4.1600000000 0.10768116970700522539 0.00000000000000000000
4.1700000000 0.10759954281323823311 0.00000000000000000000
4.1800000000 0.10751842847668682812 0.00000000000000000000
4.1900000000 0.10743782190216918937 0.00000000000000000000
4.2000000000 0.10735771835367124982 0.00000000000000000000
4.2100000000 0.10727811315344895626 0.00000000000000000000
4.2200000000 0.10719900168114677996 0.00000000000000000000
4.2300000000 0.10712037937293154843 0.00000000000000000000
4.2400000000 0.10704224172064136233 0.00000000000000000000
4.2500000000 0.10696458427094981958 0.00000000000000000000
4.2600000000 0.10688740262454549113 0.00000000000000000000
4.2700000000 0.10681069243532501090 0.00000000000000000000
4.2800000000 0.10673444940960086225 0.00000000000000000000
4.2900000000 0.10665866930532238999 0.00000000000000000000
4.3000000000 0.10658334793131173102 0.00000000000000000000
4.3100000000 0.10650848114651133292 0.00000000000000000000
4.3200000000 0.10643406485924558624 0.00000000000000000000
4.3300000000 0.10636009502649571012 0.00000000000000000000
4.3400000000 0.10628656765318572619 0.00000000000000000000
4.3500000000 0.10621347879148199111 0.00000000000000000000
4.3600000000 0.10614082454010434486 0.00000000000000000000
4.3700000000 0.10606860104364906894 0.00000000000000000000
4.3800000000 0.10599680449192346032 0.00000000000000000000
4.3900000000 0.10592543111929160482 0.00000000000000000000
4.4000000000 0.10585447720403205751 0.00000000000000000000
4.4100000000 0.10578393906770493238 0.00000000000000000000
4.4200000000 0.10571381307453130149 0.00000000000000000000
4.4300000000 0.10564409563078293319 0.00000000000000000000
4.4400000000 0.10557478318418035690 0.00000000000000000000
4.4500000000 0.10550587222330394532 0.00000000000000000000
4.4600000000 0.10543735927701305966 0.00000000000000000000
4.4700000000 0.10536924091387517288 0.00000000000000000000
4.4800000000 0.10530151374160473532 0.00000000000000000000
4.4900000000 0.10523417440651164356 0.00000000000000000000
4.5000000000 0.10516721959295856348 0.00000000000000000000
4.5100000000 0.10510064602282720436 0.00000000000000000000
4.5200000000 0.10503445045499353039 0.00000000000000000000
4.5300000000 0.10496862968481186773 0.00000000000000000000
4.5400000000 0.10490318054360726896 0.00000000000000000000
4.5500000000 0.10483809989817594044 0.00000000000000000000
4.5600000000 0.10477338465029446823 0.00000000000000000000
4.5700000000 0.10470903173623688498 0.00000000000000000000
4.5800000000 0.10464503812629928625 0.00000000000000000000
4.5900000000 0.10458140082433235729 0.00000000000000000000
4.6000000000 0.10451811686728190720 0.00000000000000000000
4.6100000000 0.10445518332473613388 0.00000000000000000000
4.6200000000 0.10439259729848081315 0.00000000000000000000
4.6300000000 0.10433035592206121867 0.00000000000000000000
4.6400000000 0.10426845636035142473 0.00000000000000000000
4.6500000000 0.10420689580913021499 0.00000000000000000000
4.6600000000 0.10414567149466436025 0.00000000000000000000
4.6700000000 0.10408478067329771100 0.00000000000000000000
4.6800000000 0.10402422063104724281 0.00000000000000000000
4.6900000000 0.10396398868320584630 0.00000000000000000000
4.7000000000 0.10390408217395138979 0.00000000000000000000
4.7100000000 0.10384449847596073646 0.00000000000000000000
4.7200000000 0.10378523499003172725 0.00000000000000000000
4.7300000000 0.10372628914470988226 0.00000000000000000000
4.7400000000 0.10366765839592137488 0.00000000000000000000
4.7500000000 0.10360934022661139053 0.00000000000000000000
4.7600000000 0.10355133214638891082 0.00000000000000000000
4.7700000000 0.10349363169117614669 0.00000000000000000000
4.7800000000 0.10343623642286402242 0.00000000000000000000
4.7900000000 0.10337914392897304405 0.00000000000000000000
4.8000000000 0.10332235182231880311 0.00000000000000000000
4.8100000000 0.10326585774068339219 0.00000000000000000000
4.8200000000 0.10320965934649120599 0.00000000000000000000
4.8300000000 0.10315375432649062648 0.00000000000000000000
4.8400000000 0.10309814039143949671 0.00000000000000000000
4.8500000000 0.10304281527579609024 0.00000000000000000000
4.8600000000 0.10298777673741492389 0.00000000000000000000
4.8700000000 0.10293302255724699756 0.00000000000000000000
4.8800000000 0.10287855053904401692 0.00000000000000000000
4.8900000000 0.10282435850906827823 0.00000000000000000000
4.9000000000 0.10277044431580592554 0.00000000000000000000
4.9100000000 0.10271680582968478745 0.00000000000000000000
4.9200000000 0.10266344094279750143 0.00000000000000000000
4.9300000000 0.10261034756862645601 0.00000000000000000000
4.9400000000 0.10255752364177569969 0.00000000000000000000
4.9500000000 0.10250496711770465397 0.00000000000000000000
4.9600000000 0.10245267597246682234 0.00000000000000000000
4.9700000000 0.10240064820245220467 0.00000000000000000000
4.9800000000 0.10234888182413365287 0.00000000000000000000
4.9900000000 0.10229737487381640459 0.00000000000000000000
5.0000000000 0.10224612540739251576 0.00000000000000000000
