0.1000000000 1.61607058534348069223 0.00000000000000000000
0.1100000000 1.57425595179150112912 0.00000000000000000000
0.1200000000 1.53330067990568919001 0.00000000000000000000
0.1300000000 1.49320880824136170695 0.00000000000000000000
0.1400000000 1.45398282600801542763 0.00000000000000000000
0.1500000000 1.41562371592894731265 0.00000000000000000000
0.1600000000 1.37813100396434262684 0.00000000000000000000
0.1700000000 1.34150281512023794583 0.00000000000000000000
0.1800000000 1.30573593453754988047 0.00000000000000000000
0.1900000000 1.27082587304237293324 0.00000000000000000000
0.2000000000 1.23676693634008949552 0.00000000000000000000
0.2100000000 1.20355229705017419128 0.00000000000000000000
0.2200000000 1.17117406880456886853 0.00000000000000000000
0.2300000000 1.13962338166840027043 0.00000000000000000000
0.2400000000 1.10889045818604103921 0.00000000000000000000
0.2500000000 1.07896468940625389621 0.00000000000000000000
0.2600000000 1.04983471029580810452 0.00000000000000000000
0.2700000000 1.02148847400980935518 0.00000000000000000000
0.2800000000 0.99391332454767411519 0.00000000000000000000
0.2900000000 0.96709606738474018783 0.00000000000000000000
0.3000000000 0.94102303772986328756 0.00000000000000000000
0.3100000000 0.91568016611790492565 0.00000000000000000000
0.3200000000 0.89105304110202854240 0.00000000000000000000
0.3300000000 0.86712696886345752567 0.00000000000000000000
0.3400000000 0.84388702960536010611 0.00000000000000000000
0.3500000000 0.82131813064245906553 0.00000000000000000000
0.3600000000 0.79940505613861678746 0.00000000000000000000
0.3700000000 0.77813251348091572179 0.00000000000000000000
0.3800000000 0.75748517631068845724 0.00000000000000000000
0.3900000000 0.73744772425962412665 0.00000000000000000000
0.4000000000 0.71800487946266722261 0.00000000000000000000
0.4100000000 0.69914143993916577635 0.00000000000000000000
0.4200000000 0.68084230994985539542 0.00000000000000000000
0.4300000000 0.66309252745008051555 0.00000000000000000000
0.4400000000 0.64587728876947991807 0.00000000000000000000
0.4500000000 0.62918197065542480484 0.00000000000000000000
0.4600000000 0.61299214982224470294 0.00000000000000000000
0.4700000000 0.59729362015079434656 0.00000000000000000000
0.4800000000 0.58207240768374168827 0.00000000000000000000
0.4900000000 0.56731478356108377969 0.00000000000000000000
0.5000000000 0.55300727503832958210 0.00000000000000000000
0.5100000000 0.53913667472654003276 0.00000000000000000000
0.5200000000 0.52569004818934150780 0.00000000000000000000
0.5300000000 0.51265474002723654401 0.00000000000000000000
0.5400000000 0.50001837857418407474 0.00000000000000000000
0.5500000000 0.48776887932572582374 0.00000000000000000000
0.5600000000 0.47589444721194673615 0.00000000000000000000
0.5700000000 0.46438357782238576243 0.00000000000000000000
0.5800000000 0.45322505768384435676 0.00000000000000000000
0.5900000000 0.44240796368580859177 0.00000000000000000000
0.6000000000 0.43192166174208357354 0.00000000000000000000
0.6100000000 0.42175580477125268475 0.00000000000000000000
0.6200000000 0.41190033007273213483 0.00000000000000000000
0.6300000000 0.40234545616956657321 0.00000000000000000000
0.6400000000 0.39308167918371794691 0.00000000000000000000
0.6500000000 0.38409976880442464608 0.00000000000000000000
0.6600000000 0.37539076390531800342 0.00000000000000000000
0.6700000000 0.36694596786134614508 0.00000000000000000000
0.6800000000 0.35875694361214438555 0.00000000000000000000
0.6900000000 0.35081550851443144001 0.00000000000000000000
0.7000000000 0.34311372902210818259 0.00000000000000000000
0.7100000000 0.33564391522916359190 0.00000000000000000000
0.7200000000 0.32839861530713049254 0.00000000000000000000
0.7300000000 0.32137060986572624222 0.00000000000000000000
0.7400000000 0.31455290626241988461 0.00000000000000000000
0.7500000000 0.30793873288400663846 0.00000000000000000000
0.7600000000 0.30152153342079507370 0.00000000000000000000
0.7700000000 0.29529496115176862014 0.00000000000000000000
0.7800000000 0.28925287325697729424 0.00000000000000000000
0.7900000000 0.28338932517150827728 0.00000000000000000000
0.8000000000 0.27769856499367306935 0.00000000000000000000
0.8100000000 0.27217502795838099949 0.00000000000000000000
0.8200000000 0.26681333098529019798 0.00000000000000000000
0.8300000000 0.26160826730994446443 0.00000000000000000000
0.8400000000 0.25655480120494944529 0.00000000000000000000
0.8500000000 0.25164806279708934467 0.00000000000000000000
0.8600000000 0.24688334298537714662 0.00000000000000000000
0.8700000000 0.24225608846407437058 0.00000000000000000000
0.8800000000 0.23776189685393378515 0.00000000000000000000
0.8900000000 0.23339651194424448910 0.00000000000000000000
0.9000000000 0.22915581904749185438 0.00000000000000000000
0.9100000000 0.22503584046803878915 0.00000000000000000000
0.9200000000 0.22103273108556928395 0.00000000000000000000
0.9300000000 0.21714277405360610240 0.00000000000000000000
0.9400000000 0.21336237661313439684 0.00000000000000000000
0.9500000000 0.20968806602077483259 0.00000000000000000000
0.9600000000 0.20611648559090628430 0.00000000000000000000
0.9700000000 0.20264439085055549472 0.00000000000000000000
0.9800000000 0.19926864580588110609 0.00000000000000000000
0.9900000000 0.19598621931895840453 0.00000000000000000000
1.0000000000 0.19279418159289257728 0.00000000000000000000
1.0100000000 0.18968970076332025698 0.00000000000000000000
1.0200000000 0.18667003959522848744 0.00000000000000000000
1.0300000000 0.18373255228232074354 0.00000000000000000000
1.0400000000 0.18087468134660703023 0.00000000000000000000
1.0500000000 0.17809395463669075443 0.00000000000000000000
1.0600000000 0.17538798242221786960 0.00000000000000000000
1.0700000000 0.17275445458201013627 0.00000000000000000000
1.0800000000 0.17019113788384304664 0.00000000000000000000
1.0900000000 0.16769587335337007850 0.00000000000000000000
1.1000000000 0.16526657372988176609 0.00000000000000000000
1.1100000000 0.16290122100656900805 0.00000000000000000000
1.1200000000 0.16059786405295056744 0.00000000000000000000
1.1300000000 0.15835461631710109898 0.00000000000000000000
1.1400000000 0.15616965360544887709 0.00000000000000000000
1.1500000000 0.15404121193779352073 0.00000000000000000000
1.1600000000 0.15196758547534586214 0.00000000000000000000
1.1700000000 0.14994712451955569121 0.00000000000000000000
1.1800000000 0.14797823357954364987 0.00000000000000000000
1.1900000000 0.14605936950603251590 0.00000000000000000000
1.2000000000 0.14418903968964000284 0.00000000000000000000
1.2100000000 0.14236580032151952002 0.00000000000000000000
1.2200000000 0.14058825471431687926 0.00000000000000000000
1.2300000000 0.13885505168150330535 0.00000000000000000000
1.2400000000 0.13716488397315845793 0.00000000000000000000
1.2500000000 0.13551648676634031609 0.00000000000000000000
1.2600000000 0.13390863620823451052 0.00000000000000000000
1.2700000000 0.13234014801031027120 0.00000000000000000000
1.2800000000 0.13080987609175820374 0.00000000000000000000
1.2900000000 0.12931671127054666925 0.00000000000000000000
1.3000000000 0.12785958000046906968 0.00000000000000000000
1.3100000000 0.12643744315260391220 0.00000000000000000000
1.3200000000 0.12504929483966326087 0.00000000000000000000
1.3300000000 0.12369416128174197389 0.00000000000000000000
1.3400000000 0.12237109971203213865 0.00000000000000000000
1.3500000000 0.12107919732110902777 0.00000000000000000000
1.3600000000 0.11981757023843886412 0.00000000000000000000
1.3700000000 0.11858536254980556190 0.00000000000000000000
1.3800000000 0.11738174534938670968 0.00000000000000000000
1.3900000000 0.11620591582526224039 0.00000000000000000000
1.4000000000 0.11505709637717026483 0.00000000000000000000
1.4100000000 0.11393453376536542831 0.00000000000000000000
1.4200000000 0.11283749828947745031 0.00000000000000000000
1.4300000000 0.11176528299630257568 0.00000000000000000000
1.4400000000 0.11071720291549082271 0.00000000000000000000
1.4500000000 0.10969259432214176209 0.00000000000000000000
1.4600000000 0.10869081402533863068 0.00000000000000000000
1.4700000000 0.10771123868169579785 0.00000000000000000000
1.4800000000 0.10675326413302220485 0.00000000000000000000
1.4900000000 0.10581630476723860590 0.00000000000000000000
1.5000000000 0.10489979290170503567 0.00000000000000000000
1.5100000000 0.10400317818816540161 0.00000000000000000000
1.5200000000 0.10312592703852260789 0.00000000000000000000
1.5300000000 0.10226752207069651768 0.00000000000000000000
1.5400000000 0.10142746157384657790 0.00000000000000000000
1.5500000000 0.10060525899225748747 0.00000000000000000000
1.5600000000 0.09980044242721683445 0.00000000000000000000
1.5700000000 0.09901255415623885781 0.00000000000000000000
1.5800000000 0.09824115016900807074 0.00000000000000000000
1.5900000000 0.09748579971943957534 0.00000000000000000000
1.6000000000 0.09674608489328145877 0.00000000000000000000
1.6100000000 0.09602160019068960162 0.00000000000000000000
1.6200000000 0.09531195212324909682 0.00000000000000000000
1.6300000000 0.09461675882491239753 0.00000000000000000000
1.6400000000 0.09393564967635746610 0.00000000000000000000
1.6500000000 0.09326826494228661335 0.00000000000000000000
1.6600000000 0.09261425542119518239 0.00000000000000000000
1.6700000000 0.09197328210716788910 0.00000000000000000000
1.6800000000 0.09134501586327026246 0.00000000000000000000
1.6900000000 0.09072913710611511806 0.00000000000000000000
1.7000000000 0.09012533550121333559 0.00000000000000000000
1.7100000000 0.08953330966871227148 0.00000000000000000000
1.7200000000 0.08895276689915718182 0.00000000000000000000
1.7300000000 0.08838342287891785831 0.00000000000000000000
1.7400000000 0.08782500142493082640 0.00000000000000000000
1.7500000000 0.08727723422843054746 0.00000000000000000000
1.7600000000 0.08673986060734528714 0.00000000000000000000
1.7700000000 0.08621262726705282431 0.00000000000000000000
1.7800000000 0.08569528806919457509 0.00000000000000000000
1.7900000000 0.08518760380827002099 0.00000000000000000000
1.8000000000 0.08468934199572424049 0.00000000000000000000
1.8100000000 0.08420027665127581551 0.00000000000000000000
1.8200000000 0.08372018810121922838 0.00000000000000000000
1.8300000000 0.08324886278345980384 0.00000000000000000000
1.8400000000 0.08278609305904573168 0.00000000000000000000
1.8500000000 0.08233167702996323223 0.00000000000000000000
1.8600000000 0.08188541836297841270 0.00000000000000000000
1.8700000000 0.08144712611931428925 0.00000000000000000000
1.8800000000 0.08101661458995308707 0.00000000000000000000
1.8900000000 0.08059370313637383154 0.00000000000000000000
1.9000000000 0.08017821603653059459 0.00000000000000000000
1.9100000000 0.07976998233588813991 0.00000000000000000000
1.9200000000 0.07936883570334446469 0.00000000000000000000
1.9300000000 0.07897461429186139470 0.00000000000000000000
1.9400000000 0.07858716060364770439 0.00000000000000000000
1.9500000000 0.07820632135973153154 0.00000000000000000000
1.9600000000 0.07783194737377439887 0.00000000000000000000
1.9700000000 0.07746389342997535288 0.00000000000000000000
1.9800000000 0.07710201816492875948 0.00000000000000000000
1.9900000000 0.07674618395329670106 0.00000000000000000000
2.0000000000 0.07639625679716517681 0.00000000000000000000
2.0100000000 0.07605210621895945600 0.00000000000000000000
2.0200000000 0.07571360515779335110 0.00000000000000000000
2.0300000000 0.07538062986913804386 0.00000000000000000000
2.0400000000 0.07505305982769613915 0.00000000000000000000
2.0500000000 0.07473077763337081236 0.00000000000000000000
2.0600000000 0.07441366892022324708 0.00000000000000000000
2.0700000000 0.07410162226832509025 0.00000000000000000000
2.0800000000 0.07379452911839357032 0.00000000000000000000
2.0900000000 0.07349228368913010567 0.00000000000000000000
2.1000000000 0.07319478289715998509 0.00000000000000000000
2.1100000000 0.07290192627949118598 0.00000000000000000000
2.1200000000 0.07261361591840627405 0.00000000000000000000
2.1300000000 0.07232975636870454805 0.00000000000000000000
2.1400000000 0.07205025458721694975 0.00000000000000000000
2.1500000000 0.07177501986451725879 0.00000000000000000000
2.1600000000 0.07150396375875678334 0.00000000000000000000
2.1700000000 0.07123700003154938287 0.00000000000000000000
2.1800000000 0.07097404458584305464 0.00000000000000000000
2.1900000000 0.07071501540570802880 0.00000000000000000000
2.2000000000 0.07045983249797933834 0.00000000000000000000
2.2100000000 0.07020841783569296835 0.00000000000000000000
2.2200000000 0.06996069530325674246 0.00000000000000000000
2.2300000000 0.06971659064329685518 0.00000000000000000000
2.2400000000 0.06947603140512749464 0.00000000000000000000
2.2500000000 0.06923894689478735098 0.00000000000000000000
2.2600000000 0.06900526812659624198 0.00000000000000000000
2.2700000000 0.06877492777617688624 0.00000000000000000000
2.2800000000 0.06854786013489770624 0.00000000000000000000
2.2900000000 0.06832400106568885245 0.00000000000000000000
2.3000000000 0.06810328796018795539 0.00000000000000000000
2.3100000000 0.06788565969717161308 0.00000000000000000000
2.3200000000 0.06767105660223166064 0.00000000000000000000
2.3300000000 0.06745942040865383904 0.00000000000000000000
2.3400000000 0.06725069421946548720 0.00000000000000000000
2.3500000000 0.06704482247060859768 0.00000000000000000000
2.3600000000 0.06684175089520494328 0.00000000000000000000
2.3700000000 0.06664142648887985687 0.00000000000000000000
2.3800000000 0.06644379747610779097 0.00000000000000000000
2.3900000000 0.06624881327754818250 0.00000000000000000000
2.4000000000 0.06605642447834240982 0.00000000000000000000
2.4100000000 0.06586658279733775823 0.00000000000000000000
2.4200000000 0.06567924105721041628 0.00000000000000000000
2.4300000000 0.06549435315546113523 0.00000000000000000000
2.4400000000 0.06531187403625270116 0.00000000000000000000
2.4500000000 0.06513175966306501696 0.00000000000000000000
2.4600000000 0.06495396699214124603 0.00000000000000000000
2.4700000000 0.06477845394670085633 0.00000000000000000000
2.4800000000 0.06460517939189437675 0.00000000000000000000
2.4900000000 0.06443410311047823025 0.00000000000000000000
2.5000000000 0.06426518577918630126 0.00000000000000000000
2.5100000000 0.06409838894577676860 0.00000000000000000000
2.5200000000 0.06393367500673328985 0.00000000000000000000
2.5300000000 0.06377100718560048398 0.00000000000000000000
2.5400000000 0.06361034951193482445 0.00000000000000000000
2.5500000000 0.06345166680084893263 0.00000000000000000000
2.5600000000 0.06329492463313619866 0.00000000000000000000
2.5700000000 0.06314008933595259554 0.00000000000000000000
2.5800000000 0.06298712796404319636 0.00000000000000000000
2.5900000000 0.06283600828149236983 0.00000000000000000000
2.6000000000 0.06268669874398624664 0.00000000000000000000
2.6100000000 0.06253916848156841624 0.00000000000000000000
2.6200000000 0.06239338728187526079 0.00000000000000000000
2.6300000000 0.06224932557383668769 0.00000000000000000000
2.6400000000 0.06210695441182779997 0.00000000000000000000
2.6500000000 0.06196624546025713415 0.00000000000000000000
2.6600000000 0.06182717097858066863 0.00000000000000000000
2.6700000000 0.06168970380672569864 0.00000000000000000000
2.6800000000 0.06155381735091548789 0.00000000000000000000
2.6900000000 0.06141948556988000019 0.00000000000000000000
2.7000000000 0.06128668296144304528 0.00000000000000000000
2.7100000000 0.06115538454947343217 0.00000000000000000000
2.7200000000 0.06102556587119156717 0.00000000000000000000
2.7300000000 0.06089720296481656442 0.00000000000000000000
2.7400000000 0.06077027235754933754 0.00000000000000000000
2.7500000000 0.06064475105387737847 0.00000000000000000000
2.7600000000 0.06052061652419395837 0.00000000000000000000
2.7700000000 0.06039784669372175174 0.00000000000000000000
2.7800000000 0.06027641993173331325 0.00000000000000000000
2.7900000000 0.06015631504105619504 0.00000000000000000000
2.8000000000 0.06003751124785999815 0.00000000000000000000
2.8100000000 0.05991998819171154289 0.00000000000000000000
2.8200000000 0.05980372591589384890 0.00000000000000000000
2.8300000000 0.05968870485798084130 0.00000000000000000000
2.8400000000 0.05957490584065869982 0.00000000000000000000
2.8500000000 0.05946231006278905606 0.00000000000000000000
2.8600000000 0.05935089909070484504 0.00000000000000000000
2.8700000000 0.05924065484973470991 0.00000000000000000000
2.8800000000 0.05913155961594659948 0.00000000000000000000
2.8900000000 0.05902359600810604817 0.00000000000000000000
2.9000000000 0.05891674697984333742 0.00000000000000000000
2.9100000000 0.05881099581202193366 0.00000000000000000000
2.9200000000 0.05870632610530453210 0.00000000000000000000
2.9300000000 0.05860272177290879597 0.00000000000000000000
2.9400000000 0.05850016703355002956 0.00000000000000000000
2.9500000000 0.05839864640456300660 0.00000000000000000000
2.9600000000 0.05829814469520023384 0.00000000000000000000
2.9700000000 0.05819864700009982211 0.00000000000000000000
2.9800000000 0.05810013869291887761 0.00000000000000000000
2.9900000000 0.05800260542012898590 0.00000000000000000000
3.0000000000 0.05790603309496683559 0.00000000000000000000
3.0100000000 0.05781040789153787246 0.00000000000000000000
3.0200000000 0.05771571623906773807 0.00000000000000000000
3.0300000000 0.05762194481629744069 0.00000000000000000000
3.0400000000 0.05752908054601854615 0.00000000000000000000
3.0500000000 0.05743711058974455830 0.00000000000000000000
3.0600000000 0.05734602234251422181 0.00000000000000000000
3.0700000000 0.05725580342782397164 0.00000000000000000000
3.0800000000 0.05716644169268505354 0.00000000000000000000
3.0900000000 0.05707792520280281778 0.00000000000000000000
3.1000000000 0.05699024223787475113 0.00000000000000000000
3.1100000000 0.05690338128700254960 0.00000000000000000000
3.1200000000 0.05681733104421749642 0.00000000000000000000
3.1300000000 0.05673208040411481523 0.00000000000000000000
3.1400000000 0.05664761845759321013 0.00000000000000000000
3.1500000000 0.05656393448769874571 0.00000000000000000000
3.1600000000 0.05648101796556916770 0.00000000000000000000
3.1700000000 0.05639885854647466029 0.00000000000000000000
3.1800000000 0.05631744606595631697 0.00000000000000000000
3.1900000000 0.05623677053605460885 0.00000000000000000000
3.2000000000 0.05615682214163021657 0.00000000000000000000
3.2100000000 0.05607759123677146657 0.00000000000000000000
3.2200000000 0.05599906834128713651 0.00000000000000000000
3.2300000000 0.05592124413728379040 0.00000000000000000000
3.2400000000 0.05584410946582312602 0.00000000000000000000
3.2500000000 0.05576765532365780820 0.00000000000000000000
3.2600000000 0.05569187286004563531 0.00000000000000000000
3.2700000000 0.05561675337363714694 0.00000000000000000000
3.2800000000 0.05554228830943704759 0.00000000000000000000
3.2900000000 0.05546846925583610172 0.00000000000000000000
3.3000000000 0.05539528794171220960 0.00000000000000000000
3.3100000000 0.05532273623359925535 0.00000000000000000000
3.3200000000 0.05525080613292097931 0.00000000000000000000
3.3300000000 0.05517948977328935439 0.00000000000000000000
3.3400000000 0.05510877941786471862 0.00000000000000000000
3.3500000000 0.05503866745677708089 0.00000000000000000000
3.3600000000 0.05496914640460578982 0.00000000000000000000
3.3700000000 0.05490020889791839831 0.00000000000000000000
3.3800000000 0.05483184769286319343 0.00000000000000000000
3.3900000000 0.05476405566281881965 0.00000000000000000000
3.4000000000 0.05469682579609635997 0.00000000000000000000
3.4100000000 0.05463015119369239725 0.00000000000000000000
3.4200000000 0.05456402506709485262 0.00000000000000000000
3.4300000000 0.05449844073613574480 0.00000000000000000000
3.4400000000 0.05443339162689465882 0.00000000000000000000
3.4500000000 0.05436887126964706773 0.00000000000000000000
3.4600000000 0.05430487329685926984 0.00000000000000000000
3.4700000000 0.05424139144122821360 0.00000000000000000000
3.4800000000 0.05417841953376455189 0.00000000000000000000
3.4900000000 0.05411595150191787079 0.00000000000000000000
3.5000000000 0.05405398136774366979 0.00000000000000000000
3.5100000000 0.05399250324611052504 0.00000000000000000000
3.5200000000 0.05393151134294706106 0.00000000000000000000
3.5300000000 0.05387099995352653131 0.00000000000000000000
3.5400000000 0.05381096346078925730 0.00000000000000000000
3.5500000000 0.05375139633370209363 0.00000000000000000000
3.5600000000 0.05369229312565244883 0.00000000000000000000
3.5700000000 0.05363364847287812459 0.00000000000000000000
3.5800000000 0.05357545709293052433 0.00000000000000000000
3.5900000000 0.05351771378317133482 0.00000000000000000000
3.6000000000 0.05346041341930068969 0.00000000000000000000
3.6100000000 0.05340355095391821627 0.00000000000000000000
3.6200000000 0.05334712141511371852 0.00000000000000000000
3.6300000000 0.05329111990508806490 0.00000000000000000000
3.6400000000 0.05323554159880412168 0.00000000000000000000
3.6500000000 0.05318038174266540713 0.00000000000000000000
3.6600000000 0.05312563565322320908 0.00000000000000000000
3.6700000000 0.05307129871591047959 0.00000000000000000000
3.6800000000 0.05301736638380312450 0.00000000000000000000
3.6900000000 0.05296383417640659202 0.00000000000000000000
3.7000000000 0.05291069767846788563 0.00000000000000000000
3.7100000000 0.05285795253881290373 0.00000000000000000000
3.7200000000 0.05280559446920720518 0.00000000000000000000
3.7300000000 0.05275361924324094981 0.00000000000000000000
3.7400000000 0.05270202269523693167 0.00000000000000000000
3.7500000000 0.05265080071918075422 0.00000000000000000000
3.7600000000 0.05259994926767296713 0.00000000000000000000
3.7700000000 0.05254946435090358803 0.00000000000000000000
3.7800000000 0.05249934203564646934 0.00000000000000000000
3.7900000000 0.05244957844427499544 0.00000000000000000000
3.8000000000 0.05240016975379718778 0.00000000000000000000
3.8100000000 0.05235111219491097451 0.00000000000000000000
3.8200000000 0.05230240205107836854 0.00000000000000000000
3.8300000000 0.05225403565761840147 0.00000000000000000000
3.8400000000 0.05220600940081764063 0.00000000000000000000
3.8500000000 0.05215831971706011427 0.00000000000000000000
3.8600000000 0.05211096309197271736 0.00000000000000000000
3.8700000000 0.05206393605958923448 0.00000000000000000000
3.8800000000 0.05201723520153063440 0.00000000000000000000
3.8900000000 0.05197085714620082453 0.00000000000000000000
3.9000000000 0.05192479856799945420 0.00000000000000000000
3.9100000000 0.05187905618654974765 0.00000000000000000000
3.9200000000 0.05183362676594110985 0.00000000000000000000
3.9300000000 0.05178850711398817058 0.00000000000000000000
3.9400000000 0.05174369408150201327 0.00000000000000000000
3.9500000000 0.05169918456157798076 0.00000000000000000000
3.9600000000 0.05165497548889540214 0.00000000000000000000
3.9700000000 0.05161106383903252964 0.00000000000000000000
3.9800000000 0.05156744662779386146 0.00000000000000000000
3.9900000000 0.05152412091055039167 0.00000000000000000000
4.0000000000 0.05148108378159306497 0.00000000000000000000
4.0100000000 0.05143833237349861726 0.00000000000000000000
4.0200000000 0.05139586385650728867 0.00000000000000000000
4.0300000000 0.05135367543791222178 0.00000000000000000000
4.0400000000 0.05131176436146154402 0.00000000000000000000
4.0500000000 0.05127012790677050458 0.00000000000000000000
4.0600000000 0.05122876338874583074 0.00000000000000000000
4.0700000000 0.05118766815702020800 0.00000000000000000000
4.0800000000 0.05114683959539823715 0.00000000000000000000
4.0900000000 0.05110627512131166866 0.00000000000000000000
4.1000000000 0.05106597218528630133 0.00000000000000000000
4.1100000000 0.05102592827041762397 0.00000000000000000000
4.1200000000 0.05098614089185673354 0.00000000000000000000
4.1300000000 0.05094660759630614821 0.00000000000000000000
4.1400000000 0.05090732596152445361 0.00000000000000000000
4.1500000000 0.05086829359584016386 0.00000000000000000000
4.1600000000 0.05082950813767526249 0.00000000000000000000
4.1700000000 0.05079096725507632054 0.00000000000000000000
4.1800000000 0.05075266864525548177 0.00000000000000000000
4.1900000000 0.05071461003413883784 0.00000000000000000000
4.2000000000 0.05067678917592405297 0.00000000000000000000
4.2100000000 0.05063920385264469859 0.00000000000000000000
4.2200000000 0.05060185187374412197 0.00000000000000000000
4.2300000000 0.05056473107565572639 0.00000000000000000000
4.2400000000 0.05052783932139163353 0.00000000000000000000
4.2500000000 0.05049117450013834024 0.00000000000000000000
4.2600000000 0.05045473452685955706 0.00000000000000000000
4.2700000000 0.05041851734190706119 0.00000000000000000000
4.2800000000 0.05038252091063719768 0.00000000000000000000
4.2900000000 0.05034674322303518690 0.00000000000000000000
4.3000000000 0.05031118229334572561 0.00000000000000000000
4.3100000000 0.05027583615971051301 0.00000000000000000000
4.3200000000 0.05024070288381144583 0.00000000000000000000
4.3300000000 0.05020578055052093286 0.00000000000000000000
4.3400000000 0.05017106726755796858 0.00000000000000000000
4.3500000000 0.05013656116515031319 0.00000000000000000000
4.3600000000 0.05010226039570244566 0.00000000000000000000
4.3700000000 0.05006816313346954678 0.00000000000000000000
4.3800000000 0.05003426757423737326 0.00000000000000000000
4.3900000000 0.05000057193500682257 0.00000000000000000000
4.4000000000 0.04996707445368499256 0.00000000000000000000
4.4100000000 0.04993377338878095262 0.00000000000000000000
4.4200000000 0.04990066701910710750 0.00000000000000000000
4.4300000000 0.04986775364348532136 0.00000000000000000000
4.4400000000 0.04983503158045853726 0.00000000000000000000
4.4500000000 0.04980249916800690707 0.00000000000000000000
4.4600000000 0.04977015476326909771 0.00000000000000000000
4.4700000000 0.04973799674226817014 0.00000000000000000000
4.4800000000 0.04970602349964211436 0.00000000000000000000
4.4900000000 0.04967423344837902655 0.00000000000000000000
4.5000000000 0.04964262501955662293 0.00000000000000000000
4.5100000000 0.04961119666208650691 0.00000000000000000000
4.5200000000 0.04957994684246223860 0.00000000000000000000
4.5300000000 0.04954887404451183142 0.00000000000000000000
4.5400000000 0.04951797676915455082 0.00000000000000000000
4.5500000000 0.04948725353416164041 0.00000000000000000000
4.5600000000 0.04945670287392092690 0.00000000000000000000
4.5700000000 0.04942632333920549126 0.00000000000000000000
4.5800000000 0.04939611349694614240 0.00000000000000000000
4.5900000000 0.04936607193000750599 0.00000000000000000000
4.6000000000 0.04933619723696801990 0.00000000000000000000
4.6100000000 0.04930648803190341989 0.00000000000000000000
4.6200000000 0.04927694294417363230 0.00000000000000000000
4.6300000000 0.04924756061821353864 0.00000000000000000000
4.6400000000 0.04921833971332684188 0.00000000000000000000
4.6500000000 0.04918927890348327725 0.00000000000000000000
4.6600000000 0.04916037687711914683 0.00000000000000000000
4.6700000000 0.04913163233694142068 0.00000000000000000000
4.6800000000 0.04910304399973438455 0.00000000000000000000
4.6900000000 0.04907461059616992360 0.00000000000000000000
4.7000000000 0.04904633087062058860 0.00000000000000000000
4.7100000000 0.04901820358097577074 0.00000000000000000000
4.7200000000 0.04899022749846065200 0.00000000000000000000
4.7300000000 0.04896240140745822950 0.00000000000000000000
4.7400000000 0.04893472410533430267 0.00000000000000000000
4.7500000000 0.04890719440226445891 0.00000000000000000000
4.7600000000 0.04887981112106518089 0.00000000000000000000
4.7700000000 0.04885257309702596001 0.00000000000000000000
4.7800000000 0.04882547917774558710 0.00000000000000000000
4.7900000000 0.04879852822296990716 0.00000000000000000000
4.8000000000 0.04877171910443266201 0.00000000000000000000
4.8100000000 0.04874505070569881693 0.00000000000000000000
4.8200000000 0.04871852192200994136 0.00000000000000000000
4.8300000000 0.04869213166013257321 0.00000000000000000000
4.8400000000 0.04866587883820820692 0.00000000000000000000
4.8500000000 0.04863976238560658444 0.00000000000000000000
4.8600000000 0.04861378124278010332 0.00000000000000000000
4.8700000000 0.04858793436112143760 0.00000000000000000000
4.8800000000 0.04856222070282266434 0.00000000000000000000
4.8900000000 0.04853663924073723518 0.00000000000000000000
4.9000000000 0.04851118895824313437 0.00000000000000000000
4.9100000000 0.04848586884910923572 0.00000000000000000000
4.9200000000 0.04846067791736254765 0.00000000000000000000
4.9300000000 0.04843561517715841425 0.00000000000000000000
4.9400000000 0.04841067965265218737 0.00000000000000000000
4.9500000000 0.04838587037787289019 0.00000000000000000000
4.9600000000 0.04836118639659876817 0.00000000000000000000
4.9700000000 0.04833662676223515753 0.00000000000000000000
4.9800000000 0.04831219053769345018 0.00000000000000000000
4.9900000000 0.04828787679527217491 0.00000000000000000000
5.0000000000 0.04826368461654034075 0.00000000000000000000
