0.1000000000 2.14291660639927883381 0.00000000000000000000
0.1100000000 2.08627752024608792425 0.00000000000000000000
0.1200000000 2.03084030422827543916 0.00000000000000000000
0.1300000000 1.97661011990112189807 0.00000000000000000000
0.1400000000 1.92358986506822593476 0.00000000000000000000
0.1500000000 1.87178023989721831200 0.00000000000000000000
0.1600000000 1.82117982363093577902 0.00000000000000000000
0.1700000000 1.77178516064496660576 0.00000000000000000000
0.1800000000 1.72359085455570704148 0.00000000000000000000
0.1900000000 1.67658966906240269878 0.00000000000000000000
0.2000000000 1.63077263421037033098 0.00000000000000000000
0.2100000000 1.58612915678854915491 0.00000000000000000000
0.2200000000 1.54264713362014238562 0.00000000000000000000
0.2300000000 1.50031306656742757788 0.00000000000000000000
0.2400000000 1.45911217814793348069 0.00000000000000000000
0.2500000000 1.41902852674596102744 0.00000000000000000000
0.2600000000 1.38004512049792449346 0.00000000000000000000
0.2700000000 1.34214402902944596185 0.00000000000000000000
0.2800000000 1.30530649232385398406 0.00000000000000000000
0.2900000000 1.26951302610355365452 0.00000000000000000000
0.3000000000 1.23474352320549685125 0.00000000000000000000
0.3100000000 1.20097735052814447165 0.00000000000000000000
0.3200000000 1.16819344121842694229 0.00000000000000000000
0.3300000000 1.13637038185227123854 0.00000000000000000000
0.3400000000 1.10548649444053426194 0.00000000000000000000
0.3500000000 1.07551991316314299318 0.00000000000000000000
0.3600000000 1.04644865579767953889 0.00000000000000000000
0.3700000000 1.01825068986450695263 0.00000000000000000000
0.3800000000 0.99090399355892988531 0.00000000000000000000
0.3900000000 0.96438661158210181590 0.00000000000000000000
0.4000000000 0.93867670601680686104 0.00000000000000000000
0.4100000000 0.91375260242226241658 0.00000000000000000000
0.4200000000 0.88959283134429723017 0.00000000000000000000
0.4300000000 0.86617616545409537032 0.00000000000000000000
0.4400000000 0.84348165254080076370 0.00000000000000000000
0.4500000000 0.82148864459113657421 0.00000000000000000000
0.4600000000 0.80017682319335181607 0.00000000000000000000
0.4700000000 0.77952622150380646016 0.00000000000000000000
0.4800000000 0.75951724301278888962 0.00000000000000000000
0.4900000000 0.74013067734218140892 0.00000000000000000000
0.5000000000 0.72134771330175828652 0.00000000000000000000
0.5100000000 0.70314994942359387853 0.00000000000000000000
0.5200000000 0.68551940218559426210 0.00000000000000000000
0.5300000000 0.66843851212581106846 0.00000000000000000000
0.5400000000 0.65189014803926226271 0.00000000000000000000
0.5500000000 0.63585760943862623673 0.00000000000000000000
0.5600000000 0.62032462744962435508 0.00000000000000000000
0.5700000000 0.60527536430131123613 0.00000000000000000000
0.5800000000 0.59069441156090862766 0.00000000000000000000
0.5900000000 0.57656678725257459739 0.00000000000000000000
0.6000000000 0.56287793198928759431 0.00000000000000000000
0.6100000000 0.54961370423742283986 0.00000000000000000000
0.6200000000 0.53676037482414407087 0.00000000000000000000
0.6300000000 0.52430462078885686772 0.00000000000000000000
0.6400000000 0.51223351867148247951 0.00000000000000000000
0.6500000000 0.50053453732227415340 0.00000000000000000000
0.6600000000 0.48919553031040602376 0.00000000000000000000
0.6700000000 0.47820472800140567671 0.00000000000000000000
0.6800000000 0.46755072936699276775 0.00000000000000000000
0.6900000000 0.45722249358463262769 0.00000000000000000000
0.7000000000 0.44720933147847086175 0.00000000000000000000
0.7100000000 0.43750089684797821565 0.00000000000000000000
0.7200000000 0.42808717772575799465 0.00000000000000000000
0.7300000000 0.41895848760147352818 0.00000000000000000000
0.7400000000 0.41010545664471187433 0.00000000000000000000
0.7500000000 0.40151902295580205182 0.00000000000000000000
0.7600000000 0.39319042387010910700 0.00000000000000000000
0.7700000000 0.38511118733825489002 0.00000000000000000000
0.7800000000 0.37727312340167701299 0.00000000000000000000
0.7900000000 0.36966831578046804863 0.00000000000000000000
0.8000000000 0.36228911358795057307 0.00000000000000000000
0.8100000000 0.35512812318435854619 0.00000000000000000000
0.8200000000 0.34817820017996808923 0.00000000000000000000
0.8300000000 0.34143244159640084856 0.00000000000000000000
0.8400000000 0.33488417819309423962 0.00000000000000000000
0.8500000000 0.32852696696463457027 0.00000000000000000000
0.8600000000 0.32235458381330667210 0.00000000000000000000
0.8700000000 0.31636101640013752911 0.00000000000000000000
0.8800000000 0.31054045717672479343 0.00000000000000000000
0.8900000000 0.30488729659905927649 0.00000000000000000000
0.9000000000 0.29939611652412156939 0.00000000000000000000
0.9100000000 0.29406168378894614879 0.00000000000000000000
0.9200000000 0.28887894397147689807 0.00000000000000000000
0.9300000000 0.28384301533198985634 0.00000000000000000000
0.9400000000 0.27894918293321852021 0.00000000000000000000
0.9500000000 0.27419289293715809475 0.00000000000000000000
0.9600000000 0.26956974707599079544 0.00000000000000000000
0.9700000000 0.26507549729444113140 0.00000000000000000000
0.9800000000 0.26070604056025026285 0.00000000000000000000
0.9900000000 0.25645741384012876729 0.00000000000000000000
1.0000000000 0.25232578923642373647 0.00000000000000000000
1.0100000000 0.24830746928398994555 0.00000000000000000000
1.0200000000 0.24439888239945439796 0.00000000000000000000
1.0300000000 0.24059657848096283050 0.00000000000000000000
1.0400000000 0.23689722465741197555 0.00000000000000000000
1.0500000000 0.23329760117845049772 0.00000000000000000000
1.0600000000 0.22979459744470587257 0.00000000000000000000
1.0700000000 0.22638520817320084699 0.00000000000000000000
1.0800000000 0.22306652969432716471 0.00000000000000000000
1.0900000000 0.21983575637663183011 0.00000000000000000000
1.1000000000 0.21669017717542721213 0.00000000000000000000
1.1100000000 0.21362717230172298399 0.00000000000000000000
1.1200000000 0.21064421000753008606 0.00000000000000000000
1.1300000000 0.20773884348411481016 0.00000000000000000000
1.1400000000 0.20490870786945805659 0.00000000000000000000
1.1500000000 0.20215151736152864315 0.00000000000000000000
1.1600000000 0.19946506243385755952 0.00000000000000000000
1.1700000000 0.19684720715009143555 0.00000000000000000000
1.1800000000 0.19429588657419424869 0.00000000000000000000
1.1900000000 0.19180910427316041900 0.00000000000000000000
1.2000000000 0.18938492990902569546 0.00000000000000000000
1.2100000000 0.18702149691720312830 0.00000000000000000000
1.2200000000 0.18471700026813991924 0.00000000000000000000
1.2300000000 0.18246969430942860946 0.00000000000000000000
1.2400000000 0.18027789068556787644 0.00000000000000000000
1.2500000000 0.17813995633265938823 0.00000000000000000000
1.2600000000 0.17605431154540832073 0.00000000000000000000
1.2700000000 0.17401942811385862075 0.00000000000000000000
1.2800000000 0.17203382752739848627 0.00000000000000000000
1.2900000000 0.17009607924363448483 0.00000000000000000000
1.3000000000 0.16820479901980459059 0.00000000000000000000
1.3100000000 0.16635864730449217985 0.00000000000000000000
1.3200000000 0.16455632768746497607 0.00000000000000000000
1.3300000000 0.16279658540553104684 0.00000000000000000000
1.3400000000 0.16107820590239380065 0.00000000000000000000
1.3500000000 0.15940001344052859289 0.00000000000000000000
1.3600000000 0.15776086976319869670 0.00000000000000000000
1.3700000000 0.15615967280477796586 0.00000000000000000000
1.3800000000 0.15459535544759833714 0.00000000000000000000
1.3900000000 0.15306688432365567198 0.00000000000000000000
1.4000000000 0.15157325865947443577 0.00000000000000000000
1.4100000000 0.15011350916260080002 0.00000000000000000000
1.4200000000 0.14868669694815234150 0.00000000000000000000
1.4300000000 0.14729191250397741242 0.00000000000000000000
1.4400000000 0.14592827469297961485 0.00000000000000000000
1.4500000000 0.14459492979125568302 0.00000000000000000000
1.4600000000 0.14329105056071619884 0.00000000000000000000
1.4700000000 0.14201583535491349441 0.00000000000000000000
1.4800000000 0.14076850725686201882 0.00000000000000000000
1.4900000000 0.13954831324766087119 0.00000000000000000000
1.5000000000 0.13835452340477918942 0.00000000000000000000
1.5100000000 0.13718643012891509891 0.00000000000000000000
1.5200000000 0.13604334739837337098 0.00000000000000000000
1.5300000000 0.13492461004993711038 0.00000000000000000000
1.5400000000 0.13382957308526136075 0.00000000000000000000
1.5500000000 0.13275761100185026753 0.00000000000000000000
1.5600000000 0.13170811714769725675 0.00000000000000000000
1.5700000000 0.13068050309873530113 0.00000000000000000000
1.5800000000 0.12967419805823399148 0.00000000000000000000
1.5900000000 0.12868864827735451706 0.00000000000000000000
1.6000000000 0.12772331649607146509 0.00000000000000000000
1.6100000000 0.12677768140371792338 0.00000000000000000000
1.6200000000 0.12585123711842907679 0.00000000000000000000
1.6300000000 0.12494349268479366943 0.00000000000000000000
1.6400000000 0.12405397158904028776 0.00000000000000000000
1.6500000000 0.12318221129112111312 0.00000000000000000000
1.6600000000 0.12232776277307075286 0.00000000000000000000
1.6700000000 0.12149019010304532018 0.00000000000000000000
1.6800000000 0.12066907001447155223 0.00000000000000000000
1.6900000000 0.11986399149974652500 0.00000000000000000000
1.7000000000 0.11907455541796785337 0.00000000000000000000
1.7100000000 0.11830037411617738696 0.00000000000000000000
1.7200000000 0.11754107106362535196 0.00000000000000000000
1.7300000000 0.11679628049858765959 0.00000000000000000000
1.7400000000 0.11606564708727534763 0.00000000000000000000
1.7500000000 0.11534882559440412519 0.00000000000000000000
1.7600000000 0.11464548056499332396 0.00000000000000000000
1.7700000000 0.11395528601700312399 0.00000000000000000000
1.7800000000 0.11327792514439732896 0.00000000000000000000
1.7900000000 0.11261309003028432962 0.00000000000000000000
1.8000000000 0.11196048136974555420 0.00000000000000000000
1.8100000000 0.11131980820202601323 0.00000000000000000000
1.8200000000 0.11069078765173663570 0.00000000000000000000
1.8300000000 0.11007314467875378705 0.00000000000000000000
1.8400000000 0.10946661183650409355 0.00000000000000000000
1.8500000000 0.10887092903833239799 0.00000000000000000000
1.8600000000 0.10828584333166701992 0.00000000000000000000
1.8700000000 0.10771110867970958014 0.00000000000000000000
1.8800000000 0.10714648575037137579 0.00000000000000000000
1.8900000000 0.10659174171221176552 0.00000000000000000000
1.9000000000 0.10604665003712474003 0.00000000000000000000
1.9100000000 0.10551099030953492441 0.00000000000000000000
1.9200000000 0.10498454804187688783 0.00000000000000000000
1.9300000000 0.10446711449613478584 0.00000000000000000000
1.9400000000 0.10395848651123100470 0.00000000000000000000
1.9500000000 0.10345846633605769449 0.00000000000000000000
1.9600000000 0.10296686146795348826 0.00000000000000000000
1.9700000000 0.10248348449643837621 0.00000000000000000000
1.9800000000 0.10200815295202034227 0.00000000000000000000
1.9900000000 0.10154068915989891697 0.00000000000000000000
2.0000000000 0.10108092009839618475 0.00000000000000000000
2.0100000000 0.10062867726195118268 0.00000000000000000000
2.0200000000 0.10018379652851762407 0.00000000000000000000
2.0300000000 0.09974611803122127029 0.00000000000000000000
2.0400000000 0.09931548603411632925 0.00000000000000000000
2.0500000000 0.09889174881191541144 0.00000000000000000000
2.0600000000 0.09847475853354711872 0.00000000000000000000
2.0700000000 0.09806437114941242428 0.00000000000000000000
2.0800000000 0.09766044628221590140 0.00000000000000000000
2.0900000000 0.09726284712124666498 0.00000000000000000000
2.1000000000 0.09687144031999528337 0.00000000000000000000
2.1100000000 0.09648609589699123912 0.00000000000000000000
2.1200000000 0.09610668713975227540 0.00000000000000000000
2.1300000000 0.09573309051174049011 0.00000000000000000000
2.1400000000 0.09536518556222635390 0.00000000000000000000
2.1500000000 0.09500285483895673511 0.00000000000000000000
2.1600000000 0.09464598380354204143 0.00000000000000000000
2.1700000000 0.09429446074946071232 0.00000000000000000000
2.1800000000 0.09394817672260366570 0.00000000000000000000
2.1900000000 0.09360702544426775795 0.00000000000000000000
2.2000000000 0.09327090323651747450 0.00000000000000000000
2.2100000000 0.09293970894983935582 0.00000000000000000000
2.2200000000 0.09261334389301076331 0.00000000000000000000
2.2300000000 0.09229171176510826691 0.00000000000000000000
2.2400000000 0.09197471858959066493 0.00000000000000000000
2.2500000000 0.09166227265038236205 0.00000000000000000000
2.2600000000 0.09135428442989361464 0.00000000000000000000
2.2700000000 0.09105066654891678934 0.00000000000000000000
2.2800000000 0.09075133370833345092 0.00000000000000000000
2.2900000000 0.09045620263257476978 0.00000000000000000000
2.3000000000 0.09016519201477903034 0.00000000000000000000
2.3100000000 0.08987822246359096490 0.00000000000000000000
2.3200000000 0.08959521645154695790 0.00000000000000000000
2.3300000000 0.08931609826500030991 0.00000000000000000000
2.3400000000 0.08904079395553106402 0.00000000000000000000
2.3500000000 0.08876923129279677693 0.00000000000000000000
2.3600000000 0.08850133971877541250 0.00000000000000000000
2.3700000000 0.08823705030335933508 0.00000000000000000000
2.3800000000 0.08797629570125059528 0.00000000000000000000
2.3900000000 0.08771901011012607496 0.00000000000000000000
2.4000000000 0.08746512923001933948 0.00000000000000000000
2.4100000000 0.08721459022389461968 0.00000000000000000000
2.4200000000 0.08696733167936189501 0.00000000000000000000
2.4300000000 0.08672329357150773688 0.00000000000000000000
2.4400000000 0.08648241722680022336 0.00000000000000000000
2.4500000000 0.08624464528803571506 0.00000000000000000000
2.4600000000 0.08600992168029772400 0.00000000000000000000
2.4700000000 0.08577819157789022542 0.00000000000000000000
2.4800000000 0.08554940137222227792 0.00000000000000000000
2.4900000000 0.08532349864060743971 0.00000000000000000000
2.5000000000 0.08510043211595479107 0.00000000000000000000
2.5100000000 0.08488015165732076817 0.00000000000000000000
2.5200000000 0.08466260822129635655 0.00000000000000000000
2.5300000000 0.08444775383420391468 0.00000000000000000000
2.5400000000 0.08423554156507899460 0.00000000000000000000
2.5500000000 0.08402592549941106936 0.00000000000000000000
2.5600000000 0.08381886071362332213 0.00000000000000000000
2.5700000000 0.08361430325026526778 0.00000000000000000000
2.5800000000 0.08341221009389945817 0.00000000000000000000
2.5900000000 0.08321253914765874837 0.00000000000000000000
2.6000000000 0.08301524921045559668 0.00000000000000000000
2.6100000000 0.08282029995482292906 0.00000000000000000000
2.6200000000 0.08262765190536665305 0.00000000000000000000
2.6300000000 0.08243726641781377873 0.00000000000000000000
2.6400000000 0.08224910565863492729 0.00000000000000000000
2.6500000000 0.08206313258522590637 0.00000000000000000000
2.6600000000 0.08187931092663287835 0.00000000000000000000
2.6700000000 0.08169760516480201185 0.00000000000000000000
2.6800000000 0.08151798051633940556 0.00000000000000000000
2.6900000000 0.08134040291476694884 0.00000000000000000000
2.7000000000 0.08116483899325760420 0.00000000000000000000
2.7100000000 0.08099125606783712239 0.00000000000000000000
2.7200000000 0.08081962212103921406 0.00000000000000000000
2.7300000000 0.08064990578599763593 0.00000000000000000000
2.7400000000 0.08048207633096579605 0.00000000000000000000
2.7500000000 0.08031610364425101345 0.00000000000000000000
2.7600000000 0.08015195821954743116 0.00000000000000000000
2.7700000000 0.07998961114166193431 0.00000000000000000000
2.7800000000 0.07982903407261575379 0.00000000000000000000
2.7900000000 0.07967019923811644033 0.00000000000000000000
2.8000000000 0.07951307941438379157 0.00000000000000000000
2.8100000000 0.07935764791532422258 0.00000000000000000000
2.8200000000 0.07920387858004092341 0.00000000000000000000
2.8300000000 0.07905174576067122705 0.00000000000000000000
2.8400000000 0.07890122431054115426 0.00000000000000000000
2.8500000000 0.07875228957262828122 0.00000000000000000000
2.8600000000 0.07860491736832372900 0.00000000000000000000
2.8700000000 0.07845908398648683557 0.00000000000000000000
2.8800000000 0.07831476617278071428 0.00000000000000000000
2.8900000000 0.07817194111928275901 0.00000000000000000000
2.9000000000 0.07803058645436340701 0.00000000000000000000
2.9100000000 0.07789068023282325059 0.00000000000000000000
2.9200000000 0.07775220092628171153 0.00000000000000000000
2.9300000000 0.07761512741381203229 0.00000000000000000000
2.9400000000 0.07747943897281364678 0.00000000000000000000
2.9500000000 0.07734511527011590781 0.00000000000000000000
2.9600000000 0.07721213635330706482 0.00000000000000000000
2.9700000000 0.07708048264228246904 0.00000000000000000000
2.9800000000 0.07695013492100352681 0.00000000000000000000
2.9900000000 0.07682107432946648495 0.00000000000000000000
3.0000000000 0.07669328235586939102 0.00000000000000000000
3.0100000000 0.07656674082897577116 0.00000000000000000000
3.0200000000 0.07644143191066905818 0.00000000000000000000
3.0300000000 0.07631733808869010927 0.00000000000000000000
3.0400000000 0.07619444216955718885 0.00000000000000000000
3.0500000000 0.07607272727165743931 0.00000000000000000000
3.0600000000 0.07595217681851207381 0.00000000000000000000
3.0700000000 0.07583277453220391151 0.00000000000000000000
3.0800000000 0.07571450442696892047 0.00000000000000000000
3.0900000000 0.07559735080294172072 0.00000000000000000000
3.1000000000 0.07548129824005482547 0.00000000000000000000
3.1100000000 0.07536633159208681876 0.00000000000000000000
3.1200000000 0.07525243598085386287 0.00000000000000000000
3.1300000000 0.07513959679054078855 0.00000000000000000000
3.1400000000 0.07502779966217186514 0.00000000000000000000
3.1500000000 0.07491703048821168887 0.00000000000000000000
3.1600000000 0.07480727540729623093 0.00000000000000000000
3.1700000000 0.07469852079909225506 0.00000000000000000000
3.1800000000 0.07459075327927534860 0.00000000000000000000
3.1900000000 0.07448395969463111888 0.00000000000000000000
3.2000000000 0.07437812711827114509 0.00000000000000000000
3.2100000000 0.07427324284496156226 0.00000000000000000000
3.2200000000 0.07416929438656405527 0.00000000000000000000
3.2300000000 0.07406626946758121388 0.00000000000000000000
3.2400000000 0.07396415602080971818 0.00000000000000000000
3.2500000000 0.07386294218309311099 0.00000000000000000000
3.2600000000 0.07376261629117428220 0.00000000000000000000
3.2700000000 0.07366316687764561111 0.00000000000000000000
3.2800000000 0.07356458266699160420 0.00000000000000000000
3.2900000000 0.07346685257172498595 0.00000000000000000000
3.3000000000 0.07336996568861033075 0.00000000000000000000
3.3100000000 0.07327391129497633215 0.00000000000000000000
3.3200000000 0.07317867884511226884 0.00000000000000000000
3.3300000000 0.07308425796674611341 0.00000000000000000000
3.3400000000 0.07299063845760532521 0.00000000000000000000
3.3500000000 0.07289781028205434554 0.00000000000000000000
3.3600000000 0.07280576356780876779 0.00000000000000000000
3.3700000000 0.07271448860272573811 0.00000000000000000000
3.3800000000 0.07262397583166359250 0.00000000000000000000
3.3900000000 0.07253421585341665589 0.00000000000000000000
3.4000000000 0.07244519941771523919 0.00000000000000000000
3.4100000000 0.07235691742229599654 0.00000000000000000000
3.4200000000 0.07226936091003512141 0.00000000000000000000
3.4300000000 0.07218252106614791996 0.00000000000000000000
3.4400000000 0.07209638921544912760 0.00000000000000000000
3.4500000000 0.07201095681967517592 0.00000000000000000000
3.4600000000 0.07192621547486485745 0.00000000000000000000
3.4700000000 0.07184215690879883209 0.00000000000000000000
3.4800000000 0.07175877297849461711 0.00000000000000000000
3.4900000000 0.07167605566775731019 0.00000000000000000000
3.5000000000 0.07159399708478331181 0.00000000000000000000
3.5100000000 0.07151258945981719961 0.00000000000000000000
3.5200000000 0.07143182514285956186 0.00000000000000000000
3.5300000000 0.07135169660142365311 0.00000000000000000000
3.5400000000 0.07127219641834209307 0.00000000000000000000
3.5500000000 0.07119331728962047245 0.00000000000000000000
3.5600000000 0.07111505202233651957 0.00000000000000000000
3.5700000000 0.07103739353258572975 0.00000000000000000000
3.5800000000 0.07096033484347005760 0.00000000000000000000
3.5900000000 0.07088386908313017154 0.00000000000000000000
3.6000000000 0.07080798948281966099 0.00000000000000000000
3.6100000000 0.07073268937501991926 0.00000000000000000000
3.6200000000 0.07065796219159498071 0.00000000000000000000
3.6300000000 0.07058380146198667271 0.00000000000000000000
3.6400000000 0.07051020081144553087 0.00000000000000000000
3.6500000000 0.07043715395930164047 0.00000000000000000000
3.6600000000 0.07036465471726911780 0.00000000000000000000
3.6700000000 0.07029269698778881081 0.00000000000000000000
3.6800000000 0.07022127476240327959 0.00000000000000000000
3.6900000000 0.07015038212016692920 0.00000000000000000000
3.7000000000 0.07008001322608888028 0.00000000000000000000
3.7100000000 0.07001016232960793895 0.00000000000000000000
3.7200000000 0.06994082376309956883 0.00000000000000000000
3.7300000000 0.06987199194041292249 0.00000000000000000000
3.7400000000 0.06980366135543840389 0.00000000000000000000
3.7500000000 0.06973582658070440199 0.00000000000000000000
3.7600000000 0.06966848226600326488 0.00000000000000000000
3.7700000000 0.06960162313704441883 0.00000000000000000000
3.7800000000 0.06953524399413536783 0.00000000000000000000
3.7900000000 0.06946933971088971316 0.00000000000000000000
3.8000000000 0.06940390523296043057 0.00000000000000000000
3.8100000000 0.06933893557679976505 0.00000000000000000000
3.8200000000 0.06927442582844359209 0.00000000000000000000
3.8300000000 0.06921037114231960719 0.00000000000000000000
3.8400000000 0.06914676674008046753 0.00000000000000000000
3.8500000000 0.06908360790945980434 0.00000000000000000000
3.8600000000 0.06902089000314988454 0.00000000000000000000
3.8700000000 0.06895860843770393322 0.00000000000000000000
3.8800000000 0.06889675869245813489 0.00000000000000000000
3.8900000000 0.06883533630847528395 0.00000000000000000000
3.9000000000 0.06877433688751030672 0.00000000000000000000
3.9100000000 0.06871375609099500403 0.00000000000000000000
3.9200000000 0.06865358963904272249 0.00000000000000000000
3.9300000000 0.06859383330947378676 0.00000000000000000000
3.9400000000 0.06853448293685789061 0.00000000000000000000
3.9500000000 0.06847553441157681886 0.00000000000000000000
3.9600000000 0.06841698367890472476 0.00000000000000000000
3.9700000000 0.06835882673810544929 0.00000000000000000000
3.9800000000 0.06830105964154893627 0.00000000000000000000
3.9900000000 0.06824367849384277429 0.00000000000000000000
4.0000000000 0.06818667945098211280 0.00000000000000000000
4.0100000000 0.06813005871951431647 0.00000000000000000000
4.0200000000 0.06807381255572066137 0.00000000000000000000
4.0300000000 0.06801793726481303315 0.00000000000000000000
4.0400000000 0.06796242920014608502 0.00000000000000000000
4.0500000000 0.06790728476244438372 0.00000000000000000000
4.0600000000 0.06785250039904387742 0.00000000000000000000
4.0700000000 0.06779807260314771322 0.00000000000000000000
4.0800000000 0.06774399791309661245 0.00000000000000000000
4.0900000000 0.06769027291165172211 0.00000000000000000000
4.1000000000 0.06763689422529223227 0.00000000000000000000
4.1100000000 0.06758385852352477574 0.00000000000000000000
4.1200000000 0.06753116251820695526 0.00000000000000000000
4.1300000000 0.06747880296288225055 0.00000000000000000000
4.1400000000 0.06742677665212812310 0.00000000000000000000
4.1500000000 0.06737508042091532035 0.00000000000000000000
4.1600000000 0.06732371114397957268 0.00000000000000000000
4.1700000000 0.06727266573520525317 0.00000000000000000000
4.1800000000 0.06722194114701836309 0.00000000000000000000
4.1900000000 0.06717153436979313164 0.00000000000000000000
4.2000000000 0.06712144243126770549 0.00000000000000000000
4.2100000000 0.06707166239597112112 0.00000000000000000000
4.2200000000 0.06702219136466007476 0.00000000000000000000
4.2300000000 0.06697302647376680851 0.00000000000000000000
4.2400000000 0.06692416489485603082 0.00000000000000000000
4.2500000000 0.06687560383409227316 0.00000000000000000000
4.2600000000 0.06682734053171614230 0.00000000000000000000
4.2700000000 0.06677937226153043970 0.00000000000000000000
4.2800000000 0.06673169633039535698 0.00000000000000000000
4.2900000000 0.06668431007773238661 0.00000000000000000000
4.3000000000 0.06663721087503730878 0.00000000000000000000
4.3100000000 0.06659039612540174069 0.00000000000000000000
4.3200000000 0.06654386326304280452 0.00000000000000000000
4.3300000000 0.06649760975284176034 0.00000000000000000000
4.3400000000 0.06645163308988998041 0.00000000000000000000
4.3500000000 0.06640593079904304197 0.00000000000000000000
4.3600000000 0.06636050043448363245 0.00000000000000000000
4.3700000000 0.06631533957929010292 0.00000000000000000000
4.3800000000 0.06627044584501443070 0.00000000000000000000
4.3900000000 0.06622581687126606609 0.00000000000000000000
4.4000000000 0.06618145032530400873 0.00000000000000000000
4.4100000000 0.06613734390163561461 0.00000000000000000000
4.4200000000 0.06609349532162174523 0.00000000000000000000
4.4300000000 0.06604990233308918879 0.00000000000000000000
4.4400000000 0.06600656270994995078 0.00000000000000000000
4.4500000000 0.06596347425182630397 0.00000000000000000000
4.4600000000 0.06592063478368334617 0.00000000000000000000
4.4700000000 0.06587804215546608222 0.00000000000000000000
4.4800000000 0.06583569424174465223 0.00000000000000000000
4.4900000000 0.06579358894136395908 0.00000000000000000000
4.5000000000 0.06575172417709991557 0.00000000000000000000
4.5100000000 0.06571009789532139544 0.00000000000000000000
4.5200000000 0.06566870806565808238 0.00000000000000000000
4.5300000000 0.06562755268067306524 0.00000000000000000000
4.5400000000 0.06558662975554192809 0.00000000000000000000
4.5500000000 0.06554593732773612846 0.00000000000000000000
4.5600000000 0.06550547345671289823 0.00000000000000000000
4.5700000000 0.06546523622360898853 0.00000000000000000000
4.5800000000 0.06542522373094002142 0.00000000000000000000
4.5900000000 0.06538543410230542030 0.00000000000000000000
4.6000000000 0.06534586548209683765 0.00000000000000000000
4.6100000000 0.06530651603521250848 0.00000000000000000000
4.6200000000 0.06526738394677586430 0.00000000000000000000
4.6300000000 0.06522846742185853253 0.00000000000000000000
4.6400000000 0.06518976468520809586 0.00000000000000000000
4.6500000000 0.06515127398098055633 0.00000000000000000000
4.6600000000 0.06511299357247619934 0.00000000000000000000
4.6700000000 0.06507492174188073131 0.00000000000000000000
4.6800000000 0.06503705679001008100 0.00000000000000000000
4.6900000000 0.06499939703605936425 0.00000000000000000000
4.7000000000 0.06496194081735566506 0.00000000000000000000
4.7100000000 0.06492468648911543794 0.00000000000000000000
4.7200000000 0.06488763242420499122 0.00000000000000000000
4.7300000000 0.06485077701290516139 0.00000000000000000000
4.7400000000 0.06481411866267980382 0.00000000000000000000
4.7500000000 0.06477765579794776685 0.00000000000000000000
4.7600000000 0.06474138685985837693 0.00000000000000000000
4.7700000000 0.06470531030607075407 0.00000000000000000000
4.7800000000 0.06466942461053661051 0.00000000000000000000
4.7900000000 0.06463372826328596388 0.00000000000000000000
4.8000000000 0.06459821977021647232 0.00000000000000000000
4.8100000000 0.06456289765288668325 0.00000000000000000000
4.8200000000 0.06452776044831098901 0.00000000000000000000
4.8300000000 0.06449280670875978672 0.00000000000000000000
4.8400000000 0.06445803500156080390 0.00000000000000000000
4.8500000000 0.06442344390890454575 0.00000000000000000000
4.8600000000 0.06438903202765276779 0.00000000000000000000
4.8700000000 0.06435479796914934936 0.00000000000000000000
4.8800000000 0.06432074035903455334 0.00000000000000000000
4.8900000000 0.06428685783706182544 0.00000000000000000000
4.9000000000 0.06425314905691760503 0.00000000000000000000
4.9100000000 0.06421961268604370332 0.00000000000000000000
4.9200000000 0.06418624740546242935 0.00000000000000000000
4.9300000000 0.06415305190960449155 0.00000000000000000000
4.9400000000 0.06412002490613941119 0.00000000000000000000
4.9500000000 0.06408716511580828112 0.00000000000000000000
4.9600000000 0.06405447127225935566 0.00000000000000000000
4.9700000000 0.06402194212188616618 0.00000000000000000000
4.9800000000 0.06398957642366756571 0.00000000000000000000
4.9900000000 0.06395737294901067405 0.00000000000000000000
5.0000000000 0.06392533048159597386 0.00000000000000000000
