0.1000000000 1.61049684993164010649 0.00000000000000000000
0.1100000000 1.56820761111128637033 0.00000000000000000000
0.1200000000 1.52679269046627741346 0.00000000000000000000
0.1300000000 1.48625605414891603928 0.00000000000000000000
0.1400000000 1.44660010672247762997 0.00000000000000000000
0.1500000000 1.40782573481499806434 0.00000000000000000000
0.1600000000 1.36993235753067210680 0.00000000000000000000
0.1700000000 1.33291798284669482655 0.00000000000000000000
0.1800000000 1.29677926919765584834 0.00000000000000000000
0.1900000000 1.26151159143862834355 0.00000000000000000000
0.2000000000 1.22710911038084291569 0.00000000000000000000
0.2100000000 1.19356484510910476615 0.00000000000000000000
0.2200000000 1.16087074731649120274 0.00000000000000000000
0.2300000000 1.12901777692771143613 0.00000000000000000000
0.2400000000 1.09799597832627471305 0.00000000000000000000
0.2500000000 1.06779455655055044438 0.00000000000000000000
0.2600000000 1.03840195287836634108 0.00000000000000000000
0.2700000000 1.00980591927740293023 0.00000000000000000000
0.2800000000 0.98199359125790008918 0.00000000000000000000
0.2900000000 0.95495155872380044215 0.00000000000000000000
0.3000000000 0.92866593447731293764 0.00000000000000000000
0.3100000000 0.90312242008900989187 0.00000000000000000000
0.3200000000 0.87830636890018054519 0.00000000000000000000
0.3300000000 0.85420284597566797924 0.00000000000000000000
0.3400000000 0.83079668487327584803 0.00000000000000000000
0.3500000000 0.80807254113978899124 0.00000000000000000000
0.3600000000 0.78601494248346792659 0.00000000000000000000
0.3700000000 0.76460833560848240342 0.00000000000000000000
0.3800000000 0.74383712972815951847 0.00000000000000000000
0.3900000000 0.72368573680121761615 0.00000000000000000000
0.4000000000 0.70413860855852605791 0.00000000000000000000
0.4100000000 0.68518027040754714285 0.00000000000000000000
0.4200000000 0.66679535231773678916 0.00000000000000000000
0.4300000000 0.64896861680311279663 0.00000000000000000000
0.4400000000 0.63168498412815643483 0.00000000000000000000
0.4500000000 0.61492955487055145358 0.00000000000000000000
0.4600000000 0.59868762997923929969 0.00000000000000000000
0.4700000000 0.58294472846917122499 0.00000000000000000000
0.4800000000 0.56768660289524897067 0.00000000000000000000
0.4900000000 0.55289925274746321016 0.00000000000000000000
0.5000000000 0.53856893590753063261 0.00000000000000000000
0.5100000000 0.52468217830443297789 0.00000000000000000000
0.5200000000 0.51122578190253131769 0.00000000000000000000
0.5300000000 0.49818683115149481333 0.00000000000000000000
0.5400000000 0.48555269802222039699 0.00000000000000000000
0.5500000000 0.47331104574754057079 0.00000000000000000000
0.5600000000 0.46144983138077877438 0.00000000000000000000
0.5700000000 0.44995730727929961201 0.00000000000000000000
0.5800000000 0.43882202161425831743 0.00000000000000000000
0.5900000000 0.42803281800167353177 0.00000000000000000000
0.6000000000 0.41757883434407633283 0.00000000000000000000
0.6100000000 0.40744950096605431211 0.00000000000000000000
0.6200000000 0.39763453812137072862 0.00000000000000000000
0.6300000000 0.38812395294375062749 0.00000000000000000000
0.6400000000 0.37890803590815935742 0.00000000000000000000
0.6500000000 0.36997735686424837454 0.00000000000000000000
0.6600000000 0.36132276069881924530 0.00000000000000000000
0.6700000000 0.35293536267952840824 0.00000000000000000000
0.6800000000 0.34480654352769196658 0.00000000000000000000
0.6900000000 0.33692794426394778728 0.00000000000000000000
0.7000000000 0.32929146086664473625 0.00000000000000000000
0.7100000000 0.32188923877927155814 0.00000000000000000000
0.7200000000 0.31471366729977506838 0.00000000000000000000
0.7300000000 0.30775737388154777996 0.00000000000000000000
0.7400000000 0.30101321837291233896 0.00000000000000000000
0.7500000000 0.29447428721920559935 0.00000000000000000000
0.7600000000 0.28813388764909136919 0.00000000000000000000
0.7700000000 0.28198554186440039082 0.00000000000000000000
0.7800000000 0.27602298125065144463 0.00000000000000000000
0.7900000000 0.27024014062347045950 0.00000000000000000000
0.8000000000 0.26463115252435259750 0.00000000000000000000
0.8100000000 0.25919034157746528857 0.00000000000000000000
0.8200000000 0.25391221891781784459 0.00000000000000000000
0.8300000000 0.24879147669966036882 0.00000000000000000000
0.8400000000 0.24382298269273799951 0.00000000000000000000
0.8500000000 0.23900177497293839668 0.00000000000000000000
0.8600000000 0.23432305671275316383 0.00000000000000000000
0.8700000000 0.22978219107613173655 0.00000000000000000000
0.8800000000 0.22537469622143152526 0.00000000000000000000
0.8900000000 0.22109624041530018257 0.00000000000000000000
0.9000000000 0.21694263725992687930 0.00000000000000000000
0.9100000000 0.21290984103506099823 0.00000000000000000000
0.9200000000 0.20899394215612010495 0.00000000000000000000
0.9300000000 0.20519116274879470319 0.00000000000000000000
0.9400000000 0.20149785234044573223 0.00000000000000000000
0.9500000000 0.19791048366798635882 0.00000000000000000000
0.9600000000 0.19442564860170125085 0.00000000000000000000
0.9700000000 0.19104005418420724749 0.00000000000000000000
0.9800000000 0.18775051878328297139 0.00000000000000000000
0.9900000000 0.18455396835745385697 0.00000000000000000000
1.0000000000 0.18144743283189351812 0.00000000000000000000
1.0100000000 0.17842804258547870222 0.00000000000000000000
1.0200000000 0.17549302504325642316 0.00000000000000000000
1.0300000000 0.17263970137461809307 0.00000000000000000000
1.0400000000 0.16986548329637998767 0.00000000000000000000
1.0500000000 0.16716786997559049399 0.00000000000000000000
1.0600000000 0.16454444503173570880 0.00000000000000000000
1.0700000000 0.16199287363565220699 0.00000000000000000000
1.0800000000 0.15951089970262100071 0.00000000000000000000
1.0900000000 0.15709634317752696475 0.00000000000000000000
1.1000000000 0.15474709740956416049 0.00000000000000000000
1.1100000000 0.15246112661414915057 0.00000000000000000000
1.1200000000 0.15023646341969726370 0.00000000000000000000
1.1300000000 0.14807120649685340252 0.00000000000000000000
1.1400000000 0.14596351826785752825 0.00000000000000000000
1.1500000000 0.14391162269370785798 0.00000000000000000000
1.1600000000 0.14191380313683368830 0.00000000000000000000
1.1700000000 0.13996840029699714192 0.00000000000000000000
1.1800000000 0.13807381021820344658 0.00000000000000000000
1.1900000000 0.13622848236440529557 0.00000000000000000000
1.2000000000 0.13443091776189192155 0.00000000000000000000
1.2100000000 0.13267966720618520893 0.00000000000000000000
1.2200000000 0.13097332953144802392 0.00000000000000000000
1.2300000000 0.12931054994032112337 0.00000000000000000000
1.2400000000 0.12769001839226326589 0.00000000000000000000
1.2500000000 0.12611046804844380786 0.00000000000000000000
1.2600000000 0.12457067377131160468 0.00000000000000000000
1.2700000000 0.12306945067702235175 0.00000000000000000000
1.2800000000 0.12160565273893844673 0.00000000000000000000
1.2900000000 0.12017817144046821776 0.00000000000000000000
1.3000000000 0.11878593447556959339 0.00000000000000000000
1.3100000000 0.11742790449527940044 0.00000000000000000000
1.3200000000 0.11610307789868073991 0.00000000000000000000
1.3300000000 0.11481048366677887307 0.00000000000000000000
1.3400000000 0.11354918223778173725 0.00000000000000000000
1.3500000000 0.11231826442235201546 0.00000000000000000000
1.3600000000 0.11111685035741136751 0.00000000000000000000
1.3700000000 0.10994408849716788557 0.00000000000000000000
1.3800000000 0.10879915464002379299 0.00000000000000000000
1.3900000000 0.10768125099011673085 0.00000000000000000000
1.4000000000 0.10658960525224900340 0.00000000000000000000
1.4100000000 0.10552346975902737736 0.00000000000000000000
1.4200000000 0.10448212062905662401 0.00000000000000000000
1.4300000000 0.10346485695508596259 0.00000000000000000000
1.4400000000 0.10247100002102353666 0.00000000000000000000
1.4500000000 0.10149989254679135653 0.00000000000000000000
1.4600000000 0.10055089796002027180 0.00000000000000000000
1.4700000000 0.09962339969361121150 0.00000000000000000000
1.4800000000 0.09871680050824049868 0.00000000000000000000
1.4900000000 0.09783052183890025844 0.00000000000000000000
1.5000000000 0.09696400316461110946 0.00000000000000000000
1.5100000000 0.09611670140046527089 0.00000000000000000000
1.5200000000 0.09528809031119603312 0.00000000000000000000
1.5300000000 0.09447765994548967816 0.00000000000000000000
1.5400000000 0.09368491609029136469 0.00000000000000000000
1.5500000000 0.09290937974437961377 0.00000000000000000000
1.5600000000 0.09215058661050749833 0.00000000000000000000
1.5700000000 0.09140808660544033626 0.00000000000000000000
1.5800000000 0.09068144338724173914 0.00000000000000000000
1.5900000000 0.08997023389917550851 0.00000000000000000000
1.6000000000 0.08927404792962735647 0.00000000000000000000
1.6100000000 0.08859248768746069702 0.00000000000000000000
1.6200000000 0.08792516739224880140 0.00000000000000000000
1.6300000000 0.08727171287884349926 0.00000000000000000000
1.6400000000 0.08663176121575787147 0.00000000000000000000
1.6500000000 0.08600496033686445829 0.00000000000000000000
1.6600000000 0.08539096868592729872 0.00000000000000000000
1.6700000000 0.08478945487350074417 0.00000000000000000000
1.6800000000 0.08420009734574616933 0.00000000000000000000
1.6900000000 0.08362258406473972727 0.00000000000000000000
1.7000000000 0.08305661219985449595 0.00000000000000000000
1.7100000000 0.08250188782980852342 0.00000000000000000000
1.7200000000 0.08195812565500863733 0.00000000000000000000
1.7300000000 0.08142504871980639491 0.00000000000000000000
1.7400000000 0.08090238814431206793 0.00000000000000000000
1.7500000000 0.08038988286542564365 0.00000000000000000000
1.7600000000 0.07988727938674985984 0.00000000000000000000
1.7700000000 0.07939433153706566826 0.00000000000000000000
1.7800000000 0.07891080023706464885 0.00000000000000000000
1.7900000000 0.07843645327404200063 0.00000000000000000000
1.8000000000 0.07797106508426285276 0.00000000000000000000
1.8100000000 0.07751441654272800408 0.00000000000000000000
1.8200000000 0.07706629476007706425 0.00000000000000000000
1.8300000000 0.07662649288637007894 0.00000000000000000000
1.8400000000 0.07619480992150416687 0.00000000000000000000
1.8500000000 0.07577105053203088414 0.00000000000000000000
1.8600000000 0.07535502487414100226 0.00000000000000000000
1.8700000000 0.07494654842260474459 0.00000000000000000000
1.8800000000 0.07454544180544896148 0.00000000000000000000
1.8900000000 0.07415153064417535911 0.00000000000000000000
1.9000000000 0.07376464539931555653 0.00000000000000000000
1.9100000000 0.07338462122114192132 0.00000000000000000000
1.9200000000 0.07301129780534693081 0.00000000000000000000
1.9300000000 0.07264451925352011230 0.00000000000000000000
1.9400000000 0.07228413393824933975 0.00000000000000000000
1.9500000000 0.07192999437268642049 0.00000000000000000000
1.9600000000 0.07158195708442445515 0.00000000000000000000
1.9700000000 0.07123988249352591895 0.00000000000000000000
1.9800000000 0.07090363479456723850 0.00000000000000000000
1.9900000000 0.07057308184255121908 0.00000000000000000000
2.0000000000 0.07024809504255939696 0.00000000000000000000
2.0100000000 0.06992854924300725972 0.00000000000000000000
2.0200000000 0.06961432263238433171 0.00000000000000000000
2.0300000000 0.06930529663935185158 0.00000000000000000000
2.0400000000 0.06900135583608639489 0.00000000000000000000
2.0500000000 0.06870238784475436733 0.00000000000000000000
2.0600000000 0.06840828324701214713 0.00000000000000000000
2.0700000000 0.06811893549642486501 0.00000000000000000000
2.0800000000 0.06783424083370334645 0.00000000000000000000
2.0900000000 0.06755409820466805326 0.00000000000000000000
2.1000000000 0.06727840918083757837 0.00000000000000000000
2.1100000000 0.06700707788255935715 0.00000000000000000000
2.1200000000 0.06674001090459309726 0.00000000000000000000
2.1300000000 0.06647711724406318856 0.00000000000000000000
2.1400000000 0.06621830823069867200 0.00000000000000000000
2.1500000000 0.06596349745928697939 0.00000000000000000000
2.1600000000 0.06571260072425932908 0.00000000000000000000
2.1700000000 0.06546553595634574396 0.00000000000000000000
2.1800000000 0.06522222316121878416 0.00000000000000000000
2.1900000000 0.06498258436006741634 0.00000000000000000000
2.2000000000 0.06474654353203207480 0.00000000000000000000
2.2100000000 0.06451402655844003242 0.00000000000000000000
2.2200000000 0.06428496116877926991 0.00000000000000000000
2.2300000000 0.06405927688835365286 0.00000000000000000000
2.2400000000 0.06383690498756344756 0.00000000000000000000
2.2500000000 0.06361777843275849553 0.00000000000000000000
2.2600000000 0.06340183183860616245 0.00000000000000000000
2.2700000000 0.06318900142193252523 0.00000000000000000000
2.2800000000 0.06297922495697919065 0.00000000000000000000
2.2900000000 0.06277244173203544442 0.00000000000000000000
2.3000000000 0.06256859250739717215 0.00000000000000000000
2.3100000000 0.06236761947460989219 0.00000000000000000000
2.3200000000 0.06216946621695305930 0.00000000000000000000
2.3300000000 0.06197407767112611543 0.00000000000000000000
2.3400000000 0.06178140009009578520 0.00000000000000000000
2.3500000000 0.06159138100706756935 0.00000000000000000000
2.3600000000 0.06140396920054363300 0.00000000000000000000
2.3700000000 0.06121911466043314376 0.00000000000000000000
2.3800000000 0.06103676855518123251 0.00000000000000000000
2.3900000000 0.06085688319988068889 0.00000000000000000000
2.4000000000 0.06067941202533822659 0.00000000000000000000
2.4100000000 0.06050430954806261530 0.00000000000000000000
2.4200000000 0.06033153134114484922 0.00000000000000000000
2.4300000000 0.06016103400600261719 0.00000000000000000000
2.4400000000 0.05999277514496211688 0.00000000000000000000
2.4500000000 0.05982671333464584934 0.00000000000000000000
2.4600000000 0.05966280810014878977 0.00000000000000000000
2.4700000000 0.05950101988996931573 0.00000000000000000000
2.4800000000 0.05934131005167736506 0.00000000000000000000
2.4900000000 0.05918364080829176949 0.00000000000000000000
2.5000000000 0.05902797523534783486 0.00000000000000000000
2.5100000000 0.05887427723863243589 0.00000000000000000000
2.5200000000 0.05872251153256240197 0.00000000000000000000
2.5300000000 0.05857264361919209406 0.00000000000000000000
2.5400000000 0.05842463976782463070 0.00000000000000000000
2.5500000000 0.05827846699521158774 0.00000000000000000000
2.5600000000 0.05813409304632050772 0.00000000000000000000
2.5700000000 0.05799148637565389175 0.00000000000000000000
2.5800000000 0.05785061612910272905 0.00000000000000000000
2.5900000000 0.05771145212631567656 0.00000000000000000000
2.6000000000 0.05757396484357233529 0.00000000000000000000
2.6100000000 0.05743812539713902959 0.00000000000000000000
2.6200000000 0.05730390552709795082 0.00000000000000000000
2.6300000000 0.05717127758163207535 0.00000000000000000000
2.6400000000 0.05704021450175134067 0.00000000000000000000
2.6500000000 0.05691068980644944930 0.00000000000000000000
2.6600000000 0.05678267757827544504 0.00000000000000000000
2.6700000000 0.05665615244930734262 0.00000000000000000000
2.6800000000 0.05653108958751836693 0.00000000000000000000
2.6900000000 0.05640746468352203502 0.00000000000000000000
2.7000000000 0.05628525393768184226 0.00000000000000000000
2.7100000000 0.05616443404758114655 0.00000000000000000000
2.7200000000 0.05604498219583642360 0.00000000000000000000
2.7300000000 0.05592687603824585130 0.00000000000000000000
2.7400000000 0.05581009369226333505 0.00000000000000000000
2.7500000000 0.05569461372578842634 0.00000000000000000000
2.7600000000 0.05558041514626071294 0.00000000000000000000
2.7700000000 0.05546747739005301187 0.00000000000000000000
2.7800000000 0.05535578031215079853 0.00000000000000000000
2.7900000000 0.05524530417611221711 0.00000000000000000000
2.8000000000 0.05513602964429886039 0.00000000000000000000
2.8100000000 0.05502793776836944345 0.00000000000000000000
2.8200000000 0.05492100998002964751 0.00000000000000000000
2.8300000000 0.05481522808202891200 0.00000000000000000000
2.8400000000 0.05471057423939838793 0.00000000000000000000
2.8500000000 0.05460703097092269032 0.00000000000000000000
2.8600000000 0.05450458114083765043 0.00000000000000000000
2.8700000000 0.05440320795074887750 0.00000000000000000000
2.8800000000 0.05430289493176355953 0.00000000000000000000
2.8900000000 0.05420362593682996610 0.00000000000000000000
2.9000000000 0.05410538513327883825 0.00000000000000000000
2.9100000000 0.05400815699556010818 0.00000000000000000000
2.9200000000 0.05391192629816859289 0.00000000000000000000
2.9300000000 0.05381667810875727376 0.00000000000000000000
2.9400000000 0.05372239778142615801 0.00000000000000000000
2.9500000000 0.05362907095018861620 0.00000000000000000000
2.9600000000 0.05353668352260375352 0.00000000000000000000
2.9700000000 0.05344522167357648040 0.00000000000000000000
2.9800000000 0.05335467183931410368 0.00000000000000000000
2.9900000000 0.05326502071144043754 0.00000000000000000000
3.0000000000 0.05317625523125979470 0.00000000000000000000
3.0100000000 0.05308836258416682607 0.00000000000000000000
3.0200000000 0.05300133019419996094 0.00000000000000000000
3.0300000000 0.05291514571873261880 0.00000000000000000000
3.0400000000 0.05282979704329879289 0.00000000000000000000
3.0500000000 0.05274527227654980666 0.00000000000000000000
3.0600000000 0.05266155974533786449 0.00000000000000000000
3.0700000000 0.05257864798992323979 0.00000000000000000000
3.0800000000 0.05249652575930140869 0.00000000000000000000
3.0900000000 0.05241518200664780497 0.00000000000000000000
3.1000000000 0.05233460588487421489 0.00000000000000000000
3.1100000000 0.05225478674229858123 0.00000000000000000000
3.1200000000 0.05217571411841950141 0.00000000000000000000
3.1300000000 0.05209737773979591230 0.00000000000000000000
3.1400000000 0.05201976751602981758 0.00000000000000000000
3.1500000000 0.05194287353584544492 0.00000000000000000000
3.1600000000 0.05186668606326678976 0.00000000000000000000
3.1700000000 0.05179119553388681491 0.00000000000000000000
3.1800000000 0.05171639255122907619 0.00000000000000000000
3.1900000000 0.05164226788319679906 0.00000000000000000000
3.2000000000 0.05156881245860873292 0.00000000000000000000
3.2100000000 0.05149601736381855671 0.00000000000000000000
3.2200000000 0.05142387383941569162 0.00000000000000000000
3.2300000000 0.05135237327700595961 0.00000000000000000000
3.2400000000 0.05128150721606889589 0.00000000000000000000
3.2500000000 0.05121126734089090360 0.00000000000000000000
3.2600000000 0.05114164547757037854 0.00000000000000000000
3.2700000000 0.05107263359109601164 0.00000000000000000000
3.2800000000 0.05100422378249240551 0.00000000000000000000
3.2900000000 0.05093640828603466369 0.00000000000000000000
3.3000000000 0.05086917946652817768 0.00000000000000000000
3.3100000000 0.05080252981665207140 0.00000000000000000000
3.3200000000 0.05073645195436563005 0.00000000000000000000
3.3300000000 0.05067093862037504171 0.00000000000000000000
3.3400000000 0.05060598267565963315 0.00000000000000000000
3.3500000000 0.05054157709905483797 0.00000000000000000000
3.3600000000 0.05047771498489236897 0.00000000000000000000
3.3700000000 0.05041438954069409062 0.00000000000000000000
3.3800000000 0.05035159408491982069 0.00000000000000000000
3.3900000000 0.05028932204476594531 0.00000000000000000000
3.4000000000 0.05022756695401642268 0.00000000000000000000
3.4100000000 0.05016632245094029136 0.00000000000000000000
3.4200000000 0.05010558227624003352 0.00000000000000000000
3.4300000000 0.05004534027104403510 0.00000000000000000000
3.4400000000 0.04998559037494695184 0.00000000000000000000
3.4500000000 0.04992632662409253463 0.00000000000000000000
3.4600000000 0.04986754314930084281 0.00000000000000000000
3.4700000000 0.04980923417423665372 0.00000000000000000000
3.4800000000 0.04975139401362098368 0.00000000000000000000
3.4900000000 0.04969401707147926006 0.00000000000000000000
3.5000000000 0.04963709783943251463 0.00000000000000000000
3.5100000000 0.04958063089502336152 0.00000000000000000000
3.5200000000 0.04952461090008063865 0.00000000000000000000
3.5300000000 0.04946903259912072137 0.00000000000000000000
3.5400000000 0.04941389081778271852 0.00000000000000000000
3.5500000000 0.04935918046129911946 0.00000000000000000000
3.5600000000 0.04930489651299944931 0.00000000000000000000
3.5700000000 0.04925103403284742526 0.00000000000000000000
3.5800000000 0.04919758815600903945 0.00000000000000000000
3.5900000000 0.04914455409145267184 0.00000000000000000000
3.6000000000 0.04909192712057887376 0.00000000000000000000
3.6100000000 0.04903970259588071035 0.00000000000000000000
3.6200000000 0.04898787593963196269 0.00000000000000000000
3.6300000000 0.04893644264260409854 0.00000000000000000000
3.6400000000 0.04888539826281100564 0.00000000000000000000
3.6500000000 0.04883473842428001643 0.00000000000000000000
3.6600000000 0.04878445881584999450 0.00000000000000000000
3.6700000000 0.04873455518999376956 0.00000000000000000000
3.6800000000 0.04868502336166662114 0.00000000000000000000
3.6900000000 0.04863585920717895111 0.00000000000000000000
3.7000000000 0.04858705866309217386 0.00000000000000000000
3.7100000000 0.04853861772513850398 0.00000000000000000000
3.7200000000 0.04849053244716316352 0.00000000000000000000
3.7300000000 0.04844279894008847454 0.00000000000000000000
3.7400000000 0.04839541337089989237 0.00000000000000000000
3.7500000000 0.04834837196165336914 0.00000000000000000000
3.7600000000 0.04830167098850236818 0.00000000000000000000
3.7700000000 0.04825530678074633345 0.00000000000000000000
3.7800000000 0.04820927571989724880 0.00000000000000000000
3.7900000000 0.04816357423876717336 0.00000000000000000000
3.8000000000 0.04811819882057306180 0.00000000000000000000
3.8100000000 0.04807314599806032651 0.00000000000000000000
3.8200000000 0.04802841235264478786 0.00000000000000000000
3.8300000000 0.04798399451357125700 0.00000000000000000000
3.8400000000 0.04793988915708983362 0.00000000000000000000
3.8500000000 0.04789609300564872524 0.00000000000000000000
3.8600000000 0.04785260282710301211 0.00000000000000000000
3.8700000000 0.04780941543393980170 0.00000000000000000000
3.8800000000 0.04776652768251872516 0.00000000000000000000
3.8900000000 0.04772393647232744951 0.00000000000000000000
3.9000000000 0.04768163874525244150 0.00000000000000000000
3.9100000000 0.04763963148486395627 0.00000000000000000000
3.9200000000 0.04759791171571523677 0.00000000000000000000
3.9300000000 0.04755647650265577842 0.00000000000000000000
3.9400000000 0.04751532295015775675 0.00000000000000000000
3.9500000000 0.04747444820165623580 0.00000000000000000000
3.9600000000 0.04743384943890173455 0.00000000000000000000
3.9700000000 0.04739352388132622024 0.00000000000000000000
3.9800000000 0.04735346878542051607 0.00000000000000000000
3.9900000000 0.04731368144412465698 0.00000000000000000000
4.0000000000 0.04727415918622963897 0.00000000000000000000
4.0100000000 0.04723489937579110343 0.00000000000000000000
4.0200000000 0.04719589941155361013 0.00000000000000000000
4.0300000000 0.04715715672638693540 0.00000000000000000000
4.0400000000 0.04711866878673254960 0.00000000000000000000
4.0500000000 0.04708043309206084298 0.00000000000000000000
4.0600000000 0.04704244717433884310 0.00000000000000000000
4.0700000000 0.04700470859750795899 0.00000000000000000000
4.0800000000 0.04696721495697166876 0.00000000000000000000
4.0900000000 0.04692996387909248446 0.00000000000000000000
4.1000000000 0.04689295302069948490 0.00000000000000000000
4.1100000000 0.04685618006860412660 0.00000000000000000000
4.1200000000 0.04681964273912534585 0.00000000000000000000
4.1300000000 0.04678333877762363979 0.00000000000000000000
4.1400000000 0.04674726595804448021 0.00000000000000000000
4.1500000000 0.04671142208246861077 0.00000000000000000000
4.1600000000 0.04667580498067279426 0.00000000000000000000
4.1700000000 0.04664041250969692964 0.00000000000000000000
4.1800000000 0.04660524255341990524 0.00000000000000000000
4.1900000000 0.04657029302214356348 0.00000000000000000000
4.2000000000 0.04653556185218371555 0.00000000000000000000
4.2100000000 0.04650104700546864311 0.00000000000000000000
4.2200000000 0.04646674646914591283 0.00000000000000000000
4.2300000000 0.04643265825519477669 0.00000000000000000000
4.2400000000 0.04639878040004707938 0.00000000000000000000
4.2500000000 0.04636511096421420258 0.00000000000000000000
4.2600000000 0.04633164803192078157 0.00000000000000000000
4.2700000000 0.04629838971074546478 0.00000000000000000000
4.2800000000 0.04626533413126794614 0.00000000000000000000
4.2900000000 0.04623247944672190940 0.00000000000000000000
4.3000000000 0.04619982383265502229 0.00000000000000000000
4.3100000000 0.04616736548659362838 0.00000000000000000000
4.3200000000 0.04613510262771550879 0.00000000000000000000
4.3300000000 0.04610303349652603022 0.00000000000000000000
4.3400000000 0.04607115635454192559 0.00000000000000000000
4.3500000000 0.04603946948397970307 0.00000000000000000000
4.3600000000 0.04600797118744962694 0.00000000000000000000
4.3700000000 0.04597665978765529821 0.00000000000000000000
4.3800000000 0.04594553362709864058 0.00000000000000000000
4.3900000000 0.04591459106778934818 0.00000000000000000000
4.4000000000 0.04588383049096000227 0.00000000000000000000
4.4100000000 0.04585325029678626041 0.00000000000000000000
4.4200000000 0.04582284890411097988 0.00000000000000000000
4.4300000000 0.04579262475017428780 0.00000000000000000000
4.4400000000 0.04576257629034748836 0.00000000000000000000
4.4500000000 0.04573270199787164703 0.00000000000000000000
4.4600000000 0.04570300036360112200 0.00000000000000000000
4.4700000000 0.04567346989575077343 0.00000000000000000000
4.4800000000 0.04564410911964806444 0.00000000000000000000
4.4900000000 0.04561491657748917294 0.00000000000000000000
4.5000000000 0.04558589082809919035 0.00000000000000000000
4.5100000000 0.04555703044669622004 0.00000000000000000000
4.5200000000 0.04552833402466007623 0.00000000000000000000
4.5300000000 0.04549980016930378623 0.00000000000000000000
4.5400000000 0.04547142750365042868 0.00000000000000000000
4.5500000000 0.04544321466621196320 0.00000000000000000000
4.5600000000 0.04541516031077336840 0.00000000000000000000
4.5700000000 0.04538726310617916676 0.00000000000000000000
4.5800000000 0.04535952173612425170 0.00000000000000000000
4.5900000000 0.04533193489894782324 0.00000000000000000000
4.6000000000 0.04530450130743067516 0.00000000000000000000
4.6100000000 0.04527721968859628465 0.00000000000000000000
4.6200000000 0.04525008878351428898 0.00000000000000000000
4.6300000000 0.04522310734710844465 0.00000000000000000000
4.6400000000 0.04519627414796633519 0.00000000000000000000
4.6500000000 0.04516958796815320754 0.00000000000000000000
4.6600000000 0.04514304760302854935 0.00000000000000000000
4.6700000000 0.04511665186106536551 0.00000000000000000000
4.6800000000 0.04509039956367267427 0.00000000000000000000
4.6900000000 0.04506428954502091078 0.00000000000000000000
4.7000000000 0.04503832065186979400 0.00000000000000000000
4.7100000000 0.04501249174339930909 0.00000000000000000000
4.7200000000 0.04498680169104332660 0.00000000000000000000
4.7300000000 0.04496124937832560176 0.00000000000000000000
4.7400000000 0.04493583370069890309 0.00000000000000000000
4.7500000000 0.04491055356538624366 0.00000000000000000000
4.7600000000 0.04488540789122459629 0.00000000000000000000
4.7700000000 0.04486039560851165509 0.00000000000000000000
4.7800000000 0.04483551565885440099 0.00000000000000000000
4.7900000000 0.04481076699502027638 0.00000000000000000000
4.8000000000 0.04478614858079089933 0.00000000000000000000
4.8100000000 0.04476165939081741540 0.00000000000000000000
4.8200000000 0.04473729841047913158 0.00000000000000000000
4.8300000000 0.04471306463574334367 0.00000000000000000000
4.8400000000 0.04468895707302814047 0.00000000000000000000
4.8500000000 0.04466497473906651944 0.00000000000000000000
4.8600000000 0.04464111666077345136 0.00000000000000000000
4.8700000000 0.04461738187511456177 0.00000000000000000000
4.8800000000 0.04459376942897663731 0.00000000000000000000
4.8900000000 0.04457027837904062317 0.00000000000000000000
4.9000000000 0.04454690779165603604 0.00000000000000000000
4.9100000000 0.04452365674271793056 0.00000000000000000000
4.9200000000 0.04450052431754475402 0.00000000000000000000
4.9300000000 0.04447750961075953857 0.00000000000000000000
4.9400000000 0.04445461172617121842 0.00000000000000000000
4.9500000000 0.04443182977665897232 0.00000000000000000000
4.9600000000 0.04440916288405782897 0.00000000000000000000
4.9700000000 0.04438661017904594469 0.00000000000000000000
4.9800000000 0.04436417080103392807 0.00000000000000000000
4.9900000000 0.04434184389805518461 0.00000000000000000000
5.0000000000 0.04431962862665879410 0.00000000000000000000
