0.1000000000 1.61715630823010458883 0.00000000000000000000
0.1100000000 1.57543516218953683072 0.00000000000000000000
0.1200000000 1.53457081369757486478 0.00000000000000000000
0.1300000000 1.49456734352201658922 0.00000000000000000000
0.1400000000 1.45542728123324027756 0.00000000000000000000
0.1500000000 1.41715164785457736762 0.00000000000000000000
0.1600000000 1.37974000544939334745 0.00000000000000000000
0.1700000000 1.34319051286347179719 0.00000000000000000000
0.1800000000 1.30749998681179691040 0.00000000000000000000
0.1900000000 1.27266396748485721702 0.00000000000000000000
0.2000000000 1.23867678785010482123 0.00000000000000000000
0.2100000000 1.20553164583811334154 0.00000000000000000000
0.2200000000 1.17322067862859258369 0.00000000000000000000
0.2300000000 1.14173503828735678489 0.00000000000000000000
0.2400000000 1.11106496804965049208 0.00000000000000000000
0.2500000000 1.08119987859634814065 0.00000000000000000000
0.2600000000 1.05212842372560788640 0.00000000000000000000
0.2700000000 1.02383857488204377262 0.00000000000000000000
0.2800000000 0.99631769406678716283 0.00000000000000000000
0.2900000000 0.96955260471361814911 0.00000000000000000000
0.3000000000 0.94352966017741879412 0.00000000000000000000
0.3100000000 0.91823480954052727476 0.00000000000000000000
0.3200000000 0.89365366049929551018 0.00000000000000000000
0.3300000000 0.86977153914658644762 0.00000000000000000000
0.3400000000 0.84657354651561389502 0.00000000000000000000
0.3500000000 0.82404461179604893140 0.00000000000000000000
0.3600000000 0.80216954217448765974 0.00000000000000000000
0.3700000000 0.78093306928811900836 0.00000000000000000000
0.3800000000 0.76031989231275420860 0.00000000000000000000
0.3900000000 0.74031471773436519079 0.00000000000000000000
0.4000000000 0.72090229587714493853 0.00000000000000000000
0.4100000000 0.70206745428103700668 0.00000000000000000000
0.4200000000 0.68379512803794251230 0.00000000000000000000
0.4300000000 0.66607038720874045534 0.00000000000000000000
0.4400000000 0.64887846145310856816 0.00000000000000000000
0.4500000000 0.63220476201122777216 0.00000000000000000000
0.4600000000 0.61603490118113346519 0.00000000000000000000
0.4700000000 0.60035470943800939292 0.00000000000000000000
0.4800000000 0.58515025034238643542 0.00000000000000000000
0.4900000000 0.57040783338333445052 0.00000000000000000000
0.5000000000 0.55611402490049477443 0.00000000000000000000
0.5100000000 0.54225565722546920089 0.00000000000000000000
0.5200000000 0.52881983617890615523 0.00000000000000000000
0.5300000000 0.51579394705466252713 0.00000000000000000000
0.5400000000 0.50316565921700640018 0.00000000000000000000
0.5500000000 0.49092292943098297942 0.00000000000000000000
0.5600000000 0.47905400403994213843 0.00000000000000000000
0.5700000000 0.46754742009801514291 0.00000000000000000000
0.5800000000 0.45639200555897019296 0.00000000000000000000
0.5900000000 0.44557687861662642614 0.00000000000000000000
0.6000000000 0.43509144628574614178 0.00000000000000000000
0.6100000000 0.42492540230629649578 0.00000000000000000000
0.6200000000 0.41506872444803027955 0.00000000000000000000
0.6300000000 0.40551167128665316364 0.00000000000000000000
0.6400000000 0.39624477851740930179 0.00000000000000000000
0.6500000000 0.38725885486666283830 0.00000000000000000000
0.6600000000 0.37854497765713845947 0.00000000000000000000
0.6700000000 0.37009448807779837809 0.00000000000000000000
0.6800000000 0.36189898620489674430 0.00000000000000000000
0.6900000000 0.35395032581665875071 0.00000000000000000000
0.7000000000 0.34624060904011122464 0.00000000000000000000
0.7100000000 0.33876218086499054749 0.00000000000000000000
0.7200000000 0.33150762355630242206 0.00000000000000000000
0.7300000000 0.32446975099395403142 0.00000000000000000000
0.7400000000 0.31764160296501320335 0.00000000000000000000
0.7500000000 0.31101643943145246274 0.00000000000000000000
0.7600000000 0.30458773479379791516 0.00000000000000000000
0.7700000000 0.29834917216879258683 0.00000000000000000000
0.7800000000 0.29229463769717262123 0.00000000000000000000
0.7900000000 0.28641821489565677528 0.00000000000000000000
0.8000000000 0.28071417906561529909 0.00000000000000000000
0.8100000000 0.27517699176916055048 0.00000000000000000000
0.8200000000 0.26980129538211095053 0.00000000000000000000
0.8300000000 0.26458190773179540711 0.00000000000000000000
0.8400000000 0.25951381682662133521 0.00000000000000000000
0.8500000000 0.25459217568312297875 0.00000000000000000000
0.8600000000 0.24981229725532400066 0.00000000000000000000
0.8700000000 0.24516964947031039124 0.00000000000000000000
0.8800000000 0.24065985037310227979 0.00000000000000000000
0.8900000000 0.23627866338329092666 0.00000000000000000000
0.9000000000 0.23202199266515644016 0.00000000000000000000
0.9100000000 0.22788587861246106803 0.00000000000000000000
0.9200000000 0.22386649344865122702 0.00000000000000000000
0.9300000000 0.21996013694265287297 0.00000000000000000000
0.9400000000 0.21616323224010450255 0.00000000000000000000
0.9500000000 0.21247232180961578285 0.00000000000000000000
0.9600000000 0.20888406350296520597 0.00000000000000000000
0.9700000000 0.20539522672856277974 0.00000000000000000000
0.9800000000 0.20200268873635440769 0.00000000000000000000
0.9900000000 0.19870343101309487222 0.00000000000000000000
1.0000000000 0.19549453578599687575 0.00000000000000000000
1.0100000000 0.19237318263287545017 0.00000000000000000000
1.0200000000 0.18933664519713197527 0.00000000000000000000
1.0300000000 0.18638228800526368545 0.00000000000000000000
1.0400000000 0.18350756338461177153 0.00000000000000000000
1.0500000000 0.18071000847937740419 0.00000000000000000000
1.0600000000 0.17798724236252672082 0.00000000000000000000
1.0700000000 0.17533696324130168542 0.00000000000000000000
1.0800000000 0.17275694575385974749 0.00000000000000000000
1.0900000000 0.17024503835486476389 0.00000000000000000000
1.1000000000 0.16779916078754056330 0.00000000000000000000
1.1100000000 0.16541730163990006619 0.00000000000000000000
1.1200000000 0.16309751598275137874 0.00000000000000000000
1.1300000000 0.16083792308716673980 0.00000000000000000000
1.1400000000 0.15863670421912298703 0.00000000000000000000
1.1500000000 0.15649210050899262092 0.00000000000000000000
1.1600000000 0.15440241089367079397 0.00000000000000000000
1.1700000000 0.15236599012909757267 0.00000000000000000000
1.1800000000 0.15038124687100776211 0.00000000000000000000
1.1900000000 0.14844664182178460288 0.00000000000000000000
1.2000000000 0.14656068594129290084 0.00000000000000000000
1.2100000000 0.14472193871966987366 0.00000000000000000000
1.2200000000 0.14292900651007175994 0.00000000000000000000
1.2300000000 0.14118054091939225003 0.00000000000000000000
1.2400000000 0.13947523725508023662 0.00000000000000000000
1.2500000000 0.13781183302617594499 0.00000000000000000000
1.2600000000 0.13618910649676413405 0.00000000000000000000
1.2700000000 0.13460587529007553287 0.00000000000000000000
1.2800000000 0.13306099504153351409 0.00000000000000000000
1.2900000000 0.13155335809907223177 0.00000000000000000000
1.3000000000 0.13008189226911329173 0.00000000000000000000
1.3100000000 0.12864555960663792700 0.00000000000000000000
1.3200000000 0.12724335524782082185 0.00000000000000000000
1.3300000000 0.12587430628376003461 0.00000000000000000000
1.3400000000 0.12453747067387158087 0.00000000000000000000
1.3500000000 0.12323193619756156458 0.00000000000000000000
1.3600000000 0.12195681944283251474 0.00000000000000000000
1.3700000000 0.12071126483053480627 0.00000000000000000000
1.3800000000 0.11949444367299631720 0.00000000000000000000
1.3900000000 0.11830555326582105347 0.00000000000000000000
1.4000000000 0.11714381601168605274 0.00000000000000000000
1.4100000000 0.11600847857499417548 0.00000000000000000000
1.4200000000 0.11489881106628616059 0.00000000000000000000
1.4300000000 0.11381410625535913483 0.00000000000000000000
1.4400000000 0.11275367881205591858 0.00000000000000000000
1.4500000000 0.11171686457374992163 0.00000000000000000000
1.4600000000 0.11070301983855534989 0.00000000000000000000
1.4700000000 0.10971152068335776608 0.00000000000000000000
1.4800000000 0.10874176230575979818 0.00000000000000000000
1.4900000000 0.10779315838909536707 0.00000000000000000000
1.5000000000 0.10686514048967542256 0.00000000000000000000
1.5100000000 0.10595715744547738735 0.00000000000000000000
1.5200000000 0.10506867480549172966 0.00000000000000000000
1.5300000000 0.10419917427899613727 0.00000000000000000000
1.5400000000 0.10334815320403772931 0.00000000000000000000
1.5500000000 0.10251512403442408772 0.00000000000000000000
1.5600000000 0.10169961384456849274 0.00000000000000000000
1.5700000000 0.10090116385153877210 0.00000000000000000000
1.5800000000 0.10011932895369286822 0.00000000000000000000
1.5900000000 0.09935367728530471176 0.00000000000000000000
1.6000000000 0.09860378978660813698 0.00000000000000000000
1.6100000000 0.09786925978869674692 0.00000000000000000000
1.6200000000 0.09714969261275251122 0.00000000000000000000
1.6300000000 0.09644470518308757845 0.00000000000000000000
1.6400000000 0.09575392565349792606 0.00000000000000000000
1.6500000000 0.09507699304645822469 0.00000000000000000000
1.6600000000 0.09441355690469142858 0.00000000000000000000
1.6700000000 0.09376327695467238932 0.00000000000000000000
1.6800000000 0.09312582278163969440 0.00000000000000000000
1.6900000000 0.09250087351569467875 0.00000000000000000000
1.7000000000 0.09188811752860821802 0.00000000000000000000
1.7100000000 0.09128725214093322271 0.00000000000000000000
1.7200000000 0.09069798333906863019 0.00000000000000000000
1.7300000000 0.09012002550191569594 0.00000000000000000000
1.7400000000 0.08955310113678327522 0.00000000000000000000
1.7500000000 0.08899694062421210916 0.00000000000000000000
1.7600000000 0.08845128197141052806 0.00000000000000000000
1.7700000000 0.08791587057398013438 0.00000000000000000000
1.7800000000 0.08739045898565253601 0.00000000000000000000
1.7900000000 0.08687480669574132452 0.00000000000000000000
1.8000000000 0.08636867991404602318 0.00000000000000000000
1.8100000000 0.08587185136293946919 0.00000000000000000000
1.8200000000 0.08538410007638330690 0.00000000000000000000
1.8300000000 0.08490521120563473967 0.00000000000000000000
1.8400000000 0.08443497583140127660 0.00000000000000000000
1.8500000000 0.08397319078222260924 0.00000000000000000000
1.8600000000 0.08351965845885726825 0.00000000000000000000
1.8700000000 0.08307418666446582389 0.00000000000000000000
1.8800000000 0.08263658844038693219 0.00000000000000000000
1.8900000000 0.08220668190731270086 0.00000000000000000000
1.9000000000 0.08178429011167179241 0.00000000000000000000
1.9100000000 0.08136924087704203168 0.00000000000000000000
1.9200000000 0.08096136666041491015 0.00000000000000000000
1.9300000000 0.08056050441314722976 0.00000000000000000000
1.9400000000 0.08016649544643369985 0.00000000000000000000
1.9500000000 0.07977918530114522233 0.00000000000000000000
1.9600000000 0.07939842362188509473 0.00000000000000000000
1.9700000000 0.07902406403511254285 0.00000000000000000000
1.9800000000 0.07865596403119708147 0.00000000000000000000
1.9900000000 0.07829398485026899113 0.00000000000000000000
2.0000000000 0.07793799137173271219 0.00000000000000000000
2.0100000000 0.07758785200732082332 0.00000000000000000000
2.0200000000 0.07724343859756582775 0.00000000000000000000
2.0300000000 0.07690462631157320150 0.00000000000000000000
2.0400000000 0.07657129354998583326 0.00000000000000000000
2.0500000000 0.07624332185102669635 0.00000000000000000000
2.0600000000 0.07592059579951875026 0.00000000000000000000
2.0700000000 0.07560300293878187416 0.00000000000000000000
2.0800000000 0.07529043368530649594 0.00000000000000000000
2.0900000000 0.07498278124611156004 0.00000000000000000000
2.1000000000 0.07467994153869959850 0.00000000000000000000
2.1100000000 0.07438181311351506342 0.00000000000000000000
2.1200000000 0.07408829707882787219 0.00000000000000000000
2.1300000000 0.07379929702795912094 0.00000000000000000000
2.1400000000 0.07351471896876929368 0.00000000000000000000
2.1500000000 0.07323447125533420754 0.00000000000000000000
2.1600000000 0.07295846452173800067 0.00000000000000000000
2.1700000000 0.07268661161790980485 0.00000000000000000000
2.1800000000 0.07241882754743797501 0.00000000000000000000
2.1900000000 0.07215502940729652537 0.00000000000000000000
2.2000000000 0.07189513632941850474 0.00000000000000000000
2.2100000000 0.07163906942406085554 0.00000000000000000000
2.2200000000 0.07138675172489417076 0.00000000000000000000
2.2300000000 0.07113810813576676439 0.00000000000000000000
2.2400000000 0.07089306537908672545 0.00000000000000000000
2.2500000000 0.07065155194576731856 0.00000000000000000000
2.2600000000 0.07041349804668543821 0.00000000000000000000
2.2700000000 0.07017883556560713942 0.00000000000000000000
2.2800000000 0.06994749801352738439 0.00000000000000000000
2.2900000000 0.06971942048438098394 0.00000000000000000000
2.3000000000 0.06949453961208044983 0.00000000000000000000
2.3100000000 0.06927279352883808361 0.00000000000000000000
2.3200000000 0.06905412182472951688 0.00000000000000000000
2.3300000000 0.06883846550845919288 0.00000000000000000000
2.3400000000 0.06862576696929083286 0.00000000000000000000
2.3500000000 0.06841596994010476496 0.00000000000000000000
2.3600000000 0.06820901946154302176 0.00000000000000000000
2.3700000000 0.06800486184721382665 0.00000000000000000000
2.3800000000 0.06780344464991626408 0.00000000000000000000
2.3900000000 0.06760471662885488009 0.00000000000000000000
2.4000000000 0.06740862771781272467 0.00000000000000000000
2.4100000000 0.06721512899425408083 0.00000000000000000000
2.4200000000 0.06702417264932288010 0.00000000000000000000
2.4300000000 0.06683571195871527981 0.00000000000000000000
2.4400000000 0.06664970125439254045 0.00000000000000000000
2.4500000000 0.06646609589711313659 0.00000000000000000000
2.4600000000 0.06628485224975404211 0.00000000000000000000
2.4700000000 0.06610592765139983173 0.00000000000000000000
2.4800000000 0.06592928039217479941 0.00000000000000000000
2.4900000000 0.06575486968879327987 0.00000000000000000000
2.5000000000 0.06558265566080927200 0.00000000000000000000
2.5100000000 0.06541259930754021734 0.00000000000000000000
2.5200000000 0.06524466248564628201 0.00000000000000000000
2.5300000000 0.06507880788734517197 0.00000000000000000000
2.5400000000 0.06491499901924044358 0.00000000000000000000
2.5500000000 0.06475320018174884895 0.00000000000000000000
2.5600000000 0.06459337644910226328 0.00000000000000000000
2.5700000000 0.06443549364991447981 0.00000000000000000000
2.5800000000 0.06427951834828708744 0.00000000000000000000
2.5900000000 0.06412541782544570190 0.00000000000000000000
2.6000000000 0.06397316006188479010 0.00000000000000000000
2.6100000000 0.06382271372001012411 0.00000000000000000000
2.6200000000 0.06367404812725933894 0.00000000000000000000
2.6300000000 0.06352713325969090719 0.00000000000000000000
2.6400000000 0.06338193972602336468 0.00000000000000000000
2.6500000000 0.06323843875211411503 0.00000000000000000000
2.6600000000 0.06309660216586322756 0.00000000000000000000
2.6700000000 0.06295640238252966925 0.00000000000000000000
2.6800000000 0.06281781239044904874 0.00000000000000000000
2.6900000000 0.06268080573713753767 0.00000000000000000000
2.7000000000 0.06254535651577554367 0.00000000000000000000
2.7100000000 0.06241143935205515497 0.00000000000000000000
2.7200000000 0.06227902939138392491 0.00000000000000000000
2.7300000000 0.06214810228643175005 0.00000000000000000000
2.7400000000 0.06201863418501312591 0.00000000000000000000
2.7500000000 0.06189060171829474655 0.00000000000000000000
2.7600000000 0.06176398198931668665 0.00000000000000000000
2.7700000000 0.06163875256182013707 0.00000000000000000000
2.7800000000 0.06151489144937206249 0.00000000000000000000
2.7900000000 0.06139237710477944004 0.00000000000000000000
2.8000000000 0.06127118840978088704 0.00000000000000000000
2.8100000000 0.06115130466501290246 0.00000000000000000000
2.8200000000 0.06103270558023827369 0.00000000000000000000
2.8300000000 0.06091537126483251297 0.00000000000000000000
2.8400000000 0.06079928221851767928 0.00000000000000000000
2.8500000000 0.06068441932233929054 0.00000000000000000000
2.8600000000 0.06057076382987831853 0.00000000000000000000
2.8700000000 0.06045829735869061999 0.00000000000000000000
2.8800000000 0.06034700188196921028 0.00000000000000000000
2.8900000000 0.06023685972042096270 0.00000000000000000000
2.9000000000 0.06012785353435366048 0.00000000000000000000
2.9100000000 0.06001996631596608761 0.00000000000000000000
2.9200000000 0.05991318138183573949 0.00000000000000000000
2.9300000000 0.05980748236559915720 0.00000000000000000000
2.9400000000 0.05970285321081836988 0.00000000000000000000
2.9500000000 0.05959927816402929568 0.00000000000000000000
2.9600000000 0.05949674176796662661 0.00000000000000000000
2.9700000000 0.05939522885496020116 0.00000000000000000000
2.9800000000 0.05929472454049785485 0.00000000000000000000
2.9900000000 0.05919521421695035646 0.00000000000000000000
3.0000000000 0.05909668354745482161 0.00000000000000000000
3.0100000000 0.05899911845995024079 0.00000000000000000000
3.0200000000 0.05890250514136298465 0.00000000000000000000
3.0300000000 0.05880683003193611785 0.00000000000000000000
3.0400000000 0.05871207981970156392 0.00000000000000000000
3.0500000000 0.05861824143508700957 0.00000000000000000000
3.0600000000 0.05852530204565799948 0.00000000000000000000
3.0700000000 0.05843324905098869204 0.00000000000000000000
3.0800000000 0.05834207007765984665 0.00000000000000000000
3.0900000000 0.05825175297437803351 0.00000000000000000000
3.1000000000 0.05816228580721546221 0.00000000000000000000
3.1100000000 0.05807365685496609226 0.00000000000000000000
3.1200000000 0.05798585460461384844 0.00000000000000000000
3.1300000000 0.05789886774691165028 0.00000000000000000000
3.1400000000 0.05781268517206731433 0.00000000000000000000
3.1500000000 0.05772729596553321380 0.00000000000000000000
3.1600000000 0.05764268940389861290 0.00000000000000000000
3.1700000000 0.05755885495087921522 0.00000000000000000000
3.1800000000 0.05747578225340323199 0.00000000000000000000
3.1900000000 0.05739346113779204145 0.00000000000000000000
3.2000000000 0.05731188160603072068 0.00000000000000000000
3.2100000000 0.05723103383212722189 0.00000000000000000000
3.2200000000 0.05715090815855899259 0.00000000000000000000
3.2300000000 0.05707149509280236288 0.00000000000000000000
3.2400000000 0.05699278530394442932 0.00000000000000000000
3.2500000000 0.05691476961937497886 0.00000000000000000000
3.2600000000 0.05683743902155528188 0.00000000000000000000
3.2700000000 0.05676078464486276898 0.00000000000000000000
3.2800000000 0.05668479777250974572 0.00000000000000000000
3.2900000000 0.05660946983353322415 0.00000000000000000000
3.3000000000 0.05653479239985505916 0.00000000000000000000
3.3100000000 0.05646075718341010685 0.00000000000000000000
3.3200000000 0.05638735603334055907 0.00000000000000000000
3.3300000000 0.05631458093325473341 0.00000000000000000000
3.3400000000 0.05624242399854920832 0.00000000000000000000
3.3500000000 0.05617087747379264501 0.00000000000000000000
3.3600000000 0.05609993373016797236 0.00000000000000000000
3.3700000000 0.05602958526297472513 0.00000000000000000000
3.3800000000 0.05595982468918640068 0.00000000000000000000
3.3900000000 0.05589064474506448554 0.00000000000000000000
3.4000000000 0.05582203828382573119 0.00000000000000000000
3.4100000000 0.05575399827336242897 0.00000000000000000000
3.4200000000 0.05568651779401335294 0.00000000000000000000
3.4300000000 0.05561959003638539817 0.00000000000000000000
3.4400000000 0.05555320829922356235 0.00000000000000000000
3.4500000000 0.05548736598732841030 0.00000000000000000000
3.4600000000 0.05542205660952003593 0.00000000000000000000
3.4700000000 0.05535727377664721033 0.00000000000000000000
3.4800000000 0.05529301119963986322 0.00000000000000000000
3.4900000000 0.05522926268760629254 0.00000000000000000000
3.5000000000 0.05516602214597014081 0.00000000000000000000
3.5100000000 0.05510328357464972654 0.00000000000000000000
3.5200000000 0.05504104106627681625 0.00000000000000000000
3.5300000000 0.05497928880445394906 0.00000000000000000000
3.5400000000 0.05491802106205036227 0.00000000000000000000
3.5500000000 0.05485723219953411722 0.00000000000000000000
3.5600000000 0.05479691666334107758 0.00000000000000000000
3.5700000000 0.05473706898427910250 0.00000000000000000000
3.5800000000 0.05467768377596599755 0.00000000000000000000
3.5900000000 0.05461875573330107064 0.00000000000000000000
3.6000000000 0.05456027963097055677 0.00000000000000000000
3.6100000000 0.05450225032198374731 0.00000000000000000000
3.6200000000 0.05444466273624059410 0.00000000000000000000
3.6300000000 0.05438751187913021951 0.00000000000000000000
3.6400000000 0.05433079283015878475 0.00000000000000000000
3.6500000000 0.05427450074160612009 0.00000000000000000000
3.6600000000 0.05421863083721147059 0.00000000000000000000
3.6700000000 0.05416317841088601204 0.00000000000000000000
3.6800000000 0.05410813882545281034 0.00000000000000000000
3.6900000000 0.05405350751141342613 0.00000000000000000000
3.7000000000 0.05399927996573899991 0.00000000000000000000
3.7100000000 0.05394545175068865550 0.00000000000000000000
3.7200000000 0.05389201849265017746 0.00000000000000000000
3.7300000000 0.05383897588100571702 0.00000000000000000000
3.7400000000 0.05378631966702137474 0.00000000000000000000
3.7500000000 0.05373404566275861993 0.00000000000000000000
3.7600000000 0.05368214974000855289 0.00000000000000000000
3.7700000000 0.05363062782924839927 0.00000000000000000000
3.7800000000 0.05357947591861834946 0.00000000000000000000
3.7900000000 0.05352869005291997773 0.00000000000000000000
3.8000000000 0.05347826633263478430 0.00000000000000000000
3.8100000000 0.05342820091296274221 0.00000000000000000000
3.8200000000 0.05337849000287958612 0.00000000000000000000
3.8300000000 0.05332912986421442514 0.00000000000000000000
3.8400000000 0.05328011681074434208 0.00000000000000000000
3.8500000000 0.05323144720730851875 0.00000000000000000000
3.8600000000 0.05318311746893903541 0.00000000000000000000
3.8700000000 0.05313512406000925337 0.00000000000000000000
3.8800000000 0.05308746349339988485 0.00000000000000000000
3.8900000000 0.05304013232968040475 0.00000000000000000000
3.9000000000 0.05299312717630713654 0.00000000000000000000
3.9100000000 0.05294644468683778332 0.00000000000000000000
3.9200000000 0.05290008156016037105 0.00000000000000000000
3.9300000000 0.05285403453973774868 0.00000000000000000000
3.9400000000 0.05280830041286736776 0.00000000000000000000
3.9500000000 0.05276287600995450966 0.00000000000000000000
3.9600000000 0.05271775820380040362 0.00000000000000000000
3.9700000000 0.05267294390890397277 0.00000000000000000000
3.9800000000 0.05262843008077690288 0.00000000000000000000
3.9900000000 0.05258421371527210314 0.00000000000000000000
4.0000000000 0.05254029184792504553 0.00000000000000000000
4.0100000000 0.05249666155330799666 0.00000000000000000000
4.0200000000 0.05245331994439608042 0.00000000000000000000
4.0300000000 0.05241026417194567105 0.00000000000000000000
4.0400000000 0.05236749142388516520 0.00000000000000000000
4.0500000000 0.05232499892471621783 0.00000000000000000000
4.0600000000 0.05228278393492753057 0.00000000000000000000
4.0700000000 0.05224084375041870149 0.00000000000000000000
4.0800000000 0.05219917570193565587 0.00000000000000000000
4.0900000000 0.05215777715451629798 0.00000000000000000000
4.1000000000 0.05211664550694648790 0.00000000000000000000
4.1100000000 0.05207577819122673896 0.00000000000000000000
4.1200000000 0.05203517267204798430 0.00000000000000000000
4.1300000000 0.05199482644627791139 0.00000000000000000000
4.1400000000 0.05195473704245637259 0.00000000000000000000
4.1500000000 0.05191490202030027423 0.00000000000000000000
4.1600000000 0.05187531897021745164 0.00000000000000000000
4.1700000000 0.05183598551282972422 0.00000000000000000000
4.1800000000 0.05179689929850449931 0.00000000000000000000
4.1900000000 0.05175805800689513986 0.00000000000000000000
4.2000000000 0.05171945934648937426 0.00000000000000000000
4.2100000000 0.05168110105416624800 0.00000000000000000000
4.2200000000 0.05164298089476133252 0.00000000000000000000
4.2300000000 0.05160509666063893552 0.00000000000000000000
4.2400000000 0.05156744617127307501 0.00000000000000000000
4.2500000000 0.05153002727283522572 0.00000000000000000000
4.2600000000 0.05149283783779014939 0.00000000000000000000
4.2700000000 0.05145587576449799083 0.00000000000000000000
4.2800000000 0.05141913897682472145 0.00000000000000000000
4.2900000000 0.05138262542375852254 0.00000000000000000000
4.3000000000 0.05134633307903339189 0.00000000000000000000
4.3100000000 0.05131025994075945340 0.00000000000000000000
4.3200000000 0.05127440403105984479 0.00000000000000000000
4.3300000000 0.05123876339571376698 0.00000000000000000000
4.3400000000 0.05120333610380574385 0.00000000000000000000
4.3500000000 0.05116812024738173065 0.00000000000000000000
4.3600000000 0.05113311394111051678 0.00000000000000000000
4.3700000000 0.05109831532195112380 0.00000000000000000000
4.3800000000 0.05106372254882635131 0.00000000000000000000
4.3900000000 0.05102933380230177673 0.00000000000000000000
4.4000000000 0.05099514728427034099 0.00000000000000000000
4.4100000000 0.05096116121764194401 0.00000000000000000000
4.4200000000 0.05092737384603977097 0.00000000000000000000
4.4300000000 0.05089378343349987288 0.00000000000000000000
4.4400000000 0.05086038826417743630 0.00000000000000000000
4.4500000000 0.05082718664205749387 0.00000000000000000000
4.4600000000 0.05079417689067067948 0.00000000000000000000
4.4700000000 0.05076135735281328554 0.00000000000000000000
4.4800000000 0.05072872639027339869 0.00000000000000000000
4.4900000000 0.05069628238355991523 0.00000000000000000000
4.5000000000 0.05066402373163770428 0.00000000000000000000
4.5100000000 0.05063194885166628911 0.00000000000000000000
4.5200000000 0.05060005617874300393 0.00000000000000000000
4.5300000000 0.05056834416565112594 0.00000000000000000000
4.5400000000 0.05053681128261115763 0.00000000000000000000
4.5500000000 0.05050545601703732013 0.00000000000000000000
4.5600000000 0.05047427687329721774 0.00000000000000000000
4.5700000000 0.05044327237247604734 0.00000000000000000000
4.5800000000 0.05041244105214466587 0.00000000000000000000
4.5900000000 0.05038178146613107172 0.00000000000000000000
4.6000000000 0.05035129218429596626 0.00000000000000000000
4.6100000000 0.05032097179231213857 0.00000000000000000000
4.6200000000 0.05029081889144716017 0.00000000000000000000
4.6300000000 0.05026083209834968091 0.00000000000000000000
4.6400000000 0.05023101004483936094 0.00000000000000000000
4.6500000000 0.05020135137770014716 0.00000000000000000000
4.6600000000 0.05017185475847681791 0.00000000000000000000
4.6700000000 0.05014251886327490693 0.00000000000000000000
4.6800000000 0.05011334238256379831 0.00000000000000000000
4.6900000000 0.05008432402098317998 0.00000000000000000000
4.7000000000 0.05005546249715217555 0.00000000000000000000
4.7100000000 0.05002675654348191087 0.00000000000000000000
4.7200000000 0.04999820490599104356 0.00000000000000000000
4.7300000000 0.04996980634412416522 0.00000000000000000000
4.7400000000 0.04994155963057273634 0.00000000000000000000
4.7500000000 0.04991346355109978900 0.00000000000000000000
4.7600000000 0.04988551690436622554 0.00000000000000000000
4.7700000000 0.04985771850176079489 0.00000000000000000000
4.7800000000 0.04983006716723221985 0.00000000000000000000
4.7900000000 0.04980256173712426654 0.00000000000000000000
4.8000000000 0.04977520106001299960 0.00000000000000000000
4.8100000000 0.04974798399654715292 0.00000000000000000000
4.8200000000 0.04972090941929055430 0.00000000000000000000
4.8300000000 0.04969397621256699260 0.00000000000000000000
4.8400000000 0.04966718327230770780 0.00000000000000000000
4.8500000000 0.04964052950590109453 0.00000000000000000000
4.8600000000 0.04961401383204506327 0.00000000000000000000
4.8700000000 0.04958763518060076841 0.00000000000000000000
4.8800000000 0.04956139249244988915 0.00000000000000000000
4.8900000000 0.04953528471935289557 0.00000000000000000000
4.9000000000 0.04950931082381020143 0.00000000000000000000
4.9100000000 0.04948346977892530141 0.00000000000000000000
4.9200000000 0.04945776056826959449 0.00000000000000000000
4.9300000000 0.04943218218575004541 0.00000000000000000000
4.9400000000 0.04940673363547779667 0.00000000000000000000
4.9500000000 0.04938141393163991699 0.00000000000000000000
4.9600000000 0.04935622209837216279 0.00000000000000000000
4.9700000000 0.04933115716963394626 0.00000000000000000000
4.9800000000 0.04930621818908545451 0.00000000000000000000
4.9900000000 0.04928140420996635074 0.00000000000000000000
5.0000000000 0.04925671429497611997 0.00000000000000000000
