0.1000000000 2.14248100614078440529 0.00000000000000000000
0.1100000000 2.08580545831180952376 0.00000000000000000000
0.1200000000 2.03033284091825683149 0.00000000000000000000
0.1300000000 1.97606826438225313680 0.00000000000000000000
0.1400000000 1.92301457853728008374 0.00000000000000000000
0.1500000000 1.87117243898994889406 0.00000000000000000000
0.1600000000 1.82054038400498519046 0.00000000000000000000
0.1700000000 1.77111492066687392644 0.00000000000000000000
0.1800000000 1.72289061902616236210 0.00000000000000000000
0.1900000000 1.67586021291883069395 0.00000000000000000000
0.2000000000 1.63001470615172805445 0.00000000000000000000
0.2100000000 1.58534348277367875824 0.00000000000000000000
0.2200000000 1.54183442019784333610 0.00000000000000000000
0.2300000000 1.49947400400345731697 0.00000000000000000000
0.2400000000 1.45824744332116029710 0.00000000000000000000
0.2500000000 1.41813878579272945046 0.00000000000000000000
0.2600000000 1.37913103119021851484 0.00000000000000000000
0.2700000000 1.34120624287848988487 0.00000000000000000000
0.2800000000 1.30434565640634314576 0.00000000000000000000
0.2900000000 1.26852978461261911569 0.00000000000000000000
0.3000000000 1.23373851873285333980 0.00000000000000000000
0.3100000000 1.19995122508749063606 0.00000000000000000000
0.3200000000 1.16714683702320431991 0.00000000000000000000
0.3300000000 1.13530394186327643347 0.00000000000000000000
0.3400000000 1.10440086270068182905 0.00000000000000000000
0.3500000000 1.07441573493794595429 0.00000000000000000000
0.3600000000 1.04532657754077362711 0.00000000000000000000
0.3700000000 1.01711135902789240326 0.00000000000000000000
0.3800000000 0.98974805826753686766 0.00000000000000000000
0.3900000000 0.96321472019193599134 0.00000000000000000000
0.4000000000 0.93748950657527030383 0.00000000000000000000
0.4100000000 0.91255074204840835872 0.00000000000000000000
0.4200000000 0.88837695554573059553 0.00000000000000000000
0.4300000000 0.86494691739611262449 0.00000000000000000000
0.4400000000 0.84223967228211027436 0.00000000000000000000
0.4500000000 0.82023456829922314348 0.00000000000000000000
0.4600000000 0.79891128235127439883 0.00000000000000000000
0.4700000000 0.77824984211889658425 0.00000000000000000000
0.4800000000 0.75823064483647362177 0.00000000000000000000
0.4900000000 0.73883447310892957915 0.00000000000000000000
0.5000000000 0.72004250799398683558 0.00000000000000000000
0.5100000000 0.70183633956827518041 0.00000000000000000000
0.5200000000 0.68419797518728242558 0.00000000000000000000
0.5300000000 0.66710984563986575058 0.00000000000000000000
0.5400000000 0.65055480938817777936 0.00000000000000000000
0.5500000000 0.63451615507359893087 0.00000000000000000000
0.5600000000 0.61897760245879185348 0.00000000000000000000
0.5700000000 0.60392330196544086185 0.00000000000000000000
0.5800000000 0.58933783295681685388 0.00000000000000000000
0.5900000000 0.57520620090400909064 0.00000000000000000000
0.6000000000 0.56151383356466522123 0.00000000000000000000
0.6100000000 0.54824657629338191533 0.00000000000000000000
0.6200000000 0.53539068659364863478 0.00000000000000000000
0.6300000000 0.52293282801228957446 0.00000000000000000000
0.6400000000 0.51086006346899481834 0.00000000000000000000
0.6500000000 0.49915984810551849993 0.00000000000000000000
0.6600000000 0.48782002173160321501 0.00000000000000000000
0.6700000000 0.47682880093769719476 0.00000000000000000000
0.6800000000 0.46617477093791265252 0.00000000000000000000
0.6900000000 0.45584687720053168603 0.00000000000000000000
0.7000000000 0.44583441691772818238 0.00000000000000000000
0.7100000000 0.43612703036082806074 0.00000000000000000000
0.7200000000 0.42671469216262780666 0.00000000000000000000
0.7300000000 0.41758770256373500818 0.00000000000000000000
0.7400000000 0.40873667865583124259 0.00000000000000000000
0.7500000000 0.40015254565093039130 0.00000000000000000000
0.7600000000 0.39182652820223823342 0.00000000000000000000
0.7700000000 0.38375014179913036205 0.00000000000000000000
0.7800000000 0.37591518425574482754 0.00000000000000000000
0.7900000000 0.36831372731024580869 0.00000000000000000000
0.8000000000 0.36093810834924139330 0.00000000000000000000
0.8100000000 0.35378092226986740387 0.00000000000000000000
0.8200000000 0.34683501348998685421 0.00000000000000000000
0.8300000000 0.34009346811522173093 0.00000000000000000000
0.8400000000 0.33354960626999313744 0.00000000000000000000
0.8500000000 0.32719697459830487940 0.00000000000000000000
0.8600000000 0.32102933893872764859 0.00000000000000000000
0.8700000000 0.31504067717690559247 0.00000000000000000000
0.8800000000 0.30922517227795359718 0.00000000000000000000
0.8900000000 0.30357720550013189698 0.00000000000000000000
0.9000000000 0.29809134979044382696 0.00000000000000000000
0.9100000000 0.29276236336214428446 0.00000000000000000000
0.9200000000 0.28758518345332734212 0.00000000000000000000
0.9300000000 0.28255492026566092489 0.00000000000000000000
0.9400000000 0.27766685108120564562 0.00000000000000000000
0.9500000000 0.27291641455558812712 0.00000000000000000000
0.9600000000 0.26829920518481426006 0.00000000000000000000
0.9700000000 0.26381096794322245191 0.00000000000000000000
0.9800000000 0.25944759308930903652 0.00000000000000000000
0.9900000000 0.25520511113660443447 0.00000000000000000000
1.0000000000 0.25107968798545787781 0.00000000000000000000
1.0100000000 0.24706762021388756212 0.00000000000000000000
1.0200000000 0.24316533052181510399 0.00000000000000000000
1.0300000000 0.23936936332535183047 0.00000000000000000000
1.0400000000 0.23567638049978134607 0.00000000000000000000
1.0500000000 0.23208315726401382295 0.00000000000000000000
1.0600000000 0.22858657820484018508 0.00000000000000000000
1.0700000000 0.22518363343648392649 0.00000000000000000000
1.0800000000 0.22187141489169379116 0.00000000000000000000
1.0900000000 0.21864711274053019729 0.00000000000000000000
1.1000000000 0.21550801193319385485 0.00000000000000000000
1.1100000000 0.21245148886300707636 0.00000000000000000000
1.1200000000 0.20947500814598404850 0.00000000000000000000
1.1300000000 0.20657611951329774014 0.00000000000000000000
1.1400000000 0.20375245481308920659 0.00000000000000000000
1.1500000000 0.20100172511812294807 0.00000000000000000000
1.1600000000 0.19832171793585465225 0.00000000000000000000
1.1700000000 0.19571029451755839190 0.00000000000000000000
1.1800000000 0.19316538726321444419 0.00000000000000000000
1.1900000000 0.19068499721897982924 0.00000000000000000000
1.2000000000 0.18826719166410446626 0.00000000000000000000
1.2100000000 0.18591010178424988153 0.00000000000000000000
1.2200000000 0.18361192042825311144 0.00000000000000000000
1.2300000000 0.18137089994546096161 0.00000000000000000000
1.2400000000 0.17918535010083913583 0.00000000000000000000
1.2500000000 0.17705363606511417829 0.00000000000000000000
1.2600000000 0.17497417647735230561 0.00000000000000000000
1.2700000000 0.17294544157739588641 0.00000000000000000000
1.2800000000 0.17096595140567846793 0.00000000000000000000
1.2900000000 0.16903427406802865041 0.00000000000000000000
1.3000000000 0.16714902406313733585 0.00000000000000000000
1.3100000000 0.16530886067044217591 0.00000000000000000000
1.3200000000 0.16351248639623935932 0.00000000000000000000
1.3300000000 0.16175864547595594778 0.00000000000000000000
1.3400000000 0.16004612243049340381 0.00000000000000000000
1.3500000000 0.15837374067474987993 0.00000000000000000000
1.3600000000 0.15674036117635151144 0.00000000000000000000
1.3700000000 0.15514488116282235119 0.00000000000000000000
1.3800000000 0.15358623287538128444 0.00000000000000000000
1.3900000000 0.15206338236768623950 0.00000000000000000000
1.4000000000 0.15057532834786291343 0.00000000000000000000
1.4100000000 0.14912110106223602779 0.00000000000000000000
1.4200000000 0.14769976121923431012 0.00000000000000000000
1.4300000000 0.14631039895198444389 0.00000000000000000000
1.4400000000 0.14495213281817254103 0.00000000000000000000
1.4500000000 0.14362410883580586929 0.00000000000000000000
1.4600000000 0.14232549955353723803 0.00000000000000000000
1.4700000000 0.14105550315430048780 0.00000000000000000000
1.4800000000 0.13981334259099548190 0.00000000000000000000
1.4900000000 0.13859826475307776561 0.00000000000000000000
1.5000000000 0.13740953966287722254 0.00000000000000000000
1.5100000000 0.13624645970057197575 0.00000000000000000000
1.5200000000 0.13510833885674786159 0.00000000000000000000
1.5300000000 0.13399451201152698387 0.00000000000000000000
1.5400000000 0.13290433423929393086 0.00000000000000000000
1.5500000000 0.13183718013805503788 0.00000000000000000000
1.5600000000 0.13079244318254251711 0.00000000000000000000
1.5700000000 0.12976953510018232607 0.00000000000000000000
1.5800000000 0.12876788526907231858 0.00000000000000000000
1.5900000000 0.12778694013717448175 0.00000000000000000000
1.6000000000 0.12682616266193372234 0.00000000000000000000
1.6100000000 0.12588503176957022145 0.00000000000000000000
1.6200000000 0.12496304183332704318 0.00000000000000000000
1.6300000000 0.12405970216997393163 0.00000000000000000000
1.6400000000 0.12317453655389641598 0.00000000000000000000
1.6500000000 0.12230708274812888969 0.00000000000000000000
1.6600000000 0.12145689205170955016 0.00000000000000000000
1.6700000000 0.12062352886275819197 0.00000000000000000000
1.6800000000 0.11980657025670560234 0.00000000000000000000
1.6900000000 0.11900560557911729620 0.00000000000000000000
1.7000000000 0.11822023605258620560 0.00000000000000000000
1.7100000000 0.11745007439717480846 0.00000000000000000000
1.7200000000 0.11669474446391489564 0.00000000000000000000
1.7300000000 0.11595388088089814138 0.00000000000000000000
1.7400000000 0.11522712871148864389 0.00000000000000000000
1.7500000000 0.11451414312423101316 0.00000000000000000000
1.7600000000 0.11381458907401821590 0.00000000000000000000
1.7700000000 0.11312814099412399349 0.00000000000000000000
1.7800000000 0.11245448249869965940 0.00000000000000000000
1.7900000000 0.11179330609536575203 0.00000000000000000000
1.8000000000 0.11114431290752097015 0.00000000000000000000
1.8100000000 0.11050721240604423345 0.00000000000000000000
1.8200000000 0.10988172215002509069 0.00000000000000000000
1.8300000000 0.10926756753622267337 0.00000000000000000000
1.8400000000 0.10866448155692320920 0.00000000000000000000
1.8500000000 0.10807220456591210000 0.00000000000000000000
1.8600000000 0.10749048405225943015 0.00000000000000000000
1.8700000000 0.10691907442164515218 0.00000000000000000000
1.8800000000 0.10635773678496243666 0.00000000000000000000
1.8900000000 0.10580623875392734801 0.00000000000000000000
1.9000000000 0.10526435424346509973 0.00000000000000000000
1.9100000000 0.10473186328061570571 0.00000000000000000000
1.9200000000 0.10420855181974188197 0.00000000000000000000
1.9300000000 0.10369421156381410098 0.00000000000000000000
1.9400000000 0.10318863979155663835 0.00000000000000000000
1.9500000000 0.10269163919024928977 0.00000000000000000000
1.9600000000 0.10220301769399499359 0.00000000000000000000
1.9700000000 0.10172258832724984101 0.00000000000000000000
1.9800000000 0.10125016905344198792 0.00000000000000000000
1.9900000000 0.10078558262849918181 0.00000000000000000000
2.0000000000 0.10032865645911509533 0.00000000000000000000
2.0100000000 0.09987922246558471329 0.00000000000000000000
2.0200000000 0.09943711694906376408 0.00000000000000000000
2.0300000000 0.09900218046308627284 0.00000000000000000000
2.0400000000 0.09857425768919859943 0.00000000000000000000
2.0500000000 0.09815319731657304314 0.00000000000000000000
2.0600000000 0.09773885192545675449 0.00000000000000000000
2.0700000000 0.09733107787432856983 0.00000000000000000000
2.0800000000 0.09692973519063971533 0.00000000000000000000
2.0900000000 0.09653468746500984410 0.00000000000000000000
2.1000000000 0.09614580174876680152 0.00000000000000000000
2.1100000000 0.09576294845471225448 0.00000000000000000000
2.1200000000 0.09538600126100960086 0.00000000000000000000
2.1300000000 0.09501483701808041693 0.00000000000000000000
2.1400000000 0.09464933565841522622 0.00000000000000000000
2.1500000000 0.09428938010919782342 0.00000000000000000000
2.1600000000 0.09393485620764768784 0.00000000000000000000
2.1700000000 0.09358565261899079446 0.00000000000000000000
2.1800000000 0.09324166075697100375 0.00000000000000000000
2.1900000000 0.09290277470681565508 0.00000000000000000000
2.2000000000 0.09256889115057514994 0.00000000000000000000
2.2100000000 0.09223990929475903155 0.00000000000000000000
2.2200000000 0.09191573080018793085 0.00000000000000000000
2.2300000000 0.09159625971399276700 0.00000000000000000000
2.2400000000 0.09128140240368695646 0.00000000000000000000
2.2500000000 0.09097106749324686270 0.00000000000000000000
2.2600000000 0.09066516580113015422 0.00000000000000000000
2.2700000000 0.09036361028017261821 0.00000000000000000000
2.2800000000 0.09006631595929860679 0.00000000000000000000
2.2900000000 0.08977319988699022923 0.00000000000000000000
2.3000000000 0.08948418107645060571 0.00000000000000000000
2.3100000000 0.08919918045241667648 0.00000000000000000000
2.3200000000 0.08891812079955670189 0.00000000000000000000
2.3300000000 0.08864092671241075028 0.00000000000000000000
2.3400000000 0.08836752454681838509 0.00000000000000000000
2.3500000000 0.08809784237278787955 0.00000000000000000000
2.3600000000 0.08783180992876075954 0.00000000000000000000
2.3700000000 0.08756935857722608629 0.00000000000000000000
2.3800000000 0.08731042126164192951 0.00000000000000000000
2.3900000000 0.08705493246462243928 0.00000000000000000000
2.4000000000 0.08680282816734977147 0.00000000000000000000
2.4100000000 0.08655404581017142607 0.00000000000000000000
2.4200000000 0.08630852425434745734 0.00000000000000000000
2.4300000000 0.08606620374490835113 0.00000000000000000000
2.4400000000 0.08582702587459191401 0.00000000000000000000
2.4500000000 0.08559093354882071902 0.00000000000000000000
2.4600000000 0.08535787095169293515 0.00000000000000000000
2.4700000000 0.08512778351294840451 0.00000000000000000000
2.4800000000 0.08490061787588774889 0.00000000000000000000
2.4900000000 0.08467632186620405177 0.00000000000000000000
2.5000000000 0.08445484446171043491 0.00000000000000000000
2.5100000000 0.08423613576292454663 0.00000000000000000000
2.5200000000 0.08402014696449473796 0.00000000000000000000
2.5300000000 0.08380683032742836103 0.00000000000000000000
2.5400000000 0.08359613915211301649 0.00000000000000000000
2.5500000000 0.08338802775209316898 0.00000000000000000000
2.5600000000 0.08318245142858551877 0.00000000000000000000
2.5700000000 0.08297936644570898246 0.00000000000000000000
2.5800000000 0.08277873000640938173 0.00000000000000000000
2.5900000000 0.08258050022905231990 0.00000000000000000000
2.6000000000 0.08238463612467132602 0.00000000000000000000
2.6100000000 0.08219109757484494017 0.00000000000000000000
2.6200000000 0.08199984531018733591 0.00000000000000000000
2.6300000000 0.08181084088943281485 0.00000000000000000000
2.6400000000 0.08162404667909643752 0.00000000000000000000
2.6500000000 0.08143942583369320753 0.00000000000000000000
2.6600000000 0.08125694227649958579 0.00000000000000000000
2.6700000000 0.08107656068084084788 0.00000000000000000000
2.6800000000 0.08089824645188736785 0.00000000000000000000
2.6900000000 0.08072196570894824008 0.00000000000000000000
2.7000000000 0.08054768526824272745 0.00000000000000000000
2.7100000000 0.08037537262613854427 0.00000000000000000000
2.7200000000 0.08020499594284280498 0.00000000000000000000
2.7300000000 0.08003652402653135822 0.00000000000000000000
2.7400000000 0.07986992631790405806 0.00000000000000000000
2.7500000000 0.07970517287515349603 0.00000000000000000000
2.7600000000 0.07954223435933492625 0.00000000000000000000
2.7700000000 0.07938108202012589265 0.00000000000000000000
2.7800000000 0.07922168768196433120 0.00000000000000000000
2.7900000000 0.07906402373055403110 0.00000000000000000000
2.8000000000 0.07890806309972404897 0.00000000000000000000
2.8100000000 0.07875377925863949469 0.00000000000000000000
2.8200000000 0.07860114619934395475 0.00000000000000000000
2.8300000000 0.07845013842462961184 0.00000000000000000000
2.8400000000 0.07830073093622637315 0.00000000000000000000
2.8500000000 0.07815289922329629602 0.00000000000000000000
2.8600000000 0.07800661925122925888 0.00000000000000000000
2.8700000000 0.07786186745072841420 0.00000000000000000000
2.8800000000 0.07771862070717762416 0.00000000000000000000
2.8900000000 0.07757685635028516158 0.00000000000000000000
2.9000000000 0.07743655214399146336 0.00000000000000000000
2.9100000000 0.07729768627663721747 0.00000000000000000000
2.9200000000 0.07716023735138415052 0.00000000000000000000
2.9300000000 0.07702418437687819086 0.00000000000000000000
2.9400000000 0.07688950675815202362 0.00000000000000000000
2.9500000000 0.07675618428775843327 0.00000000000000000000
2.9600000000 0.07662419713712889657 0.00000000000000000000
2.9700000000 0.07649352584814790579 0.00000000000000000000
2.9800000000 0.07636415132494357716 0.00000000000000000000
2.9900000000 0.07623605482588156901 0.00000000000000000000
3.0000000000 0.07610921795576083837 0.00000000000000000000
3.0100000000 0.07598362265820460260 0.00000000000000000000
3.0200000000 0.07585925120824087153 0.00000000000000000000
3.0300000000 0.07573608620506730449 0.00000000000000000000
3.0400000000 0.07561411056499610372 0.00000000000000000000
3.0500000000 0.07549330751457274113 0.00000000000000000000
3.0600000000 0.07537366058386535395 0.00000000000000000000
3.0700000000 0.07525515359991828690 0.00000000000000000000
3.0800000000 0.07513777068036728291 0.00000000000000000000
3.0900000000 0.07502149622721020206 0.00000000000000000000
3.1000000000 0.07490631492073043796 0.00000000000000000000
3.1100000000 0.07479221171356777165 0.00000000000000000000
3.1200000000 0.07467917182493399864 0.00000000000000000000
3.1300000000 0.07456718073496736154 0.00000000000000000000
3.1400000000 0.07445622417922513614 0.00000000000000000000
3.1500000000 0.07434628814330700164 0.00000000000000000000
3.1600000000 0.07423735885760947284 0.00000000000000000000
3.1700000000 0.07412942279220442743 0.00000000000000000000
3.1800000000 0.07402246665184125662 0.00000000000000000000
3.1900000000 0.07391647737106794847 0.00000000000000000000
3.2000000000 0.07381144210946648243 0.00000000000000000000
3.2100000000 0.07370734824700457544 0.00000000000000000000
3.2200000000 0.07360418337949445333 0.00000000000000000000
3.2300000000 0.07350193531415949444 0.00000000000000000000
3.2400000000 0.07340059206530606672 0.00000000000000000000
3.2500000000 0.07330014185009542382 0.00000000000000000000
3.2600000000 0.07320057308441638155 0.00000000000000000000
3.2700000000 0.07310187437885269646 0.00000000000000000000
3.2800000000 0.07300403453474475779 0.00000000000000000000
3.2900000000 0.07290704254034341414 0.00000000000000000000
3.3000000000 0.07281088756705172971 0.00000000000000000000
3.3100000000 0.07271555896575455924 0.00000000000000000000
3.3200000000 0.07262104626323195866 0.00000000000000000000
3.3300000000 0.07252733915865494652 0.00000000000000000000
3.3400000000 0.07243442752016247821 0.00000000000000000000
3.3500000000 0.07234230138151484524 0.00000000000000000000
3.3600000000 0.07225095093882585862 0.00000000000000000000
3.3700000000 0.07216036654736643352 0.00000000000000000000
3.3800000000 0.07207053871844269766 0.00000000000000000000
3.3900000000 0.07198145811634384938 0.00000000000000000000
3.4000000000 0.07189311555535919662 0.00000000000000000000
3.4100000000 0.07180550199686133728 0.00000000000000000000
3.4200000000 0.07171860854645643879 0.00000000000000000000
3.4300000000 0.07163242645119607954 0.00000000000000000000
3.4400000000 0.07154694709685339993 0.00000000000000000000
3.4500000000 0.07146216200525798423 0.00000000000000000000
3.4600000000 0.07137806283169167987 0.00000000000000000000
3.4700000000 0.07129464136233981675 0.00000000000000000000
3.4800000000 0.07121188951180149052 0.00000000000000000000
3.4900000000 0.07112979932065176258 0.00000000000000000000
3.5000000000 0.07104836295305909377 0.00000000000000000000
3.5100000000 0.07096757269445491678 0.00000000000000000000
3.5200000000 0.07088742094925283566 0.00000000000000000000
3.5300000000 0.07080790023861920079 0.00000000000000000000
3.5400000000 0.07072900319829068805 0.00000000000000000000
3.5500000000 0.07065072257643981168 0.00000000000000000000
3.5600000000 0.07057305123158612303 0.00000000000000000000
3.5700000000 0.07049598213055305318 0.00000000000000000000
3.5800000000 0.07041950834646797108 0.00000000000000000000
3.5900000000 0.07034362305680579019 0.00000000000000000000
3.6000000000 0.07026831954147290393 0.00000000000000000000
3.6100000000 0.07019359118093436434 0.00000000000000000000
3.6200000000 0.07011943145437868341 0.00000000000000000000
3.6300000000 0.07004583393792225554 0.00000000000000000000
3.6400000000 0.06997279230285242957 0.00000000000000000000
3.6500000000 0.06990030031390648269 0.00000000000000000000
3.6600000000 0.06982835182758750925 0.00000000000000000000
3.6700000000 0.06975694079051558694 0.00000000000000000000
3.6800000000 0.06968606123781279083 0.00000000000000000000
3.6900000000 0.06961570729152311010 0.00000000000000000000
3.7000000000 0.06954587315906367306 0.00000000000000000000
3.7100000000 0.06947655313170954250 0.00000000000000000000
3.7200000000 0.06940774158310891728 0.00000000000000000000
3.7300000000 0.06933943296782955901 0.00000000000000000000
3.7400000000 0.06927162181993468115 0.00000000000000000000
3.7500000000 0.06920430275158810651 0.00000000000000000000
3.7600000000 0.06913747045168837368 0.00000000000000000000
3.7700000000 0.06907111968453057138 0.00000000000000000000
3.7800000000 0.06900524528849506789 0.00000000000000000000
3.7900000000 0.06893984217476335774 0.00000000000000000000
3.8000000000 0.06887490532605924920 0.00000000000000000000
3.8100000000 0.06881042979541662774 0.00000000000000000000
3.8200000000 0.06874641070497070072 0.00000000000000000000
3.8300000000 0.06868284324477445801 0.00000000000000000000
3.8400000000 0.06861972267163843342 0.00000000000000000000
3.8500000000 0.06855704430799403060 0.00000000000000000000
3.8600000000 0.06849480354077860933 0.00000000000000000000
3.8700000000 0.06843299582034405304 0.00000000000000000000
3.8800000000 0.06837161665938584765 0.00000000000000000000
3.8900000000 0.06831066163189383755 0.00000000000000000000
3.9000000000 0.06825012637212385380 0.00000000000000000000
3.9100000000 0.06819000657358886830 0.00000000000000000000
3.9200000000 0.06813029798807056225 0.00000000000000000000
3.9300000000 0.06807099642465044842 0.00000000000000000000
3.9400000000 0.06801209774875860425 0.00000000000000000000
3.9500000000 0.06795359788124269440 0.00000000000000000000
3.9600000000 0.06789549279745353549 0.00000000000000000000
3.9700000000 0.06783777852634931271 0.00000000000000000000
3.9800000000 0.06778045114961661621 0.00000000000000000000
3.9900000000 0.06772350680080882479 0.00000000000000000000
4.0000000000 0.06766694166449994940 0.00000000000000000000
4.0100000000 0.06761075197545668436 0.00000000000000000000
4.0200000000 0.06755493401782408647 0.00000000000000000000
4.0300000000 0.06749948412432818512 0.00000000000000000000
4.0400000000 0.06744439867549288647 0.00000000000000000000
4.0500000000 0.06738967409887303139 0.00000000000000000000
4.0600000000 0.06733530686829987399 0.00000000000000000000
4.0700000000 0.06728129350314296375 0.00000000000000000000
4.0800000000 0.06722763056758429556 0.00000000000000000000
4.0900000000 0.06717431466990655964 0.00000000000000000000
4.1000000000 0.06712134246179572716 0.00000000000000000000
4.1100000000 0.06706871063765439123 0.00000000000000000000
4.1200000000 0.06701641593393027618 0.00000000000000000000
4.1300000000 0.06696445512845551618 0.00000000000000000000
4.1400000000 0.06691282503979927021 0.00000000000000000000
4.1500000000 0.06686152252663131457 0.00000000000000000000
4.1600000000 0.06681054448709805582 0.00000000000000000000
4.1700000000 0.06675988785820974325 0.00000000000000000000
4.1800000000 0.06670954961523892224 0.00000000000000000000
4.1900000000 0.06665952677112997604 0.00000000000000000000
4.2000000000 0.06660981637591903426 0.00000000000000000000
4.2100000000 0.06656041551616526109 0.00000000000000000000
4.2200000000 0.06651132131439095596 0.00000000000000000000
4.2300000000 0.06646253092853386668 0.00000000000000000000
4.2400000000 0.06641404155140720467 0.00000000000000000000
4.2500000000 0.06636585041017099840 0.00000000000000000000
4.2600000000 0.06631795476581203719 0.00000000000000000000
4.2700000000 0.06627035191263348779 0.00000000000000000000
4.2800000000 0.06622303917775343440 0.00000000000000000000
4.2900000000 0.06617601392061250865 0.00000000000000000000
4.3000000000 0.06612927353248990170 0.00000000000000000000
4.3100000000 0.06608281543602874397 0.00000000000000000000
4.3200000000 0.06603663708476874283 0.00000000000000000000
4.3300000000 0.06599073596268784092 0.00000000000000000000
4.3400000000 0.06594510958375196519 0.00000000000000000000
4.3500000000 0.06589975549147183975 0.00000000000000000000
4.3600000000 0.06585467125846874992 0.00000000000000000000
4.3700000000 0.06580985448604671773 0.00000000000000000000
4.3800000000 0.06576530280377299031 0.00000000000000000000
4.3900000000 0.06572101386906503695 0.00000000000000000000
4.4000000000 0.06567698536678566457 0.00000000000000000000
4.4100000000 0.06563321500884400361 0.00000000000000000000
4.4200000000 0.06558970053380394627 0.00000000000000000000
4.4300000000 0.06554643970649960683 0.00000000000000000000
4.4400000000 0.06550343031765684665 0.00000000000000000000
4.4500000000 0.06546067018352125233 0.00000000000000000000
4.4600000000 0.06541815714549260863 0.00000000000000000000
4.4700000000 0.06537588906976596337 0.00000000000000000000
4.4800000000 0.06533386384697792426 0.00000000000000000000
4.4900000000 0.06529207939185971421 0.00000000000000000000
4.5000000000 0.06525053364289581936 0.00000000000000000000
4.5100000000 0.06520922456198775807 0.00000000000000000000
4.5200000000 0.06516815013412491364 0.00000000000000000000
4.5300000000 0.06512730836705921122 0.00000000000000000000
4.5400000000 0.06508669729098663648 0.00000000000000000000
4.5500000000 0.06504631495823300080 0.00000000000000000000
4.5600000000 0.06500615944294543813 0.00000000000000000000
4.5700000000 0.06496622884078934179 0.00000000000000000000
4.5800000000 0.06492652126864925655 0.00000000000000000000
4.5900000000 0.06488703486433582135 0.00000000000000000000
4.6000000000 0.06484776778629677829 0.00000000000000000000
4.6100000000 0.06480871821333321348 0.00000000000000000000
4.6200000000 0.06476988434431993347 0.00000000000000000000
4.6300000000 0.06473126439793089326 0.00000000000000000000
4.6400000000 0.06469285661236895413 0.00000000000000000000
4.6500000000 0.06465465924509962437 0.00000000000000000000
4.6600000000 0.06461667057258974056 0.00000000000000000000
4.6700000000 0.06457888889004972932 0.00000000000000000000
4.6800000000 0.06454131251118080947 0.00000000000000000000
4.6900000000 0.06450393976792553885 0.00000000000000000000
4.7000000000 0.06446676901022245498 0.00000000000000000000
4.7100000000 0.06442979860576526774 0.00000000000000000000
4.7200000000 0.06439302693976496628 0.00000000000000000000
4.7300000000 0.06435645241471642242 0.00000000000000000000
4.7400000000 0.06432007345016844957 0.00000000000000000000
4.7500000000 0.06428388848249735887 0.00000000000000000000
4.7600000000 0.06424789596468438724 0.00000000000000000000
4.7700000000 0.06421209436609645604 0.00000000000000000000
4.7800000000 0.06417648217227035767 0.00000000000000000000
4.7900000000 0.06414105788470032821 0.00000000000000000000
4.8000000000 0.06410582002062910345 0.00000000000000000000
4.8100000000 0.06407076711284198645 0.00000000000000000000
4.8200000000 0.06403589770946427340 0.00000000000000000000
4.8300000000 0.06400121037376187150 0.00000000000000000000
4.8400000000 0.06396670368394502537 0.00000000000000000000
4.8500000000 0.06393237623297458316 0.00000000000000000000
4.8600000000 0.06389822662837200962 0.00000000000000000000
4.8700000000 0.06386425349203189716 0.00000000000000000000
4.8800000000 0.06383045546003733584 0.00000000000000000000
4.8900000000 0.06379683118247821139 0.00000000000000000000
4.9000000000 0.06376337932327216795 0.00000000000000000000
4.9100000000 0.06373009855998847117 0.00000000000000000000
4.9200000000 0.06369698758367466074 0.00000000000000000000
4.9300000000 0.06366404509868511807 0.00000000000000000000
4.9400000000 0.06363126982251317287 0.00000000000000000000
4.9500000000 0.06359866048562508312 0.00000000000000000000
4.9600000000 0.06356621583129681841 0.00000000000000000000
4.9700000000 0.06353393461545311927 0.00000000000000000000
4.9800000000 0.06350181560650919321 0.00000000000000000000
4.9900000000 0.06346985758521449250 0.00000000000000000000
5.0000000000 0.06343805934449892048 0.00000000000000000000
