0.1000000000 3.26997564739616386476 0.00000000000000000000
0.1100000000 3.15024098396067975258 0.00000000000000000000
0.1200000000 3.03474892961975584171 0.00000000000000000000
0.1300000000 2.92355721350742703279 0.00000000000000000000
0.1400000000 2.81668675447881122764 0.00000000000000000000
0.1500000000 2.71412360070811642387 0.00000000000000000000
0.1600000000 2.61582179485009858055 0.00000000000000000000
0.1700000000 2.52170694683433627148 0.00000000000000000000
0.1800000000 2.43168027540759634775 0.00000000000000000000
0.1900000000 2.34562288124076889773 0.00000000000000000000
0.2000000000 2.26340003505862430444 0.00000000000000000000
0.2100000000 2.18486529840369358979 0.00000000000000000000
0.2200000000 2.10986433632902503632 0.00000000000000000000
0.2300000000 2.03823832498328272322 0.00000000000000000000
0.2400000000 1.96982689826021117874 0.00000000000000000000
0.2500000000 1.90447061339026402216 0.00000000000000000000
0.2600000000 1.84201294391393965988 0.00000000000000000000
0.2700000000 1.78230182944373960474 0.00000000000000000000
0.2800000000 1.72519082542165724803 0.00000000000000000000
0.2900000000 1.67053990368730365113 0.00000000000000000000
0.3000000000 1.61821595732424761138 0.00000000000000000000
0.3100000000 1.56809306222621369642 0.00000000000000000000
0.3200000000 1.52005254429471192701 0.00000000000000000000
0.3300000000 1.47398289613781163787 0.00000000000000000000
0.3400000000 1.42977958136651239762 0.00000000000000000000
0.3500000000 1.38734475865539264028 0.00000000000000000000
0.3600000000 1.34658695204001199741 0.00000000000000000000
0.3700000000 1.30742068870866612329 0.00000000000000000000
0.3800000000 1.26976612093962959449 0.00000000000000000000
0.3900000000 1.23354864488363791253 0.00000000000000000000
0.4000000000 1.19869852558563150247 0.00000000000000000000
0.4100000000 1.16515053493522091621 0.00000000000000000000
0.4200000000 1.13284360706868536539 0.00000000000000000000
0.4300000000 1.10172051404475723757 0.00000000000000000000
0.4400000000 1.07172756330993768081 0.00000000000000000000
0.4500000000 1.04281431748874497956 0.00000000000000000000
0.4600000000 1.01493333631834126152 0.00000000000000000000
0.4700000000 0.98803994004217265967 0.00000000000000000000
0.4800000000 0.96209199323762351064 0.00000000000000000000
0.4900000000 0.93704970784044305798 0.00000000000000000000
0.5000000000 0.91287546401254693329 0.00000000000000000000
0.5100000000 0.88953364745478180620 0.00000000000000000000
0.5200000000 0.86699050177252900973 0.00000000000000000000
0.5300000000 0.84521399454391588080 0.00000000000000000000
0.5400000000 0.82417369580621169245 0.00000000000000000000
0.5500000000 0.80384066775631679569 0.00000000000000000000
0.5600000000 0.78418736454974580230 0.00000000000000000000
0.5700000000 0.76518754117379550461 0.00000000000000000000
0.5800000000 0.74681617046157433570 0.00000000000000000000
0.5900000000 0.72904936740154691055 0.00000000000000000000
0.6000000000 0.71186431998076926675 0.00000000000000000000
0.6100000000 0.69523922587807762685 0.00000000000000000000
0.6200000000 0.67915323439560915109 0.00000000000000000000
0.6300000000 0.66358639308304878668 0.00000000000000000000
0.6400000000 0.64851959856889873635 0.00000000000000000000
0.6500000000 0.63393455116723695930 0.00000000000000000000
0.6600000000 0.61981371287685227411 0.00000000000000000000
0.6700000000 0.60614026843317414528 0.00000000000000000000
0.6800000000 0.59289808911199093355 0.00000000000000000000
0.6900000000 0.58007169901831312497 0.00000000000000000000
0.7000000000 0.56764624362411220115 0.00000000000000000000
0.7100000000 0.55560746034554153727 0.00000000000000000000
0.7200000000 0.54394165097397040309 0.00000000000000000000
0.7300000000 0.53263565579609306599 0.00000000000000000000
0.7400000000 0.52167682925667857585 0.00000000000000000000
0.7500000000 0.51105301703379535372 0.00000000000000000000
0.7600000000 0.50075253441058265036 0.00000000000000000000
0.7700000000 0.49076414584005084718 0.00000000000000000000
0.7800000000 0.48107704561049835501 0.00000000000000000000
0.7900000000 0.47168083952870648590 0.00000000000000000000
0.8000000000 0.46256552754673752048 0.00000000000000000000
0.8100000000 0.45372148726525912688 0.00000000000000000000
0.8200000000 0.44513945825348411045 0.00000000000000000000
0.8300000000 0.43681052713095330775 0.00000000000000000000
0.8400000000 0.42872611336217919531 0.00000000000000000000
0.8500000000 0.42087795571899194735 0.00000000000000000000
0.8600000000 0.41325809937016078077 0.00000000000000000000
0.8700000000 0.40585888356060328963 0.00000000000000000000
0.8800000000 0.39867292984649382870 0.00000000000000000000
0.8900000000 0.39169313085463436375 0.00000000000000000000
0.9000000000 0.38491263953734800030 0.00000000000000000000
0.9100000000 0.37832485889632583298 0.00000000000000000000
0.9200000000 0.37192343215061540729 0.00000000000000000000
0.9300000000 0.36570223332636458968 0.00000000000000000000
0.9400000000 0.35965535824621169825 0.00000000000000000000
0.9500000000 0.35377711589965177286 0.00000000000000000000
0.9600000000 0.34806202017473741872 0.00000000000000000000
0.9700000000 0.34250478193494776624 0.00000000000000000000
0.9800000000 0.33710030142363467398 0.00000000000000000000
0.9900000000 0.33184366098236911524 0.00000000000000000000
1.0000000000 0.32673011806790791534 0.00000000000000000000
1.0100000000 0.32175509855300676865 0.00000000000000000000
1.0200000000 0.31691419030193873629 0.00000000000000000000
1.0300000000 0.31220313700476032270 0.00000000000000000000
1.0400000000 0.30761783226069239205 0.00000000000000000000
1.0500000000 0.30315431390004643486 0.00000000000000000000
1.0600000000 0.29880875853340760351 0.00000000000000000000
1.0700000000 0.29457747631921443743 0.00000000000000000000
1.0800000000 0.29045690593964779147 0.00000000000000000000
1.0900000000 0.28644360977677391089 0.00000000000000000000
1.1000000000 0.28253426927973263050 0.00000000000000000000
1.1100000000 0.27872568051558460622 0.00000000000000000000
1.1200000000 0.27501474989579227648 0.00000000000000000000
1.1300000000 0.27139849007113625579 0.00000000000000000000
1.1400000000 0.26787401598811333425 0.00000000000000000000
1.1500000000 0.26443854110011127956 0.00000000000000000000
1.1600000000 0.26108937372702911706 0.00000000000000000000
1.1700000000 0.25782391355719896930 0.00000000000000000000
1.1800000000 0.25463964828585466948 0.00000000000000000000
1.1900000000 0.25153415038455667618 0.00000000000000000000
1.2000000000 0.24850507399620858084 0.00000000000000000000
1.2100000000 0.24555015195059204380 0.00000000000000000000
1.2200000000 0.24266719289555876982 0.00000000000000000000
1.2300000000 0.23985407853916179688 0.00000000000000000000
1.2400000000 0.23710876099826846963 0.00000000000000000000
1.2500000000 0.23442926024936300289 0.00000000000000000000
1.2600000000 0.23181366167742023521 0.00000000000000000000
1.2700000000 0.22926011371892388024 0.00000000000000000000
1.2800000000 0.22676682559524394267 0.00000000000000000000
1.2900000000 0.22433206513274878136 0.00000000000000000000
1.3000000000 0.22195415666622073103 0.00000000000000000000
1.3100000000 0.21963147902217025620 0.00000000000000000000
1.3200000000 0.21736246357898905690 0.00000000000000000000
1.3300000000 0.21514559240072533841 0.00000000000000000000
1.3400000000 0.21297939644170818529 0.00000000000000000000
1.3500000000 0.21086245381909077268 0.00000000000000000000
1.3600000000 0.20879338815067438606 0.00000000000000000000
1.3700000000 0.20677086695544613648 0.00000000000000000000
1.3800000000 0.20479360011427361066 0.00000000000000000000
1.3900000000 0.20286033838847505884 0.00000000000000000000
1.4000000000 0.20096987199390742296 0.00000000000000000000
1.4100000000 0.19912102922842619956 0.00000000000000000000
1.4200000000 0.19731267515060962880 0.00000000000000000000
1.4300000000 0.19554371030771541817 0.00000000000000000000
1.4400000000 0.19381306951097448943 0.00000000000000000000
1.4500000000 0.19211972065632904050 0.00000000000000000000
1.4600000000 0.19046266358886279613 0.00000000000000000000
1.4700000000 0.18884092900920357305 0.00000000000000000000
1.4800000000 0.18725357742028081454 0.00000000000000000000
1.4900000000 0.18569969811283310035 0.00000000000000000000
1.5000000000 0.18417840818819100623 0.00000000000000000000
1.5100000000 0.18268885161687564711 0.00000000000000000000
1.5200000000 0.18123019833161402303 0.00000000000000000000
1.5300000000 0.17980164335346410232 0.00000000000000000000
1.5400000000 0.17840240594973966193 0.00000000000000000000
1.5500000000 0.17703172882253956355 0.00000000000000000000
1.5600000000 0.17568887732667448631 0.00000000000000000000
1.5700000000 0.17437313871587400982 0.00000000000000000000
1.5800000000 0.17308382141620154426 0.00000000000000000000
1.5900000000 0.17182025432560435463 0.00000000000000000000
1.6000000000 0.17058178613862348683 0.00000000000000000000
1.6100000000 0.16936778469528859792 0.00000000000000000000
1.6200000000 0.16817763635328694671 0.00000000000000000000
1.6300000000 0.16701074538251670099 0.00000000000000000000
1.6400000000 0.16586653338116399969 0.00000000000000000000
1.6500000000 0.16474443871250482596 0.00000000000000000000
1.6600000000 0.16364391596164043485 0.00000000000000000000
1.6700000000 0.16256443541139892206 0.00000000000000000000
1.6800000000 0.16150548253671123677 0.00000000000000000000
1.6900000000 0.16046655751674246404 0.00000000000000000000
1.7000000000 0.15944717476410974477 0.00000000000000000000
1.7100000000 0.15844686247056807837 0.00000000000000000000
1.7200000000 0.15746516216852204928 0.00000000000000000000
1.7300000000 0.15650162830779759671 0.00000000000000000000
1.7400000000 0.15555582784708346655 0.00000000000000000000
1.7500000000 0.15462733985951226945 0.00000000000000000000
1.7600000000 0.15371575515184607297 0.00000000000000000000
1.7700000000 0.15282067589677367225 0.00000000000000000000
1.7800000000 0.15194171527782301956 0.00000000000000000000
1.7900000000 0.15107849714643140082 0.00000000000000000000
1.8000000000 0.15023065569073026926 0.00000000000000000000
1.8100000000 0.14939783511559515117 0.00000000000000000000
1.8200000000 0.14857968933358281505 0.00000000000000000000
1.8300000000 0.14777588166631042133 0.00000000000000000000
1.8400000000 0.14698608455594486255 0.00000000000000000000
1.8500000000 0.14620997928640158681 0.00000000000000000000
1.8600000000 0.14544725571390657026 0.00000000000000000000
1.8700000000 0.14469761200659833622 0.00000000000000000000
1.8800000000 0.14396075439281816322 0.00000000000000000000
1.8900000000 0.14323639691779424532 0.00000000000000000000
1.9000000000 0.14252426120841479862 0.00000000000000000000
1.9100000000 0.14182407624578838301 0.00000000000000000000
1.9200000000 0.14113557814532998180 0.00000000000000000000
1.9300000000 0.14045850994408592971 0.00000000000000000000
1.9400000000 0.13979262139505835294 0.00000000000000000000
1.9500000000 0.13913766876826147434 0.00000000000000000000
1.9600000000 0.13849341465828540754 0.00000000000000000000
1.9700000000 0.13785962779813057399 0.00000000000000000000
1.9800000000 0.13723608287909061509 0.00000000000000000000
1.9900000000 0.13662256037647863005 0.00000000000000000000
2.0000000000 0.13601884638097727631 0.00000000000000000000
2.0100000000 0.13542473243543126649 0.00000000000000000000
2.0200000000 0.13484001537688072858 0.00000000000000000000
2.0300000000 0.13426449718365748853 0.00000000000000000000
2.0400000000 0.13369798482736830469 0.00000000000000000000
2.0500000000 0.13314029012959310849 0.00000000000000000000
2.0600000000 0.13259122962313829586 0.00000000000000000000
2.0700000000 0.13205062441768319892 0.00000000000000000000
2.0800000000 0.13151830006967396569 0.00000000000000000000
2.0900000000 0.13099408645631263615 0.00000000000000000000
2.1000000000 0.13047781765351268435 0.00000000000000000000
2.1100000000 0.12996933181766306964 0.00000000000000000000
2.1200000000 0.12946847107110034947 0.00000000000000000000
2.1300000000 0.12897508139113858516 0.00000000000000000000
2.1400000000 0.12848901250254671225 0.00000000000000000000
2.1500000000 0.12801011777335866149 0.00000000000000000000
2.1600000000 0.12753825411389677069 0.00000000000000000000
2.1700000000 0.12707328187890523652 0.00000000000000000000
2.1800000000 0.12661506477269046655 0.00000000000000000000
2.1900000000 0.12616346975716216661 0.00000000000000000000
2.2000000000 0.12571836696268112732 0.00000000000000000000
2.2100000000 0.12527962960162389305 0.00000000000000000000
2.2200000000 0.12484713388456722405 0.00000000000000000000
2.2300000000 0.12442075893900959860 0.00000000000000000000
2.2400000000 0.12400038673054723792 0.00000000000000000000
2.2500000000 0.12358590198641751512 0.00000000000000000000
2.2600000000 0.12317719212134191353 0.00000000000000000000
2.2700000000 0.12277414716558220087 0.00000000000000000000
2.2800000000 0.12237665969514326114 0.00000000000000000000
2.2900000000 0.12198462476405602661 0.00000000000000000000
2.3000000000 0.12159793983866251654 0.00000000000000000000
2.3100000000 0.12121650473385027491 0.00000000000000000000
2.3200000000 0.12084022155116108665 0.00000000000000000000
2.3300000000 0.12046899461872360992 0.00000000000000000000
2.3400000000 0.12010273043294608653 0.00000000000000000000
2.3500000000 0.11974133760191298104 0.00000000000000000000
2.3600000000 0.11938472679042931579 0.00000000000000000000
2.3700000000 0.11903281066666869525 0.00000000000000000000
2.3800000000 0.11868550385035953054 0.00000000000000000000
2.3900000000 0.11834272286247532469 0.00000000000000000000
2.4000000000 0.11800438607636888622 0.00000000000000000000
2.4100000000 0.11767041367031741417 0.00000000000000000000
2.4200000000 0.11734072758141918247 0.00000000000000000000
2.4300000000 0.11701525146081565021 0.00000000000000000000
2.4400000000 0.11669391063018104415 0.00000000000000000000
2.4500000000 0.11637663203945443346 0.00000000000000000000
2.4600000000 0.11606334422576572440 0.00000000000000000000
2.4700000000 0.11575397727352179644 0.00000000000000000000
2.4800000000 0.11544846277561851555 0.00000000000000000000
2.4900000000 0.11514673379574090484 0.00000000000000000000
2.5000000000 0.11484872483171662538 0.00000000000000000000
2.5100000000 0.11455437177989893915 0.00000000000000000000
2.5200000000 0.11426361190053523076 0.00000000000000000000
2.5300000000 0.11397638378409939708 0.00000000000000000000
2.5400000000 0.11369262731855744875 0.00000000000000000000
2.5500000000 0.11341228365753565355 0.00000000000000000000
2.5600000000 0.11313529518936506213 0.00000000000000000000
2.5700000000 0.11286160550697578453 0.00000000000000000000
2.5800000000 0.11259115937861526036 0.00000000000000000000
2.5900000000 0.11232390271936826265 0.00000000000000000000
2.6000000000 0.11205978256344728550 0.00000000000000000000
2.6100000000 0.11179874703723896578 0.00000000000000000000
2.6200000000 0.11154074533308014350 0.00000000000000000000
2.6300000000 0.11128572768373905244 0.00000000000000000000
2.6400000000 0.11103364533758540433 0.00000000000000000000
2.6500000000 0.11078445053442681489 0.00000000000000000000
2.6600000000 0.11053809648199067195 0.00000000000000000000
2.6700000000 0.11029453733303555552 0.00000000000000000000
2.6800000000 0.11005372816307024131 0.00000000000000000000
2.6900000000 0.10981562494866572988 0.00000000000000000000
2.7000000000 0.10958018454633912386 0.00000000000000000000
2.7100000000 0.10934736467199632215 0.00000000000000000000
2.7200000000 0.10911712388091666937 0.00000000000000000000
2.7300000000 0.10888942154826071473 0.00000000000000000000
2.7400000000 0.10866421785008888168 0.00000000000000000000
2.7500000000 0.10844147374487798918 0.00000000000000000000
2.7600000000 0.10822115095551408659 0.00000000000000000000
2.7700000000 0.10800321195175874300 0.00000000000000000000
2.7800000000 0.10778761993316322843 0.00000000000000000000
2.7900000000 0.10757433881242793594 0.00000000000000000000
2.8000000000 0.10736333319918930918 0.00000000000000000000
2.8100000000 0.10715456838422043884 0.00000000000000000000
2.8200000000 0.10694801032404147034 0.00000000000000000000
2.8300000000 0.10674362562591625803 0.00000000000000000000
2.8400000000 0.10654138153323741700 0.00000000000000000000
2.8500000000 0.10634124591127788739 0.00000000000000000000
2.8600000000 0.10614318723330590233 0.00000000000000000000
2.8700000000 0.10594717456704895453 0.00000000000000000000
2.8800000000 0.10575317756149947568 0.00000000000000000000
2.8900000000 0.10556116643405380473 0.00000000000000000000
2.9000000000 0.10537111195796794449 0.00000000000000000000
2.9100000000 0.10518298545013372858 0.00000000000000000000
2.9200000000 0.10499675875915294443 0.00000000000000000000
2.9300000000 0.10481240425371299296 0.00000000000000000000
2.9400000000 0.10462989481124639057 0.00000000000000000000
2.9500000000 0.10444920380687414130 0.00000000000000000000
2.9600000000 0.10427030510261858787 0.00000000000000000000
2.9700000000 0.10409317303688267464 0.00000000000000000000
2.9800000000 0.10391778241418844764 0.00000000000000000000
2.9900000000 0.10374410849516312039 0.00000000000000000000
3.0000000000 0.10357212698677251139 0.00000000000000000000
3.0100000000 0.10340181403278962680 0.00000000000000000000
3.0200000000 0.10323314620449609846 0.00000000000000000000
3.0300000000 0.10306610049160740139 0.00000000000000000000
3.0400000000 0.10290065429341702097 0.00000000000000000000
3.0500000000 0.10273678541015457411 0.00000000000000000000
3.0600000000 0.10257447203454921059 0.00000000000000000000
3.0700000000 0.10241369274359751751 0.00000000000000000000
3.0800000000 0.10225442649052639277 0.00000000000000000000
3.0900000000 0.10209665259694623851 0.00000000000000000000
3.1000000000 0.10194035074519269823 0.00000000000000000000
3.1100000000 0.10178550097084748671 0.00000000000000000000
3.1200000000 0.10163208365543802136 0.00000000000000000000
3.1300000000 0.10148007951930632098 0.00000000000000000000
3.1400000000 0.10132946961464746327 0.00000000000000000000
3.1500000000 0.10118023531871078724 0.00000000000000000000
3.1600000000 0.10103235832715821985 0.00000000000000000000
3.1700000000 0.10088582064757989354 0.00000000000000000000
3.1800000000 0.10074060459315846427 0.00000000000000000000
3.1900000000 0.10059669277648164432 0.00000000000000000000
3.2000000000 0.10045406810349563620 0.00000000000000000000
3.2100000000 0.10031271376760145242 0.00000000000000000000
3.2200000000 0.10017261324388264387 0.00000000000000000000
3.2300000000 0.10003375028347002984 0.00000000000000000000
3.2400000000 0.09989610890803078680 0.00000000000000000000
3.2500000000 0.09975967340438664233 0.00000000000000000000
3.2600000000 0.09962442831925300002 0.00000000000000000000
3.2700000000 0.09949035845409781587 0.00000000000000000000
3.2800000000 0.09935744886011649291 0.00000000000000000000
3.2900000000 0.09922568483332090683 0.00000000000000000000
3.3000000000 0.09909505190973789956 0.00000000000000000000
3.3100000000 0.09896553586071656083 0.00000000000000000000
3.3200000000 0.09883712268834068948 0.00000000000000000000
3.3300000000 0.09870979862094289570 0.00000000000000000000
3.3400000000 0.09858355010871927560 0.00000000000000000000
3.3500000000 0.09845836381944113314 0.00000000000000000000
3.3600000000 0.09833422663426209798 0.00000000000000000000
3.3700000000 0.09821112564361857145 0.00000000000000000000
3.3800000000 0.09808904814321785237 0.00000000000000000000
3.3900000000 0.09796798163011918859 0.00000000000000000000
3.4000000000 0.09784791379889547225 0.00000000000000000000
3.4100000000 0.09772883253788343383 0.00000000000000000000
3.4200000000 0.09761072592551260640 0.00000000000000000000
3.4300000000 0.09749358222671551666 0.00000000000000000000
3.4400000000 0.09737738988941624374 0.00000000000000000000
3.4500000000 0.09726213754109344634 0.00000000000000000000
3.4600000000 0.09714781398541944002 0.00000000000000000000
3.4700000000 0.09703440819897003744 0.00000000000000000000
3.4800000000 0.09692190932800642811 0.00000000000000000000
3.4900000000 0.09681030668532486505 0.00000000000000000000
3.5000000000 0.09669958974717492162 0.00000000000000000000
3.5100000000 0.09658974815024243266 0.00000000000000000000
3.5200000000 0.09648077168869657882 0.00000000000000000000
3.5300000000 0.09637265031130107240 0.00000000000000000000
3.5400000000 0.09626537411858354654 0.00000000000000000000
3.5500000000 0.09615893336006876846 0.00000000000000000000
3.5600000000 0.09605331843156623972 0.00000000000000000000
3.5700000000 0.09594851987251687420 0.00000000000000000000
3.5800000000 0.09584452836339409088 0.00000000000000000000
3.5900000000 0.09574133472316093130 0.00000000000000000000
3.6000000000 0.09563892990677795580 0.00000000000000000000
3.6100000000 0.09553730500276444437 0.00000000000000000000
3.6200000000 0.09543645123080991832 0.00000000000000000000
3.6300000000 0.09533635993943403997 0.00000000000000000000
3.6400000000 0.09523702260369655559 0.00000000000000000000
3.6500000000 0.09513843082295203590 0.00000000000000000000
3.6600000000 0.09504057631865373001 0.00000000000000000000
3.6700000000 0.09494345093219853926 0.00000000000000000000
3.6800000000 0.09484704662282004983 0.00000000000000000000
3.6900000000 0.09475135546552095056 0.00000000000000000000
3.7000000000 0.09465636964904959594 0.00000000000000000000
3.7100000000 0.09456208147391691188 0.00000000000000000000
3.7200000000 0.09446848335045333889 0.00000000000000000000
3.7300000000 0.09437556779690488284 0.00000000000000000000
3.7400000000 0.09428332743756745460 0.00000000000000000000
3.7500000000 0.09419175500095905429 0.00000000000000000000
3.7600000000 0.09410084331802773261 0.00000000000000000000
3.7700000000 0.09401058532039567595 0.00000000000000000000
3.7800000000 0.09392097403863929050 0.00000000000000000000
3.7900000000 0.09383200260060065023 0.00000000000000000000
3.8000000000 0.09374366422973597068 0.00000000000000000000
3.8100000000 0.09365595224349346215 0.00000000000000000000
3.8200000000 0.09356886005172569687 0.00000000000000000000
3.8300000000 0.09348238115513099467 0.00000000000000000000
3.8400000000 0.09339650914372708834 0.00000000000000000000
3.8500000000 0.09331123769535398793 0.00000000000000000000
3.8600000000 0.09322656057420532216 0.00000000000000000000
3.8700000000 0.09314247162938948943 0.00000000000000000000
3.8800000000 0.09305896479351825901 0.00000000000000000000
3.8900000000 0.09297603408132205927 0.00000000000000000000
3.9000000000 0.09289367358829300758 0.00000000000000000000
3.9100000000 0.09281187748935346149 0.00000000000000000000
3.9200000000 0.09273064003755002171 0.00000000000000000000
3.9300000000 0.09264995556277344502 0.00000000000000000000
3.9400000000 0.09256981847050144152 0.00000000000000000000
3.9500000000 0.09249022324056760391 0.00000000000000000000
3.9600000000 0.09241116442595155578 0.00000000000000000000
3.9700000000 0.09233263665159330280 0.00000000000000000000
3.9800000000 0.09225463461323038517 0.00000000000000000000
3.9900000000 0.09217715307625527765 0.00000000000000000000
4.0000000000 0.09210018687459604891 0.00000000000000000000
4.0100000000 0.09202373090961771251 0.00000000000000000000
4.0200000000 0.09194778014904278485 0.00000000000000000000
4.0300000000 0.09187232962589418628 0.00000000000000000000
4.0400000000 0.09179737443745569769 0.00000000000000000000
4.0500000000 0.09172290974425380272 0.00000000000000000000
4.0600000000 0.09164893076905618330 0.00000000000000000000
4.0700000000 0.09157543279589121232 0.00000000000000000000
4.0800000000 0.09150241116908339190 0.00000000000000000000
4.0900000000 0.09142986129230765147 0.00000000000000000000
4.1000000000 0.09135777862766092383 0.00000000000000000000
4.1100000000 0.09128615869475055489 0.00000000000000000000
4.1200000000 0.09121499706979936672 0.00000000000000000000
4.1300000000 0.09114428938476688835 0.00000000000000000000
4.1400000000 0.09107403132648743405 0.00000000000000000000
4.1500000000 0.09100421863582228155 0.00000000000000000000
4.1600000000 0.09093484710682860073 0.00000000000000000000
4.1700000000 0.09086591258594271803 0.00000000000000000000
4.1800000000 0.09079741097117827175 0.00000000000000000000
4.1900000000 0.09072933821133853660 0.00000000000000000000
4.2000000000 0.09066169030524277861 0.00000000000000000000
4.2100000000 0.09059446330096775080 0.00000000000000000000
4.2200000000 0.09052765329509998571 0.00000000000000000000
4.2300000000 0.09046125643200493560 0.00000000000000000000
4.2400000000 0.09039526890310527196 0.00000000000000000000
4.2500000000 0.09032968694617536654 0.00000000000000000000
4.2600000000 0.09026450684464611129 0.00000000000000000000
4.2700000000 0.09019972492692239496 0.00000000000000000000
4.2800000000 0.09013533756571333322 0.00000000000000000000
4.2900000000 0.09007134117737314316 0.00000000000000000000
4.3000000000 0.09000773222125442452 0.00000000000000000000
4.3100000000 0.08994450719907234881 0.00000000000000000000
4.3200000000 0.08988166265427945112 0.00000000000000000000
4.3300000000 0.08981919517145277310 0.00000000000000000000
4.3400000000 0.08975710137568922165 0.00000000000000000000
4.3500000000 0.08969537793201377840 0.00000000000000000000
4.3600000000 0.08963402154479674366 0.00000000000000000000
4.3700000000 0.08957302895718059765 0.00000000000000000000
4.3800000000 0.08951239695051760314 0.00000000000000000000
4.3900000000 0.08945212234381655358 0.00000000000000000000
4.4000000000 0.08939220199319893034 0.00000000000000000000
4.4100000000 0.08933263279136460788 0.00000000000000000000
4.4200000000 0.08927341166706627418 0.00000000000000000000
4.4300000000 0.08921453558459278843 0.00000000000000000000
4.4400000000 0.08915600154326193405 0.00000000000000000000
4.4500000000 0.08909780657692038808 0.00000000000000000000
4.4600000000 0.08903994775345379364 0.00000000000000000000
4.4700000000 0.08898242217430311907 0.00000000000000000000
4.4800000000 0.08892522697399095344 0.00000000000000000000
4.4900000000 0.08886835931965474111 0.00000000000000000000
4.5000000000 0.08881181641058759346 0.00000000000000000000
4.5100000000 0.08875559547778748282 0.00000000000000000000
4.5200000000 0.08869969378351300060 0.00000000000000000000
4.5300000000 0.08864410862084755316 0.00000000000000000000
4.5400000000 0.08858883731326998301 0.00000000000000000000
4.5500000000 0.08853387721423189305 0.00000000000000000000
4.5600000000 0.08847922570674306153 0.00000000000000000000
4.5700000000 0.08842488020296283835 0.00000000000000000000
4.5800000000 0.08837083814379831370 0.00000000000000000000
4.5900000000 0.08831709699850907869 0.00000000000000000000
4.6000000000 0.08826365426431873051 0.00000000000000000000
4.6100000000 0.08821050746603205372 0.00000000000000000000
4.6200000000 0.08815765415565894603 0.00000000000000000000
4.6300000000 0.08810509191204386747 0.00000000000000000000
4.6400000000 0.08805281834050249223 0.00000000000000000000
4.6500000000 0.08800083107246226000 0.00000000000000000000
4.6600000000 0.08794912776511010222 0.00000000000000000000
4.6700000000 0.08789770610104581661 0.00000000000000000000
4.6800000000 0.08784656378794011844 0.00000000000000000000
4.6900000000 0.08779569855819845114 0.00000000000000000000
4.7000000000 0.08774510816863098639 0.00000000000000000000
4.7100000000 0.08769479040012663484 0.00000000000000000000
4.7200000000 0.08764474305733266357 0.00000000000000000000
4.7300000000 0.08759496396833975351 0.00000000000000000000
4.7400000000 0.08754545098437109540 0.00000000000000000000
4.7500000000 0.08749620197947799438 0.00000000000000000000
4.7600000000 0.08744721485023805585 0.00000000000000000000
4.7700000000 0.08739848751545971350 0.00000000000000000000
4.7800000000 0.08735001791589104558 0.00000000000000000000
4.7900000000 0.08730180401393251854 0.00000000000000000000
4.8000000000 0.08725384379335497653 0.00000000000000000000
4.8100000000 0.08720613525902146113 0.00000000000000000000
4.8200000000 0.08715867643661340258 0.00000000000000000000
4.8300000000 0.08711146537236123810 0.00000000000000000000
4.8400000000 0.08706450013277891586 0.00000000000000000000
4.8500000000 0.08701777880440275670 0.00000000000000000000
4.8600000000 0.08697129949353404887 0.00000000000000000000
4.8700000000 0.08692506032598554255 0.00000000000000000000
4.8800000000 0.08687905944683231574 0.00000000000000000000
4.8900000000 0.08683329502016540191 0.00000000000000000000
4.9000000000 0.08678776522885033040 0.00000000000000000000
4.9100000000 0.08674246827428874762 0.00000000000000000000
4.9200000000 0.08669740237618320244 0.00000000000000000000
4.9300000000 0.08665256577230628920 0.00000000000000000000
4.9400000000 0.08660795671827289932 0.00000000000000000000
4.9500000000 0.08656357348731569257 0.00000000000000000000
4.9600000000 0.08651941437006421820 0.00000000000000000000
4.9700000000 0.08647547767432718635 0.00000000000000000000
4.9800000000 0.08643176172487795905 0.00000000000000000000
4.9900000000 0.08638826486324337195 0.00000000000000000000
5.0000000000 0.08634498544749553972 0.00000000000000000000
