0.1000000000 2.14042868705690469966 0.00000000000000000000
0.1100000000 2.08358017182980148618 0.00000000000000000000
0.1200000000 2.02794075970281939547 0.00000000000000000000
0.1300000000 1.97351558932446202732 0.00000000000000000000
0.1400000000 1.92030752397573922785 0.00000000000000000000
0.1500000000 1.86831721824513663499 0.00000000000000000000
0.1600000000 1.81754319532356078959 0.00000000000000000000
0.1700000000 1.76798193366373945778 0.00000000000000000000
0.1800000000 1.71962796170221587921 0.00000000000000000000
0.1900000000 1.67247395932186226908 0.00000000000000000000
0.2000000000 1.62651086473703432311 0.00000000000000000000
0.2100000000 1.58172798551002768974 0.00000000000000000000
0.2200000000 1.53811311245357762445 0.00000000000000000000
0.2300000000 1.49565263523706293292 0.00000000000000000000
0.2400000000 1.45433165859064006398 0.00000000000000000000
0.2500000000 1.41413411808884337262 0.00000000000000000000
0.2600000000 1.37504289459012918329 0.00000000000000000000
0.2700000000 1.33703992650868541681 0.00000000000000000000
0.2800000000 1.30010631919695773817 0.00000000000000000000
0.2900000000 1.26422245081944240042 0.00000000000000000000
0.3000000000 1.22936807419839411182 0.00000000000000000000
0.3100000000 1.19552241420845906106 0.00000000000000000000
0.3200000000 1.16266426038859704839 0.00000000000000000000
0.3300000000 1.13077205452489604198 0.00000000000000000000
0.3400000000 1.09982397303626489027 0.00000000000000000000
0.3500000000 1.06979800406612657326 0.00000000000000000000
0.3600000000 1.04067201924670382773 0.00000000000000000000
0.3700000000 1.01242384015847131096 0.00000000000000000000
0.3800000000 0.98503129955577628518 0.00000000000000000000
0.3900000000 0.95847229747091533536 0.00000000000000000000
0.4000000000 0.93272485234336954818 0.00000000000000000000
0.4100000000 0.90776714734900210146 0.00000000000000000000
0.4200000000 0.88357757212616705456 0.00000000000000000000
0.4300000000 0.86013476011262279819 0.00000000000000000000
0.4400000000 0.83741762171916445112 0.00000000000000000000
0.4500000000 0.81540537357381626116 0.00000000000000000000
0.4600000000 0.79407756407455265535 0.00000000000000000000
0.4700000000 0.77341409548953909958 0.00000000000000000000
0.4800000000 0.75339524284213943428 0.00000000000000000000
0.4900000000 0.73400166981395664756 0.00000000000000000000
0.5000000000 0.71521444189337957109 0.00000000000000000000
0.5100000000 0.69701503698972833156 0.00000000000000000000
0.5200000000 0.67938535372467068196 0.00000000000000000000
0.5300000000 0.66230771760320039654 0.00000000000000000000
0.5400000000 0.64576488525652364636 0.00000000000000000000
0.5500000000 0.62974004693883267603 0.00000000000000000000
0.5600000000 0.61421682744939665177 0.00000000000000000000
0.5700000000 0.59917928564073863473 0.00000000000000000000
0.5800000000 0.58461191266318124349 0.00000000000000000000
0.5900000000 0.57049962908562057429 0.00000000000000000000
0.6000000000 0.55682778102234897766 0.00000000000000000000
0.6100000000 0.54358213538595734349 0.00000000000000000000
0.6200000000 0.53074887437698992088 0.00000000000000000000
0.6300000000 0.51831458931208551633 0.00000000000000000000
0.6400000000 0.50626627388383638184 0.00000000000000000000
0.6500000000 0.49459131693754515569 0.00000000000000000000
0.6600000000 0.48327749484254584056 0.00000000000000000000
0.6700000000 0.47231296352858409549 0.00000000000000000000
0.6800000000 0.46168625025121795558 0.00000000000000000000
0.6900000000 0.45138624514389896758 0.00000000000000000000
0.7000000000 0.44140219260882768149 0.00000000000000000000
0.7100000000 0.43172368259316029615 0.00000000000000000000
0.7200000000 0.42234064179242963855 0.00000000000000000000
0.7300000000 0.41324332481837583453 0.00000000000000000000
0.7400000000 0.40442230536430845422 0.00000000000000000000
0.7500000000 0.39586846739728775990 0.00000000000000000000
0.7600000000 0.38757299640290587828 0.00000000000000000000
0.7700000000 0.37952737070529901642 0.00000000000000000000
0.7800000000 0.37172335288207619675 0.00000000000000000000
0.7900000000 0.36415298129125445170 0.00000000000000000000
0.8000000000 0.35680856172487751543 0.00000000000000000000
0.8100000000 0.34968265920182411977 0.00000000000000000000
0.8200000000 0.34276808991030799367 0.00000000000000000000
0.8300000000 0.33605791330895901092 0.00000000000000000000
0.8400000000 0.32954542439355327677 0.00000000000000000000
0.8500000000 0.32322414613524041993 0.00000000000000000000
0.8600000000 0.31708782209472963221 0.00000000000000000000
0.8700000000 0.31113040921578560827 0.00000000000000000000
0.8800000000 0.30534607080034481541 0.00000000000000000000
0.8900000000 0.29972916966672707995 0.00000000000000000000
0.9000000000 0.29427426149149432666 0.00000000000000000000
0.9100000000 0.28897608833497989700 0.00000000000000000000
0.9200000000 0.28382957234967892690 0.00000000000000000000
0.9300000000 0.27882980967041909315 0.00000000000000000000
0.9400000000 0.27397206448432465109 0.00000000000000000000
0.9500000000 0.26925176327888722394 0.00000000000000000000
0.9600000000 0.26466448926515551143 0.00000000000000000000
0.9700000000 0.26020597697379777014 0.00000000000000000000
0.9800000000 0.25587210702047252786 0.00000000000000000000
0.9900000000 0.25165890103794735788 0.00000000000000000000
1.0000000000 0.24756251677020510438 0.00000000000000000000
1.0100000000 0.24357924332808325585 0.00000000000000000000
1.0200000000 0.23970549659835047041 0.00000000000000000000
1.0300000000 0.23593781480506031967 0.00000000000000000000
1.0400000000 0.23227285422077062482 0.00000000000000000000
1.0500000000 0.22870738502059612118 0.00000000000000000000
1.0600000000 0.22523828727720615617 0.00000000000000000000
1.0700000000 0.22186254709231598148 0.00000000000000000000
1.0800000000 0.21857725286102364093 0.00000000000000000000
1.0900000000 0.21537959166488870877 0.00000000000000000000
1.1000000000 0.21226684579020935195 0.00000000000000000000
1.1100000000 0.20923638936749239248 0.00000000000000000000
1.1200000000 0.20628568512856707007 0.00000000000000000000
1.1300000000 0.20341228127754121258 0.00000000000000000000
1.1400000000 0.20061380847213447498 0.00000000000000000000
1.1500000000 0.19788797691170884052 0.00000000000000000000
1.1600000000 0.19523257352864012426 0.00000000000000000000
1.1700000000 0.19264545927959347837 0.00000000000000000000
1.1800000000 0.19012456653339745993 0.00000000000000000000
1.1900000000 0.18766789655226667755 0.00000000000000000000
1.2000000000 0.18527351706324987624 0.00000000000000000000
1.2100000000 0.18293955991681301598 0.00000000000000000000
1.2200000000 0.18066421882956851253 0.00000000000000000000
1.2300000000 0.17844574720823114244 0.00000000000000000000
1.2400000000 0.17628245605201992019 0.00000000000000000000
1.2500000000 0.17417271193070335555 0.00000000000000000000
1.2600000000 0.17211493503567720786 0.00000000000000000000
1.2700000000 0.17010759730145888491 0.00000000000000000000
1.2800000000 0.16814922059512543706 0.00000000000000000000
1.2900000000 0.16623837497125329432 0.00000000000000000000
1.3000000000 0.16437367699001806387 0.00000000000000000000
1.3100000000 0.16255378809619483449 0.00000000000000000000
1.3200000000 0.16077741305684623008 0.00000000000000000000
1.3300000000 0.15904329845559858625 0.00000000000000000000
1.3400000000 0.15735023124143346362 0.00000000000000000000
1.3500000000 0.15569703733001660773 0.00000000000000000000
1.3600000000 0.15408258025566148874 0.00000000000000000000
1.3700000000 0.15250575987206646533 0.00000000000000000000
1.3800000000 0.15096551110004380325 0.00000000000000000000
1.3900000000 0.14946080272052184035 0.00000000000000000000
1.4000000000 0.14799063621114813549 0.00000000000000000000
1.4100000000 0.14655404462490162487 0.00000000000000000000
1.4200000000 0.14515009150917199121 0.00000000000000000000
1.4300000000 0.14377786986378743306 0.00000000000000000000
1.4400000000 0.14243650113659489520 0.00000000000000000000
1.4500000000 0.14112513425516665100 0.00000000000000000000
1.4600000000 0.13984294469333016786 0.00000000000000000000
1.4700000000 0.13858913357121530052 0.00000000000000000000
1.4800000000 0.13736292678758763031 0.00000000000000000000
1.4900000000 0.13616357418327398876 0.00000000000000000000
1.5000000000 0.13499034873452264716 0.00000000000000000000
1.5100000000 0.13384254577520054985 0.00000000000000000000
1.5200000000 0.13271948224675664263 0.00000000000000000000
1.5300000000 0.13162049597492087027 0.00000000000000000000
1.5400000000 0.13054494497215349269 0.00000000000000000000
1.5500000000 0.12949220676489442416 0.00000000000000000000
1.5600000000 0.12846167774468691958 0.00000000000000000000
1.5700000000 0.12745277254231063280 0.00000000000000000000
1.5800000000 0.12646492342404760945 0.00000000000000000000
1.5900000000 0.12549757970929356632 0.00000000000000000000
1.6000000000 0.12455020720870803308 0.00000000000000000000
1.6100000000 0.12362228768214672536 0.00000000000000000000
1.6200000000 0.12271331831565915338 0.00000000000000000000
1.6300000000 0.12182281121683870284 0.00000000000000000000
1.6400000000 0.12095029292785189345 0.00000000000000000000
1.6500000000 0.12009530395550467585 0.00000000000000000000
1.6600000000 0.11925739831770673649 0.00000000000000000000
1.6700000000 0.11843614310574815396 0.00000000000000000000
1.6800000000 0.11763111806179425700 0.00000000000000000000
1.6900000000 0.11684191517105595171 0.00000000000000000000
1.7000000000 0.11606813826808617951 0.00000000000000000000
1.7100000000 0.11530940265669201161 0.00000000000000000000
1.7200000000 0.11456533474297127262 0.00000000000000000000
1.7300000000 0.11383557168098654144 0.00000000000000000000
1.7400000000 0.11311976103062310051 0.00000000000000000000
1.7500000000 0.11241756042718419051 0.00000000000000000000
1.7600000000 0.11172863726229904924 0.00000000000000000000
1.7700000000 0.11105266837574329086 0.00000000000000000000
1.7800000000 0.11038933975775168383 0.00000000000000000000
1.7900000000 0.10973834626147901949 0.00000000000000000000
1.8000000000 0.10909939132521290217 0.00000000000000000000
1.8100000000 0.10847218670400461671 0.00000000000000000000
1.8200000000 0.10785645221037265529 0.00000000000000000000
1.8300000000 0.10725191546375656415 0.00000000000000000000
1.8400000000 0.10665831164840301748 0.00000000000000000000
1.8500000000 0.10607538327939078360 0.00000000000000000000
1.8600000000 0.10550287997649251959 0.00000000000000000000
1.8700000000 0.10494055824560195866 0.00000000000000000000
1.8800000000 0.10438818126745906534 0.00000000000000000000
1.8900000000 0.10384551869340340191 0.00000000000000000000
1.9000000000 0.10331234644791716104 0.00000000000000000000
1.9100000000 0.10278844653771383733 0.00000000000000000000
1.9200000000 0.10227360686713714288 0.00000000000000000000
1.9300000000 0.10176762105965439509 0.00000000000000000000
1.9400000000 0.10127028828522523229 0.00000000000000000000
1.9500000000 0.10078141309333929487 0.00000000000000000000
1.9600000000 0.10030080525152557103 0.00000000000000000000
1.9700000000 0.09982827958914437805 0.00000000000000000000
1.9800000000 0.09936365584626848102 0.00000000000000000000
1.9900000000 0.09890675852748619101 0.00000000000000000000
2.0000000000 0.09845741676044807156 0.00000000000000000000
2.0100000000 0.09801546415899703435 0.00000000000000000000
2.0200000000 0.09758073869071791362 0.00000000000000000000
2.0300000000 0.09715308254875928973 0.00000000000000000000
2.0400000000 0.09673234202777440671 0.00000000000000000000
2.0500000000 0.09631836740384339124 0.00000000000000000000
2.0600000000 0.09591101281823881386 0.00000000000000000000
2.0700000000 0.09551013616489952007 0.00000000000000000000
2.0800000000 0.09511559898149174463 0.00000000000000000000
2.0900000000 0.09472726634392823752 0.00000000000000000000
2.1000000000 0.09434500676423340781 0.00000000000000000000
2.1100000000 0.09396869209163469239 0.00000000000000000000
2.1200000000 0.09359819741677594118 0.00000000000000000000
2.1300000000 0.09323340097894373957 0.00000000000000000000
2.1400000000 0.09287418407620594285 0.00000000000000000000
2.1500000000 0.09252043097836214203 0.00000000000000000000
2.1600000000 0.09217202884261543883 0.00000000000000000000
2.1700000000 0.09182886763186962065 0.00000000000000000000
2.1800000000 0.09149084003556534617 0.00000000000000000000
2.1900000000 0.09115784139297285205 0.00000000000000000000
2.2000000000 0.09082976961885388945 0.00000000000000000000
2.2100000000 0.09050652513141951849 0.00000000000000000000
2.2200000000 0.09018801078250118786 0.00000000000000000000
2.2300000000 0.08987413178986985995 0.00000000000000000000
2.2400000000 0.08956479567162341227 0.00000000000000000000
2.2500000000 0.08925991218257990634 0.00000000000000000000
2.2600000000 0.08895939325260904251 0.00000000000000000000
2.2700000000 0.08866315292683521476 0.00000000000000000000
2.2800000000 0.08837110730765572464 0.00000000000000000000
2.2900000000 0.08808317449851078840 0.00000000000000000000
2.3000000000 0.08779927454935003428 0.00000000000000000000
2.3100000000 0.08751932940374010372 0.00000000000000000000
2.3200000000 0.08724326284755690164 0.00000000000000000000
2.3300000000 0.08697100045921687950 0.00000000000000000000
2.3400000000 0.08670246956139272820 0.00000000000000000000
2.3500000000 0.08643759917416622696 0.00000000000000000000
2.3600000000 0.08617631996957379747 0.00000000000000000000
2.3700000000 0.08591856422749975797 0.00000000000000000000
2.3800000000 0.08566426579287053644 0.00000000000000000000
2.3900000000 0.08541336003411290068 0.00000000000000000000
2.4000000000 0.08516578380283280902 0.00000000000000000000
2.4100000000 0.08492147539467773121 0.00000000000000000000
2.4200000000 0.08468037451134208249 0.00000000000000000000
2.4300000000 0.08444242222368367190 0.00000000000000000000
2.4400000000 0.08420756093591198754 0.00000000000000000000
2.4500000000 0.08397573435081712168 0.00000000000000000000
2.4600000000 0.08374688743600391949 0.00000000000000000000
2.4700000000 0.08352096639110405396 0.00000000000000000000
2.4800000000 0.08329791861593022206 0.00000000000000000000
2.4900000000 0.08307769267954563663 0.00000000000000000000
2.5000000000 0.08286023829022244602 0.00000000000000000000
2.5100000000 0.08264550626625623286 0.00000000000000000000
2.5200000000 0.08243344850761238907 0.00000000000000000000
2.5300000000 0.08222401796838249566 0.00000000000000000000
2.5400000000 0.08201716863001753954 0.00000000000000000000
2.5500000000 0.08181285547532132774 0.00000000000000000000
2.5600000000 0.08161103446317705123 0.00000000000000000000
2.5700000000 0.08141166250398494675 0.00000000000000000000
2.5800000000 0.08121469743578969835 0.00000000000000000000
2.5900000000 0.08102009800107684567 0.00000000000000000000
2.6000000000 0.08082782382421525857 0.00000000000000000000
2.6100000000 0.08063783538953180063 0.00000000000000000000
2.6200000000 0.08045009401999043963 0.00000000000000000000
2.6300000000 0.08026456185646659025 0.00000000000000000000
2.6400000000 0.08008120183759143140 0.00000000000000000000
2.6500000000 0.07989997768015306978 0.00000000000000000000
2.6600000000 0.07972085386003634200 0.00000000000000000000
2.6700000000 0.07954379559368529584 0.00000000000000000000
2.6800000000 0.07936876882007280753 0.00000000000000000000
2.6900000000 0.07919574018316329067 0.00000000000000000000
2.7000000000 0.07902467701484973406 0.00000000000000000000
2.7100000000 0.07885554731835707487 0.00000000000000000000
2.7200000000 0.07868831975209313045 0.00000000000000000000
2.7300000000 0.07852296361393495960 0.00000000000000000000
2.7400000000 0.07835944882594100824 0.00000000000000000000
2.7500000000 0.07819774591947026288 0.00000000000000000000
2.7600000000 0.07803782602070323537 0.00000000000000000000
2.7700000000 0.07787966083654804250 0.00000000000000000000
2.7800000000 0.07772322264092261512 0.00000000000000000000
2.7900000000 0.07756848426140094954 0.00000000000000000000
2.8000000000 0.07741541906621508817 0.00000000000000000000
2.8100000000 0.07726400095159781378 0.00000000000000000000
2.8200000000 0.07711420432946231029 0.00000000000000000000
2.8300000000 0.07696600411540355235 0.00000000000000000000
2.8400000000 0.07681937571701569212 0.00000000000000000000
2.8500000000 0.07667429502251414675 0.00000000000000000000
2.8600000000 0.07653073838965608611 0.00000000000000000000
2.8700000000 0.07638868263494734412 0.00000000000000000000
2.8800000000 0.07624810502313063287 0.00000000000000000000
2.8900000000 0.07610898325694652466 0.00000000000000000000
2.9000000000 0.07597129546715761239 0.00000000000000000000
2.9100000000 0.07583502020282886780 0.00000000000000000000
2.9200000000 0.07570013642186092240 0.00000000000000000000
2.9300000000 0.07556662348176215738 0.00000000000000000000
2.9400000000 0.07543446113065835346 0.00000000000000000000
2.9500000000 0.07530362949853180998 0.00000000000000000000
2.9600000000 0.07517410908868167596 0.00000000000000000000
2.9700000000 0.07504588076940238439 0.00000000000000000000
2.9800000000 0.07491892576587155794 0.00000000000000000000
2.9900000000 0.07479322565224180708 0.00000000000000000000
3.0000000000 0.07466876234393279854 0.00000000000000000000
3.0100000000 0.07454551809011616959 0.00000000000000000000
3.0200000000 0.07442347546638790334 0.00000000000000000000
3.0300000000 0.07430261736762354408 0.00000000000000000000
3.0400000000 0.07418292700101247750 0.00000000000000000000
3.0500000000 0.07406438787926300504 0.00000000000000000000
3.0600000000 0.07394698381397776799 0.00000000000000000000
3.0700000000 0.07383069890919038980 0.00000000000000000000
3.0800000000 0.07371551755506358661 0.00000000000000000000
3.0900000000 0.07360142442174012756 0.00000000000000000000
3.1000000000 0.07348840445334572924 0.00000000000000000000
3.1100000000 0.07337644286213708400 0.00000000000000000000
3.1200000000 0.07326552512279399521 0.00000000000000000000
3.1300000000 0.07315563696684843076 0.00000000000000000000
3.1400000000 0.07304676437725034222 0.00000000000000000000
3.1500000000 0.07293889358306303305 0.00000000000000000000
3.1600000000 0.07283201105428808997 0.00000000000000000000
3.1700000000 0.07272610349681354891 0.00000000000000000000
3.1800000000 0.07262115784748247871 0.00000000000000000000
3.1900000000 0.07251716126928221817 0.00000000000000000000
3.2000000000 0.07241410114664494080 0.00000000000000000000
3.2100000000 0.07231196508086240593 0.00000000000000000000
3.2200000000 0.07221074088560866522 0.00000000000000000000
3.2300000000 0.07211041658256771292 0.00000000000000000000
3.2400000000 0.07201098039716620491 0.00000000000000000000
3.2500000000 0.07191242075440489046 0.00000000000000000000
3.2600000000 0.07181472627478872883 0.00000000000000000000
3.2700000000 0.07171788577035183299 0.00000000000000000000
3.2800000000 0.07162188824077572735 0.00000000000000000000
3.2900000000 0.07152672286959681214 0.00000000000000000000
3.3000000000 0.07143237902050354748 0.00000000000000000000
3.3100000000 0.07133884623371775091 0.00000000000000000000
3.3200000000 0.07124611422246049375 0.00000000000000000000
3.3300000000 0.07115417286949869691 0.00000000000000000000
3.3400000000 0.07106301222377142679 0.00000000000000000000
3.3500000000 0.07097262249709383741 0.00000000000000000000
3.3600000000 0.07088299406093517829 0.00000000000000000000
3.3700000000 0.07079411744327160361 0.00000000000000000000
3.3800000000 0.07070598332550920295 0.00000000000000000000
3.3900000000 0.07061858253947815578 0.00000000000000000000
3.4000000000 0.07053190606449319389 0.00000000000000000000
3.4100000000 0.07044594502448194018 0.00000000000000000000
3.4200000000 0.07036069068517619707 0.00000000000000000000
3.4300000000 0.07027613445136762782 0.00000000000000000000
3.4400000000 0.07019226786422413933 0.00000000000000000000
3.4500000000 0.07010908259866538428 0.00000000000000000000
3.4600000000 0.07002657046079822922 0.00000000000000000000
3.4700000000 0.06994472338540780321 0.00000000000000000000
3.4800000000 0.06986353343350430734 0.00000000000000000000
3.4900000000 0.06978299278992432242 0.00000000000000000000
3.5000000000 0.06970309376098413057 0.00000000000000000000
3.5100000000 0.06962382877218591115 0.00000000000000000000
3.5200000000 0.06954519036597225923 0.00000000000000000000
3.5300000000 0.06946717119953103869 0.00000000000000000000
3.5400000000 0.06938976404264768361 0.00000000000000000000
3.5500000000 0.06931296177560404559 0.00000000000000000000
3.5600000000 0.06923675738712226080 0.00000000000000000000
3.5700000000 0.06916114397235402500 0.00000000000000000000
3.5800000000 0.06908611473091223754 0.00000000000000000000
3.5900000000 0.06901166296494547214 0.00000000000000000000
3.6000000000 0.06893778207725290152 0.00000000000000000000
3.6100000000 0.06886446556944061936 0.00000000000000000000
3.6200000000 0.06879170704011636217 0.00000000000000000000
3.6300000000 0.06871950018312282527 0.00000000000000000000
3.6400000000 0.06864783878580839327 0.00000000000000000000
3.6500000000 0.06857671672733421653 0.00000000000000000000
3.6600000000 0.06850612797701768897 0.00000000000000000000
3.6700000000 0.06843606659270951020 0.00000000000000000000
3.6800000000 0.06836652671920590008 0.00000000000000000000
3.6900000000 0.06829750258669337049 0.00000000000000000000
3.7000000000 0.06822898850922570757 0.00000000000000000000
3.7100000000 0.06816097888323356668 0.00000000000000000000
3.7200000000 0.06809346818606416829 0.00000000000000000000
3.7300000000 0.06802645097455101153 0.00000000000000000000
3.7400000000 0.06795992188361373032 0.00000000000000000000
3.7500000000 0.06789387562488649608 0.00000000000000000000
3.7600000000 0.06782830698537409275 0.00000000000000000000
3.7700000000 0.06776321082613656621 0.00000000000000000000
3.7800000000 0.06769858208099943653 0.00000000000000000000
3.7900000000 0.06763441575529072214 0.00000000000000000000
3.8000000000 0.06757070692460406813 0.00000000000000000000
3.8100000000 0.06750745073358566106 0.00000000000000000000
3.8200000000 0.06744464239474731726 0.00000000000000000000
3.8300000000 0.06738227718730162297 0.00000000000000000000
3.8400000000 0.06732035045602183243 0.00000000000000000000
3.8500000000 0.06725885761012399822 0.00000000000000000000
3.8600000000 0.06719779412217169456 0.00000000000000000000
3.8700000000 0.06713715552700176559 0.00000000000000000000
3.8800000000 0.06707693742067287468 0.00000000000000000000
3.8900000000 0.06701713545943321915 0.00000000000000000000
3.9000000000 0.06695774535870982480 0.00000000000000000000
3.9100000000 0.06689876289211738047 0.00000000000000000000
3.9200000000 0.06684018389048623776 0.00000000000000000000
3.9300000000 0.06678200424090978415 0.00000000000000000000
3.9400000000 0.06672421988581062058 0.00000000000000000000
3.9500000000 0.06666682682202437760 0.00000000000000000000
3.9600000000 0.06660982109990182254 0.00000000000000000000
3.9700000000 0.06655319882242785590 0.00000000000000000000
3.9800000000 0.06649695614435842395 0.00000000000000000000
3.9900000000 0.06644108927137297449 0.00000000000000000000
4.0000000000 0.06638559445924394065 0.00000000000000000000
4.0100000000 0.06633046801302207307 0.00000000000000000000
4.0200000000 0.06627570628623691285 0.00000000000000000000
4.0300000000 0.06622130568011336260 0.00000000000000000000
4.0400000000 0.06616726264280202441 0.00000000000000000000
4.0500000000 0.06611357366862515017 0.00000000000000000000
4.0600000000 0.06606023529733627553 0.00000000000000000000
4.0700000000 0.06600724411339425890 0.00000000000000000000
4.0800000000 0.06595459674525010196 0.00000000000000000000
4.0900000000 0.06590228986464874428 0.00000000000000000000
4.1000000000 0.06585032018594208503 0.00000000000000000000
4.1100000000 0.06579868446541631277 0.00000000000000000000
4.1200000000 0.06574737950063069825 0.00000000000000000000
4.1300000000 0.06569640212976954330 0.00000000000000000000
4.1400000000 0.06564574923100567616 0.00000000000000000000
4.1500000000 0.06559541772187538200 0.00000000000000000000
4.1600000000 0.06554540455866579574 0.00000000000000000000
4.1700000000 0.06549570673581255054 0.00000000000000000000
4.1800000000 0.06544632128530887549 0.00000000000000000000
4.1900000000 0.06539724527612617022 0.00000000000000000000
4.2000000000 0.06534847581364361391 0.00000000000000000000
4.2100000000 0.06530001003908939006 0.00000000000000000000
4.2200000000 0.06525184512899218081 0.00000000000000000000
4.2300000000 0.06520397829464144590 0.00000000000000000000
4.2400000000 0.06515640678155801280 0.00000000000000000000
4.2500000000 0.06510912786897506133 0.00000000000000000000
4.2600000000 0.06506213886932672719 0.00000000000000000000
4.2700000000 0.06501543712774728034 0.00000000000000000000
4.2800000000 0.06496902002157872724 0.00000000000000000000
4.2900000000 0.06492288495988673969 0.00000000000000000000
4.3000000000 0.06487702938298617328 0.00000000000000000000
4.3100000000 0.06483145076197421863 0.00000000000000000000
4.3200000000 0.06478614659827168498 0.00000000000000000000
4.3300000000 0.06474111442317348475 0.00000000000000000000
4.3400000000 0.06469635179740548803 0.00000000000000000000
4.3500000000 0.06465185631069023109 0.00000000000000000000
4.3600000000 0.06460762558131975808 0.00000000000000000000
4.3700000000 0.06456365725573623426 0.00000000000000000000
4.3800000000 0.06451994900811960920 0.00000000000000000000
4.3900000000 0.06447649853998227432 0.00000000000000000000
4.4000000000 0.06443330357977124223 0.00000000000000000000
4.4100000000 0.06439036188247665438 0.00000000000000000000
4.4200000000 0.06434767122924732463 0.00000000000000000000
4.4300000000 0.06430522942701306921 0.00000000000000000000
4.4400000000 0.06426303430811271256 0.00000000000000000000
4.4500000000 0.06422108372992993419 0.00000000000000000000
4.4600000000 0.06417937557453323727 0.00000000000000000000
4.4700000000 0.06413790774832432706 0.00000000000000000000
4.4800000000 0.06409667818169022258 0.00000000000000000000
4.4900000000 0.06405568482866329239 0.00000000000000000000
4.5000000000 0.06401492566658550931 0.00000000000000000000
4.5100000000 0.06397439869577908889 0.00000000000000000000
4.5200000000 0.06393410193922245688 0.00000000000000000000
4.5300000000 0.06389403344223189285 0.00000000000000000000
4.5400000000 0.06385419127214765622 0.00000000000000000000
4.5500000000 0.06381457351802662104 0.00000000000000000000
4.5600000000 0.06377517829033908792 0.00000000000000000000
4.5700000000 0.06373600372067085573 0.00000000000000000000
4.5800000000 0.06369704796143002556 0.00000000000000000000
4.5900000000 0.06365830918555925866 0.00000000000000000000
4.6000000000 0.06361978558625223934 0.00000000000000000000
4.6100000000 0.06358147537667457883 0.00000000000000000000
4.6200000000 0.06354337678968999259 0.00000000000000000000
4.6300000000 0.06350548807759057168 0.00000000000000000000
4.6400000000 0.06346780751183096758 0.00000000000000000000
4.6500000000 0.06343033338276805877 0.00000000000000000000
4.6600000000 0.06339306399940351777 0.00000000000000000000
4.6700000000 0.06335599768913156848 0.00000000000000000000
4.6800000000 0.06331913279749024070 0.00000000000000000000
4.6900000000 0.06328246768791678800 0.00000000000000000000
4.7000000000 0.06324600074150710238 0.00000000000000000000
4.7100000000 0.06320973035677862617 0.00000000000000000000
4.7200000000 0.06317365494943770476 0.00000000000000000000
4.7300000000 0.06313777295215015906 0.00000000000000000000
4.7400000000 0.06310208281431536892 0.00000000000000000000
4.7500000000 0.06306658300184439514 0.00000000000000000000
4.7600000000 0.06303127199694147365 0.00000000000000000000
4.7700000000 0.06299614829788829917 0.00000000000000000000
4.7800000000 0.06296121041883301350 0.00000000000000000000
4.7900000000 0.06292645688958127537 0.00000000000000000000
4.8000000000 0.06289188625539116062 0.00000000000000000000
4.8100000000 0.06285749707677130982 0.00000000000000000000
4.8200000000 0.06282328792928187911 0.00000000000000000000
4.8300000000 0.06278925740333893279 0.00000000000000000000
4.8400000000 0.06275540410402179192 0.00000000000000000000
4.8500000000 0.06272172665088293630 0.00000000000000000000
4.8600000000 0.06268822367776182014 0.00000000000000000000
4.8700000000 0.06265489383260022804 0.00000000000000000000
4.8800000000 0.06262173577726150298 0.00000000000000000000
4.8900000000 0.06258874818735245260 0.00000000000000000000
4.9000000000 0.06255592975204712913 0.00000000000000000000
4.9100000000 0.06252327917391438394 0.00000000000000000000
4.9200000000 0.06249079516874731649 0.00000000000000000000
4.9300000000 0.06245847646539563758 0.00000000000000000000
4.9400000000 0.06242632180560022531 0.00000000000000000000
4.9500000000 0.06239432994383094233 0.00000000000000000000
4.9600000000 0.06236249964712566735 0.00000000000000000000
4.9700000000 0.06233082969493305980 0.00000000000000000000
4.9800000000 0.06229931887895671927 0.00000000000000000000
4.9900000000 0.06226796600300226608 0.00000000000000000000
5.0000000000 0.06223676988282603184 0.00000000000000000000
