0.1000000000 1.09166826886778633998 0.00000000000000000000
0.1100000000 1.06488245381543067403 0.00000000000000000000
0.1200000000 1.03860746466921161080 0.00000000000000000000
0.1300000000 1.01284649325342646087 0.00000000000000000000
0.1400000000 0.98760187856546233220 0.00000000000000000000
0.1500000000 0.96287512497789828902 0.00000000000000000000
0.1600000000 0.93866692402058993228 0.00000000000000000000
0.1700000000 0.91497717941627954019 0.00000000000000000000
0.1800000000 0.89180503502541974559 0.00000000000000000000
0.1900000000 0.86914890534410726985 0.00000000000000000000
0.2000000000 0.84700650819305733918 0.00000000000000000000
0.2100000000 0.82537489923509199663 0.00000000000000000000
0.2200000000 0.80425050796324704105 0.00000000000000000000
0.2300000000 0.78362917481082450255 0.00000000000000000000
0.2400000000 0.76350618904796763164 0.00000000000000000000
0.2500000000 0.74387632714604245976 0.00000000000000000000
0.2600000000 0.72473389131063237212 0.00000000000000000000
0.2700000000 0.70607274790573626433 0.00000000000000000000
0.2800000000 0.68788636551516058049 0.00000000000000000000
0.2900000000 0.67016785241161525022 0.00000000000000000000
0.3000000000 0.65290999322909282210 0.00000000000000000000
0.3100000000 0.63610528465930171738 0.00000000000000000000
0.3200000000 0.61974597001780262762 0.00000000000000000000
0.3300000000 0.60382407254970760224 0.00000000000000000000
0.3400000000 0.58833142736805654760 0.00000000000000000000
0.3500000000 0.57325971194003533249 0.00000000000000000000
0.3600000000 0.55860047505683441127 0.00000000000000000000
0.3700000000 0.54434516424208889696 0.00000000000000000000
0.3800000000 0.53048515157131370668 0.00000000000000000000
0.3900000000 0.51701175789059305998 0.00000000000000000000
0.4000000000 0.50391627543691330793 0.00000000000000000000
0.4100000000 0.49118998887501474915 0.00000000000000000000
0.4200000000 0.47882419477648791029 0.00000000000000000000
0.4300000000 0.46681021957615898010 0.00000000000000000000
0.4400000000 0.45513943604863377201 0.00000000000000000000
0.4500000000 0.44380327835433697192 0.00000000000000000000
0.4600000000 0.43279325570956295177 0.00000000000000000000
0.4700000000 0.42210096473909231030 0.00000000000000000000
0.4800000000 0.41171810057287838713 0.00000000000000000000
0.4900000000 0.40163646675034020417 0.00000000000000000000
0.5000000000 0.39184798399697451377 0.00000000000000000000
0.5100000000 0.38234469793846420638 0.00000000000000000000
0.5200000000 0.37311878581724000625 0.00000000000000000000
0.5300000000 0.36416256227574722582 0.00000000000000000000
0.5400000000 0.35546848426946281441 0.00000000000000000000
0.5500000000 0.34702915517111582178 0.00000000000000000000
0.5600000000 0.33883732812571576432 0.00000000000000000000
0.5700000000 0.33088590871380740843 0.00000000000000000000
0.5800000000 0.32316795697810390964 0.00000000000000000000
0.5900000000 0.31567668886614413948 0.00000000000000000000
0.6000000000 0.30840547713910299032 0.00000000000000000000
0.6100000000 0.30134785179425871426 0.00000000000000000000
0.6200000000 0.29449750004598251873 0.00000000000000000000
0.6300000000 0.28784826590754125641 0.00000000000000000000
0.6400000000 0.28139414941333995568 0.00000000000000000000
0.6500000000 0.27512930551876713103 0.00000000000000000000
0.6600000000 0.26904804271227505952 0.00000000000000000000
0.6700000000 0.26314482137196143485 0.00000000000000000000
0.6800000000 0.25741425189659766781 0.00000000000000000000
0.6900000000 0.25185109263883365127 0.00000000000000000000
0.7000000000 0.24645024766622677936 0.00000000000000000000
0.7100000000 0.24120676437368085421 0.00000000000000000000
0.7200000000 0.23611583096903898671 0.00000000000000000000
0.7300000000 0.23117277385172194104 0.00000000000000000000
0.7400000000 0.22637305490265896557 0.00000000000000000000
0.7500000000 0.22171226870213323057 0.00000000000000000000
0.7600000000 0.21718613969069669456 0.00000000000000000000
0.7700000000 0.21279051928691483653 0.00000000000000000000
0.7800000000 0.20852138297438724268 0.00000000000000000000
0.7900000000 0.20437482736932505167 0.00000000000000000000
0.8000000000 0.20034706727881071431 0.00000000000000000000
0.8100000000 0.19643443275882302435 0.00000000000000000000
0.8200000000 0.19263336618020995838 0.00000000000000000000
0.8300000000 0.18894041930983471178 0.00000000000000000000
0.8400000000 0.18535225041334221774 0.00000000000000000000
0.8500000000 0.18186562138525225185 0.00000000000000000000
0.8600000000 0.17847739491137848411 0.00000000000000000000
0.8700000000 0.17518453166794561993 0.00000000000000000000
0.8800000000 0.17198408756119695773 0.00000000000000000000
0.8900000000 0.16887321101079533214 0.00000000000000000000
0.9000000000 0.16584914027975758422 0.00000000000000000000
0.9100000000 0.16290920085331550560 0.00000000000000000000
0.9200000000 0.16005080286866116279 0.00000000000000000000
0.9300000000 0.15727143859715173035 0.00000000000000000000
0.9400000000 0.15456867998026041500 0.00000000000000000000
0.9500000000 0.15194017622022190639 0.00000000000000000000
0.9600000000 0.14938365142618251213 0.00000000000000000000
0.9700000000 0.14689690231618349192 0.00000000000000000000
0.9800000000 0.14447779597534432527 0.00000000000000000000
0.9900000000 0.14212426767032515507 0.00000000000000000000
1.0000000000 0.13983431871987442308 0.00000000000000000000
1.0100000000 0.13760601442132730510 0.00000000000000000000
1.0200000000 0.13543748203254468709 0.00000000000000000000
1.0300000000 0.13332690880904601860 0.00000000000000000000
1.0400000000 0.13127254009530753276 0.00000000000000000000
1.0500000000 0.12927267746997839204 0.00000000000000000000
1.0600000000 0.12732567694395879876 0.00000000000000000000
1.0700000000 0.12542994721064271157 0.00000000000000000000
1.0800000000 0.12358394794734076094 0.00000000000000000000
1.0900000000 0.12178618816702439787 0.00000000000000000000
1.1000000000 0.12003522461934849896 0.00000000000000000000
1.1100000000 0.11832966023998510441 0.00000000000000000000
1.1200000000 0.11666814264719158056 0.00000000000000000000
1.1300000000 0.11504936268457402471 0.00000000000000000000
1.1400000000 0.11347205300898445535 0.00000000000000000000
1.1500000000 0.11193498672243985814 0.00000000000000000000
1.1600000000 0.11043697604699473369 0.00000000000000000000
1.1700000000 0.10897687104147817105 0.00000000000000000000
1.1800000000 0.10755355835899810257 0.00000000000000000000
1.1900000000 0.10616596004413213217 0.00000000000000000000
1.2000000000 0.10481303236873507068 0.00000000000000000000
1.2100000000 0.10349376470529254857 0.00000000000000000000
1.2200000000 0.10220717843676450920 0.00000000000000000000
1.2300000000 0.10095232590188120414 0.00000000000000000000
1.2400000000 0.09972828937487002166 0.00000000000000000000
1.2500000000 0.09853418007859472694 0.00000000000000000000
1.2600000000 0.09736913723012145805 0.00000000000000000000
1.2700000000 0.09623232711773936632 0.00000000000000000000
1.2800000000 0.09512294220847856974 0.00000000000000000000
1.2900000000 0.09404020028519664842 0.00000000000000000000
1.3000000000 0.09298334361230592426 0.00000000000000000000
1.3100000000 0.09195163812927521774 0.00000000000000000000
1.3200000000 0.09094437267100199951 0.00000000000000000000
1.3300000000 0.08996085821423305262 0.00000000000000000000
1.3400000000 0.08900042714918036946 0.00000000000000000000
1.3500000000 0.08806243257554431658 0.00000000000000000000
1.3600000000 0.08714624762214343012 0.00000000000000000000
1.3700000000 0.08625126478938975605 0.00000000000000000000
1.3800000000 0.08537689531386638553 0.00000000000000000000
1.3900000000 0.08452256855428393056 0.00000000000000000000
1.4000000000 0.08368773139810450901 0.00000000000000000000
1.4100000000 0.08287184768816614755 0.00000000000000000000
1.4200000000 0.08207439766862542618 0.00000000000000000000
1.4300000000 0.08129487744959268403 0.00000000000000000000
1.4400000000 0.08053279848982268507 0.00000000000000000000
1.4500000000 0.07978768709686391569 0.00000000000000000000
1.4600000000 0.07905908394407598627 0.00000000000000000000
1.4700000000 0.07834654360394924244 0.00000000000000000000
1.4800000000 0.07764963409717412501 0.00000000000000000000
1.4900000000 0.07696793645692891206 0.00000000000000000000
1.5000000000 0.07630104430786904812 0.00000000000000000000
1.5100000000 0.07564856345931905701 0.00000000000000000000
1.5200000000 0.07501011151218010820 0.00000000000000000000
1.5300000000 0.07438531747909364611 0.00000000000000000000
1.5400000000 0.07377382141740149168 0.00000000000000000000
1.5500000000 0.07317527407446246246 0.00000000000000000000
1.5600000000 0.07258933654491538101 0.00000000000000000000
1.5700000000 0.07201567993946270119 0.00000000000000000000
1.5800000000 0.07145398506479484768 0.00000000000000000000
1.5900000000 0.07090394211425861404 0.00000000000000000000
1.6000000000 0.07036525036891411178 0.00000000000000000000
1.6100000000 0.06983761790861209295 0.00000000000000000000
1.6200000000 0.06932076133275434648 0.00000000000000000000
1.6300000000 0.06881440549040017396 0.00000000000000000000
1.6400000000 0.06831828321939784066 0.00000000000000000000
1.6500000000 0.06783213509423399734 0.00000000000000000000
1.6600000000 0.06735570918229248638 0.00000000000000000000
1.6700000000 0.06688876080824521231 0.00000000000000000000
1.6800000000 0.06643105232628175594 0.00000000000000000000
1.6900000000 0.06598235289991793984 0.00000000000000000000
1.7000000000 0.06554243828911798797 0.00000000000000000000
1.7100000000 0.06511109064447920258 0.00000000000000000000
1.7200000000 0.06468809830823520068 0.00000000000000000000
1.7300000000 0.06427325562184603436 0.00000000000000000000
1.7400000000 0.06386636273994554525 0.00000000000000000000
1.7500000000 0.06346722545042952912 0.00000000000000000000
1.7600000000 0.06307565500047121465 0.00000000000000000000
1.7700000000 0.06269146792826518766 0.00000000000000000000
1.7800000000 0.06231448590029692314 0.00000000000000000000
1.7900000000 0.06194453555395525168 0.00000000000000000000
1.8000000000 0.06158144834529680894 0.00000000000000000000
1.8100000000 0.06122506040179574033 0.00000000000000000000
1.8200000000 0.06087521237989861056 0.00000000000000000000
1.8300000000 0.06053174932722547169 0.00000000000000000000
1.8400000000 0.06019452054925867462 0.00000000000000000000
1.8500000000 0.05986337948036288964 0.00000000000000000000
1.8600000000 0.05953818355899172243 0.00000000000000000000
1.8700000000 0.05921879410693810242 0.00000000000000000000
1.8800000000 0.05890507621248758374 0.00000000000000000000
1.8900000000 0.05859689861734743849 0.00000000000000000000
1.9000000000 0.05829413360721687198 0.00000000000000000000
1.9100000000 0.05799665690588148154 0.00000000000000000000
1.9200000000 0.05770434757270689191 0.00000000000000000000
1.9300000000 0.05741708790341976815 0.00000000000000000000
1.9400000000 0.05713476333406465602 0.00000000000000000000
1.9500000000 0.05685726234802920137 0.00000000000000000000
1.9600000000 0.05658447638603251312 0.00000000000000000000
1.9700000000 0.05631629975898044121 0.00000000000000000000
1.9800000000 0.05605262956358984111 0.00000000000000000000
1.9900000000 0.05579336560068581113 0.00000000000000000000
2.0000000000 0.05553841029608790753 0.00000000000000000000
2.0100000000 0.05528766862399433352 0.00000000000000000000
2.0200000000 0.05504104803278125208 0.00000000000000000000
2.0300000000 0.05479845837313899320 0.00000000000000000000
2.0400000000 0.05455981182846404709 0.00000000000000000000
2.0500000000 0.05432502284743438714 0.00000000000000000000
2.0600000000 0.05409400807869206573 0.00000000000000000000
2.0700000000 0.05386668630756862031 0.00000000000000000000
2.0800000000 0.05364297839477964042 0.00000000000000000000
2.0900000000 0.05342280721702721141 0.00000000000000000000
2.1000000000 0.05320609760944577243 0.00000000000000000000
2.1100000000 0.05299277630983108972 0.00000000000000000000
2.1200000000 0.05278277190459253893 0.00000000000000000000
2.1300000000 0.05257601477637406651 0.00000000000000000000
2.1400000000 0.05237243705328599452 0.00000000000000000000
2.1500000000 0.05217197255969886066 0.00000000000000000000
2.1600000000 0.05197455676854371986 0.00000000000000000000
2.1700000000 0.05178012675507369378 0.00000000000000000000
2.1800000000 0.05158862115203675935 0.00000000000000000000
2.1900000000 0.05139998010621342484 0.00000000000000000000
2.2000000000 0.05121414523627796506 0.00000000000000000000
2.2100000000 0.05103105959193592056 0.00000000000000000000
2.2200000000 0.05085066761430121623 0.00000000000000000000
2.2300000000 0.05067291509746787298 0.00000000000000000000
2.2400000000 0.05049774915124247837 0.00000000000000000000
2.2500000000 0.05032511816499650459 0.00000000000000000000
2.2600000000 0.05015497177260384853 0.00000000000000000000
2.2700000000 0.04998726081842991276 0.00000000000000000000
2.2800000000 0.04982193732433547184 0.00000000000000000000
2.2900000000 0.04965895445766564664 0.00000000000000000000
2.3000000000 0.04949826650019207436 0.00000000000000000000
2.3100000000 0.04933982881797537717 0.00000000000000000000
2.3200000000 0.04918359783212359476 0.00000000000000000000
2.3300000000 0.04902953099041176821 0.00000000000000000000
2.3400000000 0.04887758673974210155 0.00000000000000000000
2.3500000000 0.04872772449941142892 0.00000000000000000000
2.3600000000 0.04857990463516694696 0.00000000000000000000
2.3700000000 0.04843408843401976471 0.00000000000000000000
2.3800000000 0.04829023807979592603 0.00000000000000000000
2.3900000000 0.04814831662940153439 0.00000000000000000000
2.4000000000 0.04800828798977666012 0.00000000000000000000
2.4100000000 0.04787011689552028021 0.00000000000000000000
2.4200000000 0.04773376888716333172 0.00000000000000000000
2.4300000000 0.04759921029006922849 0.00000000000000000000
2.4400000000 0.04746640819394349481 0.00000000000000000000
2.4500000000 0.04733533043293322584 0.00000000000000000000
2.4600000000 0.04720594556629757049 0.00000000000000000000
2.4700000000 0.04707822285963270126 0.00000000000000000000
2.4800000000 0.04695213226663286915 0.00000000000000000000
2.4900000000 0.04682764441137148015 0.00000000000000000000
2.5000000000 0.04670473057108686515 0.00000000000000000000
2.5100000000 0.04658336265945642318 0.00000000000000000000
2.5200000000 0.04646351321034478815 0.00000000000000000000
2.5300000000 0.04634515536201022634 0.00000000000000000000
2.5400000000 0.04622826284175804434 0.00000000000000000000
2.5500000000 0.04611280995102356312 0.00000000000000000000
2.5600000000 0.04599877155087536001 0.00000000000000000000
2.5700000000 0.04588612304792349245 0.00000000000000000000
2.5800000000 0.04577484038062108740 0.00000000000000000000
2.5900000000 0.04566490000594913834 0.00000000000000000000
2.6000000000 0.04555627888646847368 0.00000000000000000000
2.6100000000 0.04544895447773435182 0.00000000000000000000
2.6200000000 0.04534290471605670336 0.00000000000000000000
2.6300000000 0.04523810800659922721 0.00000000000000000000
2.6400000000 0.04513454321180594003 0.00000000000000000000
2.6500000000 0.04503218964014581854 0.00000000000000000000
2.6600000000 0.04493102703516601432 0.00000000000000000000
2.6700000000 0.04483103556484407948 0.00000000000000000000
2.6800000000 0.04473219581123033528 0.00000000000000000000
2.6900000000 0.04463448876037337532 0.00000000000000000000
2.7000000000 0.04453789579251700437 0.00000000000000000000
2.7100000000 0.04444239867256485899 0.00000000000000000000
2.7200000000 0.04434797954080069160 0.00000000000000000000
2.7300000000 0.04425462090385993280 0.00000000000000000000
2.7400000000 0.04416230562594394143 0.00000000000000000000
2.7500000000 0.04407101692026905299 0.00000000000000000000
2.7600000000 0.04398073834074522903 0.00000000000000000000
2.7700000000 0.04389145377387655006 0.00000000000000000000
2.7800000000 0.04380314743087700136 0.00000000000000000000
2.7900000000 0.04371580383999652125 0.00000000000000000000
2.8000000000 0.04362940783904905445 0.00000000000000000000
2.8100000000 0.04354394456813989039 0.00000000000000000000
2.8200000000 0.04345939946258275954 0.00000000000000000000
2.8300000000 0.04337575824600511942 0.00000000000000000000
2.8400000000 0.04329300692363218656 0.00000000000000000000
2.8500000000 0.04321113177574932573 0.00000000000000000000
2.8600000000 0.04313011935133293645 0.00000000000000000000
2.8700000000 0.04304995646184814340 0.00000000000000000000
2.8800000000 0.04297063017520751788 0.00000000000000000000
2.8900000000 0.04289212780988689577 0.00000000000000000000
2.9000000000 0.04281443692919147809 0.00000000000000000000
2.9100000000 0.04273754533567234587 0.00000000000000000000
2.9200000000 0.04266144106568473676 0.00000000000000000000
2.9300000000 0.04258611238408649413 0.00000000000000000000
2.9400000000 0.04251154777907210913 0.00000000000000000000
2.9500000000 0.04243773595713915686 0.00000000000000000000
2.9600000000 0.04236466583818188081 0.00000000000000000000
2.9700000000 0.04229232655071084312 0.00000000000000000000
2.9800000000 0.04222070742719208347 0.00000000000000000000
2.9900000000 0.04214979799950518968 0.00000000000000000000
3.0000000000 0.04207958799451585324 0.00000000000000000000
3.0100000000 0.04201006732975873931 0.00000000000000000000
3.0200000000 0.04194122610923034511 0.00000000000000000000
3.0300000000 0.04187305461928514383 0.00000000000000000000
3.0400000000 0.04180554332463578410 0.00000000000000000000
3.0500000000 0.04173868286445178016 0.00000000000000000000
3.0600000000 0.04167246404855610292 0.00000000000000000000
3.0700000000 0.04160687785371437047 0.00000000000000000000
3.0800000000 0.04154191542001769988 0.00000000000000000000
3.0900000000 0.04147756804735308611 0.00000000000000000000
3.1000000000 0.04141382719196130130 0.00000000000000000000
3.1100000000 0.04135068446307874068 0.00000000000000000000
3.1200000000 0.04128813161966197326 0.00000000000000000000
3.1300000000 0.04122616056719174971 0.00000000000000000000
3.1400000000 0.04116476335455426794 0.00000000000000000000
3.1500000000 0.04110393217099952978 0.00000000000000000000
3.1600000000 0.04104365934317168174 0.00000000000000000000
3.1700000000 0.04098393733221230434 0.00000000000000000000
3.1800000000 0.04092475873093248673 0.00000000000000000000
3.1900000000 0.04086611626105370043 0.00000000000000000000
3.2000000000 0.04080800277051371827 0.00000000000000000000
3.2100000000 0.04075041123083802952 0.00000000000000000000
3.2200000000 0.04069333473457285161 0.00000000000000000000
3.2300000000 0.04063676649277993963 0.00000000000000000000
3.2400000000 0.04058069983259018215 0.00000000000000000000
3.2500000000 0.04052512819481540740 0.00000000000000000000
3.2600000000 0.04047004513161651940 0.00000000000000000000
3.2700000000 0.04041544430422587542 0.00000000000000000000
3.2800000000 0.04036131948072413378 0.00000000000000000000
3.2900000000 0.04030766453386798454 0.00000000000000000000
3.3000000000 0.04025447343896931124 0.00000000000000000000
3.3100000000 0.04020174027182374377 0.00000000000000000000
3.3200000000 0.04014945920668632623 0.00000000000000000000
3.3300000000 0.04009762451429557673 0.00000000000000000000
3.3400000000 0.04004623055994164377 0.00000000000000000000
3.3500000000 0.03999527180158012757 0.00000000000000000000
3.3600000000 0.03994474278798854777 0.00000000000000000000
3.3700000000 0.03989463815696502047 0.00000000000000000000
3.3800000000 0.03984495263356861716 0.00000000000000000000
3.3900000000 0.03979568102839926153 0.00000000000000000000
3.4000000000 0.03974681823591712237 0.00000000000000000000
3.4100000000 0.03969835923279951828 0.00000000000000000000
3.4200000000 0.03965029907633595835 0.00000000000000000000
3.4300000000 0.03960263290285827992 0.00000000000000000000
3.4400000000 0.03955535592620650076 0.00000000000000000000
3.4500000000 0.03950846343622940737 0.00000000000000000000
3.4600000000 0.03946195079731852629 0.00000000000000000000
3.4700000000 0.03941581344697387551 0.00000000000000000000
3.4800000000 0.03937004689440352229 0.00000000000000000000
3.4900000000 0.03932464671915224252 0.00000000000000000000
3.5000000000 0.03927960856976152326 0.00000000000000000000
3.5100000000 0.03923492816245915255 0.00000000000000000000
3.5200000000 0.03919060127987766123 0.00000000000000000000
3.5300000000 0.03914662376980013181 0.00000000000000000000
3.5400000000 0.03910299154393442889 0.00000000000000000000
3.5500000000 0.03905970057671390855 0.00000000000000000000
3.5600000000 0.03901674690412358648 0.00000000000000000000
3.5700000000 0.03897412662255295840 0.00000000000000000000
3.5800000000 0.03893183588767273884 0.00000000000000000000
3.5900000000 0.03888987091333591384 0.00000000000000000000
3.6000000000 0.03884822797050316301 0.00000000000000000000
3.6100000000 0.03880690338619081914 0.00000000000000000000
3.6200000000 0.03876589354244105307 0.00000000000000000000
3.6300000000 0.03872519487531492915 0.00000000000000000000
3.6400000000 0.03868480387390616643 0.00000000000000000000
3.6500000000 0.03864471707937638945 0.00000000000000000000
3.6600000000 0.03860493108401023832 0.00000000000000000000
3.6700000000 0.03856544253029107333 0.00000000000000000000
3.6800000000 0.03852624810999582400 0.00000000000000000000
3.6900000000 0.03848734456330874659 0.00000000000000000000
3.7000000000 0.03844872867795414567 0.00000000000000000000
3.7100000000 0.03841039728834685224 0.00000000000000000000
3.7200000000 0.03837234727476081936 0.00000000000000000000
3.7300000000 0.03833457556251441967 0.00000000000000000000
3.7400000000 0.03829707912117328444 0.00000000000000000000
3.7500000000 0.03825985496376925477 0.00000000000000000000
3.7600000000 0.03822290014603530600 0.00000000000000000000
3.7700000000 0.03818621176565686198 0.00000000000000000000
3.7800000000 0.03814978696153772941 0.00000000000000000000
3.7900000000 0.03811362291308128397 0.00000000000000000000
3.8000000000 0.03807771683948677627 0.00000000000000000000
3.8100000000 0.03804206599905903680 0.00000000000000000000
3.8200000000 0.03800666768853331462 0.00000000000000000000
3.8300000000 0.03797151924241274484 0.00000000000000000000
3.8400000000 0.03793661803231986041 0.00000000000000000000
3.8500000000 0.03790196146636105878 0.00000000000000000000
3.8600000000 0.03786754698850330197 0.00000000000000000000
3.8700000000 0.03783337207796420160 0.00000000000000000000
3.8800000000 0.03779943424861328255 0.00000000000000000000
3.8900000000 0.03776573104838617384 0.00000000000000000000
3.9000000000 0.03773226005870956162 0.00000000000000000000
3.9100000000 0.03769901889393802163 0.00000000000000000000
3.9200000000 0.03766600520080201631 0.00000000000000000000
3.9300000000 0.03763321665786619613 0.00000000000000000000
3.9400000000 0.03760065097499922654 0.00000000000000000000
3.9500000000 0.03756830589285333616 0.00000000000000000000
3.9600000000 0.03753617918235390566 0.00000000000000000000
3.9700000000 0.03750426864419995759 0.00000000000000000000
3.9800000000 0.03747257210837313252 0.00000000000000000000
3.9900000000 0.03744108743365734404 0.00000000000000000000
4.0000000000 0.03740981250716637896 0.00000000000000000000
4.0100000000 0.03737874524388218322 0.00000000000000000000
4.0200000000 0.03734788358620057258 0.00000000000000000000
4.0300000000 0.03731722550348672701 0.00000000000000000000
4.0400000000 0.03728676899163838737 0.00000000000000000000
4.0500000000 0.03725651207265815584 0.00000000000000000000
4.0600000000 0.03722645279423322101 0.00000000000000000000
4.0700000000 0.03719658922932327777 0.00000000000000000000
4.0800000000 0.03716691947575652410 0.00000000000000000000
4.0900000000 0.03713744165583311718 0.00000000000000000000
4.1000000000 0.03710815391593581813 0.00000000000000000000
4.1100000000 0.03707905442614828351 0.00000000000000000000
4.1200000000 0.03705014137988055234 0.00000000000000000000
4.1300000000 0.03702141299350093090 0.00000000000000000000
4.1400000000 0.03699286750597555185 0.00000000000000000000
4.1500000000 0.03696450317851421308 0.00000000000000000000
4.1600000000 0.03693631829422243384 0.00000000000000000000
4.1700000000 0.03690831115776062321 0.00000000000000000000
4.1800000000 0.03688048009500920210 0.00000000000000000000
4.1900000000 0.03685282345273959564 0.00000000000000000000
4.2000000000 0.03682533959829176889 0.00000000000000000000
4.2100000000 0.03679802691925735530 0.00000000000000000000
4.2200000000 0.03677088382316854448 0.00000000000000000000
4.2300000000 0.03674390873719265982 0.00000000000000000000
4.2400000000 0.03671710010783250239 0.00000000000000000000
4.2500000000 0.03669045640063160058 0.00000000000000000000
4.2600000000 0.03666397609988540640 0.00000000000000000000
4.2700000000 0.03663765770835716168 0.00000000000000000000
4.2800000000 0.03661149974699912102 0.00000000000000000000
4.2900000000 0.03658550075467852103 0.00000000000000000000
4.3000000000 0.03655965928790898961 0.00000000000000000000
4.3100000000 0.03653397392058602838 0.00000000000000000000
4.3200000000 0.03650844324372763683 0.00000000000000000000
4.3300000000 0.03648306586521938427 0.00000000000000000000
4.3400000000 0.03645784040956392968 0.00000000000000000000
4.3500000000 0.03643276551763518362 0.00000000000000000000
4.3600000000 0.03640783984643664040 0.00000000000000000000
4.3700000000 0.03638306206886359612 0.00000000000000000000
4.3800000000 0.03635843087347017527 0.00000000000000000000
4.3900000000 0.03633394496424016684 0.00000000000000000000
4.4000000000 0.03630960306036127433 0.00000000000000000000
4.4100000000 0.03628540389600428545 0.00000000000000000000
4.4200000000 0.03626134622010537129 0.00000000000000000000
4.4300000000 0.03623742879615202833 0.00000000000000000000
4.4400000000 0.03621365040197354473 0.00000000000000000000
4.4500000000 0.03619000982953383266 0.00000000000000000000
4.4600000000 0.03616650588472905548 0.00000000000000000000
4.4700000000 0.03614313738718776675 0.00000000000000000000
4.4800000000 0.03611990317007476164 0.00000000000000000000
4.4900000000 0.03609680207989864748 0.00000000000000000000
4.5000000000 0.03607383297632188457 0.00000000000000000000
4.5100000000 0.03605099473197483084 0.00000000000000000000
4.5200000000 0.03602828623227216642 0.00000000000000000000
4.5300000000 0.03600570637523314160 0.00000000000000000000
4.5400000000 0.03598325407130447545 0.00000000000000000000
4.5500000000 0.03596092824318577325 0.00000000000000000000
4.5600000000 0.03593872782565882967 0.00000000000000000000
4.5700000000 0.03591665176541897903 0.00000000000000000000
4.5800000000 0.03589469902090954012 0.00000000000000000000
4.5900000000 0.03587286856215890496 0.00000000000000000000
4.6000000000 0.03585115937062045843 0.00000000000000000000
4.6100000000 0.03582957043901503769 0.00000000000000000000
4.6200000000 0.03580810077117584783 0.00000000000000000000
4.6300000000 0.03578674938189628507 0.00000000000000000000
4.6400000000 0.03576551529677977903 0.00000000000000000000
4.6500000000 0.03574439755209238984 0.00000000000000000000
4.6600000000 0.03572339519461781993 0.00000000000000000000
4.6700000000 0.03570250728151451447 0.00000000000000000000
4.6800000000 0.03568173288017537081 0.00000000000000000000
4.6900000000 0.03566107106808943938 0.00000000000000000000
4.7000000000 0.03564052093270605320 0.00000000000000000000
4.7100000000 0.03562008157130112929 0.00000000000000000000
4.7200000000 0.03559975209084532966 0.00000000000000000000
4.7300000000 0.03557953160787483832 0.00000000000000000000
4.7400000000 0.03555941924836364398 0.00000000000000000000
4.7500000000 0.03553941414759821671 0.00000000000000000000
4.7600000000 0.03551951545005402333 0.00000000000000000000
4.7700000000 0.03549972230927411765 0.00000000000000000000
4.7800000000 0.03548003388774931266 0.00000000000000000000
4.7900000000 0.03546044935680085081 0.00000000000000000000
4.8000000000 0.03544096789646416362 0.00000000000000000000
4.8100000000 0.03542158869537511551 0.00000000000000000000
4.8200000000 0.03540231095065757283 0.00000000000000000000
4.8300000000 0.03538313386781287428 0.00000000000000000000
4.8400000000 0.03536405666061118863 0.00000000000000000000
4.8500000000 0.03534507855098421858 0.00000000000000000000
4.8600000000 0.03532619876891982674 0.00000000000000000000
4.8700000000 0.03530741655235818122 0.00000000000000000000
4.8800000000 0.03528873114708957343 0.00000000000000000000
4.8900000000 0.03527014180665358906 0.00000000000000000000
4.9000000000 0.03525164779224014555 0.00000000000000000000
4.9100000000 0.03523324837259186187 0.00000000000000000000
4.9200000000 0.03521494282390767033 0.00000000000000000000
4.9300000000 0.03519673042974858640 0.00000000000000000000
4.9400000000 0.03517861048094402671 0.00000000000000000000
4.9500000000 0.03516058227550032667 0.00000000000000000000
4.9600000000 0.03514264511851006995 0.00000000000000000000
4.9700000000 0.03512479832206318042 0.00000000000000000000
4.9800000000 0.03510704120515892313 0.00000000000000000000
4.9900000000 0.03508937309361978563 0.00000000000000000000
5.0000000000 0.03507179332000615046 0.00000000000000000000
