0.1000000000 3.18568475945579709929 0.00000000000000000000
0.1100000000 3.09929862464025740465 0.00000000000000000000
0.1200000000 3.01474146631844774902 0.00000000000000000000
0.1300000000 2.93202967065737940544 0.00000000000000000000
0.1400000000 2.85117505536206783390 0.00000000000000000000
0.1500000000 2.77218502096039598470 0.00000000000000000000
0.1600000000 2.69506272732705953743 0.00000000000000000000
0.1700000000 2.61980729129779188469 0.00000000000000000000
0.1800000000 2.54641400127234041051 0.00000000000000000000
0.1900000000 2.47487454484455904336 0.00000000000000000000
0.2000000000 2.40517724571340751893 0.00000000000000000000
0.2100000000 2.33730730640125861086 0.00000000000000000000
0.2200000000 2.27124705361915157908 0.00000000000000000000
0.2300000000 2.20697618345625867775 0.00000000000000000000
0.2400000000 2.14447200391954106991 0.00000000000000000000
0.2500000000 2.08370967269726259374 0.00000000000000000000
0.2600000000 2.02466242835773435615 0.00000000000000000000
0.2700000000 1.96730181351495070352 0.00000000000000000000
0.2800000000 1.91159788879074854506 0.00000000000000000000
0.2900000000 1.85751943667528895965 0.00000000000000000000
0.3000000000 1.80503415463243932493 0.00000000000000000000
0.3100000000 1.75410883701334308071 0.00000000000000000000
0.3200000000 1.70470954553066200710 0.00000000000000000000
0.3300000000 1.65680176820870017629 0.00000000000000000000
0.3400000000 1.61035056686262478820 0.00000000000000000000
0.3500000000 1.56532071327509436642 0.00000000000000000000
0.3600000000 1.52167681433312229622 0.00000000000000000000
0.3700000000 1.47938342646378173662 0.00000000000000000000
0.3800000000 1.43840515976687810529 0.00000000000000000000
0.3900000000 1.39870677228774620282 0.00000000000000000000
0.4000000000 1.36025325490587900568 0.00000000000000000000
0.4100000000 1.32300990733694212587 0.00000000000000000000
0.4200000000 1.28694240575842133723 0.00000000000000000000
0.4300000000 1.25201686257410993441 0.00000000000000000000
0.4400000000 1.21819987883124247752 0.00000000000000000000
0.4500000000 1.18545858979727491977 0.00000000000000000000
0.4600000000 1.15376070419235987607 0.00000000000000000000
0.4700000000 1.12307453755900055192 0.00000000000000000000
0.4800000000 1.09336904023327008417 0.00000000000000000000
0.4900000000 1.06461382036276797081 0.00000000000000000000
0.5000000000 1.03677916239587131209 0.00000000000000000000
0.5100000000 1.00983604144515681789 0.00000000000000000000
0.5200000000 0.98375613390569027761 0.00000000000000000000
0.5300000000 0.95851182468642914802 0.00000000000000000000
0.5400000000 0.93407621139053975678 0.00000000000000000000
0.5500000000 0.91042310575834584085 0.00000000000000000000
0.5600000000 0.88752703266493637724 0.00000000000000000000
0.5700000000 0.86536322694344935957 0.00000000000000000000
0.5800000000 0.84390762828477849933 0.00000000000000000000
0.5900000000 0.82313687444492023015 0.00000000000000000000
0.6000000000 0.80302829297272293463 0.00000000000000000000
0.6100000000 0.78355989165309547495 0.00000000000000000000
0.6200000000 0.76471034784410674146 0.00000000000000000000
0.6300000000 0.74645899687074979134 0.00000000000000000000
0.6400000000 0.72878581962339894496 0.00000000000000000000
0.6500000000 0.71167142949523098938 0.00000000000000000000
0.6600000000 0.69509705878014849123 0.00000000000000000000
0.6700000000 0.67904454464067443009 0.00000000000000000000
0.6800000000 0.66349631474446890689 0.00000000000000000000
0.6900000000 0.64843537265771145073 0.00000000000000000000
0.7000000000 0.63384528307435672456 0.00000000000000000000
0.7100000000 0.61971015695150988289 0.00000000000000000000
0.7200000000 0.60601463661336163469 0.00000000000000000000
0.7300000000 0.59274388087873763897 0.00000000000000000000
0.7400000000 0.57988355026079196897 0.00000000000000000000
0.7500000000 0.56741979228126482315 0.00000000000000000000
0.7600000000 0.55533922693631709855 0.00000000000000000000
0.7700000000 0.54362893234580467183 0.00000000000000000000
0.7800000000 0.53227643061357066134 0.00000000000000000000
0.7900000000 0.52126967392205081353 0.00000000000000000000
0.8000000000 0.51059703088091834555 0.00000000000000000000
0.8100000000 0.50024727314613059992 0.00000000000000000000
0.8200000000 0.49020956232281148734 0.00000000000000000000
0.8300000000 0.48047343716271895264 0.00000000000000000000
0.8400000000 0.47102880106464678489 0.00000000000000000000
0.8500000000 0.46186590988406056590 0.00000000000000000000
0.8600000000 0.45297536005623850741 0.00000000000000000000
0.8700000000 0.44434807703577322568 0.00000000000000000000
0.8800000000 0.43597530405353573935 0.00000000000000000000
0.8900000000 0.42784859119109630576 0.00000000000000000000
0.9000000000 0.41995978477132162032 0.00000000000000000000
0.9100000000 0.41230101706314820076 0.00000000000000000000
0.9200000000 0.40486469629726423713 0.00000000000000000000
0.9300000000 0.39764349698907941466 0.00000000000000000000
0.9400000000 0.39063035056447209525 0.00000000000000000000
0.9500000000 0.38381843628326228757 0.00000000000000000000
0.9600000000 0.37720117245542705842 0.00000000000000000000
0.9700000000 0.37077220794360848943 0.00000000000000000000
0.9800000000 0.36452541394638493522 0.00000000000000000000
0.9900000000 0.35845487605588832736 0.00000000000000000000
1.0000000000 0.35255488658235956123 0.00000000000000000000
1.0100000000 0.34681993714104852877 0.00000000000000000000
1.0200000000 0.34124471149219026689 0.00000000000000000000
1.0300000000 0.33582407862849145141 0.00000000000000000000
1.0400000000 0.33055308610393707713 0.00000000000000000000
1.0500000000 0.32542695359547590961 0.00000000000000000000
1.0600000000 0.32044106669177618851 0.00000000000000000000
1.0700000000 0.31559097090205501246 0.00000000000000000000
1.0800000000 0.31087236587814032207 0.00000000000000000000
1.0900000000 0.30628109984315432524 0.00000000000000000000
1.1000000000 0.30181316422032827829 0.00000000000000000000
1.1100000000 0.29746468845539530967 0.00000000000000000000
1.1200000000 0.29323193502635197527 0.00000000000000000000
1.1300000000 0.28911129463431550768 0.00000000000000000000
1.1400000000 0.28509928156941832800 0.00000000000000000000
1.1500000000 0.28119252924583648667 0.00000000000000000000
1.1600000000 0.27738778590014601111 0.00000000000000000000
1.1700000000 0.27368191044738893192 0.00000000000000000000
1.1800000000 0.27007186848932990264 0.00000000000000000000
1.1900000000 0.26655472846960398536 0.00000000000000000000
1.2000000000 0.26312765797050652328 0.00000000000000000000
1.2100000000 0.25978792014644030983 0.00000000000000000000
1.2200000000 0.25653287028910271017 0.00000000000000000000
1.2300000000 0.25335995251969012365 0.00000000000000000000
1.2400000000 0.25026669660345046697 0.00000000000000000000
1.2500000000 0.24725071488226443850 0.00000000000000000000
1.2600000000 0.24430969932081342266 0.00000000000000000000
1.2700000000 0.24144141866226132009 0.00000000000000000000
1.2800000000 0.23864371568935102697 0.00000000000000000000
1.2900000000 0.23591450458710239158 0.00000000000000000000
1.3000000000 0.23325176840325689831 0.00000000000000000000
1.3100000000 0.23065355660289008077 0.00000000000000000000
1.3200000000 0.22811798271370567481 0.00000000000000000000
1.3300000000 0.22564322205855055770 0.00000000000000000000
1.3400000000 0.22322750957196280108 0.00000000000000000000
1.3500000000 0.22086913769755747716 0.00000000000000000000
1.3600000000 0.21856645436321722742 0.00000000000000000000
1.3700000000 0.21631786103120198561 0.00000000000000000000
1.3800000000 0.21412181082029232981 0.00000000000000000000
1.3900000000 0.21197680669729634939 0.00000000000000000000
1.4000000000 0.20988139973529640336 0.00000000000000000000
1.4100000000 0.20783418743607900980 0.00000000000000000000
1.4200000000 0.20583381211438675495 0.00000000000000000000
1.4300000000 0.20387895934156752276 0.00000000000000000000
1.4400000000 0.20196835644646385366 0.00000000000000000000
1.4500000000 0.20010077107129381480 0.00000000000000000000
1.4600000000 0.19827500978048967495 0.00000000000000000000
1.4700000000 0.19648991672048460311 0.00000000000000000000
1.4800000000 0.19474437232848287871 0.00000000000000000000
1.4900000000 0.19303729208840869624 0.00000000000000000000
1.5000000000 0.19136762533219184301 0.00000000000000000000
1.5100000000 0.18973435408472019703 0.00000000000000000000
1.5200000000 0.18813649195077936094 0.00000000000000000000
1.5300000000 0.18657308304239256236 0.00000000000000000000
1.5400000000 0.18504320094504847494 0.00000000000000000000
1.5500000000 0.18354594772131754832 0.00000000000000000000
1.5600000000 0.18208045295048128076 0.00000000000000000000
1.5700000000 0.18064587280277485948 0.00000000000000000000
1.5800000000 0.17924138914697554381 0.00000000000000000000
1.5900000000 0.17786620869004601819 0.00000000000000000000
1.6000000000 0.17651956214765052167 0.00000000000000000000
1.6100000000 0.17520070344436533549 0.00000000000000000000
1.6200000000 0.17390890894247668097 0.00000000000000000000
1.6300000000 0.17264347669829041565 0.00000000000000000000
1.6400000000 0.17140372574491288815 0.00000000000000000000
1.6500000000 0.17018899540052775943 0.00000000000000000000
1.6600000000 0.16899864460119809473 0.00000000000000000000
1.6700000000 0.16783205125728573037 0.00000000000000000000
1.6800000000 0.16668861163260270675 0.00000000000000000000
1.6900000000 0.16556773974545008210 0.00000000000000000000
1.7000000000 0.16446886679072703075 0.00000000000000000000
1.7100000000 0.16339144058232529799 0.00000000000000000000
1.7200000000 0.16233492501505808470 0.00000000000000000000
1.7300000000 0.16129879954539486087 0.00000000000000000000
1.7400000000 0.16028255869032170811 0.00000000000000000000
1.7500000000 0.15928571154362716755 0.00000000000000000000
1.7600000000 0.15830778130899894607 0.00000000000000000000
1.7700000000 0.15734830484930126260 0.00000000000000000000
1.7800000000 0.15640683225142754109 0.00000000000000000000
1.7900000000 0.15548292640617905613 0.00000000000000000000
1.8000000000 0.15457616260259937624 0.00000000000000000000
1.8100000000 0.15368612813623466762 0.00000000000000000000
1.8200000000 0.15281242193083036107 0.00000000000000000000
1.8300000000 0.15195465417295367372 0.00000000000000000000
1.8400000000 0.15111244595908149280 0.00000000000000000000
1.8500000000 0.15028542895469815255 0.00000000000000000000
1.8600000000 0.14947324506496517671 0.00000000000000000000
1.8700000000 0.14867554611654901220 0.00000000000000000000
1.8800000000 0.14789199355020055116 0.00000000000000000000
1.8900000000 0.14712225812369580935 0.00000000000000000000
1.9000000000 0.14636601962477144290 0.00000000000000000000
1.9100000000 0.14562296659368678675 0.00000000000000000000
1.9200000000 0.14489279605507401905 0.00000000000000000000
1.9300000000 0.14417521325874713134 0.00000000000000000000
1.9400000000 0.14346993142913627706 0.00000000000000000000
1.9500000000 0.14277667152305573151 0.00000000000000000000
1.9600000000 0.14209516199549479532 0.00000000000000000000
1.9700000000 0.14142513857315591741 0.00000000000000000000
1.9800000000 0.14076634403546758878 0.00000000000000000000
1.9900000000 0.14011852800279520070 0.00000000000000000000
2.0000000000 0.13948144673160936535 0.00000000000000000000
2.0100000000 0.13885486291635676381 0.00000000000000000000
2.0200000000 0.13823854549780642542 0.00000000000000000000
2.0300000000 0.13763226947763335106 0.00000000000000000000
2.0400000000 0.13703581573903780844 0.00000000000000000000
2.0500000000 0.13644897087316987250 0.00000000000000000000
2.0600000000 0.13587152701117005682 0.00000000000000000000
2.0700000000 0.13530328166163044235 0.00000000000000000000
2.0800000000 0.13474403755328051568 0.00000000000000000000
2.0900000000 0.13419360248272277358 0.00000000000000000000
2.1000000000 0.13365178916704334444 0.00000000000000000000
2.1100000000 0.13311841510112779052 0.00000000000000000000
2.1200000000 0.13259330241952224649 0.00000000000000000000
2.1300000000 0.13207627776267663600 0.00000000000000000000
2.1400000000 0.13156717214743673949 0.00000000000000000000
2.1500000000 0.13106582084161783053 0.00000000000000000000
2.1600000000 0.13057206324254203023 0.00000000000000000000
2.1700000000 0.13008574275938467046 0.00000000000000000000
2.1800000000 0.12960670669922047527 0.00000000000000000000
2.1900000000 0.12913480615662595308 0.00000000000000000000
2.2000000000 0.12866989590672944788 0.00000000000000000000
2.2100000000 0.12821183430159122096 0.00000000000000000000
2.2200000000 0.12776048316979732311 0.00000000000000000000
2.2300000000 0.12731570771915867724 0.00000000000000000000
2.2400000000 0.12687737644242444435 0.00000000000000000000
2.2500000000 0.12644536102588432858 0.00000000000000000000
2.2600000000 0.12601953626079423487 0.00000000000000000000
2.2700000000 0.12559977995750434832 0.00000000000000000000
2.2800000000 0.12518597286221411213 0.00000000000000000000
2.2900000000 0.12477799857626688251 0.00000000000000000000
2.3000000000 0.12437574347789553952 0.00000000000000000000
2.3100000000 0.12397909664633932625 0.00000000000000000000
2.3200000000 0.12358794978825973776 0.00000000000000000000
2.3300000000 0.12320219716637030583 0.00000000000000000000
2.3400000000 0.12282173553021712153 0.00000000000000000000
2.3500000000 0.12244646404903457293 0.00000000000000000000
2.3600000000 0.12207628424661033650 0.00000000000000000000
2.3700000000 0.12171109993809374472 0.00000000000000000000
2.3800000000 0.12135081716868689750 0.00000000000000000000
2.3900000000 0.12099534415415390265 0.00000000000000000000
2.4000000000 0.12064459122309109662 0.00000000000000000000
2.4100000000 0.12029847076090538494 0.00000000000000000000
2.4200000000 0.11995689715543979281 0.00000000000000000000
2.4300000000 0.11961978674419551649 0.00000000000000000000
2.4400000000 0.11928705776310404019 0.00000000000000000000
2.4500000000 0.11895863029679142053 0.00000000000000000000
2.4600000000 0.11863442623029658851 0.00000000000000000000
2.4700000000 0.11831436920218897646 0.00000000000000000000
2.4800000000 0.11799838455904870793 0.00000000000000000000
2.4900000000 0.11768639931125883524 0.00000000000000000000
2.5000000000 0.11737834209007771968 0.00000000000000000000
2.5100000000 0.11707414310594080331 0.00000000000000000000
2.5200000000 0.11677373410796100528 0.00000000000000000000
2.5300000000 0.11647704834458691425 0.00000000000000000000
2.5400000000 0.11618402052538541469 0.00000000000000000000
2.5500000000 0.11589458678390801571 0.00000000000000000000
2.5600000000 0.11560868464161383473 0.00000000000000000000
2.5700000000 0.11532625297281338950 0.00000000000000000000
2.5800000000 0.11504723197060186257 0.00000000000000000000
2.5900000000 0.11477156311374966946 0.00000000000000000000
2.6000000000 0.11449918913452455937 0.00000000000000000000
2.6100000000 0.11423005398741657712 0.00000000000000000000
2.6200000000 0.11396410281873102510 0.00000000000000000000
2.6300000000 0.11370128193703468722 0.00000000000000000000
2.6400000000 0.11344153878441837202 0.00000000000000000000
2.6500000000 0.11318482190855759517 0.00000000000000000000
2.6600000000 0.11293108093554636573 0.00000000000000000000
2.6700000000 0.11268026654347620963 0.00000000000000000000
2.6800000000 0.11243233043674583094 0.00000000000000000000
2.6900000000 0.11218722532107171241 0.00000000000000000000
2.7000000000 0.11194490487918218324 0.00000000000000000000
2.7100000000 0.11170532374717685731 0.00000000000000000000
2.7200000000 0.11146843749152435255 0.00000000000000000000
2.7300000000 0.11123420258668882676 0.00000000000000000000
2.7400000000 0.11100257639335733839 0.00000000000000000000
2.7500000000 0.11077351713725896998 0.00000000000000000000
2.7600000000 0.11054698388854825031 0.00000000000000000000
2.7700000000 0.11032293654174658848 0.00000000000000000000
2.7800000000 0.11010133579621898814 0.00000000000000000000
2.7900000000 0.10988214313716948567 0.00000000000000000000
2.8000000000 0.10966532081714581992 0.00000000000000000000
2.8100000000 0.10945083183803321070 0.00000000000000000000
2.8200000000 0.10923863993352590784 0.00000000000000000000
2.8300000000 0.10902870955205844206 0.00000000000000000000
2.8400000000 0.10882100584019117895 0.00000000000000000000
2.8500000000 0.10861549462642838826 0.00000000000000000000
2.8600000000 0.10841214240546123704 0.00000000000000000000
2.8700000000 0.10821091632282299477 0.00000000000000000000
2.8800000000 0.10801178415994364124 0.00000000000000000000
2.8900000000 0.10781471431959165075 0.00000000000000000000
2.9000000000 0.10761967581169386288 0.00000000000000000000
2.9100000000 0.10742663823952294799 0.00000000000000000000
2.9200000000 0.10723557178623935315 0.00000000000000000000
2.9300000000 0.10704644720177772244 0.00000000000000000000
2.9400000000 0.10685923579007339246 0.00000000000000000000
2.9500000000 0.10667390939661172689 0.00000000000000000000
2.9600000000 0.10649044039629708414 0.00000000000000000000
2.9700000000 0.10630880168162901156 0.00000000000000000000
2.9800000000 0.10612896665117825534 0.00000000000000000000
2.9900000000 0.10595090919835603582 0.00000000000000000000
3.0000000000 0.10577460370046375127 0.00000000000000000000
3.0100000000 0.10560002500802016800 0.00000000000000000000
3.0200000000 0.10542714843435525840 0.00000000000000000000
3.0300000000 0.10525594974546549631 0.00000000000000000000
3.0400000000 0.10508640515012085404 0.00000000000000000000
3.0500000000 0.10491849129021879605 0.00000000000000000000
3.0600000000 0.10475218523137753979 0.00000000000000000000
3.0700000000 0.10458746445376264356 0.00000000000000000000
3.0800000000 0.10442430684313792899 0.00000000000000000000
3.0900000000 0.10426269068213916968 0.00000000000000000000
3.1000000000 0.10410259464176202515 0.00000000000000000000
3.1100000000 0.10394399777305442234 0.00000000000000000000
3.1200000000 0.10378687949901818643 0.00000000000000000000
3.1300000000 0.10363121960670079735 0.00000000000000000000
3.1400000000 0.10347699823948555697 0.00000000000000000000
3.1500000000 0.10332419588956419376 0.00000000000000000000
3.1600000000 0.10317279339059283461 0.00000000000000000000
3.1700000000 0.10302277191052543193 0.00000000000000000000
3.1800000000 0.10287411294461795697 0.00000000000000000000
3.1900000000 0.10272679830860056982 0.00000000000000000000
3.2000000000 0.10258081013201408860 0.00000000000000000000
3.2100000000 0.10243613085170409638 0.00000000000000000000
3.2200000000 0.10229274320546923038 0.00000000000000000000
3.2300000000 0.10215063022586176600 0.00000000000000000000
3.2400000000 0.10200977523413300163 0.00000000000000000000
3.2500000000 0.10187016183432155703 0.00000000000000000000
3.2600000000 0.10173177390748178173 0.00000000000000000000
3.2700000000 0.10159459560604608419 0.00000000000000000000
3.2800000000 0.10145861134832041828 0.00000000000000000000
3.2900000000 0.10132380581310637679 0.00000000000000000000
3.3000000000 0.10119016393445032231 0.00000000000000000000
3.3100000000 0.10105767089651257473 0.00000000000000000000
3.3200000000 0.10092631212855565637 0.00000000000000000000
3.3300000000 0.10079607330004997090 0.00000000000000000000
3.3400000000 0.10066694031588829805 0.00000000000000000000
3.3500000000 0.10053889931171383632 0.00000000000000000000
3.3600000000 0.10041193664935327279 0.00000000000000000000
3.3700000000 0.10028603891235325640 0.00000000000000000000
3.3800000000 0.10016119290162110722 0.00000000000000000000
3.3900000000 0.10003738563116106042 0.00000000000000000000
3.4000000000 0.09991460432391002788 0.00000000000000000000
3.4100000000 0.09979283640766554997 0.00000000000000000000
3.4200000000 0.09967206951110539614 0.00000000000000000000
3.4300000000 0.09955229145989734352 0.00000000000000000000
3.4400000000 0.09943349027289592745 0.00000000000000000000
3.4500000000 0.09931565415842337485 0.00000000000000000000
3.4600000000 0.09919877151063366538 0.00000000000000000000
3.4700000000 0.09908283090595758347 0.00000000000000000000
3.4800000000 0.09896782109962592999 0.00000000000000000000
3.4900000000 0.09885373102227096309 0.00000000000000000000
3.5000000000 0.09874054977660011445 0.00000000000000000000
3.5100000000 0.09862826663414472894 0.00000000000000000000
3.5200000000 0.09851687103208008056 0.00000000000000000000
3.5300000000 0.09840635257011295933 0.00000000000000000000
3.5400000000 0.09829670100744011818 0.00000000000000000000
3.5500000000 0.09818790625976894781 0.00000000000000000000
3.5600000000 0.09807995839640645808 0.00000000000000000000
3.5700000000 0.09797284763740846114 0.00000000000000000000
3.5800000000 0.09786656435079102434 0.00000000000000000000
3.5900000000 0.09776109904980308241 0.00000000000000000000
3.6000000000 0.09765644239025553230 0.00000000000000000000
3.6100000000 0.09755258516790769885 0.00000000000000000000
3.6200000000 0.09744951831591165681 0.00000000000000000000
3.6300000000 0.09734723290230740123 0.00000000000000000000
3.6400000000 0.09724572012757454198 0.00000000000000000000
3.6500000000 0.09714497132223366693 0.00000000000000000000
3.6600000000 0.09704497794449830350 0.00000000000000000000
3.6700000000 0.09694573157797700680 0.00000000000000000000
3.6800000000 0.09684722392942388125 0.00000000000000000000
3.6900000000 0.09674944682653525974 0.00000000000000000000
3.7000000000 0.09665239221579223494 0.00000000000000000000
3.7100000000 0.09655605216034951477 0.00000000000000000000
3.7200000000 0.09646041883796588334 0.00000000000000000000
3.7300000000 0.09636548453897979261 0.00000000000000000000
3.7400000000 0.09627124166432454722 0.00000000000000000000
3.7500000000 0.09617768272358655224 0.00000000000000000000
3.7600000000 0.09608480033310107249 0.00000000000000000000
3.7700000000 0.09599258721408844564 0.00000000000000000000
3.7800000000 0.09590103619082815389 0.00000000000000000000
3.7900000000 0.09581014018887007433 0.00000000000000000000
3.8000000000 0.09571989223328114527 0.00000000000000000000
3.8100000000 0.09563028544692861455 0.00000000000000000000
3.8200000000 0.09554131304879781572 0.00000000000000000000
3.8300000000 0.09545296835234295951 0.00000000000000000000
3.8400000000 0.09536524476387203686 0.00000000000000000000
3.8500000000 0.09527813578096326619 0.00000000000000000000
3.8600000000 0.09519163499091384817 0.00000000000000000000
3.8700000000 0.09510573606921940426 0.00000000000000000000
3.8800000000 0.09502043277808271127 0.00000000000000000000
3.8900000000 0.09493571896495404949 0.00000000000000000000
3.9000000000 0.09485158856109787706 0.00000000000000000000
3.9100000000 0.09476803558018973006 0.00000000000000000000
3.9200000000 0.09468505411693992069 0.00000000000000000000
3.9300000000 0.09460263834574349218 0.00000000000000000000
3.9400000000 0.09452078251935851216 0.00000000000000000000
3.9500000000 0.09443948096760734767 0.00000000000000000000
3.9600000000 0.09435872809610647283 0.00000000000000000000
3.9700000000 0.09427851838501788428 0.00000000000000000000
3.9800000000 0.09419884638782625996 0.00000000000000000000
3.9900000000 0.09411970673013965449 0.00000000000000000000
4.0000000000 0.09404109410851285711 0.00000000000000000000
4.0100000000 0.09396300328929321766 0.00000000000000000000
4.0200000000 0.09388542910748909343 0.00000000000000000000
4.0300000000 0.09380836646565966774 0.00000000000000000000
4.0400000000 0.09373181033282493302 0.00000000000000000000
4.0500000000 0.09365575574339843334 0.00000000000000000000
4.0600000000 0.09358019779613792333 0.00000000000000000000
4.0700000000 0.09350513165311773178 0.00000000000000000000
4.0800000000 0.09343055253871897226 0.00000000000000000000
4.0900000000 0.09335645573863994573 0.00000000000000000000
4.1000000000 0.09328283659892390445 0.00000000000000000000
4.1100000000 0.09320969052500596708 0.00000000000000000000
4.1200000000 0.09313701298077740887 0.00000000000000000000
4.1300000000 0.09306479948766686883 0.00000000000000000000
4.1400000000 0.09299304562373965355 0.00000000000000000000
4.1500000000 0.09292174702281245924 0.00000000000000000000
4.1600000000 0.09285089937358552425 0.00000000000000000000
4.1700000000 0.09278049841878940884 0.00000000000000000000
4.1800000000 0.09271053995434938577 0.00000000000000000000
4.1900000000 0.09264101982856266793 0.00000000000000000000
4.2000000000 0.09257193394129270558 0.00000000000000000000
4.2100000000 0.09250327824317734760 0.00000000000000000000
4.2200000000 0.09243504873485069995 0.00000000000000000000
4.2300000000 0.09236724146618034703 0.00000000000000000000
4.2400000000 0.09229985253551742375 0.00000000000000000000
4.2500000000 0.09223287808896038498 0.00000000000000000000
4.2600000000 0.09216631431963236143 0.00000000000000000000
4.2700000000 0.09210015746697079730 0.00000000000000000000
4.2800000000 0.09203440381603036902 0.00000000000000000000
4.2900000000 0.09196904969679794983 0.00000000000000000000
4.3000000000 0.09190409148351982860 0.00000000000000000000
4.3100000000 0.09183952559404102989 0.00000000000000000000
4.3200000000 0.09177534848915594456 0.00000000000000000000
4.3300000000 0.09171155667197088135 0.00000000000000000000
4.3400000000 0.09164814668727734592 0.00000000000000000000
4.3500000000 0.09158511512093669982 0.00000000000000000000
4.3600000000 0.09152245859927503335 0.00000000000000000000
4.3700000000 0.09146017378848940449 0.00000000000000000000
4.3800000000 0.09139825739406377825 0.00000000000000000000
4.3900000000 0.09133670616019494426 0.00000000000000000000
4.4000000000 0.09127551686922942553 0.00000000000000000000
4.4100000000 0.09121468634110876939 0.00000000000000000000
4.4200000000 0.09115421143282520511 0.00000000000000000000
4.4300000000 0.09109408903788644707 0.00000000000000000000
4.4400000000 0.09103431608578969880 0.00000000000000000000
4.4500000000 0.09097488954150459439 0.00000000000000000000
4.4600000000 0.09091580640496484123 0.00000000000000000000
4.4700000000 0.09085706371056863351 0.00000000000000000000
4.4800000000 0.09079865852668783655 0.00000000000000000000
4.4900000000 0.09074058795518474829 0.00000000000000000000
4.5000000000 0.09068284913093754840 0.00000000000000000000
4.5100000000 0.09062543922137399066 0.00000000000000000000
4.5200000000 0.09056835542601181233 0.00000000000000000000
4.5300000000 0.09051159497600792803 0.00000000000000000000
4.5400000000 0.09045515513371500671 0.00000000000000000000
4.5500000000 0.09039903319224484868 0.00000000000000000000
4.5600000000 0.09034322647503961745 0.00000000000000000000
4.5700000000 0.09028773233544958032 0.00000000000000000000
4.5800000000 0.09023254815631839842 0.00000000000000000000
4.5900000000 0.09017767134957524466 0.00000000000000000000
4.6000000000 0.09012309935583294462 0.00000000000000000000
4.6100000000 0.09006882964399344493 0.00000000000000000000
4.6200000000 0.09001485971085955440 0.00000000000000000000
4.6300000000 0.08996118708075263870 0.00000000000000000000
4.6400000000 0.08990780930513710134 0.00000000000000000000
4.6500000000 0.08985472396225049896 0.00000000000000000000
4.6600000000 0.08980192865673992941 0.00000000000000000000
4.6700000000 0.08974942101930417915 0.00000000000000000000
4.6800000000 0.08969719870634181025 0.00000000000000000000
4.6900000000 0.08964525939960434064 0.00000000000000000000
4.7000000000 0.08959360080585591912 0.00000000000000000000
4.7100000000 0.08954222065653759388 0.00000000000000000000
4.7200000000 0.08949111670743740976 0.00000000000000000000
4.7300000000 0.08944028673836533494 0.00000000000000000000
4.7400000000 0.08938972855283429386 0.00000000000000000000
4.7500000000 0.08933943997774475287 0.00000000000000000000
4.7600000000 0.08928941886307562026 0.00000000000000000000
4.7700000000 0.08923966308157944838 0.00000000000000000000
4.7800000000 0.08919017052848265958 0.00000000000000000000
4.7900000000 0.08914093912118981056 0.00000000000000000000
4.8000000000 0.08909196679899350491 0.00000000000000000000
4.8100000000 0.08904325152278803890 0.00000000000000000000
4.8200000000 0.08899479127478782114 0.00000000000000000000
4.8300000000 0.08894658405825033032 0.00000000000000000000
4.8400000000 0.08889862789720277825 0.00000000000000000000
4.8500000000 0.08885092083617378289 0.00000000000000000000
4.8600000000 0.08880346093992823320 0.00000000000000000000
4.8700000000 0.08875624629320748304 0.00000000000000000000
4.8800000000 0.08870927500047232073 0.00000000000000000000
4.8900000000 0.08866254518565053200 0.00000000000000000000
4.9000000000 0.08861605499188784929 0.00000000000000000000
4.9100000000 0.08856980258130375816 0.00000000000000000000
4.9200000000 0.08852378613474916336 0.00000000000000000000
4.9300000000 0.08847800385157000846 0.00000000000000000000
4.9400000000 0.08843245394937240822 0.00000000000000000000
4.9500000000 0.08838713466379247152 0.00000000000000000000
4.9600000000 0.08834204424826933022 0.00000000000000000000
4.9700000000 0.08829718097382180386 0.00000000000000000000
4.9800000000 0.08825254312882768737 0.00000000000000000000
4.9900000000 0.08820812901880695223 0.00000000000000000000
5.0000000000 0.08816393696620850040 0.00000000000000000000
