0.1000000000 3.18788134938309619670 0.00000000000000000000
0.1100000000 3.10167984502428506488 0.00000000000000000000
0.1200000000 3.01730223832684441021 0.00000000000000000000
0.1300000000 2.93476524144815886785 0.00000000000000000000
0.1400000000 2.85408098452396163935 0.00000000000000000000
0.1500000000 2.77525716302367797539 0.00000000000000000000
0.1600000000 2.69829721102461972393 0.00000000000000000000
0.1700000000 2.62320049627535611947 0.00000000000000000000
0.1800000000 2.54996253294333552475 0.00000000000000000000
0.1900000000 2.47857520806198916574 0.00000000000000000000
0.2000000000 2.40902701789114370712 0.00000000000000000000
0.2100000000 2.34130331066404284712 0.00000000000000000000
0.2200000000 2.27538653249763545006 0.00000000000000000000
0.2300000000 2.21125647357415333616 0.00000000000000000000
0.2400000000 2.14889051204736203360 0.00000000000000000000
0.2500000000 2.08826385347421572547 0.00000000000000000000
0.2600000000 2.02934976391215959879 0.00000000000000000000
0.2700000000 1.97211979514645996403 0.00000000000000000000
0.2800000000 1.91654400081508313747 0.00000000000000000000
0.2900000000 1.86259114247708712497 0.00000000000000000000
0.3000000000 1.81022888492208489097 0.00000000000000000000
0.3100000000 1.75942398024217627750 0.00000000000000000000
0.3200000000 1.71014244038402596360 0.00000000000000000000
0.3300000000 1.66234969806836230255 0.00000000000000000000
0.3400000000 1.61601075610864119980 0.00000000000000000000
0.3500000000 1.57109032528160419417 0.00000000000000000000
0.3600000000 1.52755295100228050131 0.00000000000000000000
0.3700000000 1.48536312913647017275 0.00000000000000000000
0.3800000000 1.44448541134719521395 0.00000000000000000000
0.3900000000 1.40488450042001344897 0.00000000000000000000
0.4000000000 1.36652533604741144302 0.00000000000000000000
0.4100000000 1.32937317157645829013 0.00000000000000000000
0.4200000000 1.29339364223829833556 0.00000000000000000000
0.4300000000 1.25855282538418844496 0.00000000000000000000
0.4400000000 1.22481729325220900506 0.00000000000000000000
0.4500000000 1.19215415878246067116 0.00000000000000000000
0.4600000000 1.16053111498768179999 0.00000000000000000000
0.4700000000 1.12991646837170578443 0.00000000000000000000
0.4800000000 1.10027916687079407865 0.00000000000000000000
0.4900000000 1.07158882277322176080 0.00000000000000000000
0.5000000000 1.04381573105139291435 0.00000000000000000000
0.5100000000 1.01693088351855331908 0.00000000000000000000
0.5200000000 0.99090597919921941106 0.00000000000000000000
0.5300000000 0.96571343127939768269 0.00000000000000000000
0.5400000000 0.94132637097953630878 0.00000000000000000000
0.5500000000 0.91771864867033614566 0.00000000000000000000
0.5600000000 0.89486483252921189546 0.00000000000000000000
0.5700000000 0.87274020501355809021 0.00000000000000000000
0.5800000000 0.85132075740602719538 0.00000000000000000000
0.5900000000 0.83058318266697106491 0.00000000000000000000
0.6000000000 0.81050486681020050828 0.00000000000000000000
0.6100000000 0.79106387899995644908 0.00000000000000000000
0.6200000000 0.77223896054996010729 0.00000000000000000000
0.6300000000 0.75400951298932183953 0.00000000000000000000
0.6400000000 0.73635558534488521065 0.00000000000000000000
0.6500000000 0.71925786077568532040 0.00000000000000000000
0.6600000000 0.70269764268187329126 0.00000000000000000000
0.6700000000 0.68665684039842578290 0.00000000000000000000
0.6800000000 0.67111795457267686693 0.00000000000000000000
0.6900000000 0.65606406231418190611 0.00000000000000000000
0.7000000000 0.64147880219610375896 0.00000000000000000000
0.7100000000 0.62734635917819348006 0.00000000000000000000
0.7200000000 0.61365144951368844062 0.00000000000000000000
0.7300000000 0.60037930569489028620 0.00000000000000000000
0.7400000000 0.58751566148552492042 0.00000000000000000000
0.7500000000 0.57504673708190945369 0.00000000000000000000
0.7600000000 0.56295922443935142443 0.00000000000000000000
0.7700000000 0.55124027279522680445 0.00000000000000000000
0.7800000000 0.53987747441557043526 0.00000000000000000000
0.7900000000 0.52885885058796777702 0.00000000000000000000
0.8000000000 0.51817283787983492438 0.00000000000000000000
0.8100000000 0.50780827467780675910 0.00000000000000000000
0.8200000000 0.49775438802106186653 0.00000000000000000000
0.8300000000 0.48800078073871783202 0.00000000000000000000
0.8400000000 0.47853741889898854245 0.00000000000000000000
0.8500000000 0.46935461957585999926 0.00000000000000000000
0.8600000000 0.46044303893699306540 0.00000000000000000000
0.8700000000 0.45179366065508719252 0.00000000000000000000
0.8800000000 0.44339778464326179419 0.00000000000000000000
0.8900000000 0.43524701611396732215 0.00000000000000000000
0.9000000000 0.42733325495984042508 0.00000000000000000000
0.9100000000 0.41964868545347816520 0.00000000000000000000
0.9200000000 0.41218576626318093048 0.00000000000000000000
0.9300000000 0.40493722077978538954 0.00000000000000000000
0.9400000000 0.39789602775062582474 0.00000000000000000000
0.9500000000 0.39105541221430195620 0.00000000000000000000
0.9600000000 0.38440883673128145581 0.00000000000000000000
0.9700000000 0.37794999290388531232 0.00000000000000000000
0.9800000000 0.37167279317928730853 0.00000000000000000000
0.9900000000 0.36557136292892600249 0.00000000000000000000
1.0000000000 0.35964003279690964776 0.00000000000000000000
1.0100000000 0.35387333131307291412 0.00000000000000000000
1.0200000000 0.34826597775945616897 0.00000000000000000000
1.0300000000 0.34281287528534215570 0.00000000000000000000
1.0400000000 0.33750910426639230133 0.00000000000000000000
1.0500000000 0.33234991589575607618 0.00000000000000000000
1.0600000000 0.32733072600385848538 0.00000000000000000000
1.0700000000 0.32244710909841839408 0.00000000000000000000
1.0800000000 0.31769479261817057392 0.00000000000000000000
1.0900000000 0.31306965139354042682 0.00000000000000000000
1.1000000000 0.30856770230754287931 0.00000000000000000000
1.1100000000 0.30418509915034785962 0.00000000000000000000
1.1200000000 0.29991812766111908273 0.00000000000000000000
1.1300000000 0.29576320075087825234 0.00000000000000000000
1.1400000000 0.29171685390014534534 0.00000000000000000000
1.1500000000 0.28777574072549150230 0.00000000000000000000
1.1600000000 0.28393662870905422846 0.00000000000000000000
1.1700000000 0.28019639508540106210 0.00000000000000000000
1.1800000000 0.27655202288009683720 0.00000000000000000000
1.1900000000 0.27300059709478391445 0.00000000000000000000
1.2000000000 0.26953930103329720724 0.00000000000000000000
1.2100000000 0.26616541276398408833 0.00000000000000000000
1.2200000000 0.26287630171312709182 0.00000000000000000000
1.2300000000 0.25966942538482590264 0.00000000000000000000
1.2400000000 0.25654232620265998710 0.00000000000000000000
1.2500000000 0.25349262846870646015 0.00000000000000000000
1.2600000000 0.25051803543552803033 0.00000000000000000000
1.2700000000 0.24761632648707371240 0.00000000000000000000
1.2800000000 0.24478535442431390012 0.00000000000000000000
1.2900000000 0.24202304285182707488 0.00000000000000000000
1.3000000000 0.23932738366151826148 0.00000000000000000000
1.3100000000 0.23669643460984862715 0.00000000000000000000
1.3200000000 0.23412831698506123002 0.00000000000000000000
1.3300000000 0.23162121336106286651 0.00000000000000000000
1.3400000000 0.22917336543463606713 0.00000000000000000000
1.3500000000 0.22678307194289895610 0.00000000000000000000
1.3600000000 0.22444868665794606710 0.00000000000000000000
1.3700000000 0.22216861645578420137 0.00000000000000000000
1.3800000000 0.21994131945670317152 0.00000000000000000000
1.3900000000 0.21776530323443835102 0.00000000000000000000
1.4000000000 0.21563912309145688573 0.00000000000000000000
1.4100000000 0.21356138039790506511 0.00000000000000000000
1.4200000000 0.21153072099175554421 0.00000000000000000000
1.4300000000 0.20954583363788184536 0.00000000000000000000
1.4400000000 0.20760544854377785406 0.00000000000000000000
1.4500000000 0.20570833592977466608 0.00000000000000000000
1.4600000000 0.20385330465171241920 0.00000000000000000000
1.4700000000 0.20203920087404633743 0.00000000000000000000
1.4800000000 0.20026490679147287977 0.00000000000000000000
1.4900000000 0.19852933939724773382 0.00000000000000000000
1.5000000000 0.19683144929639789789 0.00000000000000000000
1.5100000000 0.19517021956215160894 0.00000000000000000000
1.5200000000 0.19354466463392086539 0.00000000000000000000
1.5300000000 0.19195382925526907614 0.00000000000000000000
1.5400000000 0.19039678745035443219 0.00000000000000000000
1.5500000000 0.18887264153738697603 0.00000000000000000000
1.5600000000 0.18738052117768427829 0.00000000000000000000
1.5700000000 0.18591958245900586100 0.00000000000000000000
1.5800000000 0.18448900701184559048 0.00000000000000000000
1.5900000000 0.18308800115745510473 0.00000000000000000000
1.6000000000 0.18171579508638679989 0.00000000000000000000
1.6100000000 0.18037164206641889685 0.00000000000000000000
1.6200000000 0.17905481767874820154 0.00000000000000000000
1.6300000000 0.17776461908139323809 0.00000000000000000000
1.6400000000 0.17650036429877724586 0.00000000000000000000
1.6500000000 0.17526139153652400826 0.00000000000000000000
1.6600000000 0.17404705852049795478 0.00000000000000000000
1.6700000000 0.17285674185921579005 0.00000000000000000000
1.6800000000 0.17168983642871984974 0.00000000000000000000
1.6900000000 0.17054575477909805770 0.00000000000000000000
1.7000000000 0.16942392656184665500 0.00000000000000000000
1.7100000000 0.16832379797727270443 0.00000000000000000000
1.7200000000 0.16724483124123526445 0.00000000000000000000
1.7300000000 0.16618650407046028916 0.00000000000000000000
1.7400000000 0.16514830918578371488 0.00000000000000000000
1.7500000000 0.16412975383263414542 0.00000000000000000000
1.7600000000 0.16313035931812364110 0.00000000000000000000
1.7700000000 0.16214966056414381601 0.00000000000000000000
1.7800000000 0.16118720567586850012 0.00000000000000000000
1.7900000000 0.16024255552510258127 0.00000000000000000000
1.8000000000 0.15931528334792854906 0.00000000000000000000
1.8100000000 0.15840497435613645760 0.00000000000000000000
1.8200000000 0.15751122536192094237 0.00000000000000000000
1.8300000000 0.15663364441537994121 0.00000000000000000000
1.8400000000 0.15577185045431699018 0.00000000000000000000
1.8500000000 0.15492547296595346462 0.00000000000000000000
1.8600000000 0.15409415166005532849 0.00000000000000000000
1.8700000000 0.15327753615311429103 0.00000000000000000000
1.8800000000 0.15247528566315554643 0.00000000000000000000
1.8900000000 0.15168706871479953335 0.00000000000000000000
1.9000000000 0.15091256285420295846 0.00000000000000000000
1.9100000000 0.15015145437353377700 0.00000000000000000000
1.9200000000 0.14940343804462710708 0.00000000000000000000
1.9300000000 0.14866821686150513693 0.00000000000000000000
1.9400000000 0.14794550179143681201 0.00000000000000000000
1.9500000000 0.14723501153423482202 0.00000000000000000000
1.9600000000 0.14653647228950386627 0.00000000000000000000
1.9700000000 0.14584961753154565556 0.00000000000000000000
1.9800000000 0.14517418779166538223 0.00000000000000000000
1.9900000000 0.14450993044760582218 0.00000000000000000000
2.0000000000 0.14385659951985910188 0.00000000000000000000
2.0100000000 0.14321395547462958953 0.00000000000000000000
2.0200000000 0.14258176503319011652 0.00000000000000000000
2.0300000000 0.14195980098742827513 0.00000000000000000000
2.0400000000 0.14134784202135936004 0.00000000000000000000
2.0500000000 0.14074567253839181946 0.00000000000000000000
2.0600000000 0.14015308249415897590 0.00000000000000000000
2.0700000000 0.13956986723471440093 0.00000000000000000000
2.0800000000 0.13899582733990237249 0.00000000000000000000
2.0900000000 0.13843076847173849120 0.00000000000000000000
2.1000000000 0.13787450122760966376 0.00000000000000000000
2.1100000000 0.13732684099814548850 0.00000000000000000000
2.1200000000 0.13678760782958901410 0.00000000000000000000
2.1300000000 0.13625662629051618624 0.00000000000000000000
2.1400000000 0.13573372534275876533 0.00000000000000000000
2.1500000000 0.13521873821638044633 0.00000000000000000000
2.1600000000 0.13471150228858022602 0.00000000000000000000
2.1700000000 0.13421185896637141677 0.00000000000000000000
2.1800000000 0.13371965357293374987 0.00000000000000000000
2.1900000000 0.13323473523748885494 0.00000000000000000000
2.2000000000 0.13275695678859639193 0.00000000000000000000
2.2100000000 0.13228617465075698245 0.00000000000000000000
2.2200000000 0.13182224874419601335 0.00000000000000000000
2.2300000000 0.13136504238774343589 0.00000000000000000000
2.2400000000 0.13091442220468391122 0.00000000000000000000
2.2500000000 0.13047025803149800427 0.00000000000000000000
2.2600000000 0.13003242282938809460 0.00000000000000000000
2.2700000000 0.12960079259849532907 0.00000000000000000000
2.2800000000 0.12917524629472548758 0.00000000000000000000
2.2900000000 0.12875566574909438899 0.00000000000000000000
2.3000000000 0.12834193558950929281 0.00000000000000000000
2.3100000000 0.12793394316490727669 0.00000000000000000000
2.3200000000 0.12753157847167376215 0.00000000000000000000
2.3300000000 0.12713473408226530492 0.00000000000000000000
2.3400000000 0.12674330507596900941 0.00000000000000000000
2.3500000000 0.12635718897172448782 0.00000000000000000000
2.3600000000 0.12597628566294072350 0.00000000000000000000
2.3700000000 0.12560049735425160566 0.00000000000000000000
2.3800000000 0.12522972850013600055 0.00000000000000000000
2.3900000000 0.12486388574535346729 0.00000000000000000000
2.4000000000 0.12450287786712734006 0.00000000000000000000
2.4100000000 0.12414661571902997628 0.00000000000000000000
2.4200000000 0.12379501217650339118 0.00000000000000000000
2.4300000000 0.12344798208397372852 0.00000000000000000000
2.4400000000 0.12310544220350556899 0.00000000000000000000
2.4500000000 0.12276731116494524199 0.00000000000000000000
2.4600000000 0.12243350941750504035 0.00000000000000000000
2.4700000000 0.12210395918274864757 0.00000000000000000000
2.4800000000 0.12177858440893338243 0.00000000000000000000
2.4900000000 0.12145731072665194583 0.00000000000000000000
2.5000000000 0.12114006540575814053 0.00000000000000000000
2.5100000000 0.12082677731351590400 0.00000000000000000000
2.5200000000 0.12051737687394085963 0.00000000000000000000
2.5300000000 0.12021179602829565325 0.00000000000000000000
2.5400000000 0.11990996819671248530 0.00000000000000000000
2.5500000000 0.11961182824088813226 0.00000000000000000000
2.5600000000 0.11931731242784153479 0.00000000000000000000
2.5700000000 0.11902635839468148071 0.00000000000000000000
2.5800000000 0.11873890511436846484 0.00000000000000000000
2.5900000000 0.11845489286242888438 0.00000000000000000000
2.6000000000 0.11817426318460062806 0.00000000000000000000
2.6100000000 0.11789695886537619740 0.00000000000000000000
2.6200000000 0.11762292389741837995 0.00000000000000000000
2.6300000000 0.11735210345182459091 0.00000000000000000000
2.6400000000 0.11708444384920685399 0.00000000000000000000
2.6500000000 0.11681989253157154529 0.00000000000000000000
2.6600000000 0.11655839803496796658 0.00000000000000000000
2.6700000000 0.11629990996288662453 0.00000000000000000000
2.6800000000 0.11604437896038335976 0.00000000000000000000
2.6900000000 0.11579175668890621942 0.00000000000000000000
2.7000000000 0.11554199580180837814 0.00000000000000000000
2.7100000000 0.11529504992052179435 0.00000000000000000000
2.7200000000 0.11505087361137351920 0.00000000000000000000
2.7300000000 0.11480942236302973947 0.00000000000000000000
2.7400000000 0.11457065256454028457 0.00000000000000000000
2.7500000000 0.11433452148397657555 0.00000000000000000000
2.7600000000 0.11410098724763564904 0.00000000000000000000
2.7700000000 0.11387000881980156863 0.00000000000000000000
2.7800000000 0.11364154598304108956 0.00000000000000000000
2.7900000000 0.11341555931902520815 0.00000000000000000000
2.8000000000 0.11319201018985358687 0.00000000000000000000
2.8100000000 0.11297086071987402778 0.00000000000000000000
2.8200000000 0.11275207377797921704 0.00000000000000000000
2.8300000000 0.11253561296036511397 0.00000000000000000000
2.8400000000 0.11232144257374403196 0.00000000000000000000
2.8500000000 0.11210952761899170560 0.00000000000000000000
2.8600000000 0.11189983377522272345 0.00000000000000000000
2.8700000000 0.11169232738427520291 0.00000000000000000000
2.8800000000 0.11148697543559969725 0.00000000000000000000
2.8900000000 0.11128374555153847103 0.00000000000000000000
2.9000000000 0.11108260597297867078 0.00000000000000000000
2.9100000000 0.11088352554537976580 0.00000000000000000000
2.9200000000 0.11068647370515356798 0.00000000000000000000
2.9300000000 0.11049142046639413850 0.00000000000000000000
2.9400000000 0.11029833640794563243 0.00000000000000000000
2.9500000000 0.11010719266079649348 0.00000000000000000000
2.9600000000 0.10991796089579400353 0.00000000000000000000
2.9700000000 0.10973061331166981958 0.00000000000000000000
2.9800000000 0.10954512262336549289 0.00000000000000000000
2.9900000000 0.10936146205065004622 0.00000000000000000000
3.0000000000 0.10917960530702622290 0.00000000000000000000
3.0100000000 0.10899952658891047530 0.00000000000000000000
3.0200000000 0.10882120056508391703 0.00000000000000000000
3.0300000000 0.10864460236640438584 0.00000000000000000000
3.0400000000 0.10846970757577534261 0.00000000000000000000
3.0500000000 0.10829649221835925543 0.00000000000000000000
3.0600000000 0.10812493275203600984 0.00000000000000000000
3.0700000000 0.10795500605809216221 0.00000000000000000000
3.0800000000 0.10778668943214175791 0.00000000000000000000
3.0900000000 0.10761996057526540538 0.00000000000000000000
3.1000000000 0.10745479758536898018 0.00000000000000000000
3.1100000000 0.10729117894875014882 0.00000000000000000000
3.1200000000 0.10712908353186934018 0.00000000000000000000
3.1300000000 0.10696849057332133426 0.00000000000000000000
3.1400000000 0.10680937967599846150 0.00000000000000000000
3.1500000000 0.10665173079944403889 0.00000000000000000000
3.1600000000 0.10649552425238806297 0.00000000000000000000
3.1700000000 0.10634074068546069125 0.00000000000000000000
3.1800000000 0.10618736108408331764 0.00000000000000000000
3.1900000000 0.10603536676152353069 0.00000000000000000000
3.2000000000 0.10588473935211838162 0.00000000000000000000
3.2100000000 0.10573546080465838493 0.00000000000000000000
3.2200000000 0.10558751337592381381 0.00000000000000000000
3.2300000000 0.10544087962437805051 0.00000000000000000000
3.2400000000 0.10529554240400579301 0.00000000000000000000
3.2500000000 0.10515148485829589609 0.00000000000000000000
3.2600000000 0.10500869041436609874 0.00000000000000000000
3.2700000000 0.10486714277722308797 0.00000000000000000000
3.2800000000 0.10472682592415670511 0.00000000000000000000
3.2900000000 0.10458772409926382629 0.00000000000000000000
3.3000000000 0.10444982180809819772 0.00000000000000000000
3.3100000000 0.10431310381244442154 0.00000000000000000000
3.3200000000 0.10417755512521162387 0.00000000000000000000
3.3300000000 0.10404316100544321044 0.00000000000000000000
3.3400000000 0.10390990695344290429 0.00000000000000000000
3.3500000000 0.10377777870600934929 0.00000000000000000000
3.3600000000 0.10364676223178036218 0.00000000000000000000
3.3700000000 0.10351684372668333578 0.00000000000000000000
3.3800000000 0.10338800960948582586 0.00000000000000000000
3.3900000000 0.10326024651745069338 0.00000000000000000000
3.4000000000 0.10313354130208482462 0.00000000000000000000
3.4100000000 0.10300788102498537047 0.00000000000000000000
3.4200000000 0.10288325295377857838 0.00000000000000000000
3.4300000000 0.10275964455814920462 0.00000000000000000000
3.4400000000 0.10263704350595785619 0.00000000000000000000
3.4500000000 0.10251543765944480524 0.00000000000000000000
3.4600000000 0.10239481507151740325 0.00000000000000000000
3.4700000000 0.10227516398212047055 0.00000000000000000000
3.4800000000 0.10215647281468548391 0.00000000000000000000
3.4900000000 0.10203873017265764622 0.00000000000000000000
3.5000000000 0.10192192483610040821 0.00000000000000000000
3.5100000000 0.10180604575837164105 0.00000000000000000000
3.5200000000 0.10169108206287541529 0.00000000000000000000
3.5300000000 0.10157702303988050407 0.00000000000000000000
3.5400000000 0.10146385814341160603 0.00000000000000000000
3.5500000000 0.10135157698820514149 0.00000000000000000000
3.5600000000 0.10124016934673107926 0.00000000000000000000
3.5700000000 0.10112962514627982236 0.00000000000000000000
3.5800000000 0.10101993446610973981 0.00000000000000000000
3.5900000000 0.10091108753465802272 0.00000000000000000000
3.6000000000 0.10080307472680805070 0.00000000000000000000
3.6100000000 0.10069588656121769565 0.00000000000000000000
3.6200000000 0.10058951369770188777 0.00000000000000000000
3.6300000000 0.10048394693467246896 0.00000000000000000000
3.6400000000 0.10037917720663029619 0.00000000000000000000
3.6500000000 0.10027519558171169023 0.00000000000000000000
3.6600000000 0.10017199325928481668 0.00000000000000000000
3.6700000000 0.10006956156759741483 0.00000000000000000000
3.6800000000 0.09996789196147307099 0.00000000000000000000
3.6900000000 0.09986697602005596697 0.00000000000000000000
3.7000000000 0.09976680544460152233 0.00000000000000000000
3.7100000000 0.09966737205631340246 0.00000000000000000000
3.7200000000 0.09956866779422550440 0.00000000000000000000
3.7300000000 0.09947068471312564553 0.00000000000000000000
3.7400000000 0.09937341498152489627 0.00000000000000000000
3.7500000000 0.09927685087966618693 0.00000000000000000000
3.7600000000 0.09918098479757354868 0.00000000000000000000
3.7700000000 0.09908580923314301570 0.00000000000000000000
3.7800000000 0.09899131679026988706 0.00000000000000000000
3.7900000000 0.09889750017701588736 0.00000000000000000000
3.8000000000 0.09880435220381179884 0.00000000000000000000
3.8100000000 0.09871186578169752202 0.00000000000000000000
3.8200000000 0.09862003392059706663 0.00000000000000000000
3.8300000000 0.09852884972762782079 0.00000000000000000000
3.8400000000 0.09843830640544336263 0.00000000000000000000
3.8500000000 0.09834839725061073068 0.00000000000000000000
3.8600000000 0.09825911565201839171 0.00000000000000000000
3.8700000000 0.09817045508931619702 0.00000000000000000000
3.8800000000 0.09808240913138666084 0.00000000000000000000
3.8900000000 0.09799497143484657558 0.00000000000000000000
3.9000000000 0.09790813574257606344 0.00000000000000000000
3.9100000000 0.09782189588228003274 0.00000000000000000000
3.9200000000 0.09773624576507385087 0.00000000000000000000
3.9300000000 0.09765117938409999254 0.00000000000000000000
3.9400000000 0.09756669081316915459 0.00000000000000000000
3.9500000000 0.09748277420542927896 0.00000000000000000000
3.9600000000 0.09739942379205972223 0.00000000000000000000
3.9700000000 0.09731663388099054401 0.00000000000000000000
3.9800000000 0.09723439885564616469 0.00000000000000000000
3.9900000000 0.09715271317371511339 0.00000000000000000000
4.0000000000 0.09707157136593994040 0.00000000000000000000
4.0100000000 0.09699096803493338637 0.00000000000000000000
4.0200000000 0.09691089785401557632 0.00000000000000000000
4.0300000000 0.09683135556607319616 0.00000000000000000000
4.0400000000 0.09675233598244120659 0.00000000000000000000
4.0500000000 0.09667383398180466603 0.00000000000000000000
4.0600000000 0.09659584450912245268 0.00000000000000000000
4.0700000000 0.09651836257456965218 0.00000000000000000000
4.0800000000 0.09644138325250131705 0.00000000000000000000
4.0900000000 0.09636490168043476690 0.00000000000000000000
4.1000000000 0.09628891305805105383 0.00000000000000000000
4.1100000000 0.09621341264621488532 0.00000000000000000000
4.1200000000 0.09613839576601289350 0.00000000000000000000
4.1300000000 0.09606385779780989009 0.00000000000000000000
4.1400000000 0.09598979418032210775 0.00000000000000000000
4.1500000000 0.09591620040970780248 0.00000000000000000000
4.1600000000 0.09584307203867444003 0.00000000000000000000
4.1700000000 0.09577040467560243853 0.00000000000000000000
4.1800000000 0.09569819398368425989 0.00000000000000000000
4.1900000000 0.09562643568008040440 0.00000000000000000000
4.2000000000 0.09555512553508957452 0.00000000000000000000
4.2100000000 0.09548425937133415975 0.00000000000000000000
4.2200000000 0.09541383306296120914 0.00000000000000000000
4.2300000000 0.09534384253485644889 0.00000000000000000000
4.2400000000 0.09527428376187423165 0.00000000000000000000
4.2500000000 0.09520515276807882399 0.00000000000000000000
4.2600000000 0.09513644562600249988 0.00000000000000000000
4.2700000000 0.09506815845591336245 0.00000000000000000000
4.2800000000 0.09500028742509926405 0.00000000000000000000
4.2900000000 0.09493282874716223174 0.00000000000000000000
4.3000000000 0.09486577868132677060 0.00000000000000000000
4.3100000000 0.09479913353175979662 0.00000000000000000000
4.3200000000 0.09473288964690211589 0.00000000000000000000
4.3300000000 0.09466704341881312934 0.00000000000000000000
4.3400000000 0.09460159128252511318 0.00000000000000000000
4.3500000000 0.09453652971541030847 0.00000000000000000000
4.3600000000 0.09447185523655833583 0.00000000000000000000
4.3700000000 0.09440756440616418499 0.00000000000000000000
4.3800000000 0.09434365382492800045 0.00000000000000000000
4.3900000000 0.09428012013346383224 0.00000000000000000000
4.4000000000 0.09421696001171935009 0.00000000000000000000
4.4100000000 0.09415417017840560510 0.00000000000000000000
4.4200000000 0.09409174739043606184 0.00000000000000000000
4.4300000000 0.09402968844237606649 0.00000000000000000000
4.4400000000 0.09396799016590072495 0.00000000000000000000
4.4500000000 0.09390664942926263414 0.00000000000000000000
4.4600000000 0.09384566313676889759 0.00000000000000000000
4.4700000000 0.09378502822826638441 0.00000000000000000000
4.4800000000 0.09372474167863585615 0.00000000000000000000
4.4900000000 0.09366480049729490609 0.00000000000000000000
4.5000000000 0.09360520172770907255 0.00000000000000000000
4.5100000000 0.09354594244691108451 0.00000000000000000000
4.5200000000 0.09348701976502850342 0.00000000000000000000
4.5300000000 0.09342843082481872008 0.00000000000000000000
4.5400000000 0.09337017280121194529 0.00000000000000000000
4.5500000000 0.09331224290086229112 0.00000000000000000000
4.5600000000 0.09325463836170509724 0.00000000000000000000
4.5700000000 0.09319735645252297251 0.00000000000000000000
4.5800000000 0.09314039447251798443 0.00000000000000000000
4.5900000000 0.09308374975089145353 0.00000000000000000000
4.6000000000 0.09302741964642967376 0.00000000000000000000
4.6100000000 0.09297140154709840343 0.00000000000000000000
4.6200000000 0.09291569286964178331 0.00000000000000000000
4.6300000000 0.09286029105918890136 0.00000000000000000000
4.6400000000 0.09280519358886683834 0.00000000000000000000
4.6500000000 0.09275039795941968090 0.00000000000000000000
4.6600000000 0.09269590169883322461 0.00000000000000000000
4.6700000000 0.09264170236196712926 0.00000000000000000000
4.6800000000 0.09258779753019119596 0.00000000000000000000
4.6900000000 0.09253418481102930471 0.00000000000000000000
4.7000000000 0.09248086183780708514 0.00000000000000000000
4.7100000000 0.09242782626930728940 0.00000000000000000000
4.7200000000 0.09237507578942882880 0.00000000000000000000
4.7300000000 0.09232260810685258279 0.00000000000000000000
4.7400000000 0.09227042095471157945 0.00000000000000000000
4.7500000000 0.09221851209026718510 0.00000000000000000000
4.7600000000 0.09216687929458913797 0.00000000000000000000
4.7700000000 0.09211552037224271516 0.00000000000000000000
4.7800000000 0.09206443315097834201 0.00000000000000000000
4.7900000000 0.09201361548142786284 0.00000000000000000000
4.8000000000 0.09196306523680503053 0.00000000000000000000
4.8100000000 0.09191278031261040926 0.00000000000000000000
4.8200000000 0.09186275862634096789 0.00000000000000000000
4.8300000000 0.09181299811720443349 0.00000000000000000000
4.8400000000 0.09176349674583772487 0.00000000000000000000
4.8500000000 0.09171425249403013236 0.00000000000000000000
4.8600000000 0.09166526336445034173 0.00000000000000000000
4.8700000000 0.09161652738037781574 0.00000000000000000000
4.8800000000 0.09156804258543831121 0.00000000000000000000
4.8900000000 0.09151980704334367056 0.00000000000000000000
4.9000000000 0.09147181883763484678 0.00000000000000000000
4.9100000000 0.09142407607142995218 0.00000000000000000000
4.9200000000 0.09137657686717484684 0.00000000000000000000
4.9300000000 0.09132931936639875070 0.00000000000000000000
4.9400000000 0.09128230172947267296 0.00000000000000000000
4.9500000000 0.09123552213537178268 0.00000000000000000000
4.9600000000 0.09118897878144124891 0.00000000000000000000
4.9700000000 0.09114266988316604978 0.00000000000000000000
4.9800000000 0.09109659367394346008 0.00000000000000000000
4.9900000000 0.09105074840485936905 0.00000000000000000000
5.0000000000 0.09100513234446816480 0.00000000000000000000
