0.1000000000 3.02185772083561587920 0.00000000000000000000
0.1100000000 2.91632825259985661859 0.00000000000000000000
0.1200000000 2.81485424839775077999 0.00000000000000000000
0.1300000000 2.71737836538577637313 0.00000000000000000000
0.1400000000 2.62381935724540715782 0.00000000000000000000
0.1500000000 2.53407603564103434124 0.00000000000000000000
0.1600000000 2.44803129101218441832 0.00000000000000000000
0.1700000000 2.36555599310600372931 0.00000000000000000000
0.1800000000 2.28651262952704970033 0.00000000000000000000
0.1900000000 2.21075858153129845007 0.00000000000000000000
0.2000000000 2.13814897586800567453 0.00000000000000000000
0.2100000000 2.06853908648640638646 0.00000000000000000000
0.2200000000 2.00178628851204498673 0.00000000000000000000
0.2300000000 1.93775158837174310555 0.00000000000000000000
0.2400000000 1.87630076852057769976 0.00000000000000000000
0.2500000000 1.81730519370416643277 0.00000000000000000000
0.2600000000 1.76064232919280261314 0.00000000000000000000
0.2700000000 1.70619602115492874361 0.00000000000000000000
0.2800000000 1.65385658643608679519 0.00000000000000000000
0.2900000000 1.60352075446005826187 0.00000000000000000000
0.3000000000 1.55509149856134931689 0.00000000000000000000
0.3100000000 1.50847778838582624594 0.00000000000000000000
0.3200000000 1.46359428947307712576 0.00000000000000000000
0.3300000000 1.42036103102532829112 0.00000000000000000000
0.3400000000 1.37870305832156403447 0.00000000000000000000
0.3500000000 1.33855008231415717468 0.00000000000000000000
0.3600000000 1.29983613565153222069 0.00000000000000000000
0.3700000000 1.26249924166825167049 0.00000000000000000000
0.3800000000 1.22648110071634453000 0.00000000000000000000
0.3900000000 1.19172679651045876348 0.00000000000000000000
0.4000000000 1.15818452385461845289 0.00000000000000000000
0.4100000000 1.12580533814298733297 0.00000000000000000000
0.4200000000 1.09454292631950411696 0.00000000000000000000
0.4300000000 1.06435339848778021121 0.00000000000000000000
0.4400000000 1.03519509903682527252 0.00000000000000000000
0.4500000000 1.00702843595128710419 0.00000000000000000000
0.4600000000 0.97981572687504892016 0.00000000000000000000
0.4700000000 0.95352106046863938094 0.00000000000000000000
0.4800000000 0.92811017162333053765 0.00000000000000000000
0.4900000000 0.90355032915225441670 0.00000000000000000000
0.5000000000 0.87981023465897767455 0.00000000000000000000
0.5100000000 0.85685993137743654557 0.00000000000000000000
0.5200000000 0.83467072187709745457 0.00000000000000000000
0.5300000000 0.81321509362867461235 0.00000000000000000000
0.5400000000 0.79246665152517925534 0.00000000000000000000
0.5500000000 0.77240005654815790948 0.00000000000000000000
0.5600000000 0.75299096985824576223 0.00000000000000000000
0.5700000000 0.73421600167156164662 0.00000000000000000000
0.5800000000 0.71605266435896752775 0.00000000000000000000
0.5900000000 0.69847932927338973741 0.00000000000000000000
0.6000000000 0.68147518687169217344 0.00000000000000000000
0.6100000000 0.66502020975225095700 0.00000000000000000000
0.6200000000 0.64909511827782784277 0.00000000000000000000
0.6300000000 0.63368134849611046366 0.00000000000000000000
0.6400000000 0.61876102210786187996 0.00000000000000000000
0.6500000000 0.60431691826541789059 0.00000000000000000000
0.6600000000 0.59033244701308029700 0.00000000000000000000
0.6700000000 0.57679162420577012593 0.00000000000000000000
0.6800000000 0.56367904776394173183 0.00000000000000000000
0.6900000000 0.55097987514160129408 0.00000000000000000000
0.7000000000 0.53867980190015685160 0.00000000000000000000
0.7100000000 0.52676504129509926777 0.00000000000000000000
0.7200000000 0.51522230479418518190 0.00000000000000000000
0.7300000000 0.50403878345620978241 0.00000000000000000000
0.7400000000 0.49320213010838137579 0.00000000000000000000
0.7500000000 0.48270044226763625383 0.00000000000000000000
0.7600000000 0.47252224575796558659 0.00000000000000000000
0.7700000000 0.46265647898120160209 0.00000000000000000000
0.7800000000 0.45309247780350631052 0.00000000000000000000
0.7900000000 0.44381996102387705205 0.00000000000000000000
0.8000000000 0.43482901639449939024 0.00000000000000000000
0.8100000000 0.42611008716550002884 0.00000000000000000000
0.8200000000 0.41765395912969444092 0.00000000000000000000
0.8300000000 0.40945174814447177214 0.00000000000000000000
0.8400000000 0.40149488811038913649 0.00000000000000000000
0.8500000000 0.39377511938729908847 0.00000000000000000000
0.8600000000 0.38628447763042023100 0.00000000000000000000
0.8700000000 0.37901528302989689889 0.00000000000000000000
0.8800000000 0.37196012993836291560 0.00000000000000000000
0.8900000000 0.36511187687209606390 0.00000000000000000000
0.9000000000 0.35846363687212068339 0.00000000000000000000
0.9100000000 0.35200876821210669299 0.00000000000000000000
0.9200000000 0.34574086544089388529 0.00000000000000000000
0.9300000000 0.33965375074770398633 0.00000000000000000000
0.9400000000 0.33374146563883749783 0.00000000000000000000
0.9500000000 0.32799826291512640397 0.00000000000000000000
0.9600000000 0.32241859893937963033 0.00000000000000000000
0.9700000000 0.31699712618427317024 0.00000000000000000000
0.9800000000 0.31172868605074649517 0.00000000000000000000
0.9900000000 0.30660830194737892507 0.00000000000000000000
1.0000000000 0.30163117262169031330 0.00000000000000000000
1.0100000000 0.29679266573699281118 0.00000000000000000000
1.0200000000 0.29208831168163912340 0.00000000000000000000
1.0300000000 0.28751379760506445837 0.00000000000000000000
1.0400000000 0.28306496167572614553 0.00000000000000000000
1.0500000000 0.27873778754787048584 0.00000000000000000000
1.0600000000 0.27452839903288034362 0.00000000000000000000
1.0700000000 0.27043305496738934135 0.00000000000000000000
1.0800000000 0.26644814427106339183 0.00000000000000000000
1.0900000000 0.26257018118754027469 0.00000000000000000000
1.1000000000 0.25879580070165220107 0.00000000000000000000
1.1100000000 0.25512175412698268051 0.00000000000000000000
1.1200000000 0.25154490485736658023 0.00000000000000000000
1.1300000000 0.24806222427656460239 0.00000000000000000000
1.1400000000 0.24467078782032636308 0.00000000000000000000
1.1500000000 0.24136777118530425290 0.00000000000000000000
1.1600000000 0.23815044667945761692 0.00000000000000000000
1.1700000000 0.23501617970878752040 0.00000000000000000000
1.1800000000 0.23196242539536079952 0.00000000000000000000
1.1900000000 0.22898672532181657546 0.00000000000000000000
1.2000000000 0.22608670439765654603 0.00000000000000000000
1.2100000000 0.22326006784279978090 0.00000000000000000000
1.2200000000 0.22050459828407831253 0.00000000000000000000
1.2300000000 0.21781815296041956431 0.00000000000000000000
1.2400000000 0.21519866103267606960 0.00000000000000000000
1.2500000000 0.21264412099420001989 0.00000000000000000000
1.2600000000 0.21015259817835107992 0.00000000000000000000
1.2700000000 0.20772222235929826972 0.00000000000000000000
1.2800000000 0.20535118544262981333 0.00000000000000000000
1.2900000000 0.20303773924234344572 0.00000000000000000000
1.3000000000 0.20078019334098459736 0.00000000000000000000
1.3100000000 0.19857691302974769809 0.00000000000000000000
1.3200000000 0.19642631732556442570 0.00000000000000000000
1.3300000000 0.19432687706219667345 0.00000000000000000000
1.3400000000 0.19227711305256775520 0.00000000000000000000
1.3500000000 0.19027559431960111569 0.00000000000000000000
1.3600000000 0.18832093639296265675 0.00000000000000000000
1.3700000000 0.18641179966920942701 0.00000000000000000000
1.3800000000 0.18454688783289455167 0.00000000000000000000
1.3900000000 0.18272494633636171546 0.00000000000000000000
1.4000000000 0.18094476093591246868 0.00000000000000000000
1.4100000000 0.17920515628226954541 0.00000000000000000000
1.4200000000 0.17750499456321994218 0.00000000000000000000
1.4300000000 0.17584317419645262293 0.00000000000000000000
1.4400000000 0.17421862857068418085 0.00000000000000000000
1.4500000000 0.17263032483322340860 0.00000000000000000000
1.4600000000 0.17107726272218884422 0.00000000000000000000
1.4700000000 0.16955847344170463242 0.00000000000000000000
1.4800000000 0.16807301857839834769 0.00000000000000000000
1.4900000000 0.16661998905766525758 0.00000000000000000000
1.5000000000 0.16519850413812675605 0.00000000000000000000
1.5100000000 0.16380771044289371696 0.00000000000000000000
1.5200000000 0.16244678102617982063 0.00000000000000000000
1.5300000000 0.16111491447393636034 0.00000000000000000000
1.5400000000 0.15981133403722841413 0.00000000000000000000
1.5500000000 0.15853528679708051019 0.00000000000000000000
1.5600000000 0.15728604285961278464 0.00000000000000000000
1.5700000000 0.15606289458031416539 0.00000000000000000000
1.5800000000 0.15486515581634874295 0.00000000000000000000
1.5900000000 0.15369216120582707141 0.00000000000000000000
1.6000000000 0.15254326547302571315 0.00000000000000000000
1.6100000000 0.15141784275857395059 0.00000000000000000000
1.6200000000 0.15031528597366256017 0.00000000000000000000
1.6300000000 0.14923500617736493168 0.00000000000000000000
1.6400000000 0.14817643197620627982 0.00000000000000000000
1.6500000000 0.14713900894513987083 0.00000000000000000000
1.6600000000 0.14612219906912077283 0.00000000000000000000
1.6700000000 0.14512548020450993791 0.00000000000000000000
1.6800000000 0.14414834555955935436 0.00000000000000000000
1.6900000000 0.14319030319327166745 0.00000000000000000000
1.7000000000 0.14225087553193635492 0.00000000000000000000
1.7100000000 0.14132959890268728675 0.00000000000000000000
1.7200000000 0.14042602308345114581 0.00000000000000000000
1.7300000000 0.13953971086866631679 0.00000000000000000000
1.7400000000 0.13867023765019867443 0.00000000000000000000
1.7500000000 0.13781719101287129292 0.00000000000000000000
1.7600000000 0.13698017034409007420 0.00000000000000000000
1.7700000000 0.13615878645702744754 0.00000000000000000000
1.7800000000 0.13535266122685829515 0.00000000000000000000
1.7900000000 0.13456142723959269025 0.00000000000000000000
1.8000000000 0.13378472745300559743 0.00000000000000000000
1.8100000000 0.13302221486925502880 0.00000000000000000000
1.8200000000 0.13227355221873077218 0.00000000000000000000
1.8300000000 0.13153841165473806329 0.00000000000000000000
1.8400000000 0.13081647445861632750 0.00000000000000000000
1.8500000000 0.13010743075491557064 0.00000000000000000000
1.8600000000 0.12941097923625174970 0.00000000000000000000
1.8700000000 0.12872682689751019369 0.00000000000000000000
1.8800000000 0.12805468877903003477 0.00000000000000000000
1.8900000000 0.12739428771847871591 0.00000000000000000000
1.9000000000 0.12674535411106968574 0.00000000000000000000
1.9100000000 0.12610762567784336574 0.00000000000000000000
1.9200000000 0.12548084724171076898 0.00000000000000000000
1.9300000000 0.12486477051098730795 0.00000000000000000000
1.9400000000 0.12425915387014530022 0.00000000000000000000
1.9500000000 0.12366376217752513000 0.00000000000000000000
1.9600000000 0.12307836656975813805 0.00000000000000000000
1.9700000000 0.12250274427266766297 0.00000000000000000000
1.9800000000 0.12193667841840197252 0.00000000000000000000
1.9900000000 0.12137995786860117375 0.00000000000000000000
2.0000000000 0.12083237704336265150 0.00000000000000000000
2.0100000000 0.12029373575581175926 0.00000000000000000000
2.0200000000 0.11976383905208115577 0.00000000000000000000
2.0300000000 0.11924249705650002973 0.00000000000000000000
2.0400000000 0.11872952482181850509 0.00000000000000000000
2.0500000000 0.11822474218428673243 0.00000000000000000000
2.0600000000 0.11772797362341924643 0.00000000000000000000
2.0700000000 0.11723904812628571648 0.00000000000000000000
2.0800000000 0.11675779905616180676 0.00000000000000000000
2.0900000000 0.11628406402539530340 0.00000000000000000000
2.1000000000 0.11581768477234419268 0.00000000000000000000
2.1100000000 0.11535850704223626906 0.00000000000000000000
2.1200000000 0.11490638047182374915 0.00000000000000000000
2.1300000000 0.11446115847769723628 0.00000000000000000000
2.1400000000 0.11402269814813965898 0.00000000000000000000
2.1500000000 0.11359086013838874674 0.00000000000000000000
2.1600000000 0.11316550856920253032 0.00000000000000000000
2.1700000000 0.11274651092860829560 0.00000000000000000000
2.1800000000 0.11233373797672928374 0.00000000000000000000
2.1900000000 0.11192706365358261189 0.00000000000000000000
2.2000000000 0.11152636498975390666 0.00000000000000000000
2.2100000000 0.11113152201984230483 0.00000000000000000000
2.2200000000 0.11074241769859009821 0.00000000000000000000
2.2300000000 0.11035893781960326443 0.00000000000000000000
2.2400000000 0.10998097093657772938 0.00000000000000000000
2.2500000000 0.10960840828694401461 0.00000000000000000000
2.2600000000 0.10924114371785682842 0.00000000000000000000
2.2700000000 0.10887907361444189303 0.00000000000000000000
2.2800000000 0.10852209683023476827 0.00000000000000000000
2.2900000000 0.10817011461973015385 0.00000000000000000000
2.3000000000 0.10782303057298069093 0.00000000000000000000
2.3100000000 0.10748075055216867180 0.00000000000000000000
2.3200000000 0.10714318263009424415 0.00000000000000000000
2.3300000000 0.10681023703051094331 0.00000000000000000000
2.3400000000 0.10648182607025229174 0.00000000000000000000
2.3500000000 0.10615786410308641896 0.00000000000000000000
2.3600000000 0.10583826746524967188 0.00000000000000000000
2.3700000000 0.10552295442259577996 0.00000000000000000000
2.3800000000 0.10521184511931547245 0.00000000000000000000
2.3900000000 0.10490486152817216081 0.00000000000000000000
2.4000000000 0.10460192740220619623 0.00000000000000000000
2.4100000000 0.10430296822785908861 0.00000000000000000000
2.4200000000 0.10400791117947329190 0.00000000000000000000
2.4300000000 0.10371668507512391000 0.00000000000000000000
2.4400000000 0.10342922033373859458 0.00000000000000000000
2.4500000000 0.10314544893346479226 0.00000000000000000000
2.4600000000 0.10286530437124556669 0.00000000000000000000
2.4700000000 0.10258872162356648394 0.00000000000000000000
2.4800000000 0.10231563710833058156 0.00000000000000000000
2.4900000000 0.10204598864783760714 0.00000000000000000000
2.5000000000 0.10177971543282070266 0.00000000000000000000
2.5100000000 0.10151675798751216839 0.00000000000000000000
2.5200000000 0.10125705813571068969 0.00000000000000000000
2.5300000000 0.10100055896780851805 0.00000000000000000000
2.5400000000 0.10074720480876042661 0.00000000000000000000
2.5500000000 0.10049694118695504108 0.00000000000000000000
2.5600000000 0.10024971480396660528 0.00000000000000000000
2.5700000000 0.10000547350515869016 0.00000000000000000000
2.5800000000 0.09976416625111289571 0.00000000000000000000
2.5900000000 0.09952574308985558116 0.00000000000000000000
2.6000000000 0.09929015512986409664 0.00000000000000000000
2.6100000000 0.09905735451381957046 0.00000000000000000000
2.6200000000 0.09882729439309347053 0.00000000000000000000
2.6300000000 0.09859992890293664547 0.00000000000000000000
2.6400000000 0.09837521313835542736 0.00000000000000000000
2.6500000000 0.09815310313065232772 0.00000000000000000000
2.6600000000 0.09793355582460927522 0.00000000000000000000
2.6700000000 0.09771652905629736596 0.00000000000000000000
2.6800000000 0.09750198153149304547 0.00000000000000000000
2.6900000000 0.09728987280467901733 0.00000000000000000000
2.7000000000 0.09708016325861922036 0.00000000000000000000
2.7100000000 0.09687281408448583653 0.00000000000000000000
2.7200000000 0.09666778726252057974 0.00000000000000000000
2.7300000000 0.09646504554322188341 0.00000000000000000000
2.7400000000 0.09626455242903317333 0.00000000000000000000
2.7500000000 0.09606627215652324692 0.00000000000000000000
2.7600000000 0.09587016967904252174 0.00000000000000000000
2.7700000000 0.09567621064984306589 0.00000000000000000000
2.7800000000 0.09548436140564325880 0.00000000000000000000
2.7900000000 0.09529458895063282198 0.00000000000000000000
2.8000000000 0.09510686094089543241 0.00000000000000000000
2.8100000000 0.09492114566924657326 0.00000000000000000000
2.8200000000 0.09473741205046672109 0.00000000000000000000
2.8300000000 0.09455562960692207031 0.00000000000000000000
2.8400000000 0.09437576845456178976 0.00000000000000000000
2.8500000000 0.09419779928928018187 0.00000000000000000000
2.8600000000 0.09402169337363282253 0.00000000000000000000
2.8700000000 0.09384742252389696726 0.00000000000000000000
2.8800000000 0.09367495909746686999 0.00000000000000000000
2.8900000000 0.09350427598057460543 0.00000000000000000000
2.9000000000 0.09333534657632423792 0.00000000000000000000
2.9100000000 0.09316814479303629770 0.00000000000000000000
2.9200000000 0.09300264503288710460 0.00000000000000000000
2.9300000000 0.09283882218083927551 0.00000000000000000000
2.9400000000 0.09267665159385446438 0.00000000000000000000
2.9500000000 0.09251610909037639996 0.00000000000000000000
2.9600000000 0.09235717094008479011 0.00000000000000000000
2.9700000000 0.09219981385390328688 0.00000000000000000000
2.9800000000 0.09204401497426092926 0.00000000000000000000
2.9900000000 0.09188975186559836250 0.00000000000000000000
3.0000000000 0.09173700250510896659 0.00000000000000000000
3.0100000000 0.09158574527371332596 0.00000000000000000000
3.0200000000 0.09143595894725813078 0.00000000000000000000
3.0300000000 0.09128762268793205736 0.00000000000000000000
3.0400000000 0.09114071603589531112 0.00000000000000000000
3.0500000000 0.09099521890111436639 0.00000000000000000000
3.0600000000 0.09085111155539959960 0.00000000000000000000
3.0700000000 0.09070837462463647582 0.00000000000000000000
3.0800000000 0.09056698908120781877 0.00000000000000000000
3.0900000000 0.09042693623660100211 0.00000000000000000000
3.1000000000 0.09028819773419434480 0.00000000000000000000
3.1100000000 0.09015075554221975429 0.00000000000000000000
3.1200000000 0.09001459194689528931 0.00000000000000000000
3.1300000000 0.08987968954572259084 0.00000000000000000000
3.1400000000 0.08974603124094700235 0.00000000000000000000
3.1500000000 0.08961360023317495316 0.00000000000000000000
3.1600000000 0.08948238001514140227 0.00000000000000000000
3.1700000000 0.08935235436563096489 0.00000000000000000000
3.1800000000 0.08922350734353869106 0.00000000000000000000
3.1900000000 0.08909582328207506230 0.00000000000000000000
3.2000000000 0.08896928678310797589 0.00000000000000000000
3.2100000000 0.08884388271163708162 0.00000000000000000000
3.2200000000 0.08871959619039951339 0.00000000000000000000
3.2300000000 0.08859641259460206142 0.00000000000000000000
3.2400000000 0.08847431754677587135 0.00000000000000000000
3.2500000000 0.08835329691175332345 0.00000000000000000000
3.2600000000 0.08823333679175984767 0.00000000000000000000
3.2700000000 0.08811442352162088265 0.00000000000000000000
3.2800000000 0.08799654366408038442 0.00000000000000000000
3.2900000000 0.08787968400522701284 0.00000000000000000000
3.3000000000 0.08776383155002437375 0.00000000000000000000
3.3100000000 0.08764897351794732894 0.00000000000000000000
3.3200000000 0.08753509733871525644 0.00000000000000000000
3.3300000000 0.08742219064812389862 0.00000000000000000000
3.3400000000 0.08731024128397328610 0.00000000000000000000
3.3500000000 0.08719923728208671398 0.00000000000000000000
3.3600000000 0.08708916687242060362 0.00000000000000000000
3.3700000000 0.08698001847526341812 0.00000000000000000000
3.3800000000 0.08687178069751783083 0.00000000000000000000
3.3900000000 0.08676444232906987963 0.00000000000000000000
3.4000000000 0.08665799233923623945 0.00000000000000000000
3.4100000000 0.08655241987329322095 0.00000000000000000000
3.4200000000 0.08644771424908279100 0.00000000000000000000
3.4300000000 0.08634386495369306136 0.00000000000000000000
3.4400000000 0.08624086164021468881 0.00000000000000000000
3.4500000000 0.08613869412456584551 0.00000000000000000000
3.4600000000 0.08603735238239106076 0.00000000000000000000
3.4700000000 0.08593682654602480264 0.00000000000000000000
3.4800000000 0.08583710690152442091 0.00000000000000000000
3.4900000000 0.08573818388576627536 0.00000000000000000000
3.5000000000 0.08564004808360674292 0.00000000000000000000
3.5100000000 0.08554269022510324616 0.00000000000000000000
3.5200000000 0.08544610118279828692 0.00000000000000000000
3.5300000000 0.08535027196905917157 0.00000000000000000000
3.5400000000 0.08525519373347741070 0.00000000000000000000
3.5500000000 0.08516085776032430998 0.00000000000000000000
3.5600000000 0.08506725546605933830 0.00000000000000000000
3.5700000000 0.08497437839689356287 0.00000000000000000000
3.5800000000 0.08488221822640482084 0.00000000000000000000
3.5900000000 0.08479076675320340595 0.00000000000000000000
3.6000000000 0.08470001589864734060 0.00000000000000000000
3.6100000000 0.08460995770460645604 0.00000000000000000000
3.6200000000 0.08452058433127407344 0.00000000000000000000
3.6300000000 0.08443188805502328809 0.00000000000000000000
3.6400000000 0.08434386126631059077 0.00000000000000000000
3.6500000000 0.08425649646762148337 0.00000000000000000000
3.6600000000 0.08416978627146014247 0.00000000000000000000
3.6700000000 0.08408372339838139642 0.00000000000000000000
3.6800000000 0.08399830067506174058 0.00000000000000000000
3.6900000000 0.08391351103241286025 0.00000000000000000000
3.7000000000 0.08382934750373240151 0.00000000000000000000
3.7100000000 0.08374580322289405798 0.00000000000000000000
3.7200000000 0.08366287142257392007 0.00000000000000000000
3.7300000000 0.08358054543251387802 0.00000000000000000000
3.7400000000 0.08349881867782064926 0.00000000000000000000
3.7500000000 0.08341768467729916703 0.00000000000000000000
3.7600000000 0.08333713704182003912 0.00000000000000000000
3.7700000000 0.08325716947272047974 0.00000000000000000000
3.7800000000 0.08317777576023741015 0.00000000000000000000
3.7900000000 0.08309894978197178428 0.00000000000000000000
3.8000000000 0.08302068550138473613 0.00000000000000000000
3.8100000000 0.08294297696632334238 0.00000000000000000000
3.8200000000 0.08286581830757593081 0.00000000000000000000
3.8300000000 0.08278920373745726757 0.00000000000000000000
3.8400000000 0.08271312754841966819 0.00000000000000000000
3.8500000000 0.08263758411169480622 0.00000000000000000000
3.8600000000 0.08256256787595980806 0.00000000000000000000
3.8700000000 0.08248807336603088125 0.00000000000000000000
3.8800000000 0.08241409518158364367 0.00000000000000000000
3.8900000000 0.08234062799589586534 0.00000000000000000000
3.9000000000 0.08226766655461859035 0.00000000000000000000
3.9100000000 0.08219520567456757576 0.00000000000000000000
3.9200000000 0.08212324024254158417 0.00000000000000000000
3.9300000000 0.08205176521416118751 0.00000000000000000000
3.9400000000 0.08198077561273180158 0.00000000000000000000
3.9500000000 0.08191026652812781472 0.00000000000000000000
3.9600000000 0.08184023311569833814 0.00000000000000000000
3.9700000000 0.08177067059519479986 0.00000000000000000000
3.9800000000 0.08170157424971825899 0.00000000000000000000
3.9900000000 0.08163293942468725917 0.00000000000000000000
4.0000000000 0.08156476152682543002 0.00000000000000000000
4.0100000000 0.08149703602316815676 0.00000000000000000000
4.0200000000 0.08142975844008894237 0.00000000000000000000
4.0300000000 0.08136292436234270065 0.00000000000000000000
4.0400000000 0.08129652943212896388 0.00000000000000000000
4.0500000000 0.08123056934817141084 0.00000000000000000000
4.0600000000 0.08116503986481508892 0.00000000000000000000
4.0700000000 0.08109993679114096965 0.00000000000000000000
4.0800000000 0.08103525599009679670 0.00000000000000000000
4.0900000000 0.08097099337764351867 0.00000000000000000000
4.1000000000 0.08090714492191916629 0.00000000000000000000
4.1100000000 0.08084370664241671833 0.00000000000000000000
4.1200000000 0.08078067460917785769 0.00000000000000000000
4.1300000000 0.08071804494200185420 0.00000000000000000000
4.1400000000 0.08065581380966840852 0.00000000000000000000
4.1500000000 0.08059397742917540075 0.00000000000000000000
4.1600000000 0.08053253206499011441 0.00000000000000000000
4.1700000000 0.08047147402831472673 0.00000000000000000000
4.1800000000 0.08041079967636419190 0.00000000000000000000
4.1900000000 0.08035050541165857096 0.00000000000000000000
4.2000000000 0.08029058768132707469 0.00000000000000000000
4.2100000000 0.08023104297642562333 0.00000000000000000000
4.2200000000 0.08017186783126567517 0.00000000000000000000
4.2300000000 0.08011305882275614187 0.00000000000000000000
4.2400000000 0.08005461256975661410 0.00000000000000000000
4.2500000000 0.07999652573244230014 0.00000000000000000000
4.2600000000 0.07993879501167988622 0.00000000000000000000
4.2700000000 0.07988141714841565100 0.00000000000000000000
4.2800000000 0.07982438892307304468 0.00000000000000000000
4.2900000000 0.07976770715496168951 0.00000000000000000000
4.3000000000 0.07971136870169717725 0.00000000000000000000
4.3100000000 0.07965537045863010923 0.00000000000000000000
4.3200000000 0.07959970935828626637 0.00000000000000000000
4.3300000000 0.07954438236981557775 0.00000000000000000000
4.3400000000 0.07948938649845165016 0.00000000000000000000
4.3500000000 0.07943471878497988803 0.00000000000000000000
4.3600000000 0.07938037630521593835 0.00000000000000000000
4.3700000000 0.07932635616949147706 0.00000000000000000000
4.3800000000 0.07927265552215159716 0.00000000000000000000
4.3900000000 0.07921927154105730395 0.00000000000000000000
4.4000000000 0.07916620143710027813 0.00000000000000000000
4.4100000000 0.07911344245372314843 0.00000000000000000000
4.4200000000 0.07906099186644977017 0.00000000000000000000
4.4300000000 0.07900884698242228998 0.00000000000000000000
4.4400000000 0.07895700513994687031 0.00000000000000000000
4.4500000000 0.07890546370804732423 0.00000000000000000000
4.4600000000 0.07885422008602557820 0.00000000000000000000
4.4700000000 0.07880327170302983686 0.00000000000000000000
4.4800000000 0.07875261601763025587 0.00000000000000000000
4.4900000000 0.07870225051740213640 0.00000000000000000000
4.5000000000 0.07865217271851500380 0.00000000000000000000
4.5100000000 0.07860238016532944405 0.00000000000000000000
4.5200000000 0.07855287043000065694 0.00000000000000000000
4.5300000000 0.07850364111208819884 0.00000000000000000000
4.5400000000 0.07845468983817251163 0.00000000000000000000
4.5500000000 0.07840601426147759956 0.00000000000000000000
4.5600000000 0.07835761206150060332 0.00000000000000000000
4.5700000000 0.07830948094364625911 0.00000000000000000000
4.5800000000 0.07826161863886875458 0.00000000000000000000
4.5900000000 0.07821402290331840035 0.00000000000000000000
4.6000000000 0.07816669151799479631 0.00000000000000000000
4.6100000000 0.07811962228840496625 0.00000000000000000000
4.6200000000 0.07807281304422833412 0.00000000000000000000
4.6300000000 0.07802626163898518374 0.00000000000000000000
4.6400000000 0.07797996594971252915 0.00000000000000000000
4.6500000000 0.07793392387664388465 0.00000000000000000000
4.6600000000 0.07788813334289483581 0.00000000000000000000
4.6700000000 0.07784259229415337045 0.00000000000000000000
4.6800000000 0.07779729869837517797 0.00000000000000000000
4.6900000000 0.07775225054548437487 0.00000000000000000000
4.7000000000 0.07770744584707814373 0.00000000000000000000
4.7100000000 0.07766288263613681242 0.00000000000000000000
4.7200000000 0.07761855896673813815 0.00000000000000000000
4.7300000000 0.07757447291377649046 0.00000000000000000000
4.7400000000 0.07753062257268583668 0.00000000000000000000
4.7500000000 0.07748700605916793160 0.00000000000000000000
4.7600000000 0.07744362150892401819 0.00000000000000000000
4.7700000000 0.07740046707739148268 0.00000000000000000000
4.7800000000 0.07735754093948395138 0.00000000000000000000
4.7900000000 0.07731484128933595323 0.00000000000000000000
4.8000000000 0.07727236634005126004 0.00000000000000000000
4.8100000000 0.07723011432345527894 0.00000000000000000000
4.8200000000 0.07718808348985127521 0.00000000000000000000
4.8300000000 0.07714627210778057798 0.00000000000000000000
4.8400000000 0.07710467846378576962 0.00000000000000000000
4.8500000000 0.07706330086217876019 0.00000000000000000000
4.8600000000 0.07702213762481097126 0.00000000000000000000
4.8700000000 0.07698118709084847411 0.00000000000000000000
4.8800000000 0.07694044761654918185 0.00000000000000000000
4.8900000000 0.07689991757504476000 0.00000000000000000000
4.9000000000 0.07685959535612502114 0.00000000000000000000
4.9100000000 0.07681947936602559479 0.00000000000000000000
4.9200000000 0.07677956802721928875 0.00000000000000000000
4.9300000000 0.07673985977821042026 0.00000000000000000000
4.9400000000 0.07670035307333203378 0.00000000000000000000
4.9500000000 0.07666104638254622738 0.00000000000000000000
4.9600000000 0.07662193819124803185 0.00000000000000000000
4.9700000000 0.07658302700007114938 0.00000000000000000000
4.9800000000 0.07654431132469766141 0.00000000000000000000
4.9900000000 0.07650578969567020660 0.00000000000000000000
5.0000000000 0.07646746065820626825 0.00000000000000000000
