0.1000000000 3.20967345172278362142 0.00000000000000000000
0.1100000000 3.09013582412641829578 0.00000000000000000000
0.1200000000 2.97521023173302889830 0.00000000000000000000
0.1300000000 2.86491389951406638659 0.00000000000000000000
0.1400000000 2.75922319270892613119 0.00000000000000000000
0.1500000000 2.65807738460909259715 0.00000000000000000000
0.1600000000 2.56138329414405951923 0.00000000000000000000
0.1700000000 2.46902046209101966312 0.00000000000000000000
0.1800000000 2.38084654369919457295 0.00000000000000000000
0.1900000000 2.29670263139013286491 0.00000000000000000000
0.2000000000 2.21641827499301680149 0.00000000000000000000
0.2100000000 2.13981602928786029949 0.00000000000000000000
0.2200000000 2.06671542117806339434 0.00000000000000000000
0.2300000000 1.99693628538647161008 0.00000000000000000000
0.2400000000 1.93030146433611515810 0.00000000000000000000
0.2500000000 1.86663890320942793544 0.00000000000000000000
0.2600000000 1.80578319517822483142 0.00000000000000000000
0.2700000000 1.74757664571626736283 0.00000000000000000000
0.2800000000 1.69186993061533952343 0.00000000000000000000
0.2900000000 1.63852242187571084386 0.00000000000000000000
0.3000000000 1.58740225097219900263 0.00000000000000000000
0.3100000000 1.53838617176660852337 0.00000000000000000000
0.3200000000 1.49135927685582414526 0.00000000000000000000
0.3300000000 1.44621461237173143388 0.00000000000000000000
0.3400000000 1.40285272783354275639 0.00000000000000000000
0.3500000000 1.36118118999008252956 0.00000000000000000000
0.3600000000 1.32111408288209064565 0.00000000000000000000
0.3700000000 1.28257151066802221884 0.00000000000000000000
0.3800000000 1.24547911506625119671 0.00000000000000000000
0.3900000000 1.20976761549186861977 0.00000000000000000000
0.4000000000 1.17537237699976682137 0.00000000000000000000
0.4100000000 1.14223300886903533780 0.00000000000000000000
0.4200000000 1.11029299496080979814 0.00000000000000000000
0.4300000000 1.07949935574505095914 0.00000000000000000000
0.4400000000 1.04980234102617919767 0.00000000000000000000
0.4500000000 1.02115515182140992323 0.00000000000000000000
0.4600000000 0.99351368949110874240 0.00000000000000000000
0.4700000000 0.96683633003164060060 0.00000000000000000000
0.4800000000 0.94108372137360085663 0.00000000000000000000
0.4900000000 0.91621860154668210985 0.00000000000000000000
0.5000000000 0.89220563564960220226 0.00000000000000000000
0.5100000000 0.86901126967856978656 0.00000000000000000000
0.5200000000 0.84660359940538709722 0.00000000000000000000
0.5300000000 0.82495225264489391304 0.00000000000000000000
0.5400000000 0.80402828340287813003 0.00000000000000000000
0.5500000000 0.78380407654438666309 0.00000000000000000000
0.5600000000 0.76425326176449615012 0.00000000000000000000
0.5700000000 0.74535063577691440528 0.00000000000000000000
0.5800000000 0.72707209175883946717 0.00000000000000000000
0.5900000000 0.70939455520288052792 0.00000000000000000000
0.6000000000 0.69229592542836415614 0.00000000000000000000
0.6100000000 0.67575502209536997267 0.00000000000000000000
0.6200000000 0.65975153614614767683 0.00000000000000000000
0.6300000000 0.64426598467031481743 0.00000000000000000000
0.6400000000 0.62927966925384493102 0.00000000000000000000
0.6500000000 0.61477463742765681154 0.00000000000000000000
0.6600000000 0.60073364688037533821 0.00000000000000000000
0.6700000000 0.58714013214273219621 0.00000000000000000000
0.6800000000 0.57397817348814506033 0.00000000000000000000
0.6900000000 0.56123246782653835041 0.00000000000000000000
0.7000000000 0.54888830139658373319 0.00000000000000000000
0.7100000000 0.53693152408590283375 0.00000000000000000000
0.7200000000 0.52534852523003439106 0.00000000000000000000
0.7300000000 0.51412621075926778769 0.00000000000000000000
0.7400000000 0.50325198157827366607 0.00000000000000000000
0.7500000000 0.49271371307720501775 0.00000000000000000000
0.7600000000 0.48249973568492421361 0.00000000000000000000
0.7700000000 0.47259881638509160240 0.00000000000000000000
0.7800000000 0.46300014112496307161 0.00000000000000000000
0.7900000000 0.45369329805428126878 0.00000000000000000000
0.8000000000 0.44466826153844840608 0.00000000000000000000
0.8100000000 0.43591537689585030391 0.00000000000000000000
0.8200000000 0.42742534581434810104 0.00000000000000000000
0.8300000000 0.41918921240622436519 0.00000000000000000000
0.8400000000 0.41119834986474490535 0.00000000000000000000
0.8500000000 0.40344444768888654274 0.00000000000000000000
0.8600000000 0.39591949944541543482 0.00000000000000000000
0.8700000000 0.38861579104063648238 0.00000000000000000000
0.8800000000 0.38152588947543797371 0.00000000000000000000
0.8900000000 0.37464263206051945376 0.00000000000000000000
0.9000000000 0.36795911606888737078 0.00000000000000000000
0.9100000000 0.36146868880596039197 0.00000000000000000000
0.9200000000 0.35516493807730592502 0.00000000000000000000
0.9300000000 0.34904168303693222652 0.00000000000000000000
0.9400000000 0.34309296539838102236 0.00000000000000000000
0.9500000000 0.33731304099374759264 0.00000000000000000000
0.9600000000 0.33169637166529480909 0.00000000000000000000
0.9700000000 0.32623761747526841548 0.00000000000000000000
0.9800000000 0.32093162922133627868 0.00000000000000000000
0.9900000000 0.31577344124448492035 0.00000000000000000000
1.0000000000 0.31075826451735422129 0.00000000000000000000
1.0100000000 0.30588148000160175766 0.00000000000000000000
1.0200000000 0.30113863226353515534 0.00000000000000000000
1.0300000000 0.29652542333898163074 0.00000000000000000000
1.0400000000 0.29203770683356611304 0.00000000000000000000
1.0500000000 0.28767148225328353917 0.00000000000000000000
1.0600000000 0.28342288955391520267 0.00000000000000000000
1.0700000000 0.27928820390130859597 0.00000000000000000000
1.0800000000 0.27526383063375403637 0.00000000000000000000
1.0900000000 0.27134630041911994569 0.00000000000000000000
1.1000000000 0.26753226459852685881 0.00000000000000000000
1.1100000000 0.26381849070954965786 0.00000000000000000000
1.1200000000 0.26020185818186358784 0.00000000000000000000
1.1300000000 0.25667935419847037748 0.00000000000000000000
1.1400000000 0.25324806971610436257 0.00000000000000000000
1.1500000000 0.24990519563865970509 0.00000000000000000000
1.1600000000 0.24664801913749134776 0.00000000000000000000
1.1700000000 0.24347392011294771708 0.00000000000000000000
1.1800000000 0.24038036779165680712 0.00000000000000000000
1.1900000000 0.23736491745413401677 0.00000000000000000000
1.2000000000 0.23442520728776500283 0.00000000000000000000
1.2100000000 0.23155895536013768043 0.00000000000000000000
1.2200000000 0.22876395670811411343 0.00000000000000000000
1.2300000000 0.22603808053806342948 0.00000000000000000000
1.2400000000 0.22337926753296749594 0.00000000000000000000
1.2500000000 0.22078552726214742408 0.00000000000000000000
1.2600000000 0.21825493568968179492 0.00000000000000000000
1.2700000000 0.21578563277763693207 0.00000000000000000000
1.2800000000 0.21337582018034967346 0.00000000000000000000
1.2900000000 0.21102375902630968185 0.00000000000000000000
1.3000000000 0.20872776778413293375 0.00000000000000000000
1.3100000000 0.20648622020936480137 0.00000000000000000000
1.3200000000 0.20429754336901712053 0.00000000000000000000
1.3300000000 0.20216021574070316968 0.00000000000000000000
1.3400000000 0.20007276538354204498 0.00000000000000000000
1.3500000000 0.19803376817799137055 0.00000000000000000000
1.3600000000 0.19604184613194314268 0.00000000000000000000
1.3700000000 0.19409566575049130854 0.00000000000000000000
1.3800000000 0.19219393646686860899 0.00000000000000000000
1.3900000000 0.19033540913222818380 0.00000000000000000000
1.4000000000 0.18851887456189597714 0.00000000000000000000
1.4100000000 0.18674316213599617686 0.00000000000000000000
1.4200000000 0.18500713845223620835 0.00000000000000000000
1.4300000000 0.18330970602891091814 0.00000000000000000000
1.4400000000 0.18164980205611225283 0.00000000000000000000
1.4500000000 0.18002639719331342549 0.00000000000000000000
1.4600000000 0.17843849441151143909 0.00000000000000000000
1.4700000000 0.17688512787821891736 0.00000000000000000000
1.4800000000 0.17536536188361720456 0.00000000000000000000
1.4900000000 0.17387828980632508147 0.00000000000000000000
1.5000000000 0.17242303311719084369 0.00000000000000000000
1.5100000000 0.17099874041971629968 0.00000000000000000000
1.5200000000 0.16960458652563190074 0.00000000000000000000
1.5300000000 0.16823977156431343949 0.00000000000000000000
1.5400000000 0.16690352012471842968 0.00000000000000000000
1.5500000000 0.16559508042860485166 0.00000000000000000000
1.5600000000 0.16431372353381759610 0.00000000000000000000
1.5700000000 0.16305874256650387810 0.00000000000000000000
1.5800000000 0.16182945198115633589 0.00000000000000000000
1.5900000000 0.16062518684738669172 0.00000000000000000000
1.6000000000 0.15944530216245422771 0.00000000000000000000
1.6100000000 0.15828917218853760795 0.00000000000000000000
1.6200000000 0.15715618981381590524 0.00000000000000000000
1.6300000000 0.15604576593645830274 0.00000000000000000000
1.6400000000 0.15495732887064669892 0.00000000000000000000
1.6500000000 0.15389032377380112981 0.00000000000000000000
1.6600000000 0.15284421209420775978 0.00000000000000000000
1.6700000000 0.15181847103826653922 0.00000000000000000000
1.6800000000 0.15081259305663388681 0.00000000000000000000
1.6900000000 0.14982608534854507942 0.00000000000000000000
1.7000000000 0.14885846938361899094 0.00000000000000000000
1.7100000000 0.14790928044051368517 0.00000000000000000000
1.7200000000 0.14697806716178080100 0.00000000000000000000
1.7300000000 0.14606439112431543470 0.00000000000000000000
1.7400000000 0.14516782642484274413 0.00000000000000000000
1.7500000000 0.14428795927984025549 0.00000000000000000000
1.7600000000 0.14342438763939854840 0.00000000000000000000
1.7700000000 0.14257672081447231305 0.00000000000000000000
1.7800000000 0.14174457911705226620 0.00000000000000000000
1.7900000000 0.14092759351275413460 0.00000000000000000000
1.8000000000 0.14012540528538719453 0.00000000000000000000
1.8100000000 0.13933766571304637139 0.00000000000000000000
1.8200000000 0.13856403575531489603 0.00000000000000000000
1.8300000000 0.13780418575116085145 0.00000000000000000000
1.8400000000 0.13705779512714563739 0.00000000000000000000
1.8500000000 0.13632455211555266628 0.00000000000000000000
1.8600000000 0.13560415348209467479 0.00000000000000000000
1.8700000000 0.13489630426282966935 0.00000000000000000000
1.8800000000 0.13420071750996642734 0.00000000000000000000
1.8900000000 0.13351711404622940149 0.00000000000000000000
1.9000000000 0.13284522222748018638 0.00000000000000000000
1.9100000000 0.13218477771328246417 0.00000000000000000000
1.9200000000 0.13153552324514838912 0.00000000000000000000
1.9300000000 0.13089720843216717805 0.00000000000000000000
1.9400000000 0.13026958954375925104 0.00000000000000000000
1.9500000000 0.12965242930931197840 0.00000000000000000000
1.9600000000 0.12904549672442969244 0.00000000000000000000
1.9700000000 0.12844856686358291364 0.00000000000000000000
1.9800000000 0.12786142069891429096 0.00000000000000000000
1.9900000000 0.12728384492499286718 0.00000000000000000000
2.0000000000 0.12671563178929765026 0.00000000000000000000
2.0100000000 0.12615657892823692321 0.00000000000000000000
2.0200000000 0.12560648920850164822 0.00000000000000000000
2.0300000000 0.12506517057356777989 0.00000000000000000000
2.0400000000 0.12453243589516499457 0.00000000000000000000
2.0500000000 0.12400810282954442820 0.00000000000000000000
2.0600000000 0.12349199367836709296 0.00000000000000000000
2.0700000000 0.12298393525406155213 0.00000000000000000000
2.0800000000 0.12248375874949571362 0.00000000000000000000
2.0900000000 0.12199129961179870640 0.00000000000000000000
2.1000000000 0.12150639742021251966 0.00000000000000000000
2.1100000000 0.12102889576781405978 0.00000000000000000000
2.1200000000 0.12055864214698445991 0.00000000000000000000
2.1300000000 0.12009548783849578746 0.00000000000000000000
2.1400000000 0.11963928780408920882 0.00000000000000000000
2.1500000000 0.11918990058242689978 0.00000000000000000000
2.1600000000 0.11874718818830155842 0.00000000000000000000
2.1700000000 0.11831101601499385834 0.00000000000000000000
2.1800000000 0.11788125273967089979 0.00000000000000000000
2.1900000000 0.11745777023172052078 0.00000000000000000000
2.2000000000 0.11704044346392830644 0.00000000000000000000
2.2100000000 0.11662915042639009078 0.00000000000000000000
2.2200000000 0.11622377204308567689 0.00000000000000000000
2.2300000000 0.11582419209100411339 0.00000000000000000000
2.2400000000 0.11543029712175216506 0.00000000000000000000
2.2500000000 0.11504197638555510586 0.00000000000000000000
2.2600000000 0.11465912175756939884 0.00000000000000000000
2.2700000000 0.11428162766643536197 0.00000000000000000000
2.2800000000 0.11390939102499293700 0.00000000000000000000
2.2900000000 0.11354231116308689808 0.00000000000000000000
2.3000000000 0.11318028976240017414 0.00000000000000000000
2.3100000000 0.11282323079323612613 0.00000000000000000000
2.3200000000 0.11247104045320317767 0.00000000000000000000
2.3300000000 0.11212362710771989205 0.00000000000000000000
2.3400000000 0.11178090123229957042 0.00000000000000000000
2.3500000000 0.11144277535654352473 0.00000000000000000000
2.3600000000 0.11110916400979260754 0.00000000000000000000
2.3700000000 0.11077998366838540112 0.00000000000000000000
2.3800000000 0.11045515270446694400 0.00000000000000000000
2.3900000000 0.11013459133629942277 0.00000000000000000000
2.4000000000 0.10981822158002899070 0.00000000000000000000
2.4100000000 0.10950596720286034924 0.00000000000000000000
2.4200000000 0.10919775367759156082 0.00000000000000000000
2.4300000000 0.10889350813847110955 0.00000000000000000000
2.4400000000 0.10859315933833185719 0.00000000000000000000
2.4500000000 0.10829663760695958097 0.00000000000000000000
2.4600000000 0.10800387481066331397 0.00000000000000000000
2.4700000000 0.10771480431300285707 0.00000000000000000000
2.4800000000 0.10742936093664129382 0.00000000000000000000
2.4900000000 0.10714748092628542664 0.00000000000000000000
2.5000000000 0.10686910191267988413 0.00000000000000000000
2.5100000000 0.10659416287762521480 0.00000000000000000000
2.5200000000 0.10632260411998289973 0.00000000000000000000
2.5300000000 0.10605436722264047211 0.00000000000000000000
2.5400000000 0.10578939502040672627 0.00000000000000000000
2.5500000000 0.10552763156880556883 0.00000000000000000000
2.5600000000 0.10526902211374451757 0.00000000000000000000
2.5700000000 0.10501351306202937053 0.00000000000000000000
2.5800000000 0.10476105195269623527 0.00000000000000000000
2.5900000000 0.10451158742914236355 0.00000000000000000000
2.6000000000 0.10426506921202624567 0.00000000000000000000
2.6100000000 0.10402144807291335837 0.00000000000000000000
2.6200000000 0.10378067580864930308 0.00000000000000000000
2.6300000000 0.10354270521643445246 0.00000000000000000000
2.6400000000 0.10330749006958139802 0.00000000000000000000
2.6500000000 0.10307498509393143993 0.00000000000000000000
2.6600000000 0.10284514594491325767 0.00000000000000000000
2.6700000000 0.10261792918522592843 0.00000000000000000000
2.6800000000 0.10239329226312075816 0.00000000000000000000
2.6900000000 0.10217119349127366801 0.00000000000000000000
2.7000000000 0.10195159202622264272 0.00000000000000000000
2.7100000000 0.10173444784835666832 0.00000000000000000000
2.7200000000 0.10151972174244129621 0.00000000000000000000
2.7300000000 0.10130737527866241765 0.00000000000000000000
2.7400000000 0.10109737079417346894 0.00000000000000000000
2.7500000000 0.10088967137513411843 0.00000000000000000000
2.7600000000 0.10068424083922029866 0.00000000000000000000
2.7700000000 0.10048104371859956085 0.00000000000000000000
2.7800000000 0.10028004524335031034 0.00000000000000000000
2.7900000000 0.10008121132531859476 0.00000000000000000000
2.8000000000 0.09988450854239558363 0.00000000000000000000
2.8100000000 0.09968990412320424821 0.00000000000000000000
2.8200000000 0.09949736593218583280 0.00000000000000000000
2.8300000000 0.09930686245507314158 0.00000000000000000000
2.8400000000 0.09911836278473779016 0.00000000000000000000
2.8500000000 0.09893183660740198504 0.00000000000000000000
2.8600000000 0.09874725418920912712 0.00000000000000000000
2.8700000000 0.09856458636313276955 0.00000000000000000000
2.8800000000 0.09838380451622488754 0.00000000000000000000
2.8900000000 0.09820488057718676500 0.00000000000000000000
2.9000000000 0.09802778700425819614 0.00000000000000000000
2.9100000000 0.09785249677341058272 0.00000000000000000000
2.9200000000 0.09767898336684181781 0.00000000000000000000
2.9300000000 0.09750722076175975805 0.00000000000000000000
2.9400000000 0.09733718341944730401 0.00000000000000000000
2.9500000000 0.09716884627460342649 0.00000000000000000000
2.9600000000 0.09700218472494911981 0.00000000000000000000
2.9700000000 0.09683717462109302232 0.00000000000000000000
2.9800000000 0.09667379225665029274 0.00000000000000000000
2.9900000000 0.09651201435860408406 0.00000000000000000000
3.0000000000 0.09635181807790865749 0.00000000000000000000
3.0100000000 0.09619318098032143827 0.00000000000000000000
3.0200000000 0.09603608103746198721 0.00000000000000000000
3.0300000000 0.09588049661809071311 0.00000000000000000000
3.0400000000 0.09572640647959927696 0.00000000000000000000
3.0500000000 0.09557378975971043966 0.00000000000000000000
3.0600000000 0.09542262596837980393 0.00000000000000000000
3.0700000000 0.09527289497989128997 0.00000000000000000000
3.0800000000 0.09512457702514791336 0.00000000000000000000
3.0900000000 0.09497765268414609663 0.00000000000000000000
3.1000000000 0.09483210287863191867 0.00000000000000000000
3.1100000000 0.09468790886493243242 0.00000000000000000000
3.1200000000 0.09454505222696069078 0.00000000000000000000
3.1300000000 0.09440351486938609871 0.00000000000000000000
3.1400000000 0.09426327901096805129 0.00000000000000000000
3.1500000000 0.09412432717804705695 0.00000000000000000000
3.1600000000 0.09398664219819177768 0.00000000000000000000
3.1700000000 0.09385020719399377043 0.00000000000000000000
3.1800000000 0.09371500557700955525 0.00000000000000000000
3.1900000000 0.09358102104184563841 0.00000000000000000000
3.2000000000 0.09344823756038041218 0.00000000000000000000
3.2100000000 0.09331663937612243165 0.00000000000000000000
3.2200000000 0.09318621099869940638 0.00000000000000000000
3.2300000000 0.09305693719847540901 0.00000000000000000000
3.2400000000 0.09292880300129235938 0.00000000000000000000
3.2500000000 0.09280179368333475731 0.00000000000000000000
3.2600000000 0.09267589476610976762 0.00000000000000000000
3.2700000000 0.09255109201154548826 0.00000000000000000000
3.2800000000 0.09242737141719992167 0.00000000000000000000
3.2900000000 0.09230471921158008020 0.00000000000000000000
3.3000000000 0.09218312184956815869 0.00000000000000000000
3.3100000000 0.09206256600795004186 0.00000000000000000000
3.3200000000 0.09194303858104763139 0.00000000000000000000
3.3300000000 0.09182452667644851185 0.00000000000000000000
3.3400000000 0.09170701761083090153 0.00000000000000000000
3.3500000000 0.09159049890588577547 0.00000000000000000000
3.3600000000 0.09147495828432623821 0.00000000000000000000
3.3700000000 0.09136038366599037730 0.00000000000000000000
3.3800000000 0.09124676316402774434 0.00000000000000000000
3.3900000000 0.09113408508117193385 0.00000000000000000000
3.4000000000 0.09102233790609709496 0.00000000000000000000
3.4100000000 0.09091151030985301917 0.00000000000000000000
3.4200000000 0.09080159114238030293 0.00000000000000000000
3.4300000000 0.09069256942910164376 0.00000000000000000000
3.4400000000 0.09058443436758793765 0.00000000000000000000
3.4500000000 0.09047717532429791487 0.00000000000000000000
3.4600000000 0.09037078183138874676 0.00000000000000000000
3.4700000000 0.09026524358359591660 0.00000000000000000000
3.4800000000 0.09016055043518091117 0.00000000000000000000
3.4900000000 0.09005669239694515105 0.00000000000000000000
3.5000000000 0.08995365963330868853 0.00000000000000000000
3.5100000000 0.08985144245945134167 0.00000000000000000000
3.5200000000 0.08975003133851582049 0.00000000000000000000
3.5300000000 0.08964941687887068023 0.00000000000000000000
3.5400000000 0.08954958983143121443 0.00000000000000000000
3.5500000000 0.08945054108703841267 0.00000000000000000000
3.5600000000 0.08935226167389287433 0.00000000000000000000
3.5700000000 0.08925474275504373389 0.00000000000000000000
3.5800000000 0.08915797562593055781 0.00000000000000000000
3.5900000000 0.08906195171197674176 0.00000000000000000000
3.6000000000 0.08896666256623403379 0.00000000000000000000
3.6100000000 0.08887209986707633735 0.00000000000000000000
3.6200000000 0.08877825541594165648 0.00000000000000000000
3.6300000000 0.08868512113512135031 0.00000000000000000000
3.6400000000 0.08859268906559546186 0.00000000000000000000
3.6500000000 0.08850095136491274717 0.00000000000000000000
3.6600000000 0.08840990030511540476 0.00000000000000000000
3.6700000000 0.08831952827070484180 0.00000000000000000000
3.6800000000 0.08822982775665168254 0.00000000000000000000
3.6900000000 0.08814079136644566159 0.00000000000000000000
3.7000000000 0.08805241181018466645 0.00000000000000000000
3.7100000000 0.08796468190270406717 0.00000000000000000000
3.7200000000 0.08787759456174397410 0.00000000000000000000
3.7300000000 0.08779114280615274435 0.00000000000000000000
3.7400000000 0.08770531975412891590 0.00000000000000000000
3.7500000000 0.08762011862149618469 0.00000000000000000000
3.7600000000 0.08753553272001569907 0.00000000000000000000
3.7700000000 0.08745155545573070344 0.00000000000000000000
3.7800000000 0.08736818032734439132 0.00000000000000000000
3.7900000000 0.08728540092463160649 0.00000000000000000000
3.8000000000 0.08720321092688090858 0.00000000000000000000
3.8100000000 0.08712160410136808586 0.00000000000000000000
3.8200000000 0.08704057430186011579 0.00000000000000000000
3.8300000000 0.08696011546714912943 0.00000000000000000000
3.8400000000 0.08688022161961402035 0.00000000000000000000
3.8500000000 0.08680088686381232099 0.00000000000000000000
3.8600000000 0.08672210538509797506 0.00000000000000000000
3.8700000000 0.08664387144826728171 0.00000000000000000000
3.8800000000 0.08656617939623152680 0.00000000000000000000
3.8900000000 0.08648902364871415005 0.00000000000000000000
3.9000000000 0.08641239870097500164 0.00000000000000000000
3.9100000000 0.08633629912255753880 0.00000000000000000000
3.9200000000 0.08626071955606252895 0.00000000000000000000
3.9300000000 0.08618565471594258343 0.00000000000000000000
3.9400000000 0.08611109938732318392 0.00000000000000000000
3.9500000000 0.08603704842484297122 0.00000000000000000000
3.9600000000 0.08596349675151926384 0.00000000000000000000
3.9700000000 0.08589043935763313042 0.00000000000000000000
3.9800000000 0.08581787129963687477 0.00000000000000000000
3.9900000000 0.08574578769908154652 0.00000000000000000000
4.0000000000 0.08567418374156585137 0.00000000000000000000
4.0100000000 0.08560305467570343552 0.00000000000000000000
4.0200000000 0.08553239581211101450 0.00000000000000000000
4.0300000000 0.08546220252241472359 0.00000000000000000000
4.0400000000 0.08539247023827566119 0.00000000000000000000
4.0500000000 0.08532319445043339001 0.00000000000000000000
4.0600000000 0.08525437070776682724 0.00000000000000000000
4.0700000000 0.08518599461637406389 0.00000000000000000000
4.0800000000 0.08511806183866746367 0.00000000000000000000
4.0900000000 0.08505056809248670580 0.00000000000000000000
4.1000000000 0.08498350915022828689 0.00000000000000000000
4.1100000000 0.08491688083799017739 0.00000000000000000000
4.1200000000 0.08485067903473304807 0.00000000000000000000
4.1300000000 0.08478489967145644290 0.00000000000000000000
4.1400000000 0.08471953873039049510 0.00000000000000000000
4.1500000000 0.08465459224420150697 0.00000000000000000000
4.1600000000 0.08459005629521294811 0.00000000000000000000
4.1700000000 0.08452592701464037295 0.00000000000000000000
4.1800000000 0.08446220058183932788 0.00000000000000000000
4.1900000000 0.08439887322356839916 0.00000000000000000000
4.2000000000 0.08433594121326400128 0.00000000000000000000
4.2100000000 0.08427340087032933469 0.00000000000000000000
4.2200000000 0.08421124855943527832 0.00000000000000000000
4.2300000000 0.08414948068983463259 0.00000000000000000000
4.2400000000 0.08408809371468752014 0.00000000000000000000
4.2500000000 0.08402708413040010926 0.00000000000000000000
4.2600000000 0.08396644847597349581 0.00000000000000000000
4.2700000000 0.08390618333236564419 0.00000000000000000000
4.2800000000 0.08384628532186383376 0.00000000000000000000
4.2900000000 0.08378675110746808263 0.00000000000000000000
4.3000000000 0.08372757739228535445 0.00000000000000000000
4.3100000000 0.08366876091893531153 0.00000000000000000000
4.3200000000 0.08361029846896483875 0.00000000000000000000
4.3300000000 0.08355218686227465497 0.00000000000000000000
4.3400000000 0.08349442295655444546 0.00000000000000000000
4.3500000000 0.08343700364672790304 0.00000000000000000000
4.3600000000 0.08337992586440849674 0.00000000000000000000
4.3700000000 0.08332318657736355327 0.00000000000000000000
4.3800000000 0.08326678278898806684 0.00000000000000000000
4.3900000000 0.08321071153778711316 0.00000000000000000000
4.4000000000 0.08315496989686774199 0.00000000000000000000
4.4100000000 0.08309955497343919639 0.00000000000000000000
4.4200000000 0.08304446390832143088 0.00000000000000000000
4.4300000000 0.08298969387546292764 0.00000000000000000000
4.4400000000 0.08293524208146496601 0.00000000000000000000
4.4500000000 0.08288110576511606431 0.00000000000000000000
4.4600000000 0.08282728219693279159 0.00000000000000000000
4.4700000000 0.08277376867870871180 0.00000000000000000000
4.4800000000 0.08272056254307076639 0.00000000000000000000
4.4900000000 0.08266766115304395590 0.00000000000000000000
4.5000000000 0.08261506190162190566 0.00000000000000000000
4.5100000000 0.08256276221134568882 0.00000000000000000000
4.5200000000 0.08251075953388914419 0.00000000000000000000
4.5300000000 0.08245905134965141048 0.00000000000000000000
4.5400000000 0.08240763516735570560 0.00000000000000000000
4.5500000000 0.08235650852365528074 0.00000000000000000000
4.5600000000 0.08230566898274555010 0.00000000000000000000
4.5700000000 0.08225511413598270150 0.00000000000000000000
4.5800000000 0.08220484160150849651 0.00000000000000000000
4.5900000000 0.08215484902388119071 0.00000000000000000000
4.6000000000 0.08210513407371265726 0.00000000000000000000
4.6100000000 0.08205569444731122819 0.00000000000000000000
4.6200000000 0.08200652786633039204 0.00000000000000000000
4.6300000000 0.08195763207742302880 0.00000000000000000000
4.6400000000 0.08190900485190205638 0.00000000000000000000
4.6500000000 0.08186064398540467135 0.00000000000000000000
4.6600000000 0.08181254729756465283 0.00000000000000000000
4.6700000000 0.08176471263168699766 0.00000000000000000000
4.6800000000 0.08171713785443066036 0.00000000000000000000
4.6900000000 0.08166982085549370773 0.00000000000000000000
4.7000000000 0.08162275954730563443 0.00000000000000000000
4.7100000000 0.08157595186472310633 0.00000000000000000000
4.7200000000 0.08152939576473115790 0.00000000000000000000
4.7300000000 0.08148308922614928840 0.00000000000000000000
4.7400000000 0.08143703024934166590 0.00000000000000000000
4.7500000000 0.08139121685593216082 0.00000000000000000000
4.7600000000 0.08134564708852408399 0.00000000000000000000
4.7700000000 0.08130031901042401865 0.00000000000000000000
4.7800000000 0.08125523070536964931 0.00000000000000000000
4.7900000000 0.08121038027726265596 0.00000000000000000000
4.8000000000 0.08116576584990535526 0.00000000000000000000
4.8100000000 0.08112138556674099166 0.00000000000000000000
4.8200000000 0.08107723759059880242 0.00000000000000000000
4.8300000000 0.08103332010344249658 0.00000000000000000000
4.8400000000 0.08098963130612299444 0.00000000000000000000
4.8500000000 0.08094616941813437272 0.00000000000000000000
4.8600000000 0.08090293267737430627 0.00000000000000000000
4.8700000000 0.08085991933990750724 0.00000000000000000000
4.8800000000 0.08081712767973343869 0.00000000000000000000
4.8900000000 0.08077455598855685925 0.00000000000000000000
4.9000000000 0.08073220257556226742 0.00000000000000000000
4.9100000000 0.08069006576719167656 0.00000000000000000000
4.9200000000 0.08064814390692590096 0.00000000000000000000
4.9300000000 0.08060643535506903379 0.00000000000000000000
4.9400000000 0.08056493848853550632 0.00000000000000000000
4.9500000000 0.08052365170064208766 0.00000000000000000000
4.9600000000 0.08048257340090068934 0.00000000000000000000
4.9700000000 0.08044170201481644356 0.00000000000000000000
4.9800000000 0.08040103598368708582 0.00000000000000000000
4.9900000000 0.08036057376440657041 0.00000000000000000000
5.0000000000 0.08032031382927076746 0.00000000000000000000
