0.1000000000 2.66747310762915779137 0.00000000000000000000
0.1100000000 2.59581587481645303939 0.00000000000000000000
0.1200000000 2.52570863457543959285 0.00000000000000000000
0.1300000000 2.45715750473757976735 0.00000000000000000000
0.1400000000 2.39016563707190154986 0.00000000000000000000
0.1500000000 2.32473330679845702207 0.00000000000000000000
0.1600000000 2.26085801621564597141 0.00000000000000000000
0.1700000000 2.19853461074206801840 0.00000000000000000000
0.1800000000 2.13775540561010624074 0.00000000000000000000
0.1900000000 2.07851032142115332846 0.00000000000000000000
0.2000000000 2.02078702677893629058 0.00000000000000000000
0.2100000000 1.96457108625481491337 0.00000000000000000000
0.2200000000 1.90984611200340781423 0.00000000000000000000
0.2300000000 1.85659391743454493806 0.00000000000000000000
0.2400000000 1.80479467145401506478 0.00000000000000000000
0.2500000000 1.75442705190656145220 0.00000000000000000000
0.2600000000 1.70546839698605889879 0.00000000000000000000
0.2700000000 1.65789485351555976322 0.00000000000000000000
0.2800000000 1.61168152114064922031 0.00000000000000000000
0.2900000000 1.56680259161978940874 0.00000000000000000000
0.3000000000 1.52323148253247730999 0.00000000000000000000
0.3100000000 1.48094096485771586913 0.00000000000000000000
0.3200000000 1.43990328399964995221 0.00000000000000000000
0.3300000000 1.40009027395283247586 0.00000000000000000000
0.3400000000 1.36147346440558458802 0.00000000000000000000
0.3500000000 1.32402418067545069036 0.00000000000000000000
0.3600000000 1.28771363645585124047 0.00000000000000000000
0.3700000000 1.25251301942736903428 0.00000000000000000000
0.3800000000 1.21839356985123137278 0.00000000000000000000
0.3900000000 1.18532665231657552418 0.00000000000000000000
0.4000000000 1.15328382085784597599 0.00000000000000000000
0.4100000000 1.12223687769464164354 0.00000000000000000000
0.4200000000 1.09215792587432569682 0.00000000000000000000
0.4300000000 1.06301941611852046599 0.00000000000000000000
0.4400000000 1.03479418818894730592 0.00000000000000000000
0.4500000000 1.00745550709677456069 0.00000000000000000000
0.4600000000 0.98097709448342917948 0.00000000000000000000
0.4700000000 0.95533315550040065478 0.00000000000000000000
0.4800000000 0.93049840151163498714 0.00000000000000000000
0.4900000000 0.90644806893522456015 0.00000000000000000000
0.5000000000 0.88315793453188906614 0.00000000000000000000
0.5100000000 0.86060432743660764121 0.00000000000000000000
0.5200000000 0.83876413821723061481 0.00000000000000000000
0.5300000000 0.81761482523038375714 0.00000000000000000000
0.5400000000 0.79713441853061506315 0.00000000000000000000
0.5500000000 0.77730152157416265712 0.00000000000000000000
0.5600000000 0.75809531094379400962 0.00000000000000000000
0.5700000000 0.73949553430643111263 0.00000000000000000000
0.5800000000 0.72148250680060299622 0.00000000000000000000
0.5900000000 0.70403710603660096812 0.00000000000000000000
0.6000000000 0.68714076587828576415 0.00000000000000000000
0.6100000000 0.67077546916232611007 0.00000000000000000000
0.6200000000 0.65492373949783577736 0.00000000000000000000
0.6300000000 0.63956863227741400646 0.00000000000000000000
0.6400000000 0.62469372501908559947 0.00000000000000000000
0.6500000000 0.61028310714794375968 0.00000000000000000000
0.6600000000 0.59632136931621049225 0.00000000000000000000
0.6700000000 0.58279359235099026382 0.00000000000000000000
0.6800000000 0.56968533591024583806 0.00000000000000000000
0.6900000000 0.55698262691942812541 0.00000000000000000000
0.7000000000 0.54467194785355599329 0.00000000000000000000
0.7100000000 0.53274022492272787854 0.00000000000000000000
0.7200000000 0.52117481621258399116 0.00000000000000000000
0.7300000000 0.50996349982536326451 0.00000000000000000000
0.7400000000 0.49909446206188939898 0.00000000000000000000
0.7500000000 0.48855628567984332733 0.00000000000000000000
0.7600000000 0.47833793825928233590 0.00000000000000000000
0.7700000000 0.46842876070220729190 0.00000000000000000000
0.7800000000 0.45881845588940123326 0.00000000000000000000
0.7900000000 0.44949707751431755565 0.00000000000000000000
0.8000000000 0.44045501911084633528 0.00000000000000000000
0.8100000000 0.43168300328902470264 0.00000000000000000000
0.8200000000 0.42317207119035266105 0.00000000000000000000
0.8300000000 0.41491357217212371244 0.00000000000000000000
0.8400000000 0.40689915372827545337 0.00000000000000000000
0.8500000000 0.39912075165248478426 0.00000000000000000000
0.8600000000 0.39157058044759140980 0.00000000000000000000
0.8700000000 0.38424112398425119830 0.00000000000000000000
0.8800000000 0.37712512641022738480 0.00000000000000000000
0.8900000000 0.37021558331090070881 0.00000000000000000000
0.9000000000 0.36350573312041478680 0.00000000000000000000
0.9100000000 0.35698904878220000247 0.00000000000000000000
0.9200000000 0.35065922965678936185 0.00000000000000000000
0.9300000000 0.34451019367429847051 0.00000000000000000000
0.9400000000 0.33853606972833222288 0.00000000000000000000
0.9500000000 0.33273119030760789361 0.00000000000000000000
0.9600000000 0.32709008436133180098 0.00000000000000000000
0.9700000000 0.32160747039389520063 0.00000000000000000000
0.9800000000 0.31627824978419855073 0.00000000000000000000
0.9900000000 0.31109750032474459136 0.00000000000000000000
1.0000000000 0.30606046997510610863 0.00000000000000000000
1.0100000000 0.30116257082642045040 0.00000000000000000000
1.0200000000 0.29639937326849902233 0.00000000000000000000
1.0300000000 0.29176660035541451821 0.00000000000000000000
1.0400000000 0.28726012236718834192 0.00000000000000000000
1.0500000000 0.28287595155747030651 0.00000000000000000000
1.0600000000 0.27861023708464560666 0.00000000000000000000
1.0700000000 0.27445926012042459741 0.00000000000000000000
1.0800000000 0.27041942913032768203 0.00000000000000000000
1.0900000000 0.26648727532116778249 0.00000000000000000000
1.1000000000 0.26265944825002340846 0.00000000000000000000
1.1100000000 0.25893271158977210211 0.00000000000000000000
1.1200000000 0.25530393904612691536 0.00000000000000000000
1.1300000000 0.25177011042118119244 0.00000000000000000000
1.1400000000 0.24832830781866349623 0.00000000000000000000
1.1500000000 0.24497571198621700961 0.00000000000000000000
1.1600000000 0.24170959879000952775 0.00000000000000000000
1.1700000000 0.23852733581721258238 0.00000000000000000000
1.1800000000 0.23542637910196845263 0.00000000000000000000
1.1900000000 0.23240426997051905067 0.00000000000000000000
1.2000000000 0.22945863200141977667 0.00000000000000000000
1.2100000000 0.22658716809670226278 0.00000000000000000000
1.2200000000 0.22378765766013430927 0.00000000000000000000
1.2300000000 0.22105795387873899971 0.00000000000000000000
1.2400000000 0.21839598110387897778 0.00000000000000000000
1.2500000000 0.21579973232834118169 0.00000000000000000000
1.2600000000 0.21326726675595045202 0.00000000000000000000
1.2700000000 0.21079670746034642748 0.00000000000000000000
1.2800000000 0.20838623912969753138 0.00000000000000000000
1.2900000000 0.20603410589420148580 0.00000000000000000000
1.3000000000 0.20373860923333431128 0.00000000000000000000
1.3100000000 0.20149810595994230300 0.00000000000000000000
1.3200000000 0.19931100627829936855 0.00000000000000000000
1.3300000000 0.19717577191344753951 0.00000000000000000000
1.3400000000 0.19509091430914601850 0.00000000000000000000
1.3500000000 0.19305499289190067302 0.00000000000000000000
1.3600000000 0.19106661339860286919 0.00000000000000000000
1.3700000000 0.18912442626543321533 0.00000000000000000000
1.3800000000 0.18722712507571590002 0.00000000000000000000
1.3900000000 0.18537344506454647708 0.00000000000000000000
1.4000000000 0.18356216167806571615 0.00000000000000000000
1.4100000000 0.18179208918532349659 0.00000000000000000000
1.4200000000 0.18006207934077905763 0.00000000000000000000
1.4300000000 0.17837102009553015836 0.00000000000000000000
1.4400000000 0.17671783435545368457 0.00000000000000000000
1.4500000000 0.17510147878448753533 0.00000000000000000000
1.4600000000 0.17352094265136502882 0.00000000000000000000
1.4700000000 0.17197524671817540631 0.00000000000000000000
1.4800000000 0.17046344216917852510 0.00000000000000000000
1.4900000000 0.16898460957835215179 0.00000000000000000000
1.5000000000 0.16753785791424091745 0.00000000000000000000
1.5100000000 0.16612232358068765303 0.00000000000000000000
1.5200000000 0.16473716949210479021 0.00000000000000000000
1.5300000000 0.16338158418200521282 0.00000000000000000000
1.5400000000 0.16205478094352204765 0.00000000000000000000
1.5500000000 0.16075599700074585940 0.00000000000000000000
1.5600000000 0.15948449270969877745 0.00000000000000000000
1.5700000000 0.15823955078785784112 0.00000000000000000000
1.5800000000 0.15702047557115711429 0.00000000000000000000
1.5900000000 0.15582659229742285012 0.00000000000000000000
1.6000000000 0.15465724641528391659 0.00000000000000000000
1.6100000000 0.15351180291758609320 0.00000000000000000000
1.6200000000 0.15238964569840759977 0.00000000000000000000
1.6300000000 0.15129017693279248058 0.00000000000000000000
1.6400000000 0.15021281647836010054 0.00000000000000000000
1.6500000000 0.14915700129798131757 0.00000000000000000000
1.6600000000 0.14812218490273013072 0.00000000000000000000
1.6700000000 0.14710783681437000769 0.00000000000000000000
1.6800000000 0.14611344204664719615 0.00000000000000000000
1.6900000000 0.14513850060469576930 0.00000000000000000000
1.7000000000 0.14418252700188999293 0.00000000000000000000
1.7100000000 0.14324504979349528266 0.00000000000000000000
1.7200000000 0.14232561112650132795 0.00000000000000000000
1.7300000000 0.14142376630505010260 0.00000000000000000000
1.7400000000 0.14053908337087456237 0.00000000000000000000
1.7500000000 0.13967114269820296579 0.00000000000000000000
1.7600000000 0.13881953660260848427 0.00000000000000000000
1.7700000000 0.13798386896327680118 0.00000000000000000000
1.7800000000 0.13716375485822182578 0.00000000000000000000
1.7900000000 0.13635882021195935843 0.00000000000000000000
1.8000000000 0.13556870145520702464 0.00000000000000000000
1.8100000000 0.13479304519615303848 0.00000000000000000000
1.8200000000 0.13403150790288739791 0.00000000000000000000
1.8300000000 0.13328375559659111360 0.00000000000000000000
1.8400000000 0.13254946355509122924 0.00000000000000000000
1.8500000000 0.13182831602641081892 0.00000000000000000000
1.8600000000 0.13112000595195194563 0.00000000000000000000
1.8700000000 0.13042423469897226895 0.00000000000000000000
1.8800000000 0.12974071180201168785 0.00000000000000000000
1.8900000000 0.12906915471295946074 0.00000000000000000000
1.9000000000 0.12840928855945005216 0.00000000000000000000
1.9100000000 0.12776084591128278323 0.00000000000000000000
1.9200000000 0.12712356655459816634 0.00000000000000000000
1.9300000000 0.12649719727351504961 0.00000000000000000000
1.9400000000 0.12588149163897965899 0.00000000000000000000
1.9500000000 0.12527620980456513622 0.00000000000000000000
1.9600000000 0.12468111830897547765 0.00000000000000000000
1.9700000000 0.12409598988502271166 0.00000000000000000000
1.9800000000 0.12352060327484329361 0.00000000000000000000
1.9900000000 0.12295474305114544034 0.00000000000000000000
2.0000000000 0.12239819944426058584 0.00000000000000000000
2.0100000000 0.12185076817481328704 0.00000000000000000000
2.0200000000 0.12131225029180213448 0.00000000000000000000
2.0300000000 0.12078245201591000790 0.00000000000000000000
2.0400000000 0.12026118458785528542 0.00000000000000000000
2.0500000000 0.11974826412161959643 0.00000000000000000000
2.0600000000 0.11924351146237578691 0.00000000000000000000
2.0700000000 0.11874675204895362990 0.00000000000000000000
2.0800000000 0.11825781578069384514 0.00000000000000000000
2.0900000000 0.11777653688853666203 0.00000000000000000000
2.1000000000 0.11730275381019325542 0.00000000000000000000
2.1100000000 0.11683630906927350290 0.00000000000000000000
2.1200000000 0.11637704915822494334 0.00000000000000000000
2.1300000000 0.11592482442495545547 0.00000000000000000000
2.1400000000 0.11547948896301805932 0.00000000000000000000
2.1500000000 0.11504090050523500810 0.00000000000000000000
2.1600000000 0.11460892032064161350 0.00000000000000000000
2.1700000000 0.11418341311464635934 0.00000000000000000000
2.1800000000 0.11376424693228809337 0.00000000000000000000
2.1900000000 0.11335129306449669151 0.00000000000000000000
2.2000000000 0.11294442595725126544 0.00000000000000000000
2.2100000000 0.11254352312353596566 0.00000000000000000000
2.2200000000 0.11214846505801001619 0.00000000000000000000
2.2300000000 0.11175913515429267142 0.00000000000000000000
2.2400000000 0.11137541962477863489 0.00000000000000000000
2.2500000000 0.11099720742290244968 0.00000000000000000000
2.2600000000 0.11062439016776988432 0.00000000000000000000
2.2700000000 0.11025686207107585068 0.00000000000000000000
2.2800000000 0.10989451986623882673 0.00000000000000000000
2.2900000000 0.10953726273967356875 0.00000000000000000000
2.3000000000 0.10918499226413390379 0.00000000000000000000
2.3100000000 0.10883761233406245850 0.00000000000000000000
2.3200000000 0.10849502910287420199 0.00000000000000000000
2.3300000000 0.10815715092211862502 0.00000000000000000000
2.3400000000 0.10782388828245029200 0.00000000000000000000
2.3500000000 0.10749515375636262138 0.00000000000000000000
2.3600000000 0.10717086194261458976 0.00000000000000000000
2.3700000000 0.10685092941230296681 0.00000000000000000000
2.3800000000 0.10653527465652688766 0.00000000000000000000
2.3900000000 0.10622381803559215185 0.00000000000000000000
2.4000000000 0.10591648172970644093 0.00000000000000000000
2.4100000000 0.10561318969111786747 0.00000000000000000000
2.4200000000 0.10531386759765223871 0.00000000000000000000
2.4300000000 0.10501844280760176675 0.00000000000000000000
2.4400000000 0.10472684431592561849 0.00000000000000000000
2.4500000000 0.10443900271171922822 0.00000000000000000000
2.4600000000 0.10415485013691173910 0.00000000000000000000
2.4700000000 0.10387432024615457504 0.00000000000000000000
2.4800000000 0.10359734816786315970 0.00000000000000000000
2.4900000000 0.10332387046637464545 0.00000000000000000000
2.5000000000 0.10305382510518840133 0.00000000000000000000
2.5100000000 0.10278715141125559229 0.00000000000000000000
2.5200000000 0.10252379004028158715 0.00000000000000000000
2.5300000000 0.10226368294301686757 0.00000000000000000000
2.5400000000 0.10200677333249894008 0.00000000000000000000
2.5500000000 0.10175300565221861993 0.00000000000000000000
2.5600000000 0.10150232554518397177 0.00000000000000000000
2.5700000000 0.10125467982385079335 0.00000000000000000000
2.5800000000 0.10101001644089707687 0.00000000000000000000
2.5900000000 0.10076828446081195767 0.00000000000000000000
2.6000000000 0.10052943403227589114 0.00000000000000000000
2.6100000000 0.10029341636130993665 0.00000000000000000000
2.6200000000 0.10006018368516554629 0.00000000000000000000
2.6300000000 0.09982968924693923218 0.00000000000000000000
2.6400000000 0.09960188727088549465 0.00000000000000000000
2.6500000000 0.09937673293840774968 0.00000000000000000000
2.6600000000 0.09915418236470746605 0.00000000000000000000
2.6700000000 0.09893419257607208306 0.00000000000000000000
2.6800000000 0.09871672148778325162 0.00000000000000000000
2.6900000000 0.09850172788262431811 0.00000000000000000000
2.7000000000 0.09828917138997156355 0.00000000000000000000
2.7100000000 0.09807901246544913076 0.00000000000000000000
2.7200000000 0.09787121237113796668 0.00000000000000000000
2.7300000000 0.09766573315631213448 0.00000000000000000000
2.7400000000 0.09746253763869275333 0.00000000000000000000
2.7500000000 0.09726158938620779737 0.00000000000000000000
2.7600000000 0.09706285269923412007 0.00000000000000000000
2.7700000000 0.09686629259331562547 0.00000000000000000000
2.7800000000 0.09667187478233653375 0.00000000000000000000
2.7900000000 0.09647956566214625773 0.00000000000000000000
2.8000000000 0.09628933229461100751 0.00000000000000000000
2.8100000000 0.09610114239208854270 0.00000000000000000000
2.8200000000 0.09591496430231022385 0.00000000000000000000
2.8300000000 0.09573076699365980213 0.00000000000000000000
2.8400000000 0.09554852004083527750 0.00000000000000000000
2.8500000000 0.09536819361088709479 0.00000000000000000000
2.8600000000 0.09518975844961731492 0.00000000000000000000
2.8700000000 0.09501318586833140678 0.00000000000000000000
2.8800000000 0.09483844773093517977 0.00000000000000000000
2.8900000000 0.09466551644136009247 0.00000000000000000000
2.9000000000 0.09449436493131682657 0.00000000000000000000
2.9100000000 0.09432496664835951505 0.00000000000000000000
2.9200000000 0.09415729554425734948 0.00000000000000000000
2.9300000000 0.09399132606366183973 0.00000000000000000000
2.9400000000 0.09382703313306295367 0.00000000000000000000
2.9500000000 0.09366439215002581031 0.00000000000000000000
2.9600000000 0.09350337897269958565 0.00000000000000000000
2.9700000000 0.09334396990959144269 0.00000000000000000000
2.9800000000 0.09318614170959700627 0.00000000000000000000
2.9900000000 0.09302987155228395477 0.00000000000000000000
3.0000000000 0.09287513703841518420 0.00000000000000000000
3.0100000000 0.09272191618071171093 0.00000000000000000000
3.0200000000 0.09257018739484512704 0.00000000000000000000
3.0300000000 0.09241992949065172547 0.00000000000000000000
3.0400000000 0.09227112166356828127 0.00000000000000000000
3.0500000000 0.09212374348627577758 0.00000000000000000000
3.0600000000 0.09197777490055160377 0.00000000000000000000
3.0700000000 0.09183319620932003935 0.00000000000000000000
3.0800000000 0.09168998806890052422 0.00000000000000000000
3.0900000000 0.09154813148144190504 0.00000000000000000000
3.1000000000 0.09140760778754403182 0.00000000000000000000
3.1100000000 0.09126839865905832239 0.00000000000000000000
3.1200000000 0.09113048609206056416 0.00000000000000000000
3.1300000000 0.09099385239999871478 0.00000000000000000000
3.1400000000 0.09085848020700008909 0.00000000000000000000
3.1500000000 0.09072435244134445520 0.00000000000000000000
3.1600000000 0.09059145232909085466 0.00000000000000000000
3.1700000000 0.09045976338785864657 0.00000000000000000000
3.1800000000 0.09032926942075665544 0.00000000000000000000
3.1900000000 0.09019995451045509371 0.00000000000000000000
3.2000000000 0.09007180301340209083 0.00000000000000000000
3.2100000000 0.08994479955417263028 0.00000000000000000000
3.2200000000 0.08981892901995523759 0.00000000000000000000
3.2300000000 0.08969417655516472021 0.00000000000000000000
3.2400000000 0.08957052755618438722 0.00000000000000000000
3.2500000000 0.08944796766623074047 0.00000000000000000000
3.2600000000 0.08932648277033626572 0.00000000000000000000
3.2700000000 0.08920605899045247478 0.00000000000000000000
3.2800000000 0.08908668268066341489 0.00000000000000000000
3.2900000000 0.08896834042251340613 0.00000000000000000000
3.3000000000 0.08885101902043937572 0.00000000000000000000
3.3100000000 0.08873470549731114765 0.00000000000000000000
3.3200000000 0.08861938709007417814 0.00000000000000000000
3.3300000000 0.08850505124548958824 0.00000000000000000000
3.3400000000 0.08839168561597531004 0.00000000000000000000
3.3500000000 0.08827927805553874296 0.00000000000000000000
3.3600000000 0.08816781661580541662 0.00000000000000000000
3.3700000000 0.08805728954213358495 0.00000000000000000000
3.3800000000 0.08794768526982062185 0.00000000000000000000
3.3900000000 0.08783899242039316935 0.00000000000000000000
3.4000000000 0.08773119979798069124 0.00000000000000000000
3.4100000000 0.08762429638577072522 0.00000000000000000000
3.4200000000 0.08751827134254418217 0.00000000000000000000
3.4300000000 0.08741311399928664017 0.00000000000000000000
3.4400000000 0.08730881385587671573 0.00000000000000000000
3.4500000000 0.08720536057784612771 0.00000000000000000000
3.4600000000 0.08710274399321324412 0.00000000000000000000
3.4700000000 0.08700095408938572639 0.00000000000000000000
3.4800000000 0.08689998101013141074 0.00000000000000000000
3.4900000000 0.08679981505261573360 0.00000000000000000000
3.5000000000 0.08670044666450456294 0.00000000000000000000
3.5100000000 0.08660186644113000709 0.00000000000000000000
3.5200000000 0.08650406512271746617 0.00000000000000000000
3.5300000000 0.08640703359167449527 0.00000000000000000000
3.5400000000 0.08631076286993602520 0.00000000000000000000
3.5500000000 0.08621524411636953544 0.00000000000000000000
3.5600000000 0.08612046862423478055 0.00000000000000000000
3.5700000000 0.08602642781869822286 0.00000000000000000000
3.5800000000 0.08593311325440124160 0.00000000000000000000
3.5900000000 0.08584051661307942616 0.00000000000000000000
3.6000000000 0.08574862970123456329 0.00000000000000000000
3.6100000000 0.08565744444785325373 0.00000000000000000000
3.6200000000 0.08556695290217733452 0.00000000000000000000
3.6300000000 0.08547714723151814131 0.00000000000000000000
3.6400000000 0.08538801971911992583 0.00000000000000000000
3.6500000000 0.08529956276206568377 0.00000000000000000000
3.6600000000 0.08521176886922866844 0.00000000000000000000
3.6700000000 0.08512463065926656469 0.00000000000000000000
3.6800000000 0.08503814085865615824 0.00000000000000000000
3.6900000000 0.08495229229977098451 0.00000000000000000000
3.7000000000 0.08486707791899730791 0.00000000000000000000
3.7100000000 0.08478249075489023567 0.00000000000000000000
3.7200000000 0.08469852394636637194 0.00000000000000000000
3.7300000000 0.08461517073093632879 0.00000000000000000000
3.7400000000 0.08453242444297036362 0.00000000000000000000
3.7500000000 0.08445027851200240243 0.00000000000000000000
3.7600000000 0.08436872646106662044 0.00000000000000000000
3.7700000000 0.08428776190506936938 0.00000000000000000000
3.7800000000 0.08420737854919350951 0.00000000000000000000
3.7900000000 0.08412757018733482695 0.00000000000000000000
3.8000000000 0.08404833070057125821 0.00000000000000000000
3.8100000000 0.08396965405566124419 0.00000000000000000000
3.8200000000 0.08389153430357404462 0.00000000000000000000
3.8300000000 0.08381396557804808578 0.00000000000000000000
3.8400000000 0.08373694209417957557 0.00000000000000000000
3.8500000000 0.08366045814703755579 0.00000000000000000000
3.8600000000 0.08358450811030826433 0.00000000000000000000
3.8700000000 0.08350908643496497696 0.00000000000000000000
3.8800000000 0.08343418764796547982 0.00000000000000000000
3.8900000000 0.08335980635097389735 0.00000000000000000000
3.9000000000 0.08328593721910862446 0.00000000000000000000
3.9100000000 0.08321257499971491944 0.00000000000000000000
3.9200000000 0.08313971451116078382 0.00000000000000000000
3.9300000000 0.08306735064165672588 0.00000000000000000000
3.9400000000 0.08299547834809913038 0.00000000000000000000
3.9500000000 0.08292409265493486115 0.00000000000000000000
3.9600000000 0.08285318865304885927 0.00000000000000000000
3.9700000000 0.08278276149867350164 0.00000000000000000000
3.9800000000 0.08271280641231729125 0.00000000000000000000
3.9900000000 0.08264331867771587681 0.00000000000000000000
4.0000000000 0.08257429364080298706 0.00000000000000000000
4.0100000000 0.08250572670869961434 0.00000000000000000000
4.0200000000 0.08243761334872448665 0.00000000000000000000
4.0300000000 0.08236994908742198418 0.00000000000000000000
4.0400000000 0.08230272950960845768 0.00000000000000000000
4.0500000000 0.08223595025743761500 0.00000000000000000000
4.0600000000 0.08216960702948311601 0.00000000000000000000
4.0700000000 0.08210369557983733524 0.00000000000000000000
4.0800000000 0.08203821171722905370 0.00000000000000000000
4.0900000000 0.08197315130415566697 0.00000000000000000000
4.1000000000 0.08190851025603318458 0.00000000000000000000
4.1100000000 0.08184428454036137002 0.00000000000000000000
4.1200000000 0.08178047017590409085 0.00000000000000000000
4.1300000000 0.08171706323188501764 0.00000000000000000000
4.1400000000 0.08165405982719925460 0.00000000000000000000
4.1500000000 0.08159145612963762673 0.00000000000000000000
4.1600000000 0.08152924835512677382 0.00000000000000000000
4.1700000000 0.08146743276698231728 0.00000000000000000000
4.1800000000 0.08140600567517639052 0.00000000000000000000
4.1900000000 0.08134496343561732623 0.00000000000000000000
4.2000000000 0.08128430244944416516 0.00000000000000000000
4.2100000000 0.08122401916233246144 0.00000000000000000000
4.2200000000 0.08116411006381316073 0.00000000000000000000
4.2300000000 0.08110457168660438476 0.00000000000000000000
4.2400000000 0.08104540060595388784 0.00000000000000000000
4.2500000000 0.08098659343899504426 0.00000000000000000000
4.2600000000 0.08092814684411270276 0.00000000000000000000
4.2700000000 0.08087005752032118411 0.00000000000000000000
4.2800000000 0.08081232220665408861 0.00000000000000000000
4.2900000000 0.08075493768156306873 0.00000000000000000000
4.3000000000 0.08069790076232898068 0.00000000000000000000
4.3100000000 0.08064120830448268107 0.00000000000000000000
4.3200000000 0.08058485720123614859 0.00000000000000000000
4.3300000000 0.08052884438292351454 0.00000000000000000000
4.3400000000 0.08047316681645225178 0.00000000000000000000
4.3500000000 0.08041782150476348145 0.00000000000000000000
4.3600000000 0.08036280548630216070 0.00000000000000000000
4.3700000000 0.08030811583449594393 0.00000000000000000000
4.3800000000 0.08025374965724378640 0.00000000000000000000
4.3900000000 0.08019970409641288822 0.00000000000000000000
4.4000000000 0.08014597632734427046 0.00000000000000000000
4.4100000000 0.08009256355836752439 0.00000000000000000000
4.4200000000 0.08003946303032301313 0.00000000000000000000
4.4300000000 0.07998667201609289956 0.00000000000000000000
4.4400000000 0.07993418782014015400 0.00000000000000000000
4.4500000000 0.07988200777805484765 0.00000000000000000000
4.4600000000 0.07983012925610898092 0.00000000000000000000
4.4700000000 0.07977854965081822292 0.00000000000000000000
4.4800000000 0.07972726638851158898 0.00000000000000000000
4.4900000000 0.07967627692490765468 0.00000000000000000000
4.5000000000 0.07962557874469868013 0.00000000000000000000
4.5100000000 0.07957516936114153450 0.00000000000000000000
4.5200000000 0.07952504631565476823 0.00000000000000000000
4.5300000000 0.07947520717742367902 0.00000000000000000000
4.5400000000 0.07942564954301079005 0.00000000000000000000
4.5500000000 0.07937637103597343369 0.00000000000000000000
4.5600000000 0.07932736930648752460 0.00000000000000000000
4.5700000000 0.07927864203097753637 0.00000000000000000000
4.5800000000 0.07923018691175258421 0.00000000000000000000
4.5900000000 0.07918200167664846134 0.00000000000000000000
4.6000000000 0.07913408407867612848 0.00000000000000000000
4.6100000000 0.07908643189567458875 0.00000000000000000000
4.6200000000 0.07903904292997077086 0.00000000000000000000
4.6300000000 0.07899191500804458865 0.00000000000000000000
4.6400000000 0.07894504598019910779 0.00000000000000000000
4.6500000000 0.07889843372023626344 0.00000000000000000000
4.6600000000 0.07885207612513801811 0.00000000000000000000
4.6700000000 0.07880597111475233507 0.00000000000000000000
4.6800000000 0.07876011663148434205 0.00000000000000000000
4.6900000000 0.07871451063999268527 0.00000000000000000000
4.7000000000 0.07866915112689042144 0.00000000000000000000
4.7100000000 0.07862403610045053115 0.00000000000000000000
4.7200000000 0.07857916359031696940 0.00000000000000000000
4.7300000000 0.07853453164721906077 0.00000000000000000000
4.7400000000 0.07849013834269163992 0.00000000000000000000
4.7500000000 0.07844598176879899465 0.00000000000000000000
4.7600000000 0.07840206003786286126 0.00000000000000000000
4.7700000000 0.07835837128219551306 0.00000000000000000000
4.7800000000 0.07831491365383652647 0.00000000000000000000
4.7900000000 0.07827168532429359948 0.00000000000000000000
4.8000000000 0.07822868448428771382 0.00000000000000000000
4.8100000000 0.07818590934350212740 0.00000000000000000000
4.8200000000 0.07814335813033523870 0.00000000000000000000
4.8300000000 0.07810102909165751728 0.00000000000000000000
4.8400000000 0.07805892049257157073 0.00000000000000000000
4.8500000000 0.07801703061617687451 0.00000000000000000000
4.8600000000 0.07797535776333726354 0.00000000000000000000
4.8700000000 0.07793390025245253150 0.00000000000000000000
4.8800000000 0.07789265641923309724 0.00000000000000000000
4.8900000000 0.07785162461647858467 0.00000000000000000000
4.9000000000 0.07781080321385948351 0.00000000000000000000
4.9100000000 0.07777019059770214071 0.00000000000000000000
4.9200000000 0.07772978517077729077 0.00000000000000000000
4.9300000000 0.07768958535209105620 0.00000000000000000000
4.9400000000 0.07764958957668036121 0.00000000000000000000
4.9500000000 0.07760979629541013558 0.00000000000000000000
4.9600000000 0.07757020397477425167 0.00000000000000000000
4.9700000000 0.07753081109669947291 0.00000000000000000000
4.9800000000 0.07749161615835195582 0.00000000000000000000
4.9900000000 0.07745261767194723534 0.00000000000000000000
5.0000000000 0.07741381416456209752 0.00000000000000000000
