0.1000000000 2.61660277658100204334 0.00000000000000000000
0.1100000000 2.51755991881401630650 0.00000000000000000000
0.1200000000 2.42274859453276825150 0.00000000000000000000
0.1300000000 2.33210668522933151081 0.00000000000000000000
0.1400000000 2.24554447825983105602 0.00000000000000000000
0.1500000000 2.16294897089060667028 0.00000000000000000000
0.1600000000 2.08418835356679776893 0.00000000000000000000
0.1700000000 2.00911644977528291989 0.00000000000000000000
0.1800000000 1.93757692920910429280 0.00000000000000000000
0.1900000000 1.86940715696183668015 0.00000000000000000000
0.2000000000 1.80444158831715228963 0.00000000000000000000
0.2100000000 1.74251466182178949005 0.00000000000000000000
0.2200000000 1.68346317980249882140 0.00000000000000000000
0.2300000000 1.62712819389022067540 0.00000000000000000000
0.2400000000 1.57335643326832386180 0.00000000000000000000
0.2500000000 1.52200132595757109399 0.00000000000000000000
0.2600000000 1.47292366968901822233 0.00000000000000000000
0.2700000000 1.42599201020215748947 0.00000000000000000000
0.2800000000 1.38108278252884475457 0.00000000000000000000
0.2900000000 1.33808026622027043118 0.00000000000000000000
0.3000000000 1.29687639956024902688 0.00000000000000000000
0.3100000000 1.25737049136100154101 0.00000000000000000000
0.3200000000 1.21946886251255182110 0.00000000000000000000
0.3300000000 1.18308444341884810846 0.00000000000000000000
0.3400000000 1.14813634801670283458 0.00000000000000000000
0.3500000000 1.11454944033871194975 0.00000000000000000000
0.3600000000 1.08225390557031730943 0.00000000000000000000
0.3700000000 1.05118483423420849832 0.00000000000000000000
0.3800000000 1.02128182545188961328 0.00000000000000000000
0.3900000000 0.99248861310660585477 0.00000000000000000000
0.4000000000 0.96475271708352061673 0.00000000000000000000
0.4100000000 0.93802512051366571111 0.00000000000000000000
0.4200000000 0.91225997302552719326 0.00000000000000000000
0.4300000000 0.88741431934810899307 0.00000000000000000000
0.4400000000 0.86344785215678243606 0.00000000000000000000
0.4500000000 0.84032268776177532210 0.00000000000000000000
0.4600000000 0.81800316307048337450 0.00000000000000000000
0.4700000000 0.79645565217778124811 0.00000000000000000000
0.4800000000 0.77564840092850462216 0.00000000000000000000
0.4900000000 0.75555137783348835789 0.00000000000000000000
0.5000000000 0.73613613979014069777 0.00000000000000000000
0.5100000000 0.71737571114861176103 0.00000000000000000000
0.5200000000 0.69924447476670437140 0.00000000000000000000
0.5300000000 0.68171807380416316047 0.00000000000000000000
0.5400000000 0.66477332311541958987 0.00000000000000000000
0.5500000000 0.64838812920572541643 0.00000000000000000000
0.5600000000 0.63254141781708717041 0.00000000000000000000
0.5700000000 0.61721306830561528667 0.00000000000000000000
0.5800000000 0.60238385406057803895 0.00000000000000000000
0.5900000000 0.58803538829677926003 0.00000000000000000000
0.6000000000 0.57415007462610745392 0.00000000000000000000
0.6100000000 0.56071106188129027359 0.00000000000000000000
0.6200000000 0.54770220272536618289 0.00000000000000000000
0.6300000000 0.53510801563450793861 0.00000000000000000000
0.6400000000 0.52291364989027100396 0.00000000000000000000
0.6500000000 0.51110485326018728625 0.00000000000000000000
0.6600000000 0.49966794208379872178 0.00000000000000000000
0.6700000000 0.48858977351487381524 0.00000000000000000000
0.6800000000 0.47785771970024676358 0.00000000000000000000
0.6900000000 0.46745964370188897163 0.00000000000000000000
0.7000000000 0.45738387699185917290 0.00000000000000000000
0.7100000000 0.44761919836989788601 0.00000000000000000000
0.7200000000 0.43815481417120616392 0.00000000000000000000
0.7300000000 0.42898033964744797242 0.00000000000000000000
0.7400000000 0.42008578141758784463 0.00000000000000000000
0.7500000000 0.41146152089707099808 0.00000000000000000000
0.7600000000 0.40309829862430468506 0.00000000000000000000
0.7700000000 0.39498719941237275810 0.00000000000000000000
0.7800000000 0.38711963826202183681 0.00000000000000000000
0.7900000000 0.37948734697880481814 0.00000000000000000000
0.8000000000 0.37208236144336770401 0.00000000000000000000
0.8100000000 0.36489700948927150659 0.00000000000000000000
0.8200000000 0.35792389934729312850 0.00000000000000000000
0.8300000000 0.35115590861931089695 0.00000000000000000000
0.8400000000 0.34458617374846595149 0.00000000000000000000
0.8500000000 0.33820807995533219703 0.00000000000000000000
0.8600000000 0.33201525161278094833 0.00000000000000000000
0.8700000000 0.32600154303452399951 0.00000000000000000000
0.8800000000 0.32016102965445497608 0.00000000000000000000
0.8900000000 0.31448799957592526999 0.00000000000000000000
0.9000000000 0.30897694547164789025 0.00000000000000000000
0.9100000000 0.30362255681647276617 0.00000000000000000000
0.9200000000 0.29841971243666365332 0.00000000000000000000
0.9300000000 0.29336347336029344746 0.00000000000000000000
0.9400000000 0.28844907595465035799 0.00000000000000000000
0.9500000000 0.28367192533741042437 0.00000000000000000000
0.9600000000 0.27902758904910485160 0.00000000000000000000
0.9700000000 0.27451179097523004113 0.00000000000000000000
0.9800000000 0.27012040550727028920 0.00000000000000000000
0.9900000000 0.26584945193209941205 0.00000000000000000000
1.0000000000 0.26169508903946558931 0.00000000000000000000
1.0100000000 0.25765360994086744517 0.00000000000000000000
1.0200000000 0.25372143708681432761 0.00000000000000000000
1.0300000000 0.24989511747794748708 0.00000000000000000000
1.0400000000 0.24617131806063916044 0.00000000000000000000
1.0500000000 0.24254682129976951055 0.00000000000000000000
1.0600000000 0.23901852092114986292 0.00000000000000000000
1.0700000000 0.23558341781745786858 0.00000000000000000000
1.0800000000 0.23223861611069496202 0.00000000000000000000
1.0900000000 0.22898131936518881235 0.00000000000000000000
1.1000000000 0.22580882694512471875 0.00000000000000000000
1.1100000000 0.22271853051085424569 0.00000000000000000000
1.1200000000 0.21970791064866734832 0.00000000000000000000
1.1300000000 0.21677453362866538900 0.00000000000000000000
1.1400000000 0.21391604828587049147 0.00000000000000000000
1.1500000000 0.21113018301965194579 0.00000000000000000000
1.1600000000 0.20841474290691913707 0.00000000000000000000
1.1700000000 0.20576760692470408287 0.00000000000000000000
1.1800000000 0.20318672527778375292 0.00000000000000000000
1.1900000000 0.20067011682737764811 0.00000000000000000000
1.2000000000 0.19821586661696005693 0.00000000000000000000
1.2100000000 0.19582212349139926921 0.00000000000000000000
1.2200000000 0.19348709780591824559 0.00000000000000000000
1.2300000000 0.19120905922125328025 0.00000000000000000000
1.2400000000 0.18898633458186345213 0.00000000000000000000
1.2500000000 0.18681730587381203956 0.00000000000000000000
1.2600000000 0.18470040825937047990 0.00000000000000000000
1.2700000000 0.18263412818533555915 0.00000000000000000000
1.2800000000 0.18061700156221074942 0.00000000000000000000
1.2900000000 0.17864761201154841230 0.00000000000000000000
1.3000000000 0.17672458917880437546 0.00000000000000000000
1.3100000000 0.17484660710919822102 0.00000000000000000000
1.3200000000 0.17301238268414040333 0.00000000000000000000
1.3300000000 0.17122067411590205510 0.00000000000000000000
1.3400000000 0.16947027949829832072 0.00000000000000000000
1.3500000000 0.16776003541120029783 0.00000000000000000000
1.3600000000 0.16608881557683599639 0.00000000000000000000
1.3700000000 0.16445552956587913829 0.00000000000000000000
1.3800000000 0.16285912155142351354 0.00000000000000000000
1.3900000000 0.16129856910897594213 0.00000000000000000000
1.4000000000 0.15977288206074227728 0.00000000000000000000
1.4100000000 0.15828110136247891537 0.00000000000000000000
1.4200000000 0.15682229803129055234 0.00000000000000000000
1.4300000000 0.15539557211280674576 0.00000000000000000000
1.4400000000 0.15400005168622094009 0.00000000000000000000
1.4500000000 0.15263489190576676191 0.00000000000000000000
1.4600000000 0.15129927407720583643 0.00000000000000000000
1.4700000000 0.14999240476801689592 0.00000000000000000000
1.4800000000 0.14871351494999454634 0.00000000000000000000
1.4900000000 0.14746185917301721235 0.00000000000000000000
1.5000000000 0.14623671476880090170 0.00000000000000000000
1.5100000000 0.14503738108349453761 0.00000000000000000000
1.5200000000 0.14386317873803103340 0.00000000000000000000
1.5300000000 0.14271344891516679620 0.00000000000000000000
1.5400000000 0.14158755267220415885 0.00000000000000000000
1.5500000000 0.14048487027843084562 0.00000000000000000000
1.5600000000 0.13940480057632304023 0.00000000000000000000
1.5700000000 0.13834676036563756107 0.00000000000000000000
1.5800000000 0.13731018380950282820 0.00000000000000000000
1.5900000000 0.13629452186170792904 0.00000000000000000000
1.6000000000 0.13529924171436352731 0.00000000000000000000
1.6100000000 0.13432382626519473456 0.00000000000000000000
1.6200000000 0.13336777360370083434 0.00000000000000000000
1.6300000000 0.13243059651550875833 0.00000000000000000000
1.6400000000 0.13151182200420041823 0.00000000000000000000
1.6500000000 0.13061099082999585996 0.00000000000000000000
1.6600000000 0.12972765706463998403 0.00000000000000000000
1.6700000000 0.12886138766189655924 0.00000000000000000000
1.6800000000 0.12801176204306996542 0.00000000000000000000
1.6900000000 0.12717837169699688915 0.00000000000000000000
1.7000000000 0.12636081979396118768 0.00000000000000000000
1.7100000000 0.12555872081303645627 0.00000000000000000000
1.7200000000 0.12477170018233127435 0.00000000000000000000
1.7300000000 0.12399939393169674695 0.00000000000000000000
1.7400000000 0.12324144835739904436 0.00000000000000000000
1.7500000000 0.12249751969834658805 0.00000000000000000000
1.7600000000 0.12176727382343056905 0.00000000000000000000
1.7700000000 0.12105038592958142218 0.00000000000000000000
1.7800000000 0.12034654025014331069 0.00000000000000000000
1.7900000000 0.11965542977318810447 0.00000000000000000000
1.8000000000 0.11897675596941388598 0.00000000000000000000
1.8100000000 0.11831022852927676470 0.00000000000000000000
1.8200000000 0.11765556510901313547 0.00000000000000000000
1.8300000000 0.11701249108524222620 0.00000000000000000000
1.8400000000 0.11638073931782878800 0.00000000000000000000
1.8500000000 0.11576004992071579902 0.00000000000000000000
1.8600000000 0.11515017004043211213 0.00000000000000000000
1.8700000000 0.11455085364200170983 0.00000000000000000000
1.8800000000 0.11396186130199884023 0.00000000000000000000
1.8900000000 0.11338296000847324085 0.00000000000000000000
1.9000000000 0.11281392296751897864 0.00000000000000000000
1.9100000000 0.11225452941623963177 0.00000000000000000000
1.9200000000 0.11170456444188517353 0.00000000000000000000
1.9300000000 0.11116381880694210793 0.00000000000000000000
1.9400000000 0.11063208877996355550 0.00000000000000000000
1.9500000000 0.11010917597193879691 0.00000000000000000000
1.9600000000 0.10959488717800537627 0.00000000000000000000
1.9700000000 0.10908903422431788510 0.00000000000000000000
1.9800000000 0.10859143381988786703 0.00000000000000000000
1.9900000000 0.10810190741322445174 0.00000000000000000000
2.0000000000 0.10762028105361159946 0.00000000000000000000
2.0100000000 0.10714638525684644366 0.00000000000000000000
2.0200000000 0.10668005487529988451 0.00000000000000000000
2.0300000000 0.10622112897213835392 0.00000000000000000000
2.0400000000 0.10576945069956919521 0.00000000000000000000
2.0500000000 0.10532486718096432943 0.00000000000000000000
2.0600000000 0.10488722939673199297 0.00000000000000000000
2.0700000000 0.10445639207381088309 0.00000000000000000000
2.0800000000 0.10403221357865508057 0.00000000000000000000
2.0900000000 0.10361455581359325928 0.00000000000000000000
2.1000000000 0.10320328411645282585 0.00000000000000000000
2.1100000000 0.10279826716332481074 0.00000000000000000000
2.1200000000 0.10239937687437718206 0.00000000000000000000
2.1300000000 0.10200648832260236776 0.00000000000000000000
2.1400000000 0.10161947964540440914 0.00000000000000000000
2.1500000000 0.10123823195892915627 0.00000000000000000000
2.1600000000 0.10086262927504581477 0.00000000000000000000
2.1700000000 0.10049255842088823665 0.00000000000000000000
2.1800000000 0.10012790896087310488 0.00000000000000000000
2.1900000000 0.09976857312111191145 0.00000000000000000000
2.2000000000 0.09941444571613362868 0.00000000000000000000
2.2100000000 0.09906542407784495186 0.00000000000000000000
2.2200000000 0.09872140798665196559 0.00000000000000000000
2.2300000000 0.09838229960467342883 0.00000000000000000000
2.2400000000 0.09804800341097301419 0.00000000000000000000
2.2500000000 0.09771842613874849592 0.00000000000000000000
2.2600000000 0.09739347671441060672 0.00000000000000000000
2.2700000000 0.09707306619848732332 0.00000000000000000000
2.2800000000 0.09675710772830364848 0.00000000000000000000
2.2900000000 0.09644551646236677878 0.00000000000000000000
2.3000000000 0.09613820952640683704 0.00000000000000000000
2.3100000000 0.09583510596102359780 0.00000000000000000000
2.3200000000 0.09553612667087713062 0.00000000000000000000
2.3300000000 0.09524119437538236532 0.00000000000000000000
2.3400000000 0.09495023356085474653 0.00000000000000000000
2.3500000000 0.09466317043405758636 0.00000000000000000000
2.3600000000 0.09437993287711232693 0.00000000000000000000
2.3700000000 0.09410045040372502778 0.00000000000000000000
2.3800000000 0.09382465411668404476 0.00000000000000000000
2.3900000000 0.09355247666659531613 0.00000000000000000000
2.4000000000 0.09328385221181001441 0.00000000000000000000
2.4100000000 0.09301871637950956395 0.00000000000000000000
2.4200000000 0.09275700622791187289 0.00000000000000000000
2.4300000000 0.09249866020955997692 0.00000000000000000000
2.4400000000 0.09224361813566626933 0.00000000000000000000
2.4500000000 0.09199182114146924050 0.00000000000000000000
2.4600000000 0.09174321165258181310 0.00000000000000000000
2.4700000000 0.09149773335229122173 0.00000000000000000000
2.4800000000 0.09125533114978613691 0.00000000000000000000
2.4900000000 0.09101595114928177910 0.00000000000000000000
2.5000000000 0.09077954062001329649 0.00000000000000000000
2.5100000000 0.09054604796707201031 0.00000000000000000000
2.5200000000 0.09031542270305789599 0.00000000000000000000
2.5300000000 0.09008761542052524940 0.00000000000000000000
2.5400000000 0.08986257776519292195 0.00000000000000000000
2.5500000000 0.08964026240990188854 0.00000000000000000000
2.5600000000 0.08942062302929036643 0.00000000000000000000
2.5700000000 0.08920361427517169151 0.00000000000000000000
2.5800000000 0.08898919175258820924 0.00000000000000000000
2.5900000000 0.08877731199652408312 0.00000000000000000000
2.6000000000 0.08856793244925438569 0.00000000000000000000
2.6100000000 0.08836101143831463778 0.00000000000000000000
2.6200000000 0.08815650815507007632 0.00000000000000000000
2.6300000000 0.08795438263386511080 0.00000000000000000000
2.6400000000 0.08775459573174131112 0.00000000000000000000
2.6500000000 0.08755710910869959895 0.00000000000000000000
2.6600000000 0.08736188520849676176 0.00000000000000000000
2.6700000000 0.08716888723995640242 0.00000000000000000000
2.6800000000 0.08697807915878190410 0.00000000000000000000
2.6900000000 0.08678942564985421548 0.00000000000000000000
2.7000000000 0.08660289211000245235 0.00000000000000000000
2.7100000000 0.08641844463123041220 0.00000000000000000000
2.7200000000 0.08623604998439111935 0.00000000000000000000
2.7300000000 0.08605567560328995780 0.00000000000000000000
2.7400000000 0.08587728956920619161 0.00000000000000000000
2.7500000000 0.08570086059582525395 0.00000000000000000000
2.7600000000 0.08552635801456140441 0.00000000000000000000
2.7700000000 0.08535375176026811783 0.00000000000000000000
2.7800000000 0.08518301235731774723 0.00000000000000000000
2.7900000000 0.08501411090604572840 0.00000000000000000000
2.8000000000 0.08484701906954468520 0.00000000000000000000
2.8100000000 0.08468170906080023375 0.00000000000000000000
2.8200000000 0.08451815363016000615 0.00000000000000000000
2.8300000000 0.08435632605312269605 0.00000000000000000000
2.8400000000 0.08419620011844217156 0.00000000000000000000
2.8500000000 0.08403775011653567828 0.00000000000000000000
2.8600000000 0.08388095082818650128 0.00000000000000000000
2.8700000000 0.08372577751353536823 0.00000000000000000000
2.8800000000 0.08357220590135121252 0.00000000000000000000
2.8900000000 0.08342021217857209514 0.00000000000000000000
2.9000000000 0.08326977298011235817 0.00000000000000000000
2.9100000000 0.08312086537892440785 0.00000000000000000000
2.9200000000 0.08297346687631056150 0.00000000000000000000
2.9300000000 0.08282755539247781129 0.00000000000000000000
2.9400000000 0.08268310925732802463 0.00000000000000000000
2.9500000000 0.08254010720147851587 0.00000000000000000000
2.9600000000 0.08239852834750302502 0.00000000000000000000
2.9700000000 0.08225835220139279813 0.00000000000000000000
2.9800000000 0.08211955864422709750 0.00000000000000000000
2.9900000000 0.08198212792404842297 0.00000000000000000000
3.0000000000 0.08184604064793882250 0.00000000000000000000
3.0100000000 0.08171127777428861816 0.00000000000000000000
3.0200000000 0.08157782060525579915 0.00000000000000000000
3.0300000000 0.08144565077940799092 0.00000000000000000000
3.0400000000 0.08131475026454411392 0.00000000000000000000
3.0500000000 0.08118510135068934819 0.00000000000000000000
3.0600000000 0.08105668664326030892 0.00000000000000000000
3.0700000000 0.08092948905639438251 0.00000000000000000000
3.0800000000 0.08080349180643944806 0.00000000000000000000
3.0900000000 0.08067867840560091763 0.00000000000000000000
3.1000000000 0.08055503265573914218 0.00000000000000000000
3.1100000000 0.08043253864231569850 0.00000000000000000000
3.1200000000 0.08031118072848464351 0.00000000000000000000
3.1300000000 0.08019094354932185253 0.00000000000000000000
3.1400000000 0.08007181200619284400 0.00000000000000000000
3.1500000000 0.07995377126125270684 0.00000000000000000000
3.1600000000 0.07983680673207550760 0.00000000000000000000
3.1700000000 0.07972090408641123449 0.00000000000000000000
3.1800000000 0.07960604923706272873 0.00000000000000000000
3.1900000000 0.07949222833688524004 0.00000000000000000000
3.2000000000 0.07937942777390070981 0.00000000000000000000
3.2100000000 0.07926763416652637950 0.00000000000000000000
3.2200000000 0.07915683435891349151 0.00000000000000000000
3.2300000000 0.07904701541639440332 0.00000000000000000000
3.2400000000 0.07893816462103396547 0.00000000000000000000
3.2500000000 0.07883026946728334539 0.00000000000000000000
3.2600000000 0.07872331765773432632 0.00000000000000000000
3.2700000000 0.07861729709896958518 0.00000000000000000000
3.2800000000 0.07851219589750832450 0.00000000000000000000
3.2900000000 0.07840800235584434452 0.00000000000000000000
3.3000000000 0.07830470496857294682 0.00000000000000000000
3.3100000000 0.07820229241860747471 0.00000000000000000000
3.3200000000 0.07810075357347891212 0.00000000000000000000
3.3300000000 0.07800007748172030353 0.00000000000000000000
3.3400000000 0.07790025336933292799 0.00000000000000000000
3.3500000000 0.07780127063632975848 0.00000000000000000000
3.3600000000 0.07770311885335745572 0.00000000000000000000
3.3700000000 0.07760578775839342691 0.00000000000000000000
3.3800000000 0.07750926725351628410 0.00000000000000000000
3.3900000000 0.07741354740174778704 0.00000000000000000000
3.4000000000 0.07731861842396463291 0.00000000000000000000
3.4100000000 0.07722447069587863588 0.00000000000000000000
3.4200000000 0.07713109474508245134 0.00000000000000000000
3.4300000000 0.07703848124816163601 0.00000000000000000000
3.4400000000 0.07694662102786772873 0.00000000000000000000
3.4500000000 0.07685550505035639024 0.00000000000000000000
3.4600000000 0.07676512442248108192 0.00000000000000000000
3.4700000000 0.07667547038914993007 0.00000000000000000000
3.4800000000 0.07658653433073685235 0.00000000000000000000
3.4900000000 0.07649830776055026316 0.00000000000000000000
3.5000000000 0.07641078232235541667 0.00000000000000000000
3.5100000000 0.07632394978795023488 0.00000000000000000000
3.5200000000 0.07623780205479302463 0.00000000000000000000
3.5300000000 0.07615233114368144540 0.00000000000000000000
3.5400000000 0.07606752919648022970 0.00000000000000000000
3.5500000000 0.07598338847389743411 0.00000000000000000000
3.5600000000 0.07589990135330806909 0.00000000000000000000
3.5700000000 0.07581706032662371975 0.00000000000000000000
3.5800000000 0.07573485799820700581 0.00000000000000000000
3.5900000000 0.07565328708282985370 0.00000000000000000000
3.6000000000 0.07557234040367485917 0.00000000000000000000
3.6100000000 0.07549201089037851919 0.00000000000000000000
3.6200000000 0.07541229157711473730 0.00000000000000000000
3.6300000000 0.07533317560071944863 0.00000000000000000000
3.6400000000 0.07525465619885272905 0.00000000000000000000
3.6500000000 0.07517672670820028935 0.00000000000000000000
3.6600000000 0.07509938056271121820 0.00000000000000000000
3.6700000000 0.07502261129187277888 0.00000000000000000000
3.6800000000 0.07494641251902006696 0.00000000000000000000
3.6900000000 0.07487077795968072325 0.00000000000000000000
3.7000000000 0.07479570141995300903 0.00000000000000000000
3.7100000000 0.07472117679491832587 0.00000000000000000000
3.7200000000 0.07464719806708404459 0.00000000000000000000
3.7300000000 0.07457375930485940496 0.00000000000000000000
3.7400000000 0.07450085466106194654 0.00000000000000000000
3.7500000000 0.07442847837145398493 0.00000000000000000000
3.7600000000 0.07435662475330831467 0.00000000000000000000
3.7700000000 0.07428528820400344401 0.00000000000000000000
3.7800000000 0.07421446319964597471 0.00000000000000000000
3.7900000000 0.07414414429372195858 0.00000000000000000000
3.8000000000 0.07407432611577331738 0.00000000000000000000
3.8100000000 0.07400500337010222640 0.00000000000000000000
3.8200000000 0.07393617083450000627 0.00000000000000000000
3.8300000000 0.07386782335900246577 0.00000000000000000000
3.8400000000 0.07379995586466819857 0.00000000000000000000
3.8500000000 0.07373256334238229015 0.00000000000000000000
3.8600000000 0.07366564085168252063 0.00000000000000000000
3.8700000000 0.07359918351960954841 0.00000000000000000000
3.8800000000 0.07353318653957882645 0.00000000000000000000
3.8900000000 0.07346764517027427888 0.00000000000000000000
3.9000000000 0.07340255473456470947 0.00000000000000000000
3.9100000000 0.07333791061843972225 0.00000000000000000000
3.9200000000 0.07327370826996693065 0.00000000000000000000
3.9300000000 0.07320994319827001107 0.00000000000000000000
3.9400000000 0.07314661097252470046 0.00000000000000000000
3.9500000000 0.07308370722097551342 0.00000000000000000000
3.9600000000 0.07302122762997073635 0.00000000000000000000
3.9700000000 0.07295916794301580965 0.00000000000000000000
3.9800000000 0.07289752395984509803 0.00000000000000000000
3.9900000000 0.07283629153551032798 0.00000000000000000000
4.0000000000 0.07277546657948788522 0.00000000000000000000
4.0100000000 0.07271504505480136382 0.00000000000000000000
4.0200000000 0.07265502297716175395 0.00000000000000000000
4.0300000000 0.07259539641412335320 0.00000000000000000000
4.0400000000 0.07253616148425554022 0.00000000000000000000
4.0500000000 0.07247731435632993879 0.00000000000000000000
4.0600000000 0.07241885124852326383 0.00000000000000000000
4.0700000000 0.07236076842763425332 0.00000000000000000000
4.0800000000 0.07230306220831562991 0.00000000000000000000
4.0900000000 0.07224572895232020397 0.00000000000000000000
4.1000000000 0.07218876506776109037 0.00000000000000000000
4.1100000000 0.07213216700838476214 0.00000000000000000000
4.1200000000 0.07207593127285882861 0.00000000000000000000
4.1300000000 0.07202005440407133197 0.00000000000000000000
4.1400000000 0.07196453298844411595 0.00000000000000000000
4.1500000000 0.07190936365525806007 0.00000000000000000000
4.1600000000 0.07185454307599062340 0.00000000000000000000
4.1700000000 0.07180006796366597555 0.00000000000000000000
4.1800000000 0.07174593507221575794 0.00000000000000000000
4.1900000000 0.07169214119585279321 0.00000000000000000000
4.2000000000 0.07163868316845478645 0.00000000000000000000
4.2100000000 0.07158555786296022516 0.00000000000000000000
4.2200000000 0.07153276219077417397 0.00000000000000000000
4.2300000000 0.07148029310118528268 0.00000000000000000000
4.2400000000 0.07142814758079273074 0.00000000000000000000
4.2500000000 0.07137632265294407974 0.00000000000000000000
4.2600000000 0.07132481537718245168 0.00000000000000000000
4.2700000000 0.07127362284870344955 0.00000000000000000000
4.2800000000 0.07122274219782219473 0.00000000000000000000
4.2900000000 0.07117217058944959318 0.00000000000000000000
4.3000000000 0.07112190522257724745 0.00000000000000000000
4.3100000000 0.07107194332977226359 0.00000000000000000000
4.3200000000 0.07102228217668016264 0.00000000000000000000
4.3300000000 0.07097291906153681273 0.00000000000000000000
4.3400000000 0.07092385131468911807 0.00000000000000000000
4.3500000000 0.07087507629812316023 0.00000000000000000000
4.3600000000 0.07082659140500145722 0.00000000000000000000
4.3700000000 0.07077839405920767490 0.00000000000000000000
4.3800000000 0.07073048171489926261 0.00000000000000000000
4.3900000000 0.07068285185606774934 0.00000000000000000000
4.4000000000 0.07063550199610707514 0.00000000000000000000
4.4100000000 0.07058842967738832019 0.00000000000000000000
4.4200000000 0.07054163247084253852 0.00000000000000000000
4.4300000000 0.07049510797555032238 0.00000000000000000000
4.4400000000 0.07044885381833863869 0.00000000000000000000
4.4500000000 0.07040286765338353570 0.00000000000000000000
4.4600000000 0.07035714716182135675 0.00000000000000000000
4.4700000000 0.07031169005136458927 0.00000000000000000000
4.4800000000 0.07026649405592526321 0.00000000000000000000
4.4900000000 0.07022155693524438635 0.00000000000000000000
4.5000000000 0.07017687647452772182 0.00000000000000000000
4.5100000000 0.07013245048408743576 0.00000000000000000000
4.5200000000 0.07008827679898955998 0.00000000000000000000
4.5300000000 0.07004435327870786598 0.00000000000000000000
4.5400000000 0.07000067780678312368 0.00000000000000000000
4.5500000000 0.06995724829048764748 0.00000000000000000000
4.5600000000 0.06991406266049615681 0.00000000000000000000
4.5700000000 0.06987111887056142445 0.00000000000000000000
4.5800000000 0.06982841489719524009 0.00000000000000000000
4.5900000000 0.06978594873935534126 0.00000000000000000000
4.6000000000 0.06974371841813620243 0.00000000000000000000
4.6100000000 0.06970172197646617995 0.00000000000000000000
4.6200000000 0.06965995747880848743 0.00000000000000000000
4.6300000000 0.06961842301086787477 0.00000000000000000000
4.6400000000 0.06957711667930127630 0.00000000000000000000
4.6500000000 0.06953603661143380188 0.00000000000000000000
4.6600000000 0.06949518095497884962 0.00000000000000000000
4.6700000000 0.06945454787776295102 0.00000000000000000000
4.6800000000 0.06941413556745486269 0.00000000000000000000
4.6900000000 0.06937394223129905724 0.00000000000000000000
4.7000000000 0.06933396609585330828 0.00000000000000000000
4.7100000000 0.06929420540673093820 0.00000000000000000000
4.7200000000 0.06925465842834657715 0.00000000000000000000
4.7300000000 0.06921532344366609912 0.00000000000000000000
4.7400000000 0.06917619875396076312 0.00000000000000000000
4.7500000000 0.06913728267856496246 0.00000000000000000000
4.7600000000 0.06909857355463781825 0.00000000000000000000
4.7700000000 0.06906006973692849216 0.00000000000000000000
4.7800000000 0.06902176959754552366 0.00000000000000000000
4.7900000000 0.06898367152572884575 0.00000000000000000000
4.8000000000 0.06894577392762675505 0.00000000000000000000
4.8100000000 0.06890807522607476920 0.00000000000000000000
4.8200000000 0.06887057386037932771 0.00000000000000000000
4.8300000000 0.06883326828610385195 0.00000000000000000000
4.8400000000 0.06879615697485846892 0.00000000000000000000
4.8500000000 0.06875923841409287141 0.00000000000000000000
4.8600000000 0.06872251110689271691 0.00000000000000000000
4.8700000000 0.06868597357177858020 0.00000000000000000000
4.8800000000 0.06864962434250829193 0.00000000000000000000
4.8900000000 0.06861346196788244145 0.00000000000000000000
4.9000000000 0.06857748501155226661 0.00000000000000000000
4.9100000000 0.06854169205183106850 0.00000000000000000000
4.9200000000 0.06850608168150829069 0.00000000000000000000
4.9300000000 0.06847065250766606881 0.00000000000000000000
4.9400000000 0.06843540315149916620 0.00000000000000000000
4.9500000000 0.06840033224813704682 0.00000000000000000000
4.9600000000 0.06836543844646869594 0.00000000000000000000
4.9700000000 0.06833072040897046617 0.00000000000000000000
4.9800000000 0.06829617681153632436 0.00000000000000000000
4.9900000000 0.06826180634331002750 0.00000000000000000000
5.0000000000 0.06822760770652058770 0.00000000000000000000
