0.1000000000 4.47557607990831485267 0.00000000000000000000
0.1100000000 4.32332534097577170229 0.00000000000000000000
0.1200000000 4.17477863809716076560 0.00000000000000000000
0.1300000000 4.03017759024054011974 0.00000000000000000000
0.1400000000 3.88973070251931085650 0.00000000000000000000
0.1500000000 3.75360972656276237203 0.00000000000000000000
0.1600000000 3.62194722695061432916 0.00000000000000000000
0.1700000000 3.49483546287486213089 0.00000000000000000000
0.1800000000 3.37232660042920873167 0.00000000000000000000
0.1900000000 3.25443417866413486905 0.00000000000000000000
0.2000000000 3.14113567249121272695 0.00000000000000000000
0.2100000000 3.03237593593160248417 0.00000000000000000000
0.2200000000 2.92807127468743377818 0.00000000000000000000
0.2300000000 2.82811388818878084450 0.00000000000000000000
0.2400000000 2.73237643524777684689 0.00000000000000000000
0.2500000000 2.64071650890743381268 0.00000000000000000000
0.2600000000 2.55298084853535511840 0.00000000000000000000
0.2700000000 2.46900916427542505005 0.00000000000000000000
0.2800000000 2.38863749518873014210 0.00000000000000000000
0.2900000000 2.31170106380423501236 0.00000000000000000000
0.3000000000 2.23803662395805380569 0.00000000000000000000
0.3100000000 2.16748432475247954088 0.00000000000000000000
0.3200000000 2.09988913134734156429 0.00000000000000000000
0.3300000000 2.03510185398494547471 0.00000000000000000000
0.3400000000 1.97297984142343185709 0.00000000000000000000
0.3500000000 1.91338739521681566735 0.00000000000000000000
0.3600000000 1.85619595837362272306 0.00000000000000000000
0.3700000000 1.80128412701431073195 0.00000000000000000000
0.3800000000 1.74853752766792625017 0.00000000000000000000
0.3900000000 1.69784859650582342638 0.00000000000000000000
0.4000000000 1.64911629059824194066 0.00000000000000000000
0.4100000000 1.60224575551426018372 0.00000000000000000000
0.4200000000 1.55714796844556180311 0.00000000000000000000
0.4300000000 1.51373937159506199990 0.00000000000000000000
0.4400000000 1.47194150683870739194 0.00000000000000000000
0.4500000000 1.43168065960320989305 0.00000000000000000000
0.4600000000 1.39288751743891792145 0.00000000000000000000
0.4700000000 1.35549684682840121397 0.00000000000000000000
0.4800000000 1.31944719027844303838 0.00000000000000000000
0.4900000000 1.28468058461903633649 0.00000000000000000000
0.5000000000 1.25114230060945064160 0.00000000000000000000
0.5100000000 1.21878060336691773635 0.00000000000000000000
0.5200000000 1.18754653273617227782 0.00000000000000000000
0.5300000000 1.15739370246533934683 0.00000000000000000000
0.5400000000 1.12827811690909785014 0.00000000000000000000
0.5500000000 1.10015800391622220467 0.00000000000000000000
0.5600000000 1.07299366255212547117 0.00000000000000000000
0.5700000000 1.04674732434108697099 0.00000000000000000000
0.5800000000 1.02138302677359305015 0.00000000000000000000
0.5900000000 0.99686649790124404191 0.00000000000000000000
0.6000000000 0.97316505092859362236 0.00000000000000000000
0.6100000000 0.95024748780085976918 0.00000000000000000000
0.6200000000 0.92808401087671443808 0.00000000000000000000
0.6300000000 0.90664614186214098623 0.00000000000000000000
0.6400000000 0.88590664726405499163 0.00000000000000000000
0.6500000000 0.86583946969925085213 0.00000000000000000000
0.6600000000 0.84641966446520022771 0.00000000000000000000
0.6700000000 0.82762334084372957133 0.00000000000000000000
0.6800000000 0.80942760766749821677 0.00000000000000000000
0.6900000000 0.79181052273129537422 0.00000000000000000000
0.7000000000 0.77475104567756880591 0.00000000000000000000
0.7100000000 0.75822899402751220421 0.00000000000000000000
0.7200000000 0.74222500206590724670 0.00000000000000000000
0.7300000000 0.72672048232115249444 0.00000000000000000000
0.7400000000 0.71169758941081329162 0.00000000000000000000
0.7500000000 0.69713918604858116090 0.00000000000000000000
0.7600000000 0.68302881103112156325 0.00000000000000000000
0.7700000000 0.66935064904325825008 0.00000000000000000000
0.7800000000 0.65608950213699079868 0.00000000000000000000
0.7900000000 0.64323076275549262437 0.00000000000000000000
0.8000000000 0.63076038818656432472 0.00000000000000000000
0.8100000000 0.61866487634166189569 0.00000000000000000000
0.8200000000 0.60693124276741161616 0.00000000000000000000
0.8300000000 0.59554699880504724518 0.00000000000000000000
0.8400000000 0.58450013082199003822 0.00000000000000000000
0.8500000000 0.57377908044617953465 0.00000000000000000000
0.8600000000 0.56337272574057617458 0.00000000000000000000
0.8700000000 0.55327036326047696058 0.00000000000000000000
0.8800000000 0.54346169094133922606 0.00000000000000000000
0.8900000000 0.53393679176887898219 0.00000000000000000000
0.9000000000 0.52468611818795518609 0.00000000000000000000
0.9100000000 0.51570047720875566988 0.00000000000000000000
0.9200000000 0.50697101617318796052 0.00000000000000000000
0.9300000000 0.49848920914693084505 0.00000000000000000000
0.9400000000 0.49024684390386980004 0.00000000000000000000
0.9500000000 0.48223600947405831363 0.00000000000000000000
0.9600000000 0.47444908422615339472 0.00000000000000000000
0.9700000000 0.46687872445812944600 0.00000000000000000000
0.9800000000 0.45951785347323792497 0.00000000000000000000
0.9900000000 0.45235965111484777168 0.00000000000000000000
1.0000000000 0.44539754374301421258 0.00000000000000000000
1.0100000000 0.43862519462784654856 0.00000000000000000000
1.0200000000 0.43203649474406102815 0.00000000000000000000
1.0300000000 0.42562555394480044990 0.00000000000000000000
1.0400000000 0.41938669250246507492 0.00000000000000000000
1.0500000000 0.41331443299544051717 0.00000000000000000000
1.0600000000 0.40740349252797103397 0.00000000000000000000
1.0700000000 0.40164877526814080078 0.00000000000000000000
1.0800000000 0.39604536528936351569 0.00000000000000000000
1.0900000000 0.39058851970316366131 0.00000000000000000000
1.1000000000 0.38527366206964691608 0.00000000000000000000
1.1100000000 0.38009637607465718290 0.00000000000000000000
1.1200000000 0.37505239946145702001 0.00000000000000000000
1.1300000000 0.37013761820662027802 0.00000000000000000000
1.1400000000 0.36534806092943811207 0.00000000000000000000
1.1500000000 0.36067989352518503576 0.00000000000000000000
1.1600000000 0.35612941401257530716 0.00000000000000000000
1.1700000000 0.35169304758671310340 0.00000000000000000000
1.1800000000 0.34736734186871459640 0.00000000000000000000
1.1900000000 0.34314896234383440721 0.00000000000000000000
1.2000000000 0.33903468798030672593 0.00000000000000000000
1.2100000000 0.33502140702138094586 0.00000000000000000000
1.2200000000 0.33110611294322406239 0.00000000000000000000
1.2300000000 0.32728590057216550013 0.00000000000000000000
1.2400000000 0.32355796235426242946 0.00000000000000000000
1.2500000000 0.31991958477141252404 0.00000000000000000000
1.2600000000 0.31636814489749309764 0.00000000000000000000
1.2700000000 0.31290110708916069049 0.00000000000000000000
1.2800000000 0.30951601980566323391 0.00000000000000000000
1.2900000000 0.30621051255228792787 0.00000000000000000000
1.3000000000 0.30298229294259909627 0.00000000000000000000
1.3100000000 0.29982914387448811322 0.00000000000000000000
1.3200000000 0.29674892081541065503 0.00000000000000000000
1.3300000000 0.29373954919248335127 0.00000000000000000000
1.3400000000 0.29079902188305950528 0.00000000000000000000
1.3500000000 0.28792539680178480532 0.00000000000000000000
1.3600000000 0.28511679458024646872 0.00000000000000000000
1.3700000000 0.28237139633544200423 0.00000000000000000000
1.3800000000 0.27968744152348729015 0.00000000000000000000
1.3900000000 0.27706322587520565426 0.00000000000000000000
1.4000000000 0.27449709941018579640 0.00000000000000000000
1.4100000000 0.27198746452630118142 0.00000000000000000000
1.4200000000 0.26953277416155091428 0.00000000000000000000
1.4300000000 0.26713153002541395464 0.00000000000000000000
1.4400000000 0.26478228089690214464 0.00000000000000000000
1.4500000000 0.26248362098666866427 0.00000000000000000000
1.4600000000 0.26023418836060813186 0.00000000000000000000
1.4700000000 0.25803266342254199683 0.00000000000000000000
1.4800000000 0.25587776745359341879 0.00000000000000000000
1.4900000000 0.25376826120606504888 0.00000000000000000000
1.5000000000 0.25170294354963151928 0.00000000000000000000
1.5100000000 0.24968065016778856480 0.00000000000000000000
1.5200000000 0.24770025230258549409 0.00000000000000000000
1.5300000000 0.24576065554573306438 0.00000000000000000000
1.5400000000 0.24386079867429322210 0.00000000000000000000
1.5500000000 0.24199965252917424174 0.00000000000000000000
1.5600000000 0.24017621893476259753 0.00000000000000000000
1.5700000000 0.23838952965811674445 0.00000000000000000000
1.5800000000 0.23663864540613846477 0.00000000000000000000
1.5900000000 0.23492265485927502078 0.00000000000000000000
1.6000000000 0.23324067374033094491 0.00000000000000000000
1.6100000000 0.23159184391700771144 0.00000000000000000000
1.6200000000 0.22997533253690358168 0.00000000000000000000
1.6300000000 0.22839033119368848390 0.00000000000000000000
1.6400000000 0.22683605512327759124 0.00000000000000000000
1.6500000000 0.22531174242882273662 0.00000000000000000000
1.6600000000 0.22381665333346248414 0.00000000000000000000
1.6700000000 0.22235006945971397263 0.00000000000000000000
1.6800000000 0.22091129313452473326 0.00000000000000000000
1.6900000000 0.21949964671900609736 0.00000000000000000000
1.7000000000 0.21811447196187969122 0.00000000000000000000
1.7100000000 0.21675512937578192418 0.00000000000000000000
1.7200000000 0.21542099763550920377 0.00000000000000000000
1.7300000000 0.21411147299743357730 0.00000000000000000000
1.7400000000 0.21282596873922926539 0.00000000000000000000
1.7500000000 0.21156391461918566677 0.00000000000000000000
1.7600000000 0.21032475635437780648 0.00000000000000000000
1.7700000000 0.20910795511693283655 0.00000000000000000000
1.7800000000 0.20791298704779684337 0.00000000000000000000
1.7900000000 0.20673934278727476577 0.00000000000000000000
1.8000000000 0.20558652702176327676 0.00000000000000000000
1.8100000000 0.20445405804606400779 0.00000000000000000000
1.8200000000 0.20334146734069560858 0.00000000000000000000
1.8300000000 0.20224829916365005822 0.00000000000000000000
1.8400000000 0.20117411015608155367 0.00000000000000000000
1.8500000000 0.20011846896136559204 0.00000000000000000000
1.8600000000 0.19908095585710663955 0.00000000000000000000
1.8700000000 0.19806116239955454117 0.00000000000000000000
1.8800000000 0.19705869108002271872 0.00000000000000000000
1.8900000000 0.19607315499284486138 0.00000000000000000000
1.9000000000 0.19510417751446471057 0.00000000000000000000
1.9100000000 0.19415139199324238373 0.00000000000000000000
1.9200000000 0.19321444144960747691 0.00000000000000000000
1.9300000000 0.19229297828616345734 0.00000000000000000000
1.9400000000 0.19138666400740797502 0.00000000000000000000
1.9500000000 0.19049516894869555905 0.00000000000000000000
1.9600000000 0.18961817201415498424 0.00000000000000000000
1.9700000000 0.18875536042318691310 0.00000000000000000000
1.9800000000 0.18790642946527902346 0.00000000000000000000
1.9900000000 0.18707108226282809227 0.00000000000000000000
2.0000000000 0.18624902954167579794 0.00000000000000000000
2.0100000000 0.18543998940910316753 0.00000000000000000000
2.0200000000 0.18464368713900519703 0.00000000000000000000
2.0300000000 0.18385985496400714112 0.00000000000000000000
2.0400000000 0.18308823187425724011 0.00000000000000000000
2.0500000000 0.18232856342269168626 0.00000000000000000000
2.0600000000 0.18158060153651833790 0.00000000000000000000
2.0700000000 0.18084410433471867496 0.00000000000000000000
2.0800000000 0.18011883595135239067 0.00000000000000000000
2.0900000000 0.17940456636446910910 0.00000000000000000000
2.1000000000 0.17870107123042333619 0.00000000000000000000
2.1100000000 0.17800813172342050406 0.00000000000000000000
2.1200000000 0.17732553438009743263 0.00000000000000000000
2.1300000000 0.17665307094898149987 0.00000000000000000000
2.1400000000 0.17599053824465168971 0.00000000000000000000
2.1500000000 0.17533773800643895346 0.00000000000000000000
2.1600000000 0.17469447676152005666 0.00000000000000000000
2.1700000000 0.17406056569225150654 0.00000000000000000000
2.1800000000 0.17343582050759626112 0.00000000000000000000
2.1900000000 0.17282006131851229691 0.00000000000000000000
2.2000000000 0.17221311251716589497 0.00000000000000000000
2.2100000000 0.17161480265983977689 0.00000000000000000000
2.2200000000 0.17102496435341424386 0.00000000000000000000
2.2300000000 0.17044343414530449543 0.00000000000000000000
2.2400000000 0.16987005241673361344 0.00000000000000000000
2.2500000000 0.16930466327923482384 0.00000000000000000000
2.2600000000 0.16874711447427317990 0.00000000000000000000
2.2700000000 0.16819725727588527575 0.00000000000000000000
2.2800000000 0.16765494639624081707 0.00000000000000000000
2.2900000000 0.16712003989401860715 0.00000000000000000000
2.3000000000 0.16659239908552214704 0.00000000000000000000
2.3100000000 0.16607188845842824065 0.00000000000000000000
2.3200000000 0.16555837558809397003 0.00000000000000000000
2.3300000000 0.16505173105633377806 0.00000000000000000000
2.3400000000 0.16455182837259099693 0.00000000000000000000
2.3500000000 0.16405854389741703070 0.00000000000000000000
2.3600000000 0.16357175676820084886 0.00000000000000000000
2.3700000000 0.16309134882705292324 0.00000000000000000000
2.3800000000 0.16261720455080111436 0.00000000000000000000
2.3900000000 0.16214921098300533187 0.00000000000000000000
2.4000000000 0.16168725766794667109 0.00000000000000000000
2.4100000000 0.16123123658651786205 0.00000000000000000000
2.4200000000 0.16078104209395505109 0.00000000000000000000
2.4300000000 0.16033657085935906772 0.00000000000000000000
2.4400000000 0.15989772180694231118 0.00000000000000000000
2.4500000000 0.15946439605895035285 0.00000000000000000000
2.4600000000 0.15903649688020621289 0.00000000000000000000
2.4700000000 0.15861392962422796171 0.00000000000000000000
2.4800000000 0.15819660168086324692 0.00000000000000000000
2.4900000000 0.15778442242540427487 0.00000000000000000000
2.5000000000 0.15737730316912879047 0.00000000000000000000
2.5100000000 0.15697515711122672633 0.00000000000000000000
2.5200000000 0.15657789929207049928 0.00000000000000000000
2.5300000000 0.15618544654778193648 0.00000000000000000000
2.5400000000 0.15579771746606618787 0.00000000000000000000
2.5500000000 0.15541463234326316489 0.00000000000000000000
2.5600000000 0.15503611314258747278 0.00000000000000000000
2.5700000000 0.15466208345351339926 0.00000000000000000000
2.5800000000 0.15429246845227959084 0.00000000000000000000
2.5900000000 0.15392719486346928548 0.00000000000000000000
2.6000000000 0.15356619092264101045 0.00000000000000000000
2.6100000000 0.15320938633997380207 0.00000000000000000000
2.6200000000 0.15285671226490157859 0.00000000000000000000
2.6300000000 0.15250810125169891873 0.00000000000000000000
2.6400000000 0.15216348722600020471 0.00000000000000000000
2.6500000000 0.15182280545221221724 0.00000000000000000000
2.6600000000 0.15148599250180794229 0.00000000000000000000
2.6700000000 0.15115298622246087223 0.00000000000000000000
2.6800000000 0.15082372570800631206 0.00000000000000000000
2.6900000000 0.15049815126919838248 0.00000000000000000000
2.7000000000 0.15017620440524512282 0.00000000000000000000
2.7100000000 0.14985782777608977479 0.00000000000000000000
2.7200000000 0.14954296517543086420 0.00000000000000000000
2.7300000000 0.14923156150444252810 0.00000000000000000000
2.7400000000 0.14892356274618848144 0.00000000000000000000
2.7500000000 0.14861891594070408829 0.00000000000000000000
2.7600000000 0.14831756916072361130 0.00000000000000000000
2.7700000000 0.14801947148804364685 0.00000000000000000000
2.7800000000 0.14772457299049265855 0.00000000000000000000
2.7900000000 0.14743282469950091951 0.00000000000000000000
2.8000000000 0.14714417858824352381 0.00000000000000000000
2.8100000000 0.14685858755034669754 0.00000000000000000000
2.8200000000 0.14657600537914061700 0.00000000000000000000
2.8300000000 0.14629638674743913884 0.00000000000000000000
2.8400000000 0.14601968718783706058 0.00000000000000000000
2.8500000000 0.14574586307350395620 0.00000000000000000000
2.8600000000 0.14547487159947045110 0.00000000000000000000
2.8700000000 0.14520667076437962506 0.00000000000000000000
2.8800000000 0.14494121935270459778 0.00000000000000000000
2.8900000000 0.14467847691740567950 0.00000000000000000000
2.9000000000 0.14441840376303072269 0.00000000000000000000
2.9100000000 0.14416096092922650596 0.00000000000000000000
2.9200000000 0.14390611017467030974 0.00000000000000000000
2.9300000000 0.14365381396139478842 0.00000000000000000000
2.9400000000 0.14340403543950322462 0.00000000000000000000
2.9500000000 0.14315673843225992790 0.00000000000000000000
2.9600000000 0.14291188742155103153 0.00000000000000000000
2.9700000000 0.14266944753369953380 0.00000000000000000000
2.9800000000 0.14242938452562867169 0.00000000000000000000
2.9900000000 0.14219166477136460647 0.00000000000000000000
3.0000000000 0.14195625524886201774 0.00000000000000000000
3.0100000000 0.14172312352715890627 0.00000000000000000000
3.0200000000 0.14149223775383396040 0.00000000000000000000
3.0300000000 0.14126356664277128772 0.00000000000000000000
3.0400000000 0.14103707946221832881 0.00000000000000000000
3.0500000000 0.14081274602313151312 0.00000000000000000000
3.0600000000 0.14059053666779972036 0.00000000000000000000
3.0700000000 0.14037042225874080126 0.00000000000000000000
3.0800000000 0.14015237416786111013 0.00000000000000000000
3.0900000000 0.13993636426587507948 0.00000000000000000000
3.1000000000 0.13972236491197140285 0.00000000000000000000
3.1100000000 0.13951034894372774109 0.00000000000000000000
3.1200000000 0.13930028966726010209 0.00000000000000000000
3.1300000000 0.13909216084760445131 0.00000000000000000000
3.1400000000 0.13888593669932466912 0.00000000000000000000
3.1500000000 0.13868159187733780646 0.00000000000000000000
3.1600000000 0.13847910146795672226 0.00000000000000000000
3.1700000000 0.13827844098013608587 0.00000000000000000000
3.1800000000 0.13807958633692585249 0.00000000000000000000
3.1900000000 0.13788251386712002677 0.00000000000000000000
3.2000000000 0.13768720029709793917 0.00000000000000000000
3.2100000000 0.13749362274285351071 0.00000000000000000000
3.2200000000 0.13730175870220820422 0.00000000000000000000
3.2300000000 0.13711158604720077858 0.00000000000000000000
3.2400000000 0.13692308301665009895 0.00000000000000000000
3.2500000000 0.13673622820888950424 0.00000000000000000000
3.2600000000 0.13655100057466387775 0.00000000000000000000
3.2700000000 0.13636737941018831077 0.00000000000000000000
3.2800000000 0.13618534435036311336 0.00000000000000000000
3.2900000000 0.13600487536214142525 0.00000000000000000000
3.3000000000 0.13582595273804701219 0.00000000000000000000
3.3100000000 0.13564855708983439286 0.00000000000000000000
3.3200000000 0.13547266934229415525 0.00000000000000000000
3.3300000000 0.13529827072719244341 0.00000000000000000000
3.3400000000 0.13512534277734783439 0.00000000000000000000
3.3500000000 0.13495386732083880510 0.00000000000000000000
3.3600000000 0.13478382647533757033 0.00000000000000000000
3.3700000000 0.13461520264257198498 0.00000000000000000000
3.3800000000 0.13444797850290415853 0.00000000000000000000
3.3900000000 0.13428213701003419156 0.00000000000000000000
3.4000000000 0.13411766138581449059 0.00000000000000000000
3.4100000000 0.13395453511517915746 0.00000000000000000000
3.4200000000 0.13379274194118376262 0.00000000000000000000
3.4300000000 0.13363226586015281017 0.00000000000000000000
3.4400000000 0.13347309111693128614 0.00000000000000000000
3.4500000000 0.13331520220023937440 0.00000000000000000000
3.4600000000 0.13315858383812667620 0.00000000000000000000
3.4700000000 0.13300322099352493432 0.00000000000000000000
3.4800000000 0.13284909885989429346 0.00000000000000000000
3.4900000000 0.13269620285696437367 0.00000000000000000000
3.5000000000 0.13254451862656393968 0.00000000000000000000
3.5100000000 0.13239403202854160835 0.00000000000000000000
3.5200000000 0.13224472913677126629 0.00000000000000000000
3.5300000000 0.13209659623524172556 0.00000000000000000000
3.5400000000 0.13194961981422984043 0.00000000000000000000
3.5500000000 0.13180378656655383773 0.00000000000000000000
3.5600000000 0.13165908338390444610 0.00000000000000000000
3.5700000000 0.13151549735325299140 0.00000000000000000000
3.5800000000 0.13137301575333576453 0.00000000000000000000
3.5900000000 0.13123162605120872182 0.00000000000000000000
3.6000000000 0.13109131589887706992 0.00000000000000000000
3.6100000000 0.13095207312999168625 0.00000000000000000000
3.6200000000 0.13081388575661512252 0.00000000000000000000
3.6300000000 0.13067674196605402748 0.00000000000000000000
3.6400000000 0.13054063011775740577 0.00000000000000000000
3.6500000000 0.13040553874027566161 0.00000000000000000000
3.6600000000 0.13027145652828556188 0.00000000000000000000
3.6700000000 0.13013837233967265328 0.00000000000000000000
3.6800000000 0.13000627519267554666 0.00000000000000000000
3.6900000000 0.12987515426308485211 0.00000000000000000000
3.7000000000 0.12974499888150273219 0.00000000000000000000
3.7100000000 0.12961579853065469115 0.00000000000000000000
3.7200000000 0.12948754284275604265 0.00000000000000000000
3.7300000000 0.12936022159693266742 0.00000000000000000000
3.7400000000 0.12923382471669173088 0.00000000000000000000
3.7500000000 0.12910834226744352660 0.00000000000000000000
3.7600000000 0.12898376445407325197 0.00000000000000000000
3.7700000000 0.12886008161855916354 0.00000000000000000000
3.7800000000 0.12873728423764072004 0.00000000000000000000
3.7900000000 0.12861536292052991315 0.00000000000000000000
3.8000000000 0.12849430840667031006 0.00000000000000000000
3.8100000000 0.12837411156353797925 0.00000000000000000000
3.8200000000 0.12825476338448696390 0.00000000000000000000
3.8300000000 0.12813625498663575031 0.00000000000000000000
3.8400000000 0.12801857760879714609 0.00000000000000000000
3.8500000000 0.12790172260944551730 0.00000000000000000000
3.8600000000 0.12778568146472513156 0.00000000000000000000
3.8700000000 0.12767044576649777543 0.00000000000000000000
3.8800000000 0.12755600722042614859 0.00000000000000000000
3.8900000000 0.12744235764409594935 0.00000000000000000000
3.9000000000 0.12732948896517282122 0.00000000000000000000
3.9100000000 0.12721739321959518731 0.00000000000000000000
3.9200000000 0.12710606254980233443 0.00000000000000000000
3.9300000000 0.12699548920299447152 0.00000000000000000000
3.9400000000 0.12688566552942776022 0.00000000000000000000
3.9500000000 0.12677658398074045931 0.00000000000000000000
3.9600000000 0.12666823710831193184 0.00000000000000000000
3.9700000000 0.12656061756165085108 0.00000000000000000000
3.9800000000 0.12645371808681588055 0.00000000000000000000
3.9900000000 0.12634753152486433159 0.00000000000000000000
4.0000000000 0.12624205081033115783 0.00000000000000000000
4.0100000000 0.12613726896973512237 0.00000000000000000000
4.0200000000 0.12603317912011433033 0.00000000000000000000
4.0300000000 0.12592977446758715776 0.00000000000000000000
4.0400000000 0.12582704830594199086 0.00000000000000000000
4.0500000000 0.12572499401525139007 0.00000000000000000000
4.0600000000 0.12562360506051270526 0.00000000000000000000
4.0700000000 0.12552287499031294926 0.00000000000000000000
4.0800000000 0.12542279743551956739 0.00000000000000000000
4.0900000000 0.12532336610799363341 0.00000000000000000000
4.1000000000 0.12522457479932797009 0.00000000000000000000
4.1100000000 0.12512641737960678023 0.00000000000000000000
4.1200000000 0.12502888779619017456 0.00000000000000000000
4.1300000000 0.12493198007251700432 0.00000000000000000000
4.1400000000 0.12483568830693378415 0.00000000000000000000
4.1500000000 0.12474000667154182265 0.00000000000000000000
4.1600000000 0.12464492941106561363 0.00000000000000000000
4.1700000000 0.12455045084174193315 0.00000000000000000000
4.1800000000 0.12445656535022955880 0.00000000000000000000
4.1900000000 0.12436326739253662776 0.00000000000000000000
4.2000000000 0.12427055149296890868 0.00000000000000000000
4.2100000000 0.12417841224309604520 0.00000000000000000000
4.2200000000 0.12408684430073577132 0.00000000000000000000
4.2300000000 0.12399584238895747235 0.00000000000000000000
4.2400000000 0.12390540129510099754 0.00000000000000000000
4.2500000000 0.12381551586981563717 0.00000000000000000000
4.2600000000 0.12372618102611357416 0.00000000000000000000
4.2700000000 0.12363739173844112695 0.00000000000000000000
4.2800000000 0.12354914304176671525 0.00000000000000000000
4.2900000000 0.12346143003068267563 0.00000000000000000000
4.3000000000 0.12337424785852556253 0.00000000000000000000
4.3100000000 0.12328759173650882808 0.00000000000000000000
4.3200000000 0.12320145693287301580 0.00000000000000000000
4.3300000000 0.12311583877204933246 0.00000000000000000000
4.3400000000 0.12303073263383763891 0.00000000000000000000
4.3500000000 0.12294613395259849919 0.00000000000000000000
4.3600000000 0.12286203821646050904 0.00000000000000000000
4.3700000000 0.12277844096653879602 0.00000000000000000000
4.3800000000 0.12269533779616911828 0.00000000000000000000
4.3900000000 0.12261272435015350968 0.00000000000000000000
4.4000000000 0.12253059632401953893 0.00000000000000000000
4.4100000000 0.12244894946329162866 0.00000000000000000000
4.4200000000 0.12236777956277523904 0.00000000000000000000
4.4300000000 0.12228708246585277830 0.00000000000000000000
4.4400000000 0.12220685406379092064 0.00000000000000000000
4.4500000000 0.12212709029506044200 0.00000000000000000000
4.4600000000 0.12204778714466731071 0.00000000000000000000
4.4700000000 0.12196894064349403375 0.00000000000000000000
4.4800000000 0.12189054686765345148 0.00000000000000000000
4.4900000000 0.12181260193785140022 0.00000000000000000000
4.5000000000 0.12173510201876200365 0.00000000000000000000
4.5100000000 0.12165804331841169328 0.00000000000000000000
4.5200000000 0.12158142208757431735 0.00000000000000000000
4.5300000000 0.12150523461917595025 0.00000000000000000000
4.5400000000 0.12142947724770883355 0.00000000000000000000
4.5500000000 0.12135414634865648864 0.00000000000000000000
4.5600000000 0.12127923833792657315 0.00000000000000000000
4.5700000000 0.12120474967129390986 0.00000000000000000000
4.5800000000 0.12113067684385232792 0.00000000000000000000
4.5900000000 0.12105701638947555243 0.00000000000000000000
4.6000000000 0.12098376488028635134 0.00000000000000000000
4.6100000000 0.12091091892613545222 0.00000000000000000000
4.6200000000 0.12083847517408685679 0.00000000000000000000
4.6300000000 0.12076643030791371636 0.00000000000000000000
4.6400000000 0.12069478104760021642 0.00000000000000000000
4.6500000000 0.12062352414885346708 0.00000000000000000000
4.6600000000 0.12055265640262120830 0.00000000000000000000
4.6700000000 0.12048217463461854959 0.00000000000000000000
4.6800000000 0.12041207570486166245 0.00000000000000000000
4.6900000000 0.12034235650720934152 0.00000000000000000000
4.7000000000 0.12027301396891117158 0.00000000000000000000
4.7100000000 0.12020404505016295260 0.00000000000000000000
4.7200000000 0.12013544674366985476 0.00000000000000000000
4.7300000000 0.12006721607421572129 0.00000000000000000000
4.7400000000 0.11999935009823912979 0.00000000000000000000
4.7500000000 0.11993184590341635087 0.00000000000000000000
4.7600000000 0.11986470060825081541 0.00000000000000000000
4.7700000000 0.11979791136166879906 0.00000000000000000000
4.7800000000 0.11973147534262126856 0.00000000000000000000
4.7900000000 0.11966538975969287506 0.00000000000000000000
4.8000000000 0.11959965185071505522 0.00000000000000000000
4.8100000000 0.11953425888238726482 0.00000000000000000000
4.8200000000 0.11946920814990265314 0.00000000000000000000
4.8300000000 0.11940449697657931627 0.00000000000000000000
4.8400000000 0.11934012271349914158 0.00000000000000000000
4.8500000000 0.11927608273914921955 0.00000000000000000000
4.8600000000 0.11921237445907141572 0.00000000000000000000
4.8700000000 0.11914899530551553708 0.00000000000000000000
4.8800000000 0.11908594273709881273 0.00000000000000000000
4.8900000000 0.11902321423846935755 0.00000000000000000000
4.9000000000 0.11896080731997636659 0.00000000000000000000
4.9100000000 0.11889871951734391764 0.00000000000000000000
4.9200000000 0.11883694839134985310 0.00000000000000000000
4.9300000000 0.11877549152751015749 0.00000000000000000000
4.9400000000 0.11871434653576766471 0.00000000000000000000
4.9500000000 0.11865351105018513700 0.00000000000000000000
4.9600000000 0.11859298272864342294 0.00000000000000000000
4.9700000000 0.11853275925254364020 0.00000000000000000000
4.9800000000 0.11847283832651427093 0.00000000000000000000
4.9900000000 0.11841321767812233723 0.00000000000000000000
5.0000000000 0.11835389505758824036 0.00000000000000000000
