0.1000000000 3.24996772440701331419 0.00000000000000000000
0.1100000000 3.13048314467028854224 0.00000000000000000000
0.1200000000 3.01530045654656309040 0.00000000000000000000
0.1300000000 2.90447233321593767386 0.00000000000000000000
0.1400000000 2.79801369450652126503 0.00000000000000000000
0.1500000000 2.69590389195755264495 0.00000000000000000000
0.1600000000 2.59808983557520090102 0.00000000000000000000
0.1700000000 2.50448982575709067078 0.00000000000000000000
0.1800000000 2.41499783530767597739 0.00000000000000000000
0.1900000000 2.32948799193874833691 0.00000000000000000000
0.2000000000 2.24781903671652383281 0.00000000000000000000
0.2100000000 2.16983857247411560110 0.00000000000000000000
0.2200000000 2.09538696175014704792 0.00000000000000000000
0.2300000000 2.02430078047431738497 0.00000000000000000000
0.2400000000 1.95641577683336431726 0.00000000000000000000
0.2500000000 1.89156932151676659970 0.00000000000000000000
0.2600000000 1.82960236436930490100 0.00000000000000000000
0.2700000000 1.77036093311821707275 0.00000000000000000000
0.2800000000 1.71369722292997983537 0.00000000000000000000
0.2900000000 1.65947033224479589819 0.00000000000000000000
0.3000000000 1.60754670201490945658 0.00000000000000000000
0.3100000000 1.55780031351467473932 0.00000000000000000000
0.3200000000 1.51011269553156601830 0.00000000000000000000
0.3300000000 1.46437278601029885472 0.00000000000000000000
0.3400000000 1.42047668689506156880 0.00000000000000000000
0.3500000000 1.37832734456419347957 0.00000000000000000000
0.3600000000 1.33783418225366501630 0.00000000000000000000
0.3700000000 1.29891270544475156967 0.00000000000000000000
0.3800000000 1.26148409645595349637 0.00000000000000000000
0.3900000000 1.22547481045820161327 0.00000000000000000000
0.4000000000 1.19081618179997561491 0.00000000000000000000
0.4100000000 1.15744404682801649287 0.00000000000000000000
0.4200000000 1.12529838724584552168 0.00000000000000000000
0.4300000000 1.09432299638716656887 0.00000000000000000000
0.4400000000 1.06446516951640779425 0.00000000000000000000
0.4500000000 1.03567541833214216140 0.00000000000000000000
0.4600000000 1.00790720917690324043 0.00000000000000000000
0.4700000000 0.98111672399329952210 0.00000000000000000000
0.4800000000 0.95526264276512640183 0.00000000000000000000
0.4900000000 0.93030594600434501906 0.00000000000000000000
0.5000000000 0.90620973575954255619 0.00000000000000000000
0.5100000000 0.88293907360343970581 0.00000000000000000000
0.5200000000 0.86046083408680895666 0.00000000000000000000
0.5300000000 0.83874357220834094839 0.00000000000000000000
0.5400000000 0.81775740353313597364 0.00000000000000000000
0.5500000000 0.79747389568766735568 0.00000000000000000000
0.5600000000 0.77786597005991775511 0.00000000000000000000
0.5700000000 0.75890781263541018387 0.00000000000000000000
0.5800000000 0.74057479299954165342 0.00000000000000000000
0.5900000000 0.72284339063207514453 0.00000000000000000000
0.6000000000 0.70569112770931829992 0.00000000000000000000
0.6100000000 0.68909650771271613312 0.00000000000000000000
0.6200000000 0.67303895921898515553 0.00000000000000000000
0.6300000000 0.65749878431627983844 0.00000000000000000000
0.6400000000 0.64245711115381154421 0.00000000000000000000
0.6500000000 0.62789585018866156396 0.00000000000000000000
0.6600000000 0.61379765374401618061 0.00000000000000000000
0.6700000000 0.60014587853790823946 0.00000000000000000000
0.6800000000 0.58692455088148520748 0.00000000000000000000
0.6900000000 0.57411833428103231647 0.00000000000000000000
0.7000000000 0.56171249920916377363 0.00000000000000000000
0.7100000000 0.54969289483798511320 0.00000000000000000000
0.7200000000 0.53804592255124472633 0.00000000000000000000
0.7300000000 0.52675851107356730374 0.00000000000000000000
0.7400000000 0.51581809307361270456 0.00000000000000000000
0.7500000000 0.50521258311414940501 0.00000000000000000000
0.7600000000 0.49493035683654823531 0.00000000000000000000
0.7700000000 0.48496023127942905484 0.00000000000000000000
0.7800000000 0.47529144624243813144 0.00000000000000000000
0.7900000000 0.46591364661557332916 0.00000000000000000000
0.8000000000 0.45681686560294004762 0.00000000000000000000
0.8100000000 0.44799150877720511632 0.00000000000000000000
0.8200000000 0.43942833890742843961 0.00000000000000000000
0.8300000000 0.43111846150871480088 0.00000000000000000000
0.8400000000 0.42305331106711441258 0.00000000000000000000
0.8500000000 0.41522463789739283424 0.00000000000000000000
0.8600000000 0.40762449559544278177 0.00000000000000000000
0.8700000000 0.40024522905041254317 0.00000000000000000000
0.8800000000 0.39307946298437468347 0.00000000000000000000
0.8900000000 0.38612009099058458572 0.00000000000000000000
0.9000000000 0.37936026504310133012 0.00000000000000000000
0.9100000000 0.37279338545313839282 0.00000000000000000000
0.9200000000 0.36641309124922816221 0.00000000000000000000
0.9300000000 0.36021325095964423779 0.00000000000000000000
0.9400000000 0.35418795377780426525 0.00000000000000000000
0.9500000000 0.34833150109155758267 0.00000000000000000000
0.9600000000 0.34263839835994985838 0.00000000000000000000
0.9700000000 0.33710334732056829177 0.00000000000000000000
0.9800000000 0.33172123851268103811 0.00000000000000000000
0.9900000000 0.32648714410222323679 0.00000000000000000000
1.0000000000 0.32139631099436377637 0.00000000000000000000
1.0100000000 0.31644415422245952829 0.00000000000000000000
1.0200000000 0.31162625059959292440 0.00000000000000000000
1.0300000000 0.30693833262264541561 0.00000000000000000000
1.0400000000 0.30237628261816362762 0.00000000000000000000
1.0500000000 0.29793612711889511102 0.00000000000000000000
1.0600000000 0.29361403146225750760 0.00000000000000000000
1.0700000000 0.28940629460094635661 0.00000000000000000000
1.0800000000 0.28530934411707858933 0.00000000000000000000
1.0900000000 0.28131973143151217664 0.00000000000000000000
1.1000000000 0.27743412720027710305 0.00000000000000000000
1.1100000000 0.27364931689051325003 0.00000000000000000000
1.1200000000 0.26996219652860059535 0.00000000000000000000
1.1300000000 0.26636976861353139912 0.00000000000000000000
1.1400000000 0.26286913818880980331 0.00000000000000000000
1.1500000000 0.25945750906657633061 0.00000000000000000000
1.1600000000 0.25613218019771855083 0.00000000000000000000
1.1700000000 0.25289054218226220128 0.00000000000000000000
1.1800000000 0.24973007391432633373 0.00000000000000000000
1.1900000000 0.24664833935627195061 0.00000000000000000000
1.2000000000 0.24364298443701895569 0.00000000000000000000
1.2100000000 0.24071173406937990125 0.00000000000000000000
1.2200000000 0.23785238928193894181 0.00000000000000000000
1.2300000000 0.23506282446069401426 0.00000000000000000000
1.2400000000 0.23234098469622330163 0.00000000000000000000
1.2500000000 0.22968488323225180747 0.00000000000000000000
1.2600000000 0.22709259901148148852 0.00000000000000000000
1.2700000000 0.22456227431494493740 0.00000000000000000000
1.2800000000 0.22209211249110955011 0.00000000000000000000
1.2900000000 0.21968037577129911897 0.00000000000000000000
1.3000000000 0.21732538316790120381 0.00000000000000000000
1.3100000000 0.21502550845222997977 0.00000000000000000000
1.3200000000 0.21277917820880715150 0.00000000000000000000
1.3300000000 0.21058486996312997253 0.00000000000000000000
1.3400000000 0.20844111038000912028 0.00000000000000000000
1.3500000000 0.20634647352971030587 0.00000000000000000000
1.3600000000 0.20429957921925354092 0.00000000000000000000
1.3700000000 0.20229909138631024801 0.00000000000000000000
1.3800000000 0.20034371655324750838 0.00000000000000000000
1.3900000000 0.19843220233898128946 0.00000000000000000000
1.4000000000 0.19656333602636991142 0.00000000000000000000
1.4100000000 0.19473594318298492745 0.00000000000000000000
1.4200000000 0.19294888633317971993 0.00000000000000000000
1.4300000000 0.19120106367947067860 0.00000000000000000000
1.4400000000 0.18949140787127694008 0.00000000000000000000
1.4500000000 0.18781888481923453282 0.00000000000000000000
1.4600000000 0.18618249255326657643 0.00000000000000000000
1.4700000000 0.18458126012273981531 0.00000000000000000000
1.4800000000 0.18301424653707670798 0.00000000000000000000
1.4900000000 0.18148053974524261389 0.00000000000000000000
1.5000000000 0.17997925565263608871 0.00000000000000000000
1.5100000000 0.17850953717391415676 0.00000000000000000000
1.5200000000 0.17707055332036530926 0.00000000000000000000
1.5300000000 0.17566149832053412627 0.00000000000000000000
1.5400000000 0.17428159077278634892 0.00000000000000000000
1.5500000000 0.17293007282860384244 0.00000000000000000000
1.5600000000 0.17160620940542523072 0.00000000000000000000
1.5700000000 0.17030928742792081354 0.00000000000000000000
1.5800000000 0.16903861509658202333 0.00000000000000000000
1.5900000000 0.16779352118262380600 0.00000000000000000000
1.6000000000 0.16657335434815809250 0.00000000000000000000
1.6100000000 0.16537748249070927109 0.00000000000000000000
1.6200000000 0.16420529211113152335 0.00000000000000000000
1.6300000000 0.16305618770404498030 0.00000000000000000000
1.6400000000 0.16192959116993446700 0.00000000000000000000
1.6500000000 0.16082494124810314817 0.00000000000000000000
1.6600000000 0.15974169296967549725 0.00000000000000000000
1.6700000000 0.15867931712992677795 0.00000000000000000000
1.6800000000 0.15763729977917245728 0.00000000000000000000
1.6900000000 0.15661514173155052787 0.00000000000000000000
1.7000000000 0.15561235809102261229 0.00000000000000000000
1.7100000000 0.15462847779393615322 0.00000000000000000000
1.7200000000 0.15366304316754136883 0.00000000000000000000
1.7300000000 0.15271560950387885747 0.00000000000000000000
1.7400000000 0.15178574464842939373 0.00000000000000000000
1.7500000000 0.15087302860303045127 0.00000000000000000000
1.7600000000 0.14997705314247919417 0.00000000000000000000
1.7700000000 0.14909742144436374800 0.00000000000000000000
1.7800000000 0.14823374773159106454 0.00000000000000000000
1.7900000000 0.14738565692718030853 0.00000000000000000000
1.8000000000 0.14655278432084686835 0.00000000000000000000
1.8100000000 0.14573477524695663265 0.00000000000000000000
1.8200000000 0.14493128477343406035 0.00000000000000000000
1.8300000000 0.14414197740121653668 0.00000000000000000000
1.8400000000 0.14336652677387817789 0.00000000000000000000
1.8500000000 0.14260461539705471257 0.00000000000000000000
1.8600000000 0.14185593436730570271 0.00000000000000000000
1.8700000000 0.14112018311007898386 0.00000000000000000000
1.8800000000 0.14039706912644453474 0.00000000000000000000
1.8900000000 0.13968630774829132735 0.00000000000000000000
1.9000000000 0.13898762190166544239 0.00000000000000000000
1.9100000000 0.13830074187797375407 0.00000000000000000000
1.9200000000 0.13762540511276613597 0.00000000000000000000
1.9300000000 0.13696135597181674504 0.00000000000000000000
1.9400000000 0.13630834554426371485 0.00000000000000000000
1.9500000000 0.13566613144253286682 0.00000000000000000000
1.9600000000 0.13503447760882700268 0.00000000000000000000
1.9700000000 0.13441315412792939621 0.00000000000000000000
1.9800000000 0.13380193704611223482 0.00000000000000000000
1.9900000000 0.13320060819592774437 0.00000000000000000000
2.0000000000 0.13260895502667860435 0.00000000000000000000
2.0100000000 0.13202677044036512100 0.00000000000000000000
2.0200000000 0.13145385263292175271 0.00000000000000000000
2.0300000000 0.13089000494055438861 0.00000000000000000000
2.0400000000 0.13033503569100432506 0.00000000000000000000
2.0500000000 0.12978875805956582856 0.00000000000000000000
2.0600000000 0.12925098992969011324 0.00000000000000000000
2.0700000000 0.12872155375802601940 0.00000000000000000000
2.0800000000 0.12820027644373196973 0.00000000000000000000
2.0900000000 0.12768698920192317336 0.00000000000000000000
2.1000000000 0.12718152744110619579 0.00000000000000000000
2.1100000000 0.12668373064446478149 0.00000000000000000000
2.1200000000 0.12619344225486814337 0.00000000000000000000
2.1300000000 0.12571050956347559757 0.00000000000000000000
2.1400000000 0.12523478360180884117 0.00000000000000000000
2.1500000000 0.12476611903717832464 0.00000000000000000000
2.1600000000 0.12430437407135989936 0.00000000000000000000
2.1700000000 0.12384941034238931834 0.00000000000000000000
2.1800000000 0.12340109282939326629 0.00000000000000000000
2.1900000000 0.12295928976034252444 0.00000000000000000000
2.2000000000 0.12252387252263188810 0.00000000000000000000
2.2100000000 0.12209471557639194061 0.00000000000000000000
2.2200000000 0.12167169637044251973 0.00000000000000000000
2.2300000000 0.12125469526080336069 0.00000000000000000000
2.2400000000 0.12084359543166924011 0.00000000000000000000
2.2500000000 0.12043828281877543007 0.00000000000000000000
2.2600000000 0.12003864603507231890 0.00000000000000000000
2.2700000000 0.11964457629863380073 0.00000000000000000000
2.2800000000 0.11925596736272188469 0.00000000000000000000
2.2900000000 0.11887271544794635048 0.00000000000000000000
2.3000000000 0.11849471917643973617 0.00000000000000000000
2.3100000000 0.11812187950799082903 0.00000000000000000000
2.3200000000 0.11775409967807190514 0.00000000000000000000
2.3300000000 0.11739128513769137019 0.00000000000000000000
2.3400000000 0.11703334349502204914 0.00000000000000000000
2.3500000000 0.11668018445874300815 0.00000000000000000000
2.3600000000 0.11633171978304025773 0.00000000000000000000
2.3700000000 0.11598786321421554468 0.00000000000000000000
2.3800000000 0.11564853043884583406 0.00000000000000000000
2.3900000000 0.11531363903345441535 0.00000000000000000000
2.4000000000 0.11498310841563466611 0.00000000000000000000
2.4100000000 0.11465685979658589433 0.00000000000000000000
2.4200000000 0.11433481613501934870 0.00000000000000000000
2.4300000000 0.11401690209238336815 0.00000000000000000000
2.4400000000 0.11370304398937278179 0.00000000000000000000
2.4500000000 0.11339316976368082890 0.00000000000000000000
2.4600000000 0.11308720892895184063 0.00000000000000000000
2.4700000000 0.11278509253490173747 0.00000000000000000000
2.4800000000 0.11248675312856458441 0.00000000000000000000
2.4900000000 0.11219212471663721209 0.00000000000000000000
2.5000000000 0.11190114272887961844 0.00000000000000000000
2.5100000000 0.11161374398254741980 0.00000000000000000000
2.5200000000 0.11132986664781559238 0.00000000000000000000
2.5300000000 0.11104945021416973150 0.00000000000000000000
2.5400000000 0.11077243545773429734 0.00000000000000000000
2.5500000000 0.11049876440950436030 0.00000000000000000000
2.5600000000 0.11022838032445959888 0.00000000000000000000
2.5700000000 0.10996122765153026890 0.00000000000000000000
2.5800000000 0.10969725200438808221 0.00000000000000000000
2.5900000000 0.10943640013304262171 0.00000000000000000000
2.6000000000 0.10917861989621148455 0.00000000000000000000
2.6100000000 0.10892386023444716736 0.00000000000000000000
2.6200000000 0.10867207114399381196 0.00000000000000000000
2.6300000000 0.10842320365135503513 0.00000000000000000000
2.6400000000 0.10817720978854969416 0.00000000000000000000
2.6500000000 0.10793404256903549321 0.00000000000000000000
2.6600000000 0.10769365596428069620 0.00000000000000000000
2.6700000000 0.10745600488096451741 0.00000000000000000000
2.6800000000 0.10722104513878892573 0.00000000000000000000
2.6900000000 0.10698873344888155945 0.00000000000000000000
2.7000000000 0.10675902739277506881 0.00000000000000000000
2.7100000000 0.10653188540194244438 0.00000000000000000000
2.7200000000 0.10630726673787654901 0.00000000000000000000
2.7300000000 0.10608513147269360566 0.00000000000000000000
2.7400000000 0.10586544047024844251 0.00000000000000000000
2.7500000000 0.10564815536774577187 0.00000000000000000000
2.7600000000 0.10543323855783252874 0.00000000000000000000
2.7700000000 0.10522065317115765481 0.00000000000000000000
2.7800000000 0.10501036305938622750 0.00000000000000000000
2.7900000000 0.10480233277865572128 0.00000000000000000000
2.8000000000 0.10459652757345845597 0.00000000000000000000
2.8100000000 0.10439291336094248808 0.00000000000000000000
2.8200000000 0.10419145671561619304 0.00000000000000000000
2.8300000000 0.10399212485444549181 0.00000000000000000000
2.8400000000 0.10379488562233220306 0.00000000000000000000
2.8500000000 0.10359970747796566626 0.00000000000000000000
2.8600000000 0.10340655948003155129 0.00000000000000000000
2.8700000000 0.10321541127377432956 0.00000000000000000000
2.8800000000 0.10302623307789740559 0.00000000000000000000
2.8900000000 0.10283899567179617673 0.00000000000000000000
2.9000000000 0.10265367038311229431 0.00000000000000000000
2.9100000000 0.10247022907560088267 0.00000000000000000000
2.9200000000 0.10228864413730101579 0.00000000000000000000
2.9300000000 0.10210888846900188776 0.00000000000000000000
2.9400000000 0.10193093547299904300 0.00000000000000000000
2.9500000000 0.10175475904212645528 0.00000000000000000000
2.9600000000 0.10158033354906317869 0.00000000000000000000
2.9700000000 0.10140763383590305213 0.00000000000000000000
2.9800000000 0.10123663520398190618 0.00000000000000000000
2.9900000000 0.10106731340395604113 0.00000000000000000000
3.0000000000 0.10089964462612242835 0.00000000000000000000
3.0100000000 0.10073360549097648553 0.00000000000000000000
3.0200000000 0.10056917303999998725 0.00000000000000000000
3.0300000000 0.10040632472667399000 0.00000000000000000000
3.0400000000 0.10024503840770783436 0.00000000000000000000
3.0500000000 0.10008529233448346107 0.00000000000000000000
3.0600000000 0.09992706514470259260 0.00000000000000000000
3.0700000000 0.09977033585423751572 0.00000000000000000000
3.0800000000 0.09961508384917730496 0.00000000000000000000
3.0900000000 0.09946128887806332530 0.00000000000000000000
3.1000000000 0.09930893104431111340 0.00000000000000000000
3.1100000000 0.09915799079881172651 0.00000000000000000000
3.1200000000 0.09900844893271039393 0.00000000000000000000
3.1300000000 0.09886028657035469958 0.00000000000000000000
3.1400000000 0.09871348516241018611 0.00000000000000000000
3.1500000000 0.09856802647913778803 0.00000000000000000000
3.1600000000 0.09842389260382966576 0.00000000000000000000
3.1700000000 0.09828106592639841710 0.00000000000000000000
3.1800000000 0.09813952913711566917 0.00000000000000000000
3.1900000000 0.09799926522049889899 0.00000000000000000000
3.2000000000 0.09786025744933768422 0.00000000000000000000
3.2100000000 0.09772248937885941178 0.00000000000000000000
3.2200000000 0.09758594484103076672 0.00000000000000000000
3.2300000000 0.09745060793898978335 0.00000000000000000000
3.2400000000 0.09731646304160601613 0.00000000000000000000
3.2500000000 0.09718349477816577708 0.00000000000000000000
3.2600000000 0.09705168803317922033 0.00000000000000000000
3.2700000000 0.09692102794130538768 0.00000000000000000000
3.2800000000 0.09679149988239306446 0.00000000000000000000
3.2900000000 0.09666308947663496132 0.00000000000000000000
3.3000000000 0.09653578257982958766 0.00000000000000000000
3.3100000000 0.09640956527875227389 0.00000000000000000000
3.3200000000 0.09628442388662997176 0.00000000000000000000
3.3300000000 0.09616034493871662703 0.00000000000000000000
3.3400000000 0.09603731518796868039 0.00000000000000000000
3.3500000000 0.09591532160081735203 0.00000000000000000000
3.3600000000 0.09579435135303478177 0.00000000000000000000
3.3700000000 0.09567439182569111022 0.00000000000000000000
3.3800000000 0.09555543060120370857 0.00000000000000000000
3.3900000000 0.09543745545947134035 0.00000000000000000000
3.4000000000 0.09532045437409476796 0.00000000000000000000
3.4100000000 0.09520441550867987657 0.00000000000000000000
3.4200000000 0.09508932721322341242 0.00000000000000000000
3.4300000000 0.09497517802057460490 0.00000000000000000000
3.4400000000 0.09486195664297908392 0.00000000000000000000
3.4500000000 0.09474965196869256090 0.00000000000000000000
3.4600000000 0.09463825305867175353 0.00000000000000000000
3.4700000000 0.09452774914333544887 0.00000000000000000000
3.4800000000 0.09441812961939619053 0.00000000000000000000
3.4900000000 0.09430938404675982822 0.00000000000000000000
3.5000000000 0.09420150214549119494 0.00000000000000000000
3.5100000000 0.09409447379284685553 0.00000000000000000000
3.5200000000 0.09398828902036814037 0.00000000000000000000
3.5300000000 0.09388293801103927971 0.00000000000000000000
3.5400000000 0.09377841109650339457 0.00000000000000000000
3.5500000000 0.09367469875433998006 0.00000000000000000000
3.5600000000 0.09357179160539789986 0.00000000000000000000
3.5700000000 0.09346968041118558501 0.00000000000000000000
3.5800000000 0.09336835607131635517 0.00000000000000000000
3.5900000000 0.09326780962100679473 0.00000000000000000000
3.6000000000 0.09316803222862840572 0.00000000000000000000
3.6100000000 0.09306901519330884609 0.00000000000000000000
3.6200000000 0.09297074994258536229 0.00000000000000000000
3.6300000000 0.09287322803010425454 0.00000000000000000000
3.6400000000 0.09277644113337098208 0.00000000000000000000
3.6500000000 0.09268038105154387252 0.00000000000000000000
3.6600000000 0.09258503970327569554 0.00000000000000000000
3.6700000000 0.09249040912459877140 0.00000000000000000000
3.6800000000 0.09239648146685201791 0.00000000000000000000
3.6900000000 0.09230324899465344735 0.00000000000000000000
3.7000000000 0.09221070408391142392 0.00000000000000000000
3.7100000000 0.09211883921987690238 0.00000000000000000000
3.7200000000 0.09202764699523664771 0.00000000000000000000
3.7300000000 0.09193712010824307834 0.00000000000000000000
3.7400000000 0.09184725136088345288 0.00000000000000000000
3.7500000000 0.09175803365708529169 0.00000000000000000000
3.7600000000 0.09166946000095702041 0.00000000000000000000
3.7700000000 0.09158152349506611112 0.00000000000000000000
3.7800000000 0.09149421733874911478 0.00000000000000000000
3.7900000000 0.09140753482645712358 0.00000000000000000000
3.8000000000 0.09132146934613347145 0.00000000000000000000
3.8100000000 0.09123601437762363098 0.00000000000000000000
3.8200000000 0.09115116349111686278 0.00000000000000000000
3.8300000000 0.09106691034561793796 0.00000000000000000000
3.8400000000 0.09098324868745030769 0.00000000000000000000
3.8500000000 0.09090017234878655650 0.00000000000000000000
3.8600000000 0.09081767524621009446 0.00000000000000000000
3.8700000000 0.09073575137930292578 0.00000000000000000000
3.8800000000 0.09065439482926201942 0.00000000000000000000
3.8900000000 0.09057359975754218639 0.00000000000000000000
3.9000000000 0.09049336040452550523 0.00000000000000000000
3.9100000000 0.09041367108821672660 0.00000000000000000000
3.9200000000 0.09033452620296218705 0.00000000000000000000
3.9300000000 0.09025592021819597854 0.00000000000000000000
3.9400000000 0.09017784767720840589 0.00000000000000000000
3.9500000000 0.09010030319593818893 0.00000000000000000000
3.9600000000 0.09002328146178857626 0.00000000000000000000
3.9700000000 0.08994677723246465029 0.00000000000000000000
3.9800000000 0.08987078533483409959 0.00000000000000000000
3.9900000000 0.08979530066380904396 0.00000000000000000000
4.0000000000 0.08972031818124850955 0.00000000000000000000
4.0100000000 0.08964583291488222028 0.00000000000000000000
4.0200000000 0.08957183995725460923 0.00000000000000000000
4.0300000000 0.08949833446468824505 0.00000000000000000000
4.0400000000 0.08942531165626681211 0.00000000000000000000
4.0500000000 0.08935276681283756128 0.00000000000000000000
4.0600000000 0.08928069527603124667 0.00000000000000000000
4.0700000000 0.08920909244730119980 0.00000000000000000000
4.0800000000 0.08913795378698066707 0.00000000000000000000
4.0900000000 0.08906727481335550978 0.00000000000000000000
4.1000000000 0.08899705110175633316 0.00000000000000000000
4.1100000000 0.08892727828366558951 0.00000000000000000000
4.1200000000 0.08885795204584247264 0.00000000000000000000
4.1300000000 0.08878906812946228688 0.00000000000000000000
4.1400000000 0.08872062232927321879 0.00000000000000000000
4.1500000000 0.08865261049276663974 0.00000000000000000000
4.1600000000 0.08858502851936433942 0.00000000000000000000
4.1700000000 0.08851787235961849909 0.00000000000000000000
4.1800000000 0.08845113801442827661 0.00000000000000000000
4.1900000000 0.08838482153426850674 0.00000000000000000000
4.2000000000 0.08831891901843355597 0.00000000000000000000
4.2100000000 0.08825342661429438906 0.00000000000000000000
4.2200000000 0.08818834051656858353 0.00000000000000000000
4.2300000000 0.08812365696660383330 0.00000000000000000000
4.2400000000 0.08805937225167412286 0.00000000000000000000
4.2500000000 0.08799548270428815544 0.00000000000000000000
4.2600000000 0.08793198470150981327 0.00000000000000000000
4.2700000000 0.08786887466429171845 0.00000000000000000000
4.2800000000 0.08780614905681932703 0.00000000000000000000
4.2900000000 0.08774380438586705522 0.00000000000000000000
4.3000000000 0.08768183720016564653 0.00000000000000000000
4.3100000000 0.08762024408978066892 0.00000000000000000000
4.3200000000 0.08755902168550193376 0.00000000000000000000
4.3300000000 0.08749816665824290685 0.00000000000000000000
4.3400000000 0.08743767571845169340 0.00000000000000000000
4.3500000000 0.08737754561553134902 0.00000000000000000000
4.3600000000 0.08731777313727023815 0.00000000000000000000
4.3700000000 0.08725835510928235672 0.00000000000000000000
4.3800000000 0.08719928839445771629 0.00000000000000000000
4.3900000000 0.08714056989242154050 0.00000000000000000000
4.4000000000 0.08708219653900285684 0.00000000000000000000
4.4100000000 0.08702416530571223385 0.00000000000000000000
4.4200000000 0.08696647319922867769 0.00000000000000000000
4.4300000000 0.08690911726089435574 0.00000000000000000000
4.4400000000 0.08685209456621938162 0.00000000000000000000
4.4500000000 0.08679540222439324770 0.00000000000000000000
4.4600000000 0.08673903737780579160 0.00000000000000000000
4.4700000000 0.08668299720157550403 0.00000000000000000000
4.4800000000 0.08662727890308627443 0.00000000000000000000
4.4900000000 0.08657187972153136679 0.00000000000000000000
4.5000000000 0.08651679692746531980 0.00000000000000000000
4.5100000000 0.08646202782236316053 0.00000000000000000000
4.5200000000 0.08640756973818719544 0.00000000000000000000
4.5300000000 0.08635342003696074020 0.00000000000000000000
4.5400000000 0.08629957611034873299 0.00000000000000000000
4.5500000000 0.08624603537924588337 0.00000000000000000000
4.5600000000 0.08619279529337084411 0.00000000000000000000
4.5700000000 0.08613985333086753016 0.00000000000000000000
4.5800000000 0.08608720699791307107 0.00000000000000000000
4.5900000000 0.08603485382833145345 0.00000000000000000000
4.6000000000 0.08598279138321425485 0.00000000000000000000
4.6100000000 0.08593101725054724804 0.00000000000000000000
4.6200000000 0.08587952904484279226 0.00000000000000000000
4.6300000000 0.08582832440677869157 0.00000000000000000000
4.6400000000 0.08577740100284242386 0.00000000000000000000
4.6500000000 0.08572675652498133736 0.00000000000000000000
4.6600000000 0.08567638869025841208 0.00000000000000000000
4.6700000000 0.08562629524051337815 0.00000000000000000000
4.6800000000 0.08557647394202966273 0.00000000000000000000
4.6900000000 0.08552692258520624979 0.00000000000000000000
4.7000000000 0.08547763898423450801 0.00000000000000000000
4.7100000000 0.08542862097678154132 0.00000000000000000000
4.7200000000 0.08537986642367652312 0.00000000000000000000
4.7300000000 0.08533137320860334496 0.00000000000000000000
4.7400000000 0.08528313923779792805 0.00000000000000000000
4.7500000000 0.08523516243975003126 0.00000000000000000000
4.7600000000 0.08518744076490980532 0.00000000000000000000
4.7700000000 0.08513997218539888501 0.00000000000000000000
4.7800000000 0.08509275469472640796 0.00000000000000000000
4.7900000000 0.08504578630750850299 0.00000000000000000000
4.8000000000 0.08499906505919344046 0.00000000000000000000
4.8100000000 0.08495258900578997463 0.00000000000000000000
4.8200000000 0.08490635622360034884 0.00000000000000000000
4.8300000000 0.08486036480895720047 0.00000000000000000000
4.8400000000 0.08481461287796490667 0.00000000000000000000
4.8500000000 0.08476909856624445516 0.00000000000000000000
4.8600000000 0.08472382002868250606 0.00000000000000000000
4.8700000000 0.08467877543918408967 0.00000000000000000000
4.8800000000 0.08463396299042939830 0.00000000000000000000
4.8900000000 0.08458938089363368662 0.00000000000000000000
4.9000000000 0.08454502737831164072 0.00000000000000000000
4.9100000000 0.08450090069204439780 0.00000000000000000000
4.9200000000 0.08445699910025089574 0.00000000000000000000
4.9300000000 0.08441332088596233130 0.00000000000000000000
4.9400000000 0.08436986434959957426 0.00000000000000000000
4.9500000000 0.08432662780875496700 0.00000000000000000000
4.9600000000 0.08428360959797619179 0.00000000000000000000
4.9700000000 0.08424080806855412107 0.00000000000000000000
4.9800000000 0.08419822158831406778 0.00000000000000000000
4.9900000000 0.08415584854140889526 0.00000000000000000000
5.0000000000 0.08411368732811684568 0.00000000000000000000
