0.1000000000 2.65728921992401945218 0.00000000000000000000
0.1100000000 2.58476844902090530098 0.00000000000000000000
0.1200000000 2.51382332445267975274 0.00000000000000000000
0.1300000000 2.44445938395655026909 0.00000000000000000000
0.1400000000 2.37667922757757166252 0.00000000000000000000
0.1500000000 2.31048260987809150890 0.00000000000000000000
0.1600000000 2.24586654528820606203 0.00000000000000000000
0.1700000000 2.18282542495399356497 0.00000000000000000000
0.1800000000 2.12135114339377972570 0.00000000000000000000
0.1900000000 2.06143323325865335249 0.00000000000000000000
0.2000000000 2.00305900650959722853 0.00000000000000000000
0.2100000000 1.94621370036694751882 0.00000000000000000000
0.2200000000 1.89088062645489141111 0.00000000000000000000
0.2300000000 1.83704132165078148908 0.00000000000000000000
0.2400000000 1.78467569925217461879 0.00000000000000000000
0.2500000000 1.73376219918994411984 0.00000000000000000000
0.2600000000 1.68427793613980503196 0.00000000000000000000
0.2700000000 1.63619884451368791112 0.00000000000000000000
0.2800000000 1.58949981944340024143 0.00000000000000000000
0.2900000000 1.54415485299914068129 0.00000000000000000000
0.3000000000 1.50013716501228877576 0.00000000000000000000
0.3100000000 1.45741932799345641492 0.00000000000000000000
0.3200000000 1.41597338575150910600 0.00000000000000000000
0.3300000000 1.37577096542587606898 0.00000000000000000000
0.3400000000 1.33678338274224151050 0.00000000000000000000
0.3500000000 1.29898174038998392987 0.00000000000000000000
0.3600000000 1.26233701949841847778 0.00000000000000000000
0.3700000000 1.22682016425789131020 0.00000000000000000000
0.3800000000 1.19240215979141295222 0.00000000000000000000
0.3900000000 1.15905410343303993947 0.00000000000000000000
0.4000000000 1.12674726961126103753 0.00000000000000000000
0.4100000000 1.09545316856970509356 0.00000000000000000000
0.4200000000 1.06514359918427858887 0.00000000000000000000
0.4300000000 1.03579069615600416476 0.00000000000000000000
0.4400000000 1.00736697187308354984 0.00000000000000000000
0.4500000000 0.97984535324476662588 0.00000000000000000000
0.4600000000 0.95319921381405592342 0.00000000000000000000
0.4700000000 0.92740240145685992612 0.00000000000000000000
0.4800000000 0.90242926197242889774 0.00000000000000000000
0.4900000000 0.87825465886439890717 0.00000000000000000000
0.5000000000 0.85485398960392466883 0.00000000000000000000
0.5100000000 0.83220319865682113036 0.00000000000000000000
0.5200000000 0.81027878754556448282 0.00000000000000000000
0.5300000000 0.78905782220496512025 0.00000000000000000000
0.5400000000 0.76851793787747368913 0.00000000000000000000
0.5500000000 0.74863734178084184734 0.00000000000000000000
0.5600000000 0.72939481376731163387 0.00000000000000000000
0.5700000000 0.71076970517990933907 0.00000000000000000000
0.5800000000 0.69274193609805734262 0.00000000000000000000
0.5900000000 0.67529199115134608267 0.00000000000000000000
0.6000000000 0.65840091406761291903 0.00000000000000000000
0.6100000000 0.64205030110892624684 0.00000000000000000000
0.6200000000 0.62622229353714298217 0.00000000000000000000
0.6300000000 0.61089956923938759648 0.00000000000000000000
0.6400000000 0.59606533363283087379 0.00000000000000000000
0.6500000000 0.58170330995804353513 0.00000000000000000000
0.6600000000 0.56779772906043080027 0.00000000000000000000
0.6700000000 0.55433331875026536917 0.00000000000000000000
0.6800000000 0.54129529282334254425 0.00000000000000000000
0.6900000000 0.52866933981639219198 0.00000000000000000000
0.7000000000 0.51644161156402679236 0.00000000000000000000
0.7100000000 0.50459871161724823008 0.00000000000000000000
0.7200000000 0.49312768357716518786 0.00000000000000000000
0.7300000000 0.48201599939190276078 0.00000000000000000000
0.7400000000 0.47125154765919030631 0.00000000000000000000
0.7500000000 0.46082262197239837187 0.00000000000000000000
0.7600000000 0.45071790934311734000 0.00000000000000000000
0.7700000000 0.44092647872947549059 0.00000000000000000000
0.7800000000 0.43143776969548069955 0.00000000000000000000
0.7900000000 0.42224158122338056875 0.00000000000000000000
0.8000000000 0.41332806069787769720 0.00000000000000000000
0.8100000000 0.40468769307833152293 0.00000000000000000000
0.8200000000 0.39631129027240302731 0.00000000000000000000
0.8300000000 0.38818998072249344400 0.00000000000000000000
0.8400000000 0.38031519921403067475 0.00000000000000000000
0.8500000000 0.37267867691312628331 0.00000000000000000000
0.8600000000 0.36527243163914197011 0.00000000000000000000
0.8700000000 0.35808875837646286788 0.00000000000000000000
0.8800000000 0.35112022002836201784 0.00000000000000000000
0.8900000000 0.34435963841460237589 0.00000000000000000000
0.9000000000 0.33780008551354345769 0.00000000000000000000
0.9100000000 0.33143487494851170405 0.00000000000000000000
0.9200000000 0.32525755371724235365 0.00000000000000000000
0.9300000000 0.31926189416293293544 0.00000000000000000000
0.9400000000 0.31344188618416179981 0.00000000000000000000
0.9500000000 0.30779172968119267173 0.00000000000000000000
0.9600000000 0.30230582723489368702 0.00000000000000000000
0.9700000000 0.29697877701484703961 0.00000000000000000000
0.9800000000 0.29180536591250960665 0.00000000000000000000
0.9900000000 0.28678056289488162989 0.00000000000000000000
1.0000000000 0.28189951257328688117 0.00000000000000000000
1.0100000000 0.27715752898710777075 0.00000000000000000000
1.0200000000 0.27255008958963594656 0.00000000000000000000
1.0300000000 0.26807282943514326723 0.00000000000000000000
1.0400000000 0.26372153556690919318 0.00000000000000000000
1.0500000000 0.25949214159227868004 0.00000000000000000000
1.0600000000 0.25538072244495629848 0.00000000000000000000
1.0700000000 0.25138348932817800030 0.00000000000000000000
1.0800000000 0.24749678483324094591 0.00000000000000000000
1.0900000000 0.24371707822875318672 0.00000000000000000000
1.1000000000 0.24004096091513649203 0.00000000000000000000
1.1100000000 0.23646514203954771549 0.00000000000000000000
1.1200000000 0.23298644426617642900 0.00000000000000000000
1.1300000000 0.22960179969709315628 0.00000000000000000000
1.1400000000 0.22630824593870166317 0.00000000000000000000
1.1500000000 0.22310292230928985280 0.00000000000000000000
1.1600000000 0.21998306618283902658 0.00000000000000000000
1.1700000000 0.21694600946474743020 0.00000000000000000000
1.1800000000 0.21398917519493937389 0.00000000000000000000
1.1900000000 0.21111007427410691251 0.00000000000000000000
1.2000000000 0.20830630230887159371 0.00000000000000000000
1.2100000000 0.20557553657174440498 0.00000000000000000000
1.2200000000 0.20291553307195145384 0.00000000000000000000
1.2300000000 0.20032412373321770160 0.00000000000000000000
1.2400000000 0.19779921367476857585 0.00000000000000000000
1.2500000000 0.19533877859188533699 0.00000000000000000000
1.2600000000 0.19294086223248735346 0.00000000000000000000
1.2700000000 0.19060357396630114857 0.00000000000000000000
1.2800000000 0.18832508644328188607 0.00000000000000000000
1.2900000000 0.18610363333809751274 0.00000000000000000000
1.3000000000 0.18393750717751713997 0.00000000000000000000
1.3100000000 0.18182505724771572120 0.00000000000000000000
1.3200000000 0.17976468757858038439 0.00000000000000000000
1.3300000000 0.17775485500217497181 0.00000000000000000000
1.3400000000 0.17579406728267274462 0.00000000000000000000
1.3500000000 0.17388088131509782386 0.00000000000000000000
1.3600000000 0.17201390139034755666 0.00000000000000000000
1.3700000000 0.17019177752405270643 0.00000000000000000000
1.3800000000 0.16841320384688399092 0.00000000000000000000
1.3900000000 0.16667691705405668356 0.00000000000000000000
1.4000000000 0.16498169491179590085 0.00000000000000000000
1.4100000000 0.16332635481867055494 0.00000000000000000000
1.4200000000 0.16170975241972240788 0.00000000000000000000
1.4300000000 0.16013078027144656001 0.00000000000000000000
1.4400000000 0.15858836655568556151 0.00000000000000000000
1.4500000000 0.15708147384065465624 0.00000000000000000000
1.4600000000 0.15560909788727222969 0.00000000000000000000
1.4700000000 0.15417026649915899217 0.00000000000000000000
1.4800000000 0.15276403841461924649 0.00000000000000000000
1.4900000000 0.15138950223906064152 0.00000000000000000000
1.5000000000 0.15004577541631117232 0.00000000000000000000
1.5100000000 0.14873200323739665940 0.00000000000000000000
1.5200000000 0.14744735788535193177 0.00000000000000000000
1.5300000000 0.14619103751472195540 0.00000000000000000000
1.5400000000 0.14496226536444609123 0.00000000000000000000
1.5500000000 0.14376028890288303219 0.00000000000000000000
1.5600000000 0.14258437900375164897 0.00000000000000000000
1.5700000000 0.14143382915184810056 0.00000000000000000000
1.5800000000 0.14030795467739767823 0.00000000000000000000
1.5900000000 0.13920609201800185351 0.00000000000000000000
1.6000000000 0.13812759800710200375 0.00000000000000000000
1.6100000000 0.13707184918801576523 0.00000000000000000000
1.6200000000 0.13603824115254048444 0.00000000000000000000
1.6300000000 0.13502618790324860676 0.00000000000000000000
1.6400000000 0.13403512123855310101 0.00000000000000000000
1.6500000000 0.13306449015971930083 0.00000000000000000000
1.6600000000 0.13211376029898516671 0.00000000000000000000
1.6700000000 0.13118241336801844676 0.00000000000000000000
1.6800000000 0.13026994662593846530 0.00000000000000000000
1.6900000000 0.12937587236618330877 0.00000000000000000000
1.7000000000 0.12849971742153129539 0.00000000000000000000
1.7100000000 0.12764102268657109840 0.00000000000000000000
1.7200000000 0.12679934265701287011 0.00000000000000000000
1.7300000000 0.12597424498518836056 0.00000000000000000000
1.7400000000 0.12516531005114930886 0.00000000000000000000
1.7500000000 0.12437213054879554808 0.00000000000000000000
1.7600000000 0.12359431108646370956 0.00000000000000000000
1.7700000000 0.12283146780145254295 0.00000000000000000000
1.7800000000 0.12208322798797613395 0.00000000000000000000
1.7900000000 0.12134922973803630164 0.00000000000000000000
1.8000000000 0.12062912159475647211 0.00000000000000000000
1.8100000000 0.11992256221770990210 0.00000000000000000000
1.8200000000 0.11922922005980458870 0.00000000000000000000
1.8300000000 0.11854877305531064113 0.00000000000000000000
1.8400000000 0.11788090831860859042 0.00000000000000000000
1.8500000000 0.11722532185328300713 0.00000000000000000000
1.8600000000 0.11658171827117705388 0.00000000000000000000
1.8700000000 0.11594981052104685881 0.00000000000000000000
1.8800000000 0.11532931962647131885 0.00000000000000000000
1.8900000000 0.11471997443267482886 0.00000000000000000000
1.9000000000 0.11412151136195482215 0.00000000000000000000
1.9100000000 0.11353367417738170764 0.00000000000000000000
1.9200000000 0.11295621375449919899 0.00000000000000000000
1.9300000000 0.11238888786071656034 0.00000000000000000000
1.9400000000 0.11183146094212910449 0.00000000000000000000
1.9500000000 0.11128370391749095591 0.00000000000000000000
1.9600000000 0.11074539397909802241 0.00000000000000000000
1.9700000000 0.11021631440031764981 0.00000000000000000000
1.9800000000 0.10969625434954417831 0.00000000000000000000
1.9900000000 0.10918500871033780253 0.00000000000000000000
2.0000000000 0.10868237790754174676 0.00000000000000000000
2.0100000000 0.10818816773915217178 0.00000000000000000000
2.0200000000 0.10770218921374367926 0.00000000000000000000
2.0300000000 0.10722425839325788743 0.00000000000000000000
2.0400000000 0.10675419624096166293 0.00000000000000000000
2.0500000000 0.10629182847439029580 0.00000000000000000000
2.0600000000 0.10583698542310625290 0.00000000000000000000
2.0700000000 0.10538950189110637967 0.00000000000000000000
2.0800000000 0.10494921702370735295 0.00000000000000000000
2.0900000000 0.10451597417875854723 0.00000000000000000000
2.1000000000 0.10408962080203142120 0.00000000000000000000
2.1100000000 0.10367000830664069300 0.00000000000000000000
2.1200000000 0.10325699195635411332 0.00000000000000000000
2.1300000000 0.10285043075265891399 0.00000000000000000000
2.1400000000 0.10245018732545618789 0.00000000000000000000
2.1500000000 0.10205612782725731469 0.00000000000000000000
2.1600000000 0.10166812183075799036 0.00000000000000000000
2.1700000000 0.10128604222968190518 0.00000000000000000000
2.1800000000 0.10090976514277526233 0.00000000000000000000
2.1900000000 0.10053916982084672160 0.00000000000000000000
2.2000000000 0.10017413855675114109 0.00000000000000000000
2.2100000000 0.09981455659821293624 0.00000000000000000000
2.2200000000 0.09946031206339527031 0.00000000000000000000
2.2300000000 0.09911129585912063777 0.00000000000000000000
2.2400000000 0.09876740160165640992 0.00000000000000000000
2.2500000000 0.09842852553997333276 0.00000000000000000000
2.2600000000 0.09809456648139833201 0.00000000000000000000
2.2700000000 0.09776542571957888561 0.00000000000000000000
2.2800000000 0.09744100696468228906 0.00000000000000000000
2.2900000000 0.09712121627575505400 0.00000000000000000000
2.3000000000 0.09680596199517005340 0.00000000000000000000
2.3100000000 0.09649515468509360649 0.00000000000000000000
2.3200000000 0.09618870706589838226 0.00000000000000000000
2.3300000000 0.09588653395647109279 0.00000000000000000000
2.3400000000 0.09558855221633735799 0.00000000000000000000
2.3500000000 0.09529468068955404547 0.00000000000000000000
2.3600000000 0.09500484015030569163 0.00000000000000000000
2.3700000000 0.09471895325015192157 0.00000000000000000000
2.3800000000 0.09443694446687074529 0.00000000000000000000
2.3900000000 0.09415874005484281550 0.00000000000000000000
2.4000000000 0.09388426799693218305 0.00000000000000000000
2.4100000000 0.09361345795780931511 0.00000000000000000000
2.4200000000 0.09334624123867023282 0.00000000000000000000
2.4300000000 0.09308255073331232754 0.00000000000000000000
2.4400000000 0.09282232088551299609 0.00000000000000000000
2.4500000000 0.09256548764767960624 0.00000000000000000000
2.4600000000 0.09231198844072073528 0.00000000000000000000
2.4700000000 0.09206176211510468110 0.00000000000000000000
2.4800000000 0.09181474891306717900 0.00000000000000000000
2.4900000000 0.09157089043192896682 0.00000000000000000000
2.5000000000 0.09133012958849001661 0.00000000000000000000
2.5100000000 0.09109241058446349015 0.00000000000000000000
2.5200000000 0.09085767887292023337 0.00000000000000000000
2.5300000000 0.09062588112570754695 0.00000000000000000000
2.5400000000 0.09039696520181701722 0.00000000000000000000
2.5500000000 0.09017088011666164749 0.00000000000000000000
2.5600000000 0.08994757601224828703 0.00000000000000000000
2.5700000000 0.08972700412820190652 0.00000000000000000000
2.5800000000 0.08950911677362466401 0.00000000000000000000
2.5900000000 0.08929386729976250547 0.00000000000000000000
2.6000000000 0.08908121007344951825 0.00000000000000000000
2.6100000000 0.08887110045131099700 0.00000000000000000000
2.6200000000 0.08866349475470090835 0.00000000000000000000
2.6300000000 0.08845835024534408342 0.00000000000000000000
2.6400000000 0.08825562510167463126 0.00000000000000000000
2.6500000000 0.08805527839583567051 0.00000000000000000000
2.6600000000 0.08785727007132777822 0.00000000000000000000
2.6700000000 0.08766156092128450650 0.00000000000000000000
2.6800000000 0.08746811256735514961 0.00000000000000000000
2.6900000000 0.08727688743917647041 0.00000000000000000000
2.7000000000 0.08708784875441610840 0.00000000000000000000
2.7100000000 0.08690096049936807399 0.00000000000000000000
2.7200000000 0.08671618741008833842 0.00000000000000000000
2.7300000000 0.08653349495404696889 0.00000000000000000000
2.7400000000 0.08635284931228923155 0.00000000000000000000
2.7500000000 0.08617421736208351335 0.00000000000000000000
2.7600000000 0.08599756666004572392 0.00000000000000000000
2.7700000000 0.08582286542572384325 0.00000000000000000000
2.7800000000 0.08565008252563084679 0.00000000000000000000
2.7900000000 0.08547918745770791138 0.00000000000000000000
2.8000000000 0.08531015033621348886 0.00000000000000000000
2.8100000000 0.08514294187701536287 0.00000000000000000000
2.8200000000 0.08497753338328270512 0.00000000000000000000
2.8300000000 0.08481389673156078390 0.00000000000000000000
2.8400000000 0.08465200435821851332 0.00000000000000000000
2.8500000000 0.08449182924625947555 0.00000000000000000000
2.8600000000 0.08433334491248355158 0.00000000000000000000
2.8700000000 0.08417652539498965414 0.00000000000000000000
2.8800000000 0.08402134524101026458 0.00000000000000000000
2.8900000000 0.08386777949506608876 0.00000000000000000000
2.9000000000 0.08371580368743576639 0.00000000000000000000
2.9100000000 0.08356539382292597906 0.00000000000000000000
2.9200000000 0.08341652636993673875 0.00000000000000000000
2.9300000000 0.08326917824981344696 0.00000000000000000000
2.9400000000 0.08312332682647628757 0.00000000000000000000
2.9500000000 0.08297894989631748874 0.00000000000000000000
2.9600000000 0.08283602567836392816 0.00000000000000000000
2.9700000000 0.08269453280469096779 0.00000000000000000000
2.9800000000 0.08255445031108513132 0.00000000000000000000
2.9900000000 0.08241575762794771387 0.00000000000000000000
3.0000000000 0.08227843457142881844 0.00000000000000000000
3.0100000000 0.08214246133479161105 0.00000000000000000000
3.0200000000 0.08200781847999424889 0.00000000000000000000
3.0300000000 0.08187448692948787188 0.00000000000000000000
3.0400000000 0.08174244795822091514 0.00000000000000000000
3.0500000000 0.08161168318584748060 0.00000000000000000000
3.0600000000 0.08148217456913059431 0.00000000000000000000
3.0700000000 0.08135390439453761557 0.00000000000000000000
3.0800000000 0.08122685527102169178 0.00000000000000000000
3.0900000000 0.08110101012298294443 0.00000000000000000000
3.1000000000 0.08097635218340545893 0.00000000000000000000
3.1100000000 0.08085286498716631742 0.00000000000000000000
3.1200000000 0.08073053236450813963 0.00000000000000000000
3.1300000000 0.08060933843467590898 0.00000000000000000000
3.1400000000 0.08048926759970925771 0.00000000000000000000
3.1500000000 0.08037030453838742150 0.00000000000000000000
3.1600000000 0.08025243420032399100 0.00000000000000000000
3.1700000000 0.08013564180020467387 0.00000000000000000000
3.1800000000 0.08001991281216676299 0.00000000000000000000
3.1900000000 0.07990523296431471800 0.00000000000000000000
3.2000000000 0.07979158823337019479 0.00000000000000000000
3.2100000000 0.07967896483944923725 0.00000000000000000000
3.2200000000 0.07956734924096714456 0.00000000000000000000
3.2300000000 0.07945672812966671217 0.00000000000000000000
3.2400000000 0.07934708842576315702 0.00000000000000000000
3.2500000000 0.07923841727320797557 0.00000000000000000000
3.2600000000 0.07913070203506404610 0.00000000000000000000
3.2700000000 0.07902393028899204475 0.00000000000000000000
3.2800000000 0.07891808982284238827 0.00000000000000000000
3.2900000000 0.07881316863035360554 0.00000000000000000000
3.3000000000 0.07870915490695046257 0.00000000000000000000
3.3100000000 0.07860603704564150807 0.00000000000000000000
3.3200000000 0.07850380363301390219 0.00000000000000000000
3.3300000000 0.07840244344532004694 0.00000000000000000000
3.3400000000 0.07830194544465730877 0.00000000000000000000
3.3500000000 0.07820229877523543482 0.00000000000000000000
3.3600000000 0.07810349275973206551 0.00000000000000000000
3.3700000000 0.07800551689573022307 0.00000000000000000000
3.3800000000 0.07790836085224087104 0.00000000000000000000
3.3900000000 0.07781201446630306440 0.00000000000000000000
3.4000000000 0.07771646773966323085 0.00000000000000000000
3.4100000000 0.07762171083553115469 0.00000000000000000000
3.4200000000 0.07752773407540820838 0.00000000000000000000
3.4300000000 0.07743452793598905315 0.00000000000000000000
3.4400000000 0.07734208304613367224 0.00000000000000000000
3.4500000000 0.07725039018390658652 0.00000000000000000000
3.4600000000 0.07715944027368540348 0.00000000000000000000
3.4700000000 0.07706922438333135839 0.00000000000000000000
3.4800000000 0.07697973372142570547 0.00000000000000000000
3.4900000000 0.07689095963456704652 0.00000000000000000000
3.5000000000 0.07680289360472888904 0.00000000000000000000
3.5100000000 0.07671552724667596301 0.00000000000000000000
3.5200000000 0.07662885230543790838 0.00000000000000000000
3.5300000000 0.07654286065384030557 0.00000000000000000000
3.5400000000 0.07645754429008683184 0.00000000000000000000
3.5500000000 0.07637289533539816377 0.00000000000000000000
3.5600000000 0.07628890603170035423 0.00000000000000000000
3.5700000000 0.07620556873936489006 0.00000000000000000000
3.5800000000 0.07612287593499796057 0.00000000000000000000
3.5900000000 0.07604082020927695196 0.00000000000000000000
3.6000000000 0.07595939426483515333 0.00000000000000000000
3.6100000000 0.07587859091419095481 0.00000000000000000000
3.6200000000 0.07579840307772325869 0.00000000000000000000
3.6300000000 0.07571882378168823258 0.00000000000000000000
3.6400000000 0.07563984615628137342 0.00000000000000000000
3.6500000000 0.07556146343373809637 0.00000000000000000000
3.6600000000 0.07548366894647765002 0.00000000000000000000
3.6700000000 0.07540645612528386332 0.00000000000000000000
3.6800000000 0.07532981849752674874 0.00000000000000000000
3.6900000000 0.07525374968542017373 0.00000000000000000000
3.7000000000 0.07517824340431727981 0.00000000000000000000
3.7100000000 0.07510329346104065162 0.00000000000000000000
3.7200000000 0.07502889375224854052 0.00000000000000000000
3.7300000000 0.07495503826283553273 0.00000000000000000000
3.7400000000 0.07488172106436444264 0.00000000000000000000
3.7500000000 0.07480893631353367768 0.00000000000000000000
3.7600000000 0.07473667825067424608 0.00000000000000000000
3.7700000000 0.07466494119827861431 0.00000000000000000000
3.7800000000 0.07459371955956033140 0.00000000000000000000
3.7900000000 0.07452300781704258859 0.00000000000000000000
3.8000000000 0.07445280053117560304 0.00000000000000000000
3.8100000000 0.07438309233898345030 0.00000000000000000000
3.8200000000 0.07431387795273663999 0.00000000000000000000
3.8300000000 0.07424515215865404305 0.00000000000000000000
3.8400000000 0.07417690981562811980 0.00000000000000000000
3.8500000000 0.07410914585397949950 0.00000000000000000000
3.8600000000 0.07404185527423334801 0.00000000000000000000
3.8700000000 0.07397503314592240864 0.00000000000000000000
3.8800000000 0.07390867460641339926 0.00000000000000000000
3.8900000000 0.07384277485975686284 0.00000000000000000000
3.9000000000 0.07377732917556006909 0.00000000000000000000
3.9100000000 0.07371233288788194005 0.00000000000000000000
3.9200000000 0.07364778139415074920 0.00000000000000000000
3.9300000000 0.07358367015410224865 0.00000000000000000000
3.9400000000 0.07351999468873923749 0.00000000000000000000
3.9500000000 0.07345675057931178031 0.00000000000000000000
3.9600000000 0.07339393346631710446 0.00000000000000000000
3.9700000000 0.07333153904851852367 0.00000000000000000000
3.9800000000 0.07326956308198516454 0.00000000000000000000
3.9900000000 0.07320800137914820760 0.00000000000000000000
4.0000000000 0.07314684980787751478 0.00000000000000000000
4.0100000000 0.07308610429057413316 0.00000000000000000000
4.0200000000 0.07302576080328214425 0.00000000000000000000
4.0300000000 0.07296581537481625079 0.00000000000000000000
4.0400000000 0.07290626408590658580 0.00000000000000000000
4.0500000000 0.07284710306836031379 0.00000000000000000000
4.0600000000 0.07278832850423830325 0.00000000000000000000
4.0700000000 0.07272993662504800838 0.00000000000000000000
4.0800000000 0.07267192371095203274 0.00000000000000000000
4.0900000000 0.07261428608999073719 0.00000000000000000000
4.1000000000 0.07255702013732011346 0.00000000000000000000
4.1100000000 0.07250012227446432644 0.00000000000000000000
4.1200000000 0.07244358896858099639 0.00000000000000000000
4.1300000000 0.07238741673174203806 0.00000000000000000000
4.1400000000 0.07233160212022639313 0.00000000000000000000
4.1500000000 0.07227614173382644613 0.00000000000000000000
4.1600000000 0.07222103221516797122 0.00000000000000000000
4.1700000000 0.07216627024904109788 0.00000000000000000000
4.1800000000 0.07211185256174543201 0.00000000000000000000
4.1900000000 0.07205777592044593227 0.00000000000000000000
4.2000000000 0.07200403713254134586 0.00000000000000000000
4.2100000000 0.07195063304504351054 0.00000000000000000000
4.2200000000 0.07189756054396885532 0.00000000000000000000
4.2300000000 0.07184481655374012898 0.00000000000000000000
4.2400000000 0.07179239803659988317 0.00000000000000000000
4.2500000000 0.07174030199203326741 0.00000000000000000000
4.2600000000 0.07168852545620328642 0.00000000000000000000
4.2700000000 0.07163706550139357920 0.00000000000000000000
4.2800000000 0.07158591923546371583 0.00000000000000000000
4.2900000000 0.07153508380131300137 0.00000000000000000000
4.3000000000 0.07148455637635330040 0.00000000000000000000
4.3100000000 0.07143433417199296365 0.00000000000000000000
4.3200000000 0.07138441443312827650 0.00000000000000000000
4.3300000000 0.07133479443764496886 0.00000000000000000000
4.3400000000 0.07128547149592792675 0.00000000000000000000
4.3500000000 0.07123644295037993845 0.00000000000000000000
4.3600000000 0.07118770617494868391 0.00000000000000000000
4.3700000000 0.07113925857466182889 0.00000000000000000000
4.3800000000 0.07109109758517104249 0.00000000000000000000
4.3900000000 0.07104322067230296744 0.00000000000000000000
4.4000000000 0.07099562533161855871 0.00000000000000000000
4.4100000000 0.07094830908798038793 0.00000000000000000000
4.4200000000 0.07090126949512617904 0.00000000000000000000
4.4300000000 0.07085450413525114233 0.00000000000000000000
4.4400000000 0.07080801061859685885 0.00000000000000000000
4.4500000000 0.07076178658304718705 0.00000000000000000000
4.4600000000 0.07071582969373091387 0.00000000000000000000
4.4700000000 0.07067013764263192777 0.00000000000000000000
4.4800000000 0.07062470814820503984 0.00000000000000000000
4.4900000000 0.07057953895499922969 0.00000000000000000000
4.5000000000 0.07053462783328649788 0.00000000000000000000
4.5100000000 0.07048997257869764332 0.00000000000000000000
4.5200000000 0.07044557101186403603 0.00000000000000000000
4.5300000000 0.07040142097806476040 0.00000000000000000000
4.5400000000 0.07035752034688066980 0.00000000000000000000
4.5500000000 0.07031386701185353416 0.00000000000000000000
4.5600000000 0.07027045889015112734 0.00000000000000000000
4.5700000000 0.07022729392223794886 0.00000000000000000000
4.5800000000 0.07018437007155116369 0.00000000000000000000
4.5900000000 0.07014168532418216251 0.00000000000000000000
4.6000000000 0.07009923768856290982 0.00000000000000000000
4.6100000000 0.07005702519515852322 0.00000000000000000000
4.6200000000 0.07001504589616353025 0.00000000000000000000
4.6300000000 0.06997329786520412043 0.00000000000000000000
4.6400000000 0.06993177919704461620 0.00000000000000000000
4.6500000000 0.06989048800729952271 0.00000000000000000000
4.6600000000 0.06984942243214903312 0.00000000000000000000
4.6700000000 0.06980858062806036268 0.00000000000000000000
4.6800000000 0.06976796077151316278 0.00000000000000000000
4.6900000000 0.06972756105872882082 0.00000000000000000000
4.7000000000 0.06968737970540515858 0.00000000000000000000
4.7100000000 0.06964741494645412812 0.00000000000000000000
4.7200000000 0.06960766503574521147 0.00000000000000000000
4.7300000000 0.06956812824585134614 0.00000000000000000000
4.7400000000 0.06952880286780023511 0.00000000000000000000
4.7500000000 0.06948968721082854350 0.00000000000000000000
4.7600000000 0.06945077960214092461 0.00000000000000000000
4.7700000000 0.06941207838667193264 0.00000000000000000000
4.7800000000 0.06937358192685273706 0.00000000000000000000
4.7900000000 0.06933528860238023783 0.00000000000000000000
4.8000000000 0.06929719680999117670 0.00000000000000000000
4.8100000000 0.06925930496323864927 0.00000000000000000000
4.8200000000 0.06922161149227258614 0.00000000000000000000
4.8300000000 0.06918411484362395336 0.00000000000000000000
4.8400000000 0.06914681347999163119 0.00000000000000000000
4.8500000000 0.06910970588003301218 0.00000000000000000000
4.8600000000 0.06907279053815809644 0.00000000000000000000
4.8700000000 0.06903606596432595999 0.00000000000000000000
4.8800000000 0.06899953068384491461 0.00000000000000000000
4.8900000000 0.06896318323717591514 0.00000000000000000000
4.9000000000 0.06892702217973863121 0.00000000000000000000
4.9100000000 0.06889104608172035016 0.00000000000000000000
4.9200000000 0.06885525352788809950 0.00000000000000000000
4.9300000000 0.06881964311740353113 0.00000000000000000000
4.9400000000 0.06878421346364062272 0.00000000000000000000
4.9500000000 0.06874896319400625178 0.00000000000000000000
4.9600000000 0.06871389094976290690 0.00000000000000000000
4.9700000000 0.06867899538585495178 0.00000000000000000000
4.9800000000 0.06864427517073669327 0.00000000000000000000
4.9900000000 0.06860972898620389115 0.00000000000000000000
5.0000000000 0.06857535552722650307 0.00000000000000000000
