0.1000000000 3.68702682690076599670 0.00000000000000000000
0.1100000000 3.58649830491532295440 0.00000000000000000000
0.1200000000 3.48794363837197352041 0.00000000000000000000
0.1300000000 3.39140308606877738384 0.00000000000000000000
0.1400000000 3.29691028634631155825 0.00000000000000000000
0.1500000000 3.20449233850521952860 0.00000000000000000000
0.1600000000 3.11416994850198491918 0.00000000000000000000
0.1700000000 3.02595763165648579118 0.00000000000000000000
0.1800000000 2.93986396436847785552 0.00000000000000000000
0.1900000000 2.85589187644973074853 0.00000000000000000000
0.2000000000 2.77403897561007228845 0.00000000000000000000
0.2100000000 2.69429789585023593546 0.00000000000000000000
0.2200000000 2.61665666196404345101 0.00000000000000000000
0.2300000000 2.54109906298360055388 0.00000000000000000000
0.2400000000 2.46760502815989379854 0.00000000000000000000
0.2500000000 2.39615099990598112711 0.00000000000000000000
0.2600000000 2.32671029899507075811 0.00000000000000000000
0.2700000000 2.25925347816236854470 0.00000000000000000000
0.2800000000 2.19374866107683663685 0.00000000000000000000
0.2900000000 2.13016186440441757100 0.00000000000000000000
0.3000000000 2.06845730136264460697 0.00000000000000000000
0.3100000000 2.00859766575975129399 0.00000000000000000000
0.3200000000 1.95054439601671458782 0.00000000000000000000
0.3300000000 1.89425791908992113832 0.00000000000000000000
0.3400000000 1.83969787455038868984 0.00000000000000000000
0.3500000000 1.78682331933996652040 0.00000000000000000000
0.3600000000 1.73559291392418035826 0.00000000000000000000
0.3700000000 1.68596509070423739018 0.00000000000000000000
0.3800000000 1.63789820564635757449 0.00000000000000000000
0.3900000000 1.59135067414317221690 0.00000000000000000000
0.4000000000 1.54628109214737152755 0.00000000000000000000
0.4100000000 1.50264834361879184854 0.00000000000000000000
0.4200000000 1.46041169530865189152 0.00000000000000000000
0.4300000000 1.41953087987340920151 0.00000000000000000000
0.4400000000 1.37996616827005436079 0.00000000000000000000
0.4500000000 1.34167843233768002698 0.00000000000000000000
0.4600000000 1.30462919841925018005 0.00000000000000000000
0.4700000000 1.26878069282507799365 0.00000000000000000000
0.4800000000 1.23409587988658331348 0.00000000000000000000
0.4900000000 1.20053849329684125813 0.00000000000000000000
0.5000000000 1.16807306138383948380 0.00000000000000000000
0.5100000000 1.13666492691394704906 0.00000000000000000000
0.5200000000 1.10628026197681594844 0.00000000000000000000
0.5300000000 1.07688607845941075603 0.00000000000000000000
0.5400000000 1.04845023457585040383 0.00000000000000000000
0.5500000000 1.02094143788131597184 0.00000000000000000000
0.5600000000 0.99432924516245257962 0.00000000000000000000
0.5700000000 0.96858405956334270304 0.00000000000000000000
0.5800000000 0.94367712527508684772 0.00000000000000000000
0.5900000000 0.91958052008828228274 0.00000000000000000000
0.6000000000 0.89626714608102120430 0.00000000000000000000
0.6100000000 0.87371071869040106694 0.00000000000000000000
0.6200000000 0.85188575439273317436 0.00000000000000000000
0.6300000000 0.83076755719659611810 0.00000000000000000000
0.6400000000 0.81033220413352013978 0.00000000000000000000
0.6500000000 0.79055652991315805700 0.00000000000000000000
0.6600000000 0.77141811089346590258 0.00000000000000000000
0.6700000000 0.75289524850112521381 0.00000000000000000000
0.6800000000 0.73496695222381991375 0.00000000000000000000
0.6900000000 0.71761292228296869045 0.00000000000000000000
0.7000000000 0.70081353208414920442 0.00000000000000000000
0.7100000000 0.68454981053151764403 0.00000000000000000000
0.7200000000 0.66880342428306327474 0.00000000000000000000
0.7300000000 0.65355666001443180058 0.00000000000000000000
0.7400000000 0.63879240675106063740 0.00000000000000000000
0.7500000000 0.62449413832107059097 0.00000000000000000000
0.7600000000 0.61064589597453566849 0.00000000000000000000
0.7700000000 0.59723227120876520857 0.00000000000000000000
0.7800000000 0.58423838883387047005 0.00000000000000000000
0.7900000000 0.57164989030760116062 0.00000000000000000000
0.8000000000 0.55945291736436197905 0.00000000000000000000
0.8100000000 0.54763409595891976434 0.00000000000000000000
0.8200000000 0.53618052054216247537 0.00000000000000000000
0.8300000000 0.52507973868227675318 0.00000000000000000000
0.8400000000 0.51431973604273695244 0.00000000000000000000
0.8500000000 0.50388892172516452916 0.00000000000000000000
0.8600000000 0.49377611398300980117 0.00000000000000000000
0.8700000000 0.48397052631039944037 0.00000000000000000000
0.8800000000 0.47446175390771183622 0.00000000000000000000
0.8900000000 0.46523976052512150403 0.00000000000000000000
0.9000000000 0.45629486568257288104 0.00000000000000000000
0.9100000000 0.44761773226460765951 0.00000000000000000000
0.9200000000 0.43919935448668601108 0.00000000000000000000
0.9300000000 0.43103104622888582798 0.00000000000000000000
0.9400000000 0.42310442973203893358 0.00000000000000000000
0.9500000000 0.41541142465098129799 0.00000000000000000000
0.9600000000 0.40794423745856212005 0.00000000000000000000
0.9700000000 0.40069535119369509291 0.00000000000000000000
0.9800000000 0.39365751554661709832 0.00000000000000000000
0.9900000000 0.38682373727397029173 0.00000000000000000000
1.0000000000 0.38018727093548937424 0.00000000000000000000
1.0100000000 0.37374160994635857724 0.00000000000000000000
1.0200000000 0.36748047793451077414 0.00000000000000000000
1.0300000000 0.36139782039621698440 0.00000000000000000000
1.0400000000 0.35548779664295099279 0.00000000000000000000
1.0500000000 0.34974477202958759170 0.00000000000000000000
1.0600000000 0.34416331045634040997 0.00000000000000000000
1.0700000000 0.33873816713679599788 0.00000000000000000000
1.0800000000 0.33346428162367575121 0.00000000000000000000
1.0900000000 0.32833677108427500313 0.00000000000000000000
1.1000000000 0.32335092381804048101 0.00000000000000000000
1.1100000000 0.31850219300841953185 0.00000000000000000000
1.1200000000 0.31378619070126240187 0.00000000000000000000
1.1300000000 0.30919868200265032687 0.00000000000000000000
1.1400000000 0.30473557948853574606 0.00000000000000000000
1.1500000000 0.30039293781926462712 0.00000000000000000000
1.1600000000 0.29616694855192737812 0.00000000000000000000
1.1700000000 0.29205393514381011721 0.00000000000000000000
1.1800000000 0.28805034814021929224 0.00000000000000000000
1.1900000000 0.28415276054031229913 0.00000000000000000000
1.2000000000 0.28035786333467627163 0.00000000000000000000
1.2100000000 0.27666246120845544576 0.00000000000000000000
1.2200000000 0.27306346840424133848 0.00000000000000000000
1.2300000000 0.26955790473889418291 0.00000000000000000000
1.2400000000 0.26614289176873462406 0.00000000000000000000
1.2500000000 0.26281564909778781791 0.00000000000000000000
1.2600000000 0.25957349082374930882 0.00000000000000000000
1.2700000000 0.25641382211670821212 0.00000000000000000000
1.2800000000 0.25333413592569492545 0.00000000000000000000
1.2900000000 0.25033200980828346216 0.00000000000000000000
1.3000000000 0.24740510287884687202 0.00000000000000000000
1.3100000000 0.24455115287080431141 0.00000000000000000000
1.3200000000 0.24176797330881080739 0.00000000000000000000
1.3300000000 0.23905345078666723202 0.00000000000000000000
1.3400000000 0.23640554234702865211 0.00000000000000000000
1.3500000000 0.23382227295903185160 0.00000000000000000000
1.3600000000 0.23130173309021648254 0.00000000000000000000
1.3700000000 0.22884207636911241268 0.00000000000000000000
1.3800000000 0.22644151733512815627 0.00000000000000000000
1.3900000000 0.22409832927235701083 0.00000000000000000000
1.4000000000 0.22181084212421875446 0.00000000000000000000
1.4100000000 0.21957744048574662221 0.00000000000000000000
1.4200000000 0.21739656167067064607 0.00000000000000000000
1.4300000000 0.21526669385040259064 0.00000000000000000000
1.4400000000 0.21318637426217787456 0.00000000000000000000
1.4500000000 0.21115418748373376845 0.00000000000000000000
1.4600000000 0.20916876377201470971 0.00000000000000000000
1.4700000000 0.20722877746340018223 0.00000000000000000000
1.4800000000 0.20533294543315630531 0.00000000000000000000
1.4900000000 0.20348002561183234360 0.00000000000000000000
1.5000000000 0.20166881555644636248 0.00000000000000000000
1.5100000000 0.19989815107434011354 0.00000000000000000000
1.5200000000 0.19816690489771346395 0.00000000000000000000
1.5300000000 0.19647398540691521363 0.00000000000000000000
1.5400000000 0.19481833540059345644 0.00000000000000000000
1.5500000000 0.19319893091096013160 0.00000000000000000000
1.5600000000 0.19161478006242071981 0.00000000000000000000
1.5700000000 0.19006492197193905480 0.00000000000000000000
1.5800000000 0.18854842568952762116 0.00000000000000000000
1.5900000000 0.18706438917734713456 0.00000000000000000000
1.6000000000 0.18561193832596092901 0.00000000000000000000
1.6100000000 0.18419022600629356146 0.00000000000000000000
1.6200000000 0.18279843115598781722 0.00000000000000000000
1.6300000000 0.18143575789881627447 0.00000000000000000000
1.6400000000 0.18010143469590486620 0.00000000000000000000
1.6500000000 0.17879471352758577463 0.00000000000000000000
1.6600000000 0.17751486910468763925 0.00000000000000000000
1.6700000000 0.17626119810816479050 0.00000000000000000000
1.6800000000 0.17503301845601623721 0.00000000000000000000
1.6900000000 0.17382966859642506874 0.00000000000000000000
1.7000000000 0.17265050682616628341 0.00000000000000000000
1.7100000000 0.17149491063331742668 0.00000000000000000000
1.7200000000 0.17036227606335649365 0.00000000000000000000
1.7300000000 0.16925201710778228770 0.00000000000000000000
1.7400000000 0.16816356511439556343 0.00000000000000000000
1.7500000000 0.16709636821845400001 0.00000000000000000000
1.7600000000 0.16604989079389473328 0.00000000000000000000
1.7700000000 0.16502361292390255176 0.00000000000000000000
1.7800000000 0.16401702989007757583 0.00000000000000000000
1.7900000000 0.16302965167953342718 0.00000000000000000000
1.8000000000 0.16206100250924226902 0.00000000000000000000
1.8100000000 0.16111062036700296574 0.00000000000000000000
1.8200000000 0.16017805656840292117 0.00000000000000000000
1.8300000000 0.15926287532918539935 0.00000000000000000000
1.8400000000 0.15836465335247085218 0.00000000000000000000
1.8500000000 0.15748297943025121870 0.00000000000000000000
1.8600000000 0.15661745405867855130 0.00000000000000000000
1.8700000000 0.15576768906658744474 0.00000000000000000000
1.8800000000 0.15493330725681758731 0.00000000000000000000
1.8900000000 0.15411394205983250383 0.00000000000000000000
1.9000000000 0.15330923719920111492 0.00000000000000000000
1.9100000000 0.15251884636851203991 0.00000000000000000000
1.9200000000 0.15174243291928807276 0.00000000000000000000
1.9300000000 0.15097966955952676904 0.00000000000000000000
1.9400000000 0.15023023806245819345 0.00000000000000000000
1.9500000000 0.14949382898516039297 0.00000000000000000000
1.9600000000 0.14877014139668831572 0.00000000000000000000
1.9700000000 0.14805888261533803330 0.00000000000000000000
1.9800000000 0.14735976795476826706 0.00000000000000000000
1.9900000000 0.14667252047861206732 0.00000000000000000000
2.0000000000 0.14599687076330583602 0.00000000000000000000
2.0100000000 0.14533255666883704293 0.00000000000000000000
2.0200000000 0.14467932311710990367 0.00000000000000000000
2.0300000000 0.14403692187767885846 0.00000000000000000000
2.0400000000 0.14340511136058570196 0.00000000000000000000
2.0500000000 0.14278365641603224523 0.00000000000000000000
2.0600000000 0.14217232814065949853 0.00000000000000000000
2.0700000000 0.14157090369020527976 0.00000000000000000000
2.0800000000 0.14097916609829547196 0.00000000000000000000
2.0900000000 0.14039690410117544594 0.00000000000000000000
2.1000000000 0.13982391196816118528 0.00000000000000000000
2.1100000000 0.13925998933760211362 0.00000000000000000000
2.1200000000 0.13870494105818681474 0.00000000000000000000
2.1300000000 0.13815857703537920420 0.00000000000000000000
2.1400000000 0.13762071208282436463 0.00000000000000000000
2.1500000000 0.13709116577854077446 0.00000000000000000000
2.1600000000 0.13656976232574158381 0.00000000000000000000
2.1700000000 0.13605633041811759920 0.00000000000000000000
2.1800000000 0.13555070310943159728 0.00000000000000000000
2.1900000000 0.13505271768727361570 0.00000000000000000000
2.2000000000 0.13456221555084105224 0.00000000000000000000
2.2100000000 0.13407904209259091655 0.00000000000000000000
2.2200000000 0.13360304658364666186 0.00000000000000000000
2.2300000000 0.13313408206282689727 0.00000000000000000000
2.2400000000 0.13267200522916686167 0.00000000000000000000
2.2500000000 0.13221667633781969409 0.00000000000000000000
2.2600000000 0.13176795909922225936 0.00000000000000000000
2.2700000000 0.13132572058141470106 0.00000000000000000000
2.2800000000 0.13088983111540669624 0.00000000000000000000
2.2900000000 0.13046016420348685583 0.00000000000000000000
2.3000000000 0.13003659643037482341 0.00000000000000000000
2.3100000000 0.12961900737713433207 0.00000000000000000000
2.3200000000 0.12920727953772792596 0.00000000000000000000
2.3300000000 0.12880129823815492096 0.00000000000000000000
2.3400000000 0.12840095155806344196 0.00000000000000000000
2.3500000000 0.12800613025477042273 0.00000000000000000000
2.3600000000 0.12761672768959883562 0.00000000000000000000
2.3700000000 0.12723263975645845991 0.00000000000000000000
2.3800000000 0.12685376481260254855 0.00000000000000000000
2.3900000000 0.12648000361147898607 0.00000000000000000000
2.4000000000 0.12611125923761309919 0.00000000000000000000
2.4100000000 0.12574743704345409112 0.00000000000000000000
2.4200000000 0.12538844458812123395 0.00000000000000000000
2.4300000000 0.12503419157798534300 0.00000000000000000000
2.4400000000 0.12468458980903197875 0.00000000000000000000
2.4500000000 0.12433955311093945750 0.00000000000000000000
2.4600000000 0.12399899729282551353 0.00000000000000000000
2.4700000000 0.12366284009060252158 0.00000000000000000000
2.4800000000 0.12333100111588875258 0.00000000000000000000
2.4900000000 0.12300340180643225263 0.00000000000000000000
2.5000000000 0.12267996537799318035 0.00000000000000000000
2.5100000000 0.12236061677763489242 0.00000000000000000000
2.5200000000 0.12204528263839281577 0.00000000000000000000
2.5300000000 0.12173389123525424349 0.00000000000000000000
2.5400000000 0.12142637244243435768 0.00000000000000000000
2.5500000000 0.12112265769188361453 0.00000000000000000000
2.5600000000 0.12082267993300234432 0.00000000000000000000
2.5700000000 0.12052637359351692226 0.00000000000000000000
2.5800000000 0.12023367454148770062 0.00000000000000000000
2.5900000000 0.11994452004840425174 0.00000000000000000000
2.6000000000 0.11965884875334086013 0.00000000000000000000
2.6100000000 0.11937660062813904016 0.00000000000000000000
2.6200000000 0.11909771694357823568 0.00000000000000000000
2.6300000000 0.11882214023651262169 0.00000000000000000000
2.6400000000 0.11854981427793805093 0.00000000000000000000
2.6500000000 0.11828068404196243057 0.00000000000000000000
2.6600000000 0.11801469567565307794 0.00000000000000000000
2.6700000000 0.11775179646972766534 0.00000000000000000000
2.6800000000 0.11749193483007573657 0.00000000000000000000
2.6900000000 0.11723506025006737163 0.00000000000000000000
2.7000000000 0.11698112328364183854 0.00000000000000000000
2.7100000000 0.11673007551914278690 0.00000000000000000000
2.7200000000 0.11648186955387915265 0.00000000000000000000
2.7300000000 0.11623645896939036049 0.00000000000000000000
2.7400000000 0.11599379830739486863 0.00000000000000000000
2.7500000000 0.11575384304639999011 0.00000000000000000000
2.7600000000 0.11551654957895680920 0.00000000000000000000
2.7700000000 0.11528187518953079971 0.00000000000000000000
2.7800000000 0.11504977803298582772 0.00000000000000000000
2.7900000000 0.11482021711364763517 0.00000000000000000000
2.8000000000 0.11459315226493697881 0.00000000000000000000
2.8100000000 0.11436854412955663185 0.00000000000000000000
2.8200000000 0.11414635414021111204 0.00000000000000000000
2.8300000000 0.11392654450084671591 0.00000000000000000000
2.8400000000 0.11370907816839426197 0.00000000000000000000
2.8500000000 0.11349391883500424549 0.00000000000000000000
2.8600000000 0.11328103091075125697 0.00000000000000000000
2.8700000000 0.11307037950680372262 0.00000000000000000000
2.8800000000 0.11286193041903878898 0.00000000000000000000
2.8900000000 0.11265565011209191515 0.00000000000000000000
2.9000000000 0.11245150570382551891 0.00000000000000000000
2.9100000000 0.11224946495021106974 0.00000000000000000000
2.9200000000 0.11204949623060503350 0.00000000000000000000
2.9300000000 0.11185156853341249317 0.00000000000000000000
2.9400000000 0.11165565144212211135 0.00000000000000000000
2.9500000000 0.11146171512171121343 0.00000000000000000000
2.9600000000 0.11126973030539689946 0.00000000000000000000
2.9700000000 0.11107966828173605756 0.00000000000000000000
2.9800000000 0.11089150088205523836 0.00000000000000000000
2.9900000000 0.11070520046820718496 0.00000000000000000000
3.0000000000 0.11052073992063948804 0.00000000000000000000
3.0100000000 0.11033809262676919083 0.00000000000000000000
3.0200000000 0.11015723246965861137 0.00000000000000000000
3.0300000000 0.10997813381697343904 0.00000000000000000000
3.0400000000 0.10980077151022618609 0.00000000000000000000
3.0500000000 0.10962512085429018671 0.00000000000000000000
3.0600000000 0.10945115760717853692 0.00000000000000000000
3.0700000000 0.10927885797008213276 0.00000000000000000000
3.0800000000 0.10910819857765619023 0.00000000000000000000
3.0900000000 0.10893915648855224954 0.00000000000000000000
3.1000000000 0.10877170917618392276 0.00000000000000000000
3.1100000000 0.10860583451972588565 0.00000000000000000000
3.1200000000 0.10844151079533444204 0.00000000000000000000
3.1300000000 0.10827871666758732971 0.00000000000000000000
3.1400000000 0.10811743118113291418 0.00000000000000000000
3.1500000000 0.10795763375254692484 0.00000000000000000000
3.1600000000 0.10779930416238953095 0.00000000000000000000
3.1700000000 0.10764242254745479133 0.00000000000000000000
3.1800000000 0.10748696939321243649 0.00000000000000000000
3.1900000000 0.10733292552643260154 0.00000000000000000000
3.2000000000 0.10718027210798801441 0.00000000000000000000
3.2100000000 0.10702899062583409728 0.00000000000000000000
3.2200000000 0.10687906288815578193 0.00000000000000000000
3.2300000000 0.10673047101668123315 0.00000000000000000000
3.2400000000 0.10658319744015452846 0.00000000000000000000
3.2500000000 0.10643722488796708570 0.00000000000000000000
3.2600000000 0.10629253638393898473 0.00000000000000000000
3.2700000000 0.10614911524024957246 0.00000000000000000000
3.2800000000 0.10600694505151266045 0.00000000000000000000
3.2900000000 0.10586600968899104180 0.00000000000000000000
3.3000000000 0.10572629329494852291 0.00000000000000000000
3.3100000000 0.10558778027713407177 0.00000000000000000000
3.3200000000 0.10545045530339758333 0.00000000000000000000
3.3300000000 0.10531430329642912924 0.00000000000000000000
3.3400000000 0.10517930942862253885 0.00000000000000000000
3.3500000000 0.10504545911705935601 0.00000000000000000000
3.3600000000 0.10491273801860755144 0.00000000000000000000
3.3700000000 0.10478113202513517077 0.00000000000000000000
3.3800000000 0.10465062725883385319 0.00000000000000000000
3.3900000000 0.10452121006764994449 0.00000000000000000000
3.4000000000 0.10439286702082142821 0.00000000000000000000
3.4100000000 0.10426558490451624805 0.00000000000000000000
3.4200000000 0.10413935071757048079 0.00000000000000000000
3.4300000000 0.10401415166732411177 0.00000000000000000000
3.4400000000 0.10388997516554897282 0.00000000000000000000
3.4500000000 0.10376680882447374132 0.00000000000000000000
3.4600000000 0.10364464045289380201 0.00000000000000000000
3.4700000000 0.10352345805237032905 0.00000000000000000000
3.4800000000 0.10340324981351688149 0.00000000000000000000
3.4900000000 0.10328400411236542122 0.00000000000000000000
3.5000000000 0.10316570950681666630 0.00000000000000000000
3.5100000000 0.10304835473316706351 0.00000000000000000000
3.5200000000 0.10293192870271540562 0.00000000000000000000
3.5300000000 0.10281642049844182119 0.00000000000000000000
3.5400000000 0.10270181937176169062 0.00000000000000000000
3.5500000000 0.10258811473935122716 0.00000000000000000000
3.5600000000 0.10247529618004251606 0.00000000000000000000
3.5700000000 0.10236335343178475099 0.00000000000000000000
3.5800000000 0.10225227638867465108 0.00000000000000000000
3.5900000000 0.10214205509805013294 0.00000000000000000000
3.6000000000 0.10203267975764651609 0.00000000000000000000
3.6100000000 0.10192414071281472032 0.00000000000000000000
3.6200000000 0.10181642845380101114 0.00000000000000000000
3.6300000000 0.10170953361308181229 0.00000000000000000000
3.6400000000 0.10160344696275985799 0.00000000000000000000
3.6500000000 0.10149815941201247027 0.00000000000000000000
3.6600000000 0.10139366200459734579 0.00000000000000000000
3.6700000000 0.10128994591640823331 0.00000000000000000000
3.6800000000 0.10118700245308544228 0.00000000000000000000
3.6900000000 0.10108482304767527071 0.00000000000000000000
3.7000000000 0.10098339925833947628 0.00000000000000000000
3.7100000000 0.10088272276611143230 0.00000000000000000000
3.7200000000 0.10078278537270271564 0.00000000000000000000
3.7300000000 0.10068357899835117530 0.00000000000000000000
3.7400000000 0.10058509567971789245 0.00000000000000000000
3.7500000000 0.10048732756782510767 0.00000000000000000000
3.7600000000 0.10039026692603875146 0.00000000000000000000
3.7700000000 0.10029390612809147010 0.00000000000000000000
3.7800000000 0.10019823765614729871 0.00000000000000000000
3.7900000000 0.10010325409890508119 0.00000000000000000000
3.8000000000 0.10000894814974232994 0.00000000000000000000
3.8100000000 0.09991531260489565358 0.00000000000000000000
3.8200000000 0.09982234036167932090 0.00000000000000000000
3.8300000000 0.09973002441673889384 0.00000000000000000000
3.8400000000 0.09963835786434172004 0.00000000000000000000
3.8500000000 0.09954733389470094007 0.00000000000000000000
3.8600000000 0.09945694579233355093 0.00000000000000000000
3.8700000000 0.09936718693445181771 0.00000000000000000000
3.8800000000 0.09927805078938622962 0.00000000000000000000
3.8900000000 0.09918953091504156827 0.00000000000000000000
3.9000000000 0.09910162095738100918 0.00000000000000000000
3.9100000000 0.09901431464894386303 0.00000000000000000000
3.9200000000 0.09892760580738950427 0.00000000000000000000
3.9300000000 0.09884148833407228885 0.00000000000000000000
3.9400000000 0.09875595621264342261 0.00000000000000000000
3.9500000000 0.09867100350768073791 0.00000000000000000000
3.9600000000 0.09858662436334574009 0.00000000000000000000
3.9700000000 0.09850281300206585600 0.00000000000000000000
3.9800000000 0.09841956372324336955 0.00000000000000000000
3.9900000000 0.09833687090198929559 0.00000000000000000000
4.0000000000 0.09825472898788116527 0.00000000000000000000
4.0100000000 0.09817313250374574973 0.00000000000000000000
4.0200000000 0.09809207604446446016 0.00000000000000000000
4.0300000000 0.09801155427580260371 0.00000000000000000000
4.0400000000 0.09793156193326012227 0.00000000000000000000
4.0500000000 0.09785209382094524344 0.00000000000000000000
4.0600000000 0.09777314481046839312 0.00000000000000000000
4.0700000000 0.09769470983985874268 0.00000000000000000000
4.0800000000 0.09761678391250040721 0.00000000000000000000
4.0900000000 0.09753936209608841945 0.00000000000000000000
4.1000000000 0.09746243952160509039 0.00000000000000000000
4.1100000000 0.09738601138231524346 0.00000000000000000000
4.1200000000 0.09731007293278121084 0.00000000000000000000
4.1300000000 0.09723461948789427489 0.00000000000000000000
4.1400000000 0.09715964642192602418 0.00000000000000000000
4.1500000000 0.09708514916759714009 0.00000000000000000000
4.1600000000 0.09701112321516240644 0.00000000000000000000
4.1700000000 0.09693756411151342733 0.00000000000000000000
4.1800000000 0.09686446745929876145 0.00000000000000000000
4.1900000000 0.09679182891605754568 0.00000000000000000000
4.2000000000 0.09671964419337229779 0.00000000000000000000
4.2100000000 0.09664790905603523608 0.00000000000000000000
4.2200000000 0.09657661932123004500 0.00000000000000000000
4.2300000000 0.09650577085772900354 0.00000000000000000000
4.2400000000 0.09643535958510461581 0.00000000000000000000
4.2500000000 0.09636538147295505008 0.00000000000000000000
4.2600000000 0.09629583254014426053 0.00000000000000000000
4.2700000000 0.09622670885405514019 0.00000000000000000000
4.2800000000 0.09615800652985653785 0.00000000000000000000
4.2900000000 0.09608972172978334780 0.00000000000000000000
4.3000000000 0.09602185066242942268 0.00000000000000000000
4.3100000000 0.09595438958205244895 0.00000000000000000000
4.3200000000 0.09588733478789263076 0.00000000000000000000
4.3300000000 0.09582068262350207366 0.00000000000000000000
4.3400000000 0.09575442947608646393 0.00000000000000000000
4.3500000000 0.09568857177585883556 0.00000000000000000000
4.3600000000 0.09562310599540392586 0.00000000000000000000
4.3700000000 0.09555802864905424410 0.00000000000000000000
4.3800000000 0.09549333629227689524 0.00000000000000000000
4.3900000000 0.09542902552107050684 0.00000000000000000000
4.4000000000 0.09536509297137409080 0.00000000000000000000
4.4100000000 0.09530153531848460646 0.00000000000000000000
4.4200000000 0.09523834927648537618 0.00000000000000000000
4.4300000000 0.09517553159768456228 0.00000000000000000000
4.4400000000 0.09511307907206248413 0.00000000000000000000
4.4500000000 0.09505098852672959342 0.00000000000000000000
4.4600000000 0.09498925682539219317 0.00000000000000000000
4.4700000000 0.09492788086782895374 0.00000000000000000000
4.4800000000 0.09486685758937531132 0.00000000000000000000
4.4900000000 0.09480618396041688711 0.00000000000000000000
4.5000000000 0.09474585698589083060 0.00000000000000000000
4.5100000000 0.09468587370479746024 0.00000000000000000000
4.5200000000 0.09462623118971799641 0.00000000000000000000
4.5300000000 0.09456692654634130113 0.00000000000000000000
4.5400000000 0.09450795691299913870 0.00000000000000000000
4.5500000000 0.09444931946020805602 0.00000000000000000000
4.5600000000 0.09439101139021988107 0.00000000000000000000
4.5700000000 0.09433302993657885493 0.00000000000000000000
4.5800000000 0.09427537236368689622 0.00000000000000000000
4.5900000000 0.09421803596637599865 0.00000000000000000000
4.6000000000 0.09416101806948640185 0.00000000000000000000
4.6100000000 0.09410431602745379653 0.00000000000000000000
4.6200000000 0.09404792722390173387 0.00000000000000000000
4.6300000000 0.09399184907124101540 0.00000000000000000000
4.6400000000 0.09393607901027602181 0.00000000000000000000
4.6500000000 0.09388061450981757816 0.00000000000000000000
4.6600000000 0.09382545306630110660 0.00000000000000000000
4.6700000000 0.09377059220341224521 0.00000000000000000000
4.6800000000 0.09371602947171751852 0.00000000000000000000
4.6900000000 0.09366176244830169695 0.00000000000000000000
4.7000000000 0.09360778873641011077 0.00000000000000000000
4.7100000000 0.09355410596509816656 0.00000000000000000000
4.7200000000 0.09350071178888456902 0.00000000000000000000
4.7300000000 0.09344760388741192580 0.00000000000000000000
4.7400000000 0.09339477996511127977 0.00000000000000000000
4.7500000000 0.09334223775087283070 0.00000000000000000000
4.7600000000 0.09328997499772179181 0.00000000000000000000
4.7700000000 0.09323798948249902019 0.00000000000000000000
4.7800000000 0.09318627900554699028 0.00000000000000000000
4.7900000000 0.09313484139040051346 0.00000000000000000000
4.8000000000 0.09308367448348259243 0.00000000000000000000
4.8100000000 0.09303277615380452226 0.00000000000000000000
4.8200000000 0.09298214429267134817 0.00000000000000000000
4.8300000000 0.09293177681339118146 0.00000000000000000000
4.8400000000 0.09288167165098991374 0.00000000000000000000
4.8500000000 0.09283182676192909544 0.00000000000000000000
4.8600000000 0.09278224012382983721 0.00000000000000000000
4.8700000000 0.09273290973519938973 0.00000000000000000000
4.8800000000 0.09268383361516263630 0.00000000000000000000
4.8900000000 0.09263500980319808176 0.00000000000000000000
4.9000000000 0.09258643635887707501 0.00000000000000000000
4.9100000000 0.09253811136160745854 0.00000000000000000000
4.9200000000 0.09249003291038129793 0.00000000000000000000
4.9300000000 0.09244219912352595603 0.00000000000000000000
4.9400000000 0.09239460813845928877 0.00000000000000000000
4.9500000000 0.09234725811144850471 0.00000000000000000000
4.9600000000 0.09230014721737241079 0.00000000000000000000
4.9700000000 0.09225327364948764097 0.00000000000000000000
4.9800000000 0.09220663561919840989 0.00000000000000000000
4.9900000000 0.09216023135582859793 0.00000000000000000000
5.0000000000 0.09211405910639951233 0.00000000000000000000
