0.1000000000 3.18755938076702838302 0.00000000000000000000
0.1100000000 3.10133539255820478431 0.00000000000000000000
0.1200000000 3.01693502387392831210 0.00000000000000000000
0.1300000000 2.93437456455080036832 0.00000000000000000000
0.1400000000 2.85366576222510204275 0.00000000000000000000
0.1500000000 2.77481597210798458519 0.00000000000000000000
0.1600000000 2.69782833182546788464 0.00000000000000000000
0.1700000000 2.62270195723090226991 0.00000000000000000000
0.1800000000 2.54943215514059140503 0.00000000000000000000
0.1900000000 2.47801064907776336099 0.00000000000000000000
0.2000000000 2.40842581431886770815 0.00000000000000000000
0.2100000000 2.34066291880207622000 0.00000000000000000000
0.2200000000 2.27470436676390797004 0.00000000000000000000
0.2300000000 2.21052994230094501660 0.00000000000000000000
0.2400000000 2.14811705039596523292 0.00000000000000000000
0.2500000000 2.08744095329004419881 0.00000000000000000000
0.2600000000 2.02847500041506556556 0.00000000000000000000
0.2700000000 1.97119085041752062359 0.00000000000000000000
0.2800000000 1.91555868409928375939 0.00000000000000000000
0.2900000000 1.86154740737099877457 0.00000000000000000000
0.3000000000 1.80912484355685743154 0.00000000000000000000
0.3100000000 1.75825791460529634591 0.00000000000000000000
0.3200000000 1.70891281094888469738 0.00000000000000000000
0.3300000000 1.66105514991935687696 0.00000000000000000000
0.3400000000 1.61465012276198116581 0.00000000000000000000
0.3500000000 1.56966263040913944771 0.00000000000000000000
0.3600000000 1.52605740826807134702 0.00000000000000000000
0.3700000000 1.48379914035428139840 0.00000000000000000000
0.3800000000 1.44285256316245713570 0.00000000000000000000
0.3900000000 1.40318255971248762037 0.00000000000000000000
0.4000000000 1.36475424424147107061 0.00000000000000000000
0.4100000000 1.32753303803521349735 0.00000000000000000000
0.4200000000 1.29148473690591591989 0.00000000000000000000
0.4300000000 1.25657557082838589047 0.00000000000000000000
0.4400000000 1.22277225624612650989 0.00000000000000000000
0.4500000000 1.19004204155225967732 0.00000000000000000000
0.4600000000 1.15835274623968609298 0.00000000000000000000
0.4700000000 1.12767279420055954731 0.00000000000000000000
0.4800000000 1.09797124163832160448 0.00000000000000000000
0.4900000000 1.06921780003651201163 0.00000000000000000000
0.5000000000 1.04138285460808210914 0.00000000000000000000
0.5100000000 1.01443747862742061905 0.00000000000000000000
0.5200000000 0.98835344402517266715 0.00000000000000000000
0.5300000000 0.96310322860356634145 0.00000000000000000000
0.5400000000 0.93866002020754812918 0.00000000000000000000
0.5500000000 0.91499771816502761812 0.00000000000000000000
0.5600000000 0.89209093228782432305 0.00000000000000000000
0.5700000000 0.86991497970394104922 0.00000000000000000000
0.5800000000 0.84844587977150798253 0.00000000000000000000
0.5900000000 0.82766034730528126317 0.00000000000000000000
0.6000000000 0.80753578432808592602 0.00000000000000000000
0.6100000000 0.78805027054186538304 0.00000000000000000000
0.6200000000 0.76918255269650259720 0.00000000000000000000
0.6300000000 0.75091203301879139165 0.00000000000000000000
0.6400000000 0.73321875684927184658 0.00000000000000000000
0.6500000000 0.71608339962092215636 0.00000000000000000000
0.6600000000 0.69948725330086269913 0.00000000000000000000
0.6700000000 0.68341221240435989781 0.00000000000000000000
0.6800000000 0.66784075967934997120 0.00000000000000000000
0.6900000000 0.65275595154961274513 0.00000000000000000000
0.7000000000 0.63814140339519387357 0.00000000000000000000
0.7100000000 0.62398127474023890038 0.00000000000000000000
0.7200000000 0.61026025441026532370 0.00000000000000000000
0.7300000000 0.59696354571386611720 0.00000000000000000000
0.7400000000 0.58407685169709622208 0.00000000000000000000
0.7500000000 0.57158636051278322032 0.00000000000000000000
0.7600000000 0.55947873094156075346 0.00000000000000000000
0.7700000000 0.54774107809643679534 0.00000000000000000000
0.7800000000 0.53636095933819138981 0.00000000000000000000
0.7900000000 0.52532636042483782379 0.00000000000000000000
0.8000000000 0.51462568191470725587 0.00000000000000000000
0.8100000000 0.50424772583948773708 0.00000000000000000000
0.8200000000 0.49418168266041323511 0.00000000000000000000
0.8300000000 0.48441711851836699587 0.00000000000000000000
0.8400000000 0.47494396278615874651 0.00000000000000000000
0.8500000000 0.46575249592911155405 0.00000000000000000000
0.8600000000 0.45683333767830691663 0.00000000000000000000
0.8700000000 0.44817743551917232914 0.00000000000000000000
0.8800000000 0.43977605349645093602 0.00000000000000000000
0.8900000000 0.43162076133567867098 0.00000000000000000000
0.9000000000 0.42370342387967130371 0.00000000000000000000
0.9100000000 0.41601619083806579136 0.00000000000000000000
0.9200000000 0.40855148684656950042 0.00000000000000000000
0.9300000000 0.40130200183251329982 0.00000000000000000000
0.9400000000 0.39426068168170702588 0.00000000000000000000
0.9500000000 0.38742071920221921033 0.00000000000000000000
0.9600000000 0.38077554537936503243 0.00000000000000000000
0.9700000000 0.37431882091605717111 0.00000000000000000000
0.9800000000 0.36804442805266063266 0.00000000000000000000
0.9900000000 0.36194646265951924136 0.00000000000000000000
1.0000000000 0.35601922659709278607 0.00000000000000000000
1.0100000000 0.35025722033422290735 0.00000000000000000000
1.0200000000 0.34465513582117313085 0.00000000000000000000
1.0300000000 0.33920784960798033847 0.00000000000000000000
1.0400000000 0.33391041620256001199 0.00000000000000000000
1.0500000000 0.32875806166137477859 0.00000000000000000000
1.0600000000 0.32374617740579886283 0.00000000000000000000
1.0700000000 0.31887031425759887471 0.00000000000000000000
1.0800000000 0.31412617668654257974 0.00000000000000000000
1.0900000000 0.30950961726384312867 0.00000000000000000000
1.1000000000 0.30501663131453271571 0.00000000000000000000
1.1100000000 0.30064335176269307848 0.00000000000000000000
1.1200000000 0.29638604416305791567 0.00000000000000000000
1.1300000000 0.29224110191281321702 0.00000000000000000000
1.1400000000 0.28820504163765242600 0.00000000000000000000
1.1500000000 0.28427449874605092983 0.00000000000000000000
1.1600000000 0.28044622314616496350 0.00000000000000000000
1.1700000000 0.27671707511954130032 0.00000000000000000000
1.1800000000 0.27308402134639053749 0.00000000000000000000
1.1900000000 0.26954413107692615226 0.00000000000000000000
1.2000000000 0.26609457244369316697 0.00000000000000000000
1.2100000000 0.26273260890987693017 0.00000000000000000000
1.2200000000 0.25945559584865968139 0.00000000000000000000
1.2300000000 0.25626097724897367591 0.00000000000000000000
1.2400000000 0.25314628254305304722 0.00000000000000000000
1.2500000000 0.25010912355131897922 0.00000000000000000000
1.2600000000 0.24714719154036896009 0.00000000000000000000
1.2700000000 0.24425825438992176952 0.00000000000000000000
1.2800000000 0.24144015386462863715 0.00000000000000000000
1.2900000000 0.23869080298698019948 0.00000000000000000000
1.3000000000 0.23600818350751878727 0.00000000000000000000
1.3100000000 0.23339034346872053471 0.00000000000000000000
1.3200000000 0.23083539485909454481 0.00000000000000000000
1.3300000000 0.22834151135413105482 0.00000000000000000000
1.3400000000 0.22590692614081267497 0.00000000000000000000
1.3500000000 0.22352992982260247445 0.00000000000000000000
1.3600000000 0.22120886840186645972 0.00000000000000000000
1.3700000000 0.21894214133681111356 0.00000000000000000000
1.3800000000 0.21672819967014980702 0.00000000000000000000
1.3900000000 0.21456554422678747462 0.00000000000000000000
1.4000000000 0.21245272387790620217 0.00000000000000000000
1.4100000000 0.21038833386897159983 0.00000000000000000000
1.4200000000 0.20837101420921799733 0.00000000000000000000
1.4300000000 0.20639944812030402987 0.00000000000000000000
1.4400000000 0.20447236054190326415 0.00000000000000000000
1.4500000000 0.20258851669204505641 0.00000000000000000000
1.4600000000 0.20074672068018381554 0.00000000000000000000
1.4700000000 0.19894581417095760778 0.00000000000000000000
1.4800000000 0.19718467509672801818 0.00000000000000000000
1.4900000000 0.19546221641707747785 0.00000000000000000000
1.5000000000 0.19377738492345161769 0.00000000000000000000
1.5100000000 0.19212916008725891559 0.00000000000000000000
1.5200000000 0.19051655294979066846 0.00000000000000000000
1.5300000000 0.18893860505235993141 0.00000000000000000000
1.5400000000 0.18739438740514713366 0.00000000000000000000
1.5500000000 0.18588299949330669425 0.00000000000000000000
1.5600000000 0.18440356831890192257 0.00000000000000000000
1.5700000000 0.18295524747732874737 0.00000000000000000000
1.5800000000 0.18153721626694402369 0.00000000000000000000
1.5900000000 0.18014867883061128073 0.00000000000000000000
1.6000000000 0.17878886332800714154 0.00000000000000000000
1.6100000000 0.17745702113748793027 0.00000000000000000000
1.6200000000 0.17615242608644318678 0.00000000000000000000
1.6300000000 0.17487437370905606349 0.00000000000000000000
1.6400000000 0.17362218053041972299 0.00000000000000000000
1.6500000000 0.17239518337606518639 0.00000000000000000000
1.6600000000 0.17119273870591888986 0.00000000000000000000
1.6700000000 0.17001422197178953089 0.00000000000000000000
1.6800000000 0.16885902699751170752 0.00000000000000000000
1.6900000000 0.16772656538088248634 0.00000000000000000000
1.7000000000 0.16661626591661210517 0.00000000000000000000
1.7100000000 0.16552757403947995773 0.00000000000000000000
1.7200000000 0.16445995128695792276 0.00000000000000000000
1.7300000000 0.16341287478059018934 0.00000000000000000000
1.7400000000 0.16238583672540837788 0.00000000000000000000
1.7500000000 0.16137834392675395878 0.00000000000000000000
1.7600000000 0.16038991732383131583 0.00000000000000000000
1.7700000000 0.15942009153939676325 0.00000000000000000000
1.7800000000 0.15846841444498893647 0.00000000000000000000
1.7900000000 0.15753444674111516388 0.00000000000000000000
1.8000000000 0.15661776155187473458 0.00000000000000000000
1.8100000000 0.15571794403345551316 0.00000000000000000000
1.8200000000 0.15483459099603150144 0.00000000000000000000
1.8300000000 0.15396731053855458593 0.00000000000000000000
1.8400000000 0.15311572169596959769 0.00000000000000000000
1.8500000000 0.15227945409841972535 0.00000000000000000000
1.8600000000 0.15145814764198350932 0.00000000000000000000
1.8700000000 0.15065145217054953797 0.00000000000000000000
1.8800000000 0.14985902716840929227 0.00000000000000000000
1.8900000000 0.14908054146319968392 0.00000000000000000000
1.9000000000 0.14831567293879893699 0.00000000000000000000
1.9100000000 0.14756410825784582741 0.00000000000000000000
1.9200000000 0.14682554259351987547 0.00000000000000000000
1.9300000000 0.14609967937025369888 0.00000000000000000000
1.9400000000 0.14538623001306855143 0.00000000000000000000
1.9500000000 0.14468491370521235906 0.00000000000000000000
1.9600000000 0.14399545715382092159 0.00000000000000000000
1.9700000000 0.14331759436329705171 0.00000000000000000000
1.9800000000 0.14265106641616612237 0.00000000000000000000
1.9900000000 0.14199562126110035210 0.00000000000000000000
2.0000000000 0.14135101350790829633 0.00000000000000000000
2.0100000000 0.14071700422920435658 0.00000000000000000000
2.0200000000 0.14009336076854619901 0.00000000000000000000
2.0300000000 0.13947985655480774070 0.00000000000000000000
2.0400000000 0.13887627092256732420 0.00000000000000000000
2.0500000000 0.13828238893830771539 0.00000000000000000000
2.0600000000 0.13769800123221673238 0.00000000000000000000
2.0700000000 0.13712290383540673422 0.00000000000000000000
2.0800000000 0.13655689802234904917 0.00000000000000000000
2.0900000000 0.13599979015836138885 0.00000000000000000000
2.1000000000 0.13545139155195629055 0.00000000000000000000
2.1100000000 0.13491151831189912569 0.00000000000000000000
2.1200000000 0.13437999120880300685 0.00000000000000000000
2.1300000000 0.13385663554110918683 0.00000000000000000000
2.1400000000 0.13334128100530473482 0.00000000000000000000
2.1500000000 0.13283376157022971920 0.00000000000000000000
2.1600000000 0.13233391535533761685 0.00000000000000000000
2.1700000000 0.13184158451277241952 0.00000000000000000000
2.1800000000 0.13135661511313442840 0.00000000000000000000
2.1900000000 0.13087885703481272337 0.00000000000000000000
2.2000000000 0.13040816385675740863 0.00000000000000000000
2.2100000000 0.12994439275458263827 0.00000000000000000000
2.2200000000 0.12948740439988476458 0.00000000000000000000
2.2300000000 0.12903706286267155323 0.00000000000000000000
2.2400000000 0.12859323551679230357 0.00000000000000000000
2.2500000000 0.12815579294827636470 0.00000000000000000000
2.2600000000 0.12772460886647776790 0.00000000000000000000
2.2700000000 0.12729956001793837905 0.00000000000000000000
2.2800000000 0.12688052610286898458 0.00000000000000000000
2.2900000000 0.12646738969417867238 0.00000000000000000000
2.3000000000 0.12606003615895206016 0.00000000000000000000
2.3100000000 0.12565835358230142971 0.00000000000000000000
2.3200000000 0.12526223269352132483 0.00000000000000000000
2.3300000000 0.12487156679445603202 0.00000000000000000000
2.3400000000 0.12448625169002444646 0.00000000000000000000
2.3500000000 0.12410618562081553173 0.00000000000000000000
2.3600000000 0.12373126919770278953 0.00000000000000000000
2.3700000000 0.12336140533840066202 0.00000000000000000000
2.3800000000 0.12299649920590501051 0.00000000000000000000
2.3900000000 0.12263645814875824558 0.00000000000000000000
2.4000000000 0.12228119164307535427 0.00000000000000000000
2.4100000000 0.12193061123628000375 0.00000000000000000000
2.4200000000 0.12158463049249428056 0.00000000000000000000
2.4300000000 0.12124316493952173868 0.00000000000000000000
2.4400000000 0.12090613201739131011 0.00000000000000000000
2.4500000000 0.12057345102838835926 0.00000000000000000000
2.4600000000 0.12024504308854692958 0.00000000000000000000
2.4700000000 0.11992083108054417406 0.00000000000000000000
2.4800000000 0.11960073960795847281 0.00000000000000000000
2.4900000000 0.11928469495084469132 0.00000000000000000000
2.5000000000 0.11897262502258861006 0.00000000000000000000
2.5100000000 0.11866445932799940532 0.00000000000000000000
2.5200000000 0.11836012892259951956 0.00000000000000000000
2.5300000000 0.11805956637307550572 0.00000000000000000000
2.5400000000 0.11776270571885791294 0.00000000000000000000
2.5500000000 0.11746948243478678997 0.00000000000000000000
2.5600000000 0.11717983339483763194 0.00000000000000000000
2.5700000000 0.11689369683686939849 0.00000000000000000000
2.5800000000 0.11661101232836659780 0.00000000000000000000
2.5900000000 0.11633172073314002049 0.00000000000000000000
2.6000000000 0.11605576417896570907 0.00000000000000000000
2.6100000000 0.11578308602612139011 0.00000000000000000000
2.6200000000 0.11551363083680481203 0.00000000000000000000
2.6300000000 0.11524734434539783690 0.00000000000000000000
2.6400000000 0.11498417342955677412 0.00000000000000000000
2.6500000000 0.11472406608210150569 0.00000000000000000000
2.6600000000 0.11446697138367706303 0.00000000000000000000
2.6700000000 0.11421283947616966969 0.00000000000000000000
2.6800000000 0.11396162153685143736 0.00000000000000000000
2.6900000000 0.11371326975322736119 0.00000000000000000000
2.7000000000 0.11346773729857535795 0.00000000000000000000
2.7100000000 0.11322497830814655384 0.00000000000000000000
2.7200000000 0.11298494785601161106 0.00000000000000000000
2.7300000000 0.11274760193253527407 0.00000000000000000000
2.7400000000 0.11251289742245690340 0.00000000000000000000
2.7500000000 0.11228079208356231411 0.00000000000000000000
2.7600000000 0.11205124452592690742 0.00000000000000000000
2.7700000000 0.11182421419171316435 0.00000000000000000000
2.7800000000 0.11159966133551124656 0.00000000000000000000
2.7900000000 0.11137754700519769679 0.00000000000000000000
2.8000000000 0.11115783302330792259 0.00000000000000000000
2.8100000000 0.11094048196889615132 0.00000000000000000000
2.8200000000 0.11072545715987971993 0.00000000000000000000
2.8300000000 0.11051272263584571709 0.00000000000000000000
2.8400000000 0.11030224314130722407 0.00000000000000000000
2.8500000000 0.11009398410940400559 0.00000000000000000000
2.8600000000 0.10988791164602300376 0.00000000000000000000
2.8700000000 0.10968399251433516572 0.00000000000000000000
2.8800000000 0.10948219411973575399 0.00000000000000000000
2.8900000000 0.10928248449517212471 0.00000000000000000000
2.9000000000 0.10908483228685136868 0.00000000000000000000
2.9100000000 0.10888920674031754565 0.00000000000000000000
2.9200000000 0.10869557768688631327 0.00000000000000000000
2.9300000000 0.10850391553042774972 0.00000000000000000000
2.9400000000 0.10831419123448553232 0.00000000000000000000
2.9500000000 0.10812637630972551928 0.00000000000000000000
2.9600000000 0.10794044280170574102 0.00000000000000000000
2.9700000000 0.10775636327895320166 0.00000000000000000000
2.9800000000 0.10757411082134379909 0.00000000000000000000
2.9900000000 0.10739365900877562154 0.00000000000000000000
3.0000000000 0.10721498191012784895 0.00000000000000000000
3.0100000000 0.10703805407249479542 0.00000000000000000000
3.0200000000 0.10686285051069123464 0.00000000000000000000
3.0300000000 0.10668934669701841955 0.00000000000000000000
3.0400000000 0.10651751855128598068 0.00000000000000000000
3.0500000000 0.10634734243108091845 0.00000000000000000000
3.0600000000 0.10617879512227750005 0.00000000000000000000
3.0700000000 0.10601185382978049743 0.00000000000000000000
3.0800000000 0.10584649616849996223 0.00000000000000000000
3.0900000000 0.10568270015454257760 0.00000000000000000000
3.1000000000 0.10552044419662313934 0.00000000000000000000
3.1100000000 0.10535970708768253867 0.00000000000000000000
3.1200000000 0.10520046799671349536 0.00000000000000000000
3.1300000000 0.10504270646078078810 0.00000000000000000000
3.1400000000 0.10488640237723810544 0.00000000000000000000
3.1500000000 0.10473153599613124753 0.00000000000000000000
3.1600000000 0.10457808791278602745 0.00000000000000000000
3.1700000000 0.10442603906057186525 0.00000000000000000000
3.1800000000 0.10427537070384106099 0.00000000000000000000
3.1900000000 0.10412606443103589182 0.00000000000000000000
3.2000000000 0.10397810214796017469 0.00000000000000000000
3.2100000000 0.10383146607121164495 0.00000000000000000000
3.2200000000 0.10368613872176714319 0.00000000000000000000
3.2300000000 0.10354210291872420480 0.00000000000000000000
3.2400000000 0.10339934177318656217 0.00000000000000000000
3.2500000000 0.10325783868229405915 0.00000000000000000000
3.2600000000 0.10311757732339457694 0.00000000000000000000
3.2700000000 0.10297854164834900625 0.00000000000000000000
3.2800000000 0.10284071587797309622 0.00000000000000000000
3.2900000000 0.10270408449660506367 0.00000000000000000000
3.3000000000 0.10256863224680122515 0.00000000000000000000
3.3100000000 0.10243434412415435009 0.00000000000000000000
3.3200000000 0.10230120537222990584 0.00000000000000000000
3.3300000000 0.10216920147762181825 0.00000000000000000000
3.3400000000 0.10203831816511822750 0.00000000000000000000
3.3500000000 0.10190854139298165248 0.00000000000000000000
3.3600000000 0.10177985734833330800 0.00000000000000000000
3.3700000000 0.10165225244264496085 0.00000000000000000000
3.3800000000 0.10152571330733285715 0.00000000000000000000
3.3900000000 0.10140022678944986267 0.00000000000000000000
3.4000000000 0.10127577994747723189 0.00000000000000000000
3.4100000000 0.10115236004720933038 0.00000000000000000000
3.4200000000 0.10102995455773122746 0.00000000000000000000
3.4300000000 0.10090855114748736865 0.00000000000000000000
3.4400000000 0.10078813768043629051 0.00000000000000000000
3.4500000000 0.10066870221229384796 0.00000000000000000000
3.4600000000 0.10055023298685597521 0.00000000000000000000
3.4700000000 0.10043271843240630936 0.00000000000000000000
3.4800000000 0.10031614715820204309 0.00000000000000000000
3.4900000000 0.10020050795103717378 0.00000000000000000000
3.5000000000 0.10008578977188115067 0.00000000000000000000
3.5100000000 0.09997198175259117137 0.00000000000000000000
3.5200000000 0.09985907319269728133 0.00000000000000000000
3.5300000000 0.09974705355625609893 0.00000000000000000000
3.5400000000 0.09963591246877454011 0.00000000000000000000
3.5500000000 0.09952563971419894906 0.00000000000000000000
3.5600000000 0.09941622523197003736 0.00000000000000000000
3.5700000000 0.09930765911414109193 0.00000000000000000000
3.5800000000 0.09919993160255817510 0.00000000000000000000
3.5900000000 0.09909303308610140082 0.00000000000000000000
3.6000000000 0.09898695409798420608 0.00000000000000000000
3.6100000000 0.09888168531311102016 0.00000000000000000000
3.6200000000 0.09877721754549100008 0.00000000000000000000
3.6300000000 0.09867354174570644454 0.00000000000000000000
3.6400000000 0.09857064899843477612 0.00000000000000000000
3.6500000000 0.09846853052002345341 0.00000000000000000000
3.6600000000 0.09836717765611525943 0.00000000000000000000
3.6700000000 0.09826658187932284239 0.00000000000000000000
3.6800000000 0.09816673478695438215 0.00000000000000000000
3.6900000000 0.09806762809878416531 0.00000000000000000000
3.7000000000 0.09796925365486974790 0.00000000000000000000
3.7100000000 0.09787160341341705205 0.00000000000000000000
3.7200000000 0.09777466944868638821 0.00000000000000000000
3.7300000000 0.09767844394894363569 0.00000000000000000000
3.7400000000 0.09758291921445379213 0.00000000000000000000
3.7500000000 0.09748808765551408850 0.00000000000000000000
3.7600000000 0.09739394179052976441 0.00000000000000000000
3.7700000000 0.09730047424412649471 0.00000000000000000000
3.7800000000 0.09720767774530383876 0.00000000000000000000
3.7900000000 0.09711554512562430019 0.00000000000000000000
3.8000000000 0.09702406931744053664 0.00000000000000000000
3.8100000000 0.09693324335215655618 0.00000000000000000000
3.8200000000 0.09684306035852657812 0.00000000000000000000
3.8300000000 0.09675351356098556288 0.00000000000000000000
3.8400000000 0.09666459627801493593 0.00000000000000000000
3.8500000000 0.09657630192053995311 0.00000000000000000000
3.8600000000 0.09648862399035991466 0.00000000000000000000
3.8700000000 0.09640155607860803610 0.00000000000000000000
3.8800000000 0.09631509186424480617 0.00000000000000000000
3.8900000000 0.09622922511257749056 0.00000000000000000000
3.9000000000 0.09614394967381201251 0.00000000000000000000
3.9100000000 0.09605925948163124284 0.00000000000000000000
3.9200000000 0.09597514855180200311 0.00000000000000000000
3.9300000000 0.09589161098080964396 0.00000000000000000000
3.9400000000 0.09580864094451867208 0.00000000000000000000
3.9500000000 0.09572623269685953673 0.00000000000000000000
3.9600000000 0.09564438056854154824 0.00000000000000000000
3.9700000000 0.09556307896579004091 0.00000000000000000000
3.9800000000 0.09548232236910762782 0.00000000000000000000
3.9900000000 0.09540210533206056054 0.00000000000000000000
4.0000000000 0.09532242248008715446 0.00000000000000000000
4.0100000000 0.09524326850933008404 0.00000000000000000000
4.0200000000 0.09516463818548985543 0.00000000000000000000
4.0300000000 0.09508652634270121917 0.00000000000000000000
4.0400000000 0.09500892788243006648 0.00000000000000000000
4.0500000000 0.09493183777239183607 0.00000000000000000000
4.0600000000 0.09485525104549012709 0.00000000000000000000
4.0700000000 0.09477916279877568462 0.00000000000000000000
4.0800000000 0.09470356819242389812 0.00000000000000000000
4.0900000000 0.09462846244873276969 0.00000000000000000000
4.1000000000 0.09455384085113904824 0.00000000000000000000
4.1100000000 0.09447969874325257145 0.00000000000000000000
4.1200000000 0.09440603152790856545 0.00000000000000000000
4.1300000000 0.09433283466623859637 0.00000000000000000000
4.1400000000 0.09426010367675646817 0.00000000000000000000
4.1500000000 0.09418783413446357722 0.00000000000000000000
4.1600000000 0.09411602166996907437 0.00000000000000000000
4.1700000000 0.09404466196862620864 0.00000000000000000000
4.1800000000 0.09397375076968569885 0.00000000000000000000
4.1900000000 0.09390328386546310802 0.00000000000000000000
4.2000000000 0.09383325710052277391 0.00000000000000000000
4.2100000000 0.09376366637087514555 0.00000000000000000000
4.2200000000 0.09369450762318960735 0.00000000000000000000
4.2300000000 0.09362577685402183325 0.00000000000000000000
4.2400000000 0.09355747010905346439 0.00000000000000000000
4.2500000000 0.09348958348234766291 0.00000000000000000000
4.2600000000 0.09342211311561630926 0.00000000000000000000
4.2700000000 0.09335505519750084136 0.00000000000000000000
4.2800000000 0.09328840596286627762 0.00000000000000000000
4.2900000000 0.09322216169210718884 0.00000000000000000000
4.3000000000 0.09315631871046650692 0.00000000000000000000
4.3100000000 0.09309087338736619921 0.00000000000000000000
4.3200000000 0.09302582213574958625 0.00000000000000000000
4.3300000000 0.09296116141143527523 0.00000000000000000000
4.3400000000 0.09289688771248308385 0.00000000000000000000
4.3500000000 0.09283299757856995627 0.00000000000000000000
4.3600000000 0.09276948759037786929 0.00000000000000000000
4.3700000000 0.09270635436899150872 0.00000000000000000000
4.3800000000 0.09264359457530717268 0.00000000000000000000
4.3900000000 0.09258120490945109804 0.00000000000000000000
4.4000000000 0.09251918211020905558 0.00000000000000000000
4.4100000000 0.09245752295446438285 0.00000000000000000000
4.4200000000 0.09239622425664646699 0.00000000000000000000
4.4300000000 0.09233528286818902531 0.00000000000000000000
4.4400000000 0.09227469567699661535 0.00000000000000000000
4.4500000000 0.09221445960692128962 0.00000000000000000000
4.4600000000 0.09215457161724752155 0.00000000000000000000
4.4700000000 0.09209502870218590209 0.00000000000000000000
4.4800000000 0.09203582789037632883 0.00000000000000000000
4.4900000000 0.09197696624439762048 0.00000000000000000000
4.5000000000 0.09191844086028795602 0.00000000000000000000
4.5100000000 0.09186024886707107318 0.00000000000000000000
4.5200000000 0.09180238742629182047 0.00000000000000000000
4.5300000000 0.09174485373155905066 0.00000000000000000000
4.5400000000 0.09168764500809593876 0.00000000000000000000
4.5500000000 0.09163075851229841862 0.00000000000000000000
4.5600000000 0.09157419153129969791 0.00000000000000000000
4.5700000000 0.09151794138254380762 0.00000000000000000000
4.5800000000 0.09146200541336423073 0.00000000000000000000
4.5900000000 0.09140638100057135729 0.00000000000000000000
4.6000000000 0.09135106555004500473 0.00000000000000000000
4.6100000000 0.09129605649633473763 0.00000000000000000000
4.6200000000 0.09124135130226661283 0.00000000000000000000
4.6300000000 0.09118694745855557282 0.00000000000000000000
4.6400000000 0.09113284248342527760 0.00000000000000000000
4.6500000000 0.09107903392223309913 0.00000000000000000000
4.6600000000 0.09102551934710179093 0.00000000000000000000
4.6700000000 0.09097229635655697255 0.00000000000000000000
4.6800000000 0.09091936257517019282 0.00000000000000000000
4.6900000000 0.09086671565320789123 0.00000000000000000000
4.7000000000 0.09081435326628678473 0.00000000000000000000
4.7100000000 0.09076227311503276551 0.00000000000000000000
4.7200000000 0.09071047292474754276 0.00000000000000000000
4.7300000000 0.09065895044507896183 0.00000000000000000000
4.7400000000 0.09060770344969765189 0.00000000000000000000
4.7500000000 0.09055672973597725384 0.00000000000000000000
4.7600000000 0.09050602712468204525 0.00000000000000000000
4.7700000000 0.09045559345965699383 0.00000000000000000000
4.7800000000 0.09040542660752469428 0.00000000000000000000
4.7900000000 0.09035552445738566363 0.00000000000000000000
4.8000000000 0.09030588492052384064 0.00000000000000000000
4.8100000000 0.09025650593011724787 0.00000000000000000000
4.8200000000 0.09020738544095199818 0.00000000000000000000
4.8300000000 0.09015852142914172751 0.00000000000000000000
4.8400000000 0.09010991189185071915 0.00000000000000000000
4.8500000000 0.09006155484702184355 0.00000000000000000000
4.8600000000 0.09001344833310831461 0.00000000000000000000
4.8700000000 0.08996559040880972025 0.00000000000000000000
4.8800000000 0.08991797915281196651 0.00000000000000000000
4.8900000000 0.08987061266353128797 0.00000000000000000000
4.9000000000 0.08982348905886237966 0.00000000000000000000
4.9100000000 0.08977660647592994314 0.00000000000000000000
4.9200000000 0.08972996307084464551 0.00000000000000000000
4.9300000000 0.08968355701846142392 0.00000000000000000000
4.9400000000 0.08963738651214360476 0.00000000000000000000
4.9500000000 0.08959144976352817480 0.00000000000000000000
4.9600000000 0.08954574500229675604 0.00000000000000000000
4.9700000000 0.08950027047594830143 0.00000000000000000000
4.9800000000 0.08945502444957632859 0.00000000000000000000
4.9900000000 0.08941000520564904019 0.00000000000000000000
5.0000000000 0.08936521104379224756 0.00000000000000000000
