0.1000000000 1.61608498622628937724 0.00000000000000000000
0.1100000000 1.57427156245731003636 0.00000000000000000000
0.1200000000 1.53331745857465784333 0.00000000000000000000
0.1300000000 1.49322671337006740444 0.00000000000000000000
0.1400000000 1.45400181634585434765 0.00000000000000000000
0.1500000000 1.41564375057109126388 0.00000000000000000000
0.1600000000 1.37815204240126276680 0.00000000000000000000
0.1700000000 1.34152481728383388138 0.00000000000000000000
0.1800000000 1.30575886084393699704 0.00000000000000000000
0.1900000000 1.27084968443141321792 0.00000000000000000000
0.2000000000 1.23679159431174778838 0.00000000000000000000
0.2100000000 1.20357776369781777071 0.00000000000000000000
0.2200000000 1.17120030684530807008 0.00000000000000000000
0.2300000000 1.13965035447058959939 0.00000000000000000000
0.2400000000 1.10891812979406645390 0.00000000000000000000
0.2500000000 1.07899302456271972694 0.00000000000000000000
0.2600000000 1.04986367446123884939 0.00000000000000000000
0.2700000000 1.02151803337999158572 0.00000000000000000000
0.2800000000 0.99394344606873896719 0.00000000000000000000
0.2900000000 0.96712671876610756261 0.00000000000000000000
0.3000000000 0.94105418745513813583 0.00000000000000000000
0.3100000000 0.91571178345383930086 0.00000000000000000000
0.3200000000 0.89108509610563424452 0.00000000000000000000
0.3300000000 0.86715943238736825638 0.00000000000000000000
0.3400000000 0.84391987330152395952 0.00000000000000000000
0.3500000000 0.82135132696425328103 0.00000000000000000000
0.3600000000 0.79943857834145892749 0.00000000000000000000
0.3700000000 0.77816633562145387515 0.00000000000000000000
0.3800000000 0.75751927324464263247 0.00000000000000000000
0.3900000000 0.73748207163835755029 0.00000000000000000000
0.4000000000 0.71803945372855260132 0.00000000000000000000
0.4100000000 0.69917621831982357250 0.00000000000000000000
0.4200000000 0.68087727045132628856 0.00000000000000000000
0.4300000000 0.66312764884900599061 0.00000000000000000000
0.4400000000 0.64591255060434948909 0.00000000000000000000
0.4500000000 0.62921735321696414811 0.00000000000000000000
0.4600000000 0.61302763414299821232 0.00000000000000000000
0.4700000000 0.59732918799397438647 0.00000000000000000000
0.4800000000 0.58210804153139905637 0.00000000000000000000
0.4900000000 0.56735046660166266186 0.00000000000000000000
0.5000000000 0.55304299115366606365 0.00000000000000000000
0.5100000000 0.53917240847835812279 0.00000000000000000000
0.5200000000 0.52572578480531262368 0.00000000000000000000
0.5300000000 0.51269046538663765045 0.00000000000000000000
0.5400000000 0.50005407919322486521 0.00000000000000000000
0.5500000000 0.48780454234259207347 0.00000000000000000000
0.5600000000 0.47593006037159590882 0.00000000000000000000
0.5700000000 0.46441912946116092886 0.00000000000000000000
0.5800000000 0.45326053671393529143 0.00000000000000000000
0.5900000000 0.44244335957960784222 0.00000000000000000000
0.6000000000 0.43195696451647841441 0.00000000000000000000
0.6100000000 0.42179100497189708774 0.00000000000000000000
0.6200000000 0.41193541875831268806 0.00000000000000000000
0.6300000000 0.40238042489613379260 0.00000000000000000000
0.6400000000 0.39311651998906710359 0.00000000000000000000
0.6500000000 0.38413447419260199345 0.00000000000000000000
0.6600000000 0.37542532683124502091 0.00000000000000000000
0.6700000000 0.36698038171560198872 0.00000000000000000000
0.6800000000 0.35879120220593080370 0.00000000000000000000
0.6900000000 0.35084960606473408751 0.00000000000000000000
0.7000000000 0.34314766013707520553 0.00000000000000000000
0.7100000000 0.33567767489372418721 0.00000000000000000000
0.7200000000 0.32843219886886121373 0.00000000000000000000
0.7300000000 0.32140401302098098313 0.00000000000000000000
0.7400000000 0.31458612504274086064 0.00000000000000000000
0.7500000000 0.30797176364280931526 0.00000000000000000000
0.7600000000 0.30155437282036812174 0.00000000000000000000
0.7700000000 0.29532760615056113940 0.00000000000000000000
0.7800000000 0.28928532109719234944 0.00000000000000000000
0.7900000000 0.28342157336702639148 0.00000000000000000000
0.8000000000 0.27773061131827431192 0.00000000000000000000
0.8100000000 0.27220687043429697693 0.00000000000000000000
0.8200000000 0.26684496787207229174 0.00000000000000000000
0.8300000000 0.26163969709366097227 0.00000000000000000000
0.8400000000 0.25658602258768370419 0.00000000000000000000
0.8500000000 0.25167907468678729632 0.00000000000000000000
0.8600000000 0.24691414448598836273 0.00000000000000000000
0.8700000000 0.24228667886601543136 0.00000000000000000000
0.8800000000 0.23779227562487270653 0.00000000000000000000
0.8900000000 0.23342667872017189290 0.00000000000000000000
0.9000000000 0.22918577362412462239 0.00000000000000000000
0.9100000000 0.22506558279250729604 0.00000000000000000000
0.9200000000 0.22106226124838998515 0.00000000000000000000
0.9300000000 0.21717209228096853724 0.00000000000000000000
0.9400000000 0.21339148325946002971 0.00000000000000000000
0.9500000000 0.20971696156154431834 0.00000000000000000000
0.9600000000 0.20614517061575879375 0.00000000000000000000
0.9700000000 0.20267286605667284016 0.00000000000000000000
0.9800000000 0.19929691199165178173 0.00000000000000000000
0.9900000000 0.19601427737785104277 0.00000000000000000000
1.0000000000 0.19282203250726989707 0.00000000000000000000
1.0100000000 0.18971734559934488873 0.00000000000000000000
1.0200000000 0.18669747949746054450 0.00000000000000000000
1.0300000000 0.18375978846804116862 0.00000000000000000000
1.0400000000 0.18090171510114735898 0.00000000000000000000
1.0500000000 0.17812078730873406873 0.00000000000000000000
1.0600000000 0.17541461541918848543 0.00000000000000000000
1.0700000000 0.17278088936578500645 0.00000000000000000000
1.0800000000 0.17021737596660344027 0.00000000000000000000
1.0900000000 0.16772191629364682774 0.00000000000000000000
1.1000000000 0.16529242312878636434 0.00000000000000000000
1.1100000000 0.16292687850419954043 0.00000000000000000000
1.1200000000 0.16062333132495365540 0.00000000000000000000
1.1300000000 0.15837989507141764234 0.00000000000000000000
1.1400000000 0.15619474557919441060 0.00000000000000000000
1.1500000000 0.15406611889430849027 0.00000000000000000000
1.1600000000 0.15199230920137868361 0.00000000000000000000
1.1700000000 0.14997166682258447623 0.00000000000000000000
1.1800000000 0.14800259628524670141 0.00000000000000000000
1.1900000000 0.14608355445586954091 0.00000000000000000000
1.2000000000 0.14421304873857049289 0.00000000000000000000
1.2100000000 0.14238963533583440246 0.00000000000000000000
1.2200000000 0.14061191756959212640 0.00000000000000000000
1.2300000000 0.13887854426065110447 0.00000000000000000000
1.2400000000 0.13718820816459209588 0.00000000000000000000
1.2500000000 0.13553964446223953910 0.00000000000000000000
1.2600000000 0.13393162930290886115 0.00000000000000000000
1.2700000000 0.13236297839864993864 0.00000000000000000000
1.2800000000 0.13083254566778021455 0.00000000000000000000
1.2900000000 0.12933922192601987611 0.00000000000000000000
1.3000000000 0.12788193362362607064 0.00000000000000000000
1.3100000000 0.12645964162692596711 0.00000000000000000000
1.3200000000 0.12507134004274395034 0.00000000000000000000
1.3300000000 0.12371605508421870678 0.00000000000000000000
1.3400000000 0.12239284397658788117 0.00000000000000000000
1.3500000000 0.12110079390153524748 0.00000000000000000000
1.3600000000 0.11983902097876601711 0.00000000000000000000
1.3700000000 0.11860666928348623239 0.00000000000000000000
1.3800000000 0.11740290989854032522 0.00000000000000000000
1.3900000000 0.11622693999997202319 0.00000000000000000000
1.4000000000 0.11507798197482675684 0.00000000000000000000
1.4100000000 0.11395528257006627693 0.00000000000000000000
1.4200000000 0.11285811207146743962 0.00000000000000000000
1.4300000000 0.11178576351146013446 0.00000000000000000000
1.4400000000 0.11073755190485744249 0.00000000000000000000
1.4500000000 0.10971281351148946814 0.00000000000000000000
1.4600000000 0.10871090512477520063 0.00000000000000000000
1.4700000000 0.10773120338530829676 0.00000000000000000000
1.4800000000 0.10677310411855252259 0.00000000000000000000
1.4900000000 0.10583602169579012231 0.00000000000000000000
1.5000000000 0.10491938841748445210 0.00000000000000000000
1.5100000000 0.10402265391825037122 0.00000000000000000000
1.5200000000 0.10314528459265678850 0.00000000000000000000
1.5300000000 0.10228676304111250506 0.00000000000000000000
1.5400000000 0.10144658753511183458 0.00000000000000000000
1.5500000000 0.10062427150114532093 0.00000000000000000000
1.5600000000 0.09981934302259784508 0.00000000000000000000
1.5700000000 0.09903134435899559052 0.00000000000000000000
1.5800000000 0.09825983148196484884 0.00000000000000000000
1.5900000000 0.09750437362731669000 0.00000000000000000000
1.6000000000 0.09676455286266165412 0.00000000000000000000
1.6100000000 0.09603996367000480761 0.00000000000000000000
1.6200000000 0.09533021254278049861 0.00000000000000000000
1.6300000000 0.09463491759680585369 0.00000000000000000000
1.6400000000 0.09395370819465345691 0.00000000000000000000
1.6500000000 0.09328622458295963982 0.00000000000000000000
1.6600000000 0.09263211754220962435 0.00000000000000000000
1.6700000000 0.09199104804854189854 0.00000000000000000000
1.6800000000 0.09136268694715160565 0.00000000000000000000
1.6900000000 0.09074671463686757866 0.00000000000000000000
1.7000000000 0.09014282076550909906 0.00000000000000000000
1.7100000000 0.08955070393563624442 0.00000000000000000000
1.7200000000 0.08897007142031797267 0.00000000000000000000
1.7300000000 0.08840063888856515562 0.00000000000000000000
1.7400000000 0.08784213014008204756 0.00000000000000000000
1.7500000000 0.08729427684900040174 0.00000000000000000000
1.7600000000 0.08675681831628420659 0.00000000000000000000
1.7700000000 0.08622950123048826743 0.00000000000000000000
1.7800000000 0.08571207943658036565 0.00000000000000000000
1.7900000000 0.08520431371253446573 0.00000000000000000000
1.8000000000 0.08470597155343069506 0.00000000000000000000
1.8100000000 0.08421682696277858760 0.00000000000000000000
1.8200000000 0.08373666025082754372 0.00000000000000000000
1.8300000000 0.08326525783960464500 0.00000000000000000000
1.8400000000 0.08280241207444681562 0.00000000000000000000
1.8500000000 0.08234792104180109484 0.00000000000000000000
1.8600000000 0.08190158839306704852 0.00000000000000000000
1.8700000000 0.08146322317427544257 0.00000000000000000000
1.8800000000 0.08103263966139281904 0.00000000000000000000
1.8900000000 0.08060965720106112731 0.00000000000000000000
1.9000000000 0.08019410005657411078 0.00000000000000000000
1.9100000000 0.07978579725891803143 0.00000000000000000000
1.9200000000 0.07938458246269058938 0.00000000000000000000
1.9300000000 0.07899029380673533440 0.00000000000000000000
1.9400000000 0.07860277377932264886 0.00000000000000000000
1.9500000000 0.07822186908772475744 0.00000000000000000000
1.9600000000 0.07784743053202701490 0.00000000000000000000
1.9700000000 0.07747931288303464004 0.00000000000000000000
1.9800000000 0.07711737476412694470 0.00000000000000000000
1.9900000000 0.07676147853693225664 0.00000000000000000000
2.0000000000 0.07641149019068160797 0.00000000000000000000
2.0100000000 0.07606727923512485168 0.00000000000000000000
2.0200000000 0.07572871859687776985 0.00000000000000000000
2.0300000000 0.07539568451909070546 0.00000000000000000000
2.0400000000 0.07506805646432189449 0.00000000000000000000
2.0500000000 0.07474571702050422650 0.00000000000000000000
2.0600000000 0.07442855180990370911 0.00000000000000000000
2.0700000000 0.07411644940096799583 0.00000000000000000000
2.0800000000 0.07380930122296304463 0.00000000000000000000
2.0900000000 0.07350700148330799322 0.00000000000000000000
2.1000000000 0.07320944708751445096 0.00000000000000000000
2.1100000000 0.07291653756164385991 0.00000000000000000000
2.1200000000 0.07262817497719764592 0.00000000000000000000
2.1300000000 0.07234426387835823924 0.00000000000000000000
2.1400000000 0.07206471121150127834 0.00000000000000000000
2.1500000000 0.07178942625690661050 0.00000000000000000000
2.1600000000 0.07151832056259009585 0.00000000000000000000
2.1700000000 0.07125130788018768646 0.00000000000000000000
2.1800000000 0.07098830410282484793 0.00000000000000000000
2.1900000000 0.07072922720490260051 0.00000000000000000000
2.2000000000 0.07047399718373933974 0.00000000000000000000
2.2100000000 0.07022253600300459864 0.00000000000000000000
2.2200000000 0.06997476753788742232 0.00000000000000000000
2.2300000000 0.06973061752194258112 0.00000000000000000000
2.2400000000 0.06949001349555655738 0.00000000000000000000
2.2500000000 0.06925288475598397053 0.00000000000000000000
2.2600000000 0.06901916230890152437 0.00000000000000000000
2.2700000000 0.06878877882142730993 0.00000000000000000000
2.2800000000 0.06856166857656303959 0.00000000000000000000
2.2900000000 0.06833776742900729562 0.00000000000000000000
2.3000000000 0.06811701276229972790 0.00000000000000000000
2.3100000000 0.06789934344725075122 0.00000000000000000000
2.3200000000 0.06768469980161538613 0.00000000000000000000
2.3300000000 0.06747302355097165028 0.00000000000000000000
2.3400000000 0.06726425779076465605 0.00000000000000000000
2.3500000000 0.06705834694947836183 0.00000000000000000000
2.3600000000 0.06685523675289961609 0.00000000000000000000
2.3700000000 0.06665487418943906450 0.00000000000000000000
2.3800000000 0.06645720747647552995 0.00000000000000000000
2.3900000000 0.06626218602769037846 0.00000000000000000000
2.4000000000 0.06606976042136229743 0.00000000000000000000
2.4100000000 0.06587988236958866595 0.00000000000000000000
2.4200000000 0.06569250468840864832 0.00000000000000000000
2.4300000000 0.06550758126879578647 0.00000000000000000000
2.4400000000 0.06532506704849391777 0.00000000000000000000
2.4500000000 0.06514491798467106354 0.00000000000000000000
2.4600000000 0.06496709102736403230 0.00000000000000000000
2.4700000000 0.06479154409368802214 0.00000000000000000000
2.4800000000 0.06461823604279211264 0.00000000000000000000
2.4900000000 0.06444712665153122522 0.00000000000000000000
2.5000000000 0.06427817659083641388 0.00000000000000000000
2.5100000000 0.06411134740275926946 0.00000000000000000000
2.5200000000 0.06394660147817342322 0.00000000000000000000
2.5300000000 0.06378390203510614365 0.00000000000000000000
2.5400000000 0.06362321309768928512 0.00000000000000000000
2.5500000000 0.06346449947570190209 0.00000000000000000000
2.5600000000 0.06330772674469263561 0.00000000000000000000
2.5700000000 0.06315286122666068092 0.00000000000000000000
2.5800000000 0.06299986997128052824 0.00000000000000000000
2.5900000000 0.06284872073765074285 0.00000000000000000000
2.6000000000 0.06269938197655558487 0.00000000000000000000
2.6100000000 0.06255182281321830517 0.00000000000000000000
2.6200000000 0.06240601303053600751 0.00000000000000000000
2.6300000000 0.06226192305277854222 0.00000000000000000000
2.6400000000 0.06211952392973835169 0.00000000000000000000
2.6500000000 0.06197878732131876373 0.00000000000000000000
2.6600000000 0.06183968548254559217 0.00000000000000000000
2.6700000000 0.06170219124898976282 0.00000000000000000000
2.6800000000 0.06156627802259104221 0.00000000000000000000
2.6900000000 0.06143191975786765902 0.00000000000000000000
2.7000000000 0.06129909094850145151 0.00000000000000000000
2.7100000000 0.06116776661428923595 0.00000000000000000000
2.7200000000 0.06103792228844640705 0.00000000000000000000
2.7300000000 0.06090953400525427053 0.00000000000000000000
2.7400000000 0.06078257828804145557 0.00000000000000000000
2.7500000000 0.06065703213748722955 0.00000000000000000000
2.7600000000 0.06053287302024031036 0.00000000000000000000
2.7700000000 0.06041007885784122067 0.00000000000000000000
2.7800000000 0.06028862801594060683 0.00000000000000000000
2.7900000000 0.06016849929380518186 0.00000000000000000000
2.8000000000 0.06004967191410202909 0.00000000000000000000
2.8100000000 0.05993212551295359902 0.00000000000000000000
2.8200000000 0.05981584013025548902 0.00000000000000000000
2.8300000000 0.05970079620025010164 0.00000000000000000000
2.8400000000 0.05958697454234757745 0.00000000000000000000
2.8500000000 0.05947435635218647348 0.00000000000000000000
2.8600000000 0.05936292319293089842 0.00000000000000000000
2.8700000000 0.05925265698679164222 0.00000000000000000000
2.8800000000 0.05914354000677061324 0.00000000000000000000
2.8900000000 0.05903555486861777890 0.00000000000000000000
2.9000000000 0.05892868452299672433 0.00000000000000000000
2.9100000000 0.05882291224785329842 0.00000000000000000000
2.9200000000 0.05871822164098006169 0.00000000000000000000
2.9300000000 0.05861459661277113736 0.00000000000000000000
2.9400000000 0.05851202137916423907 0.00000000000000000000
2.9500000000 0.05841048045476250616 0.00000000000000000000
2.9600000000 0.05830995864613060242 0.00000000000000000000
2.9700000000 0.05821044104526225393 0.00000000000000000000
2.9800000000 0.05811191302321370988 0.00000000000000000000
2.9900000000 0.05801436022389722114 0.00000000000000000000
3.0000000000 0.05791776855803132396 0.00000000000000000000
3.0100000000 0.05782212419724461205 0.00000000000000000000
3.0200000000 0.05772741356832532256 0.00000000000000000000
3.0300000000 0.05763362334761638200 0.00000000000000000000
3.0400000000 0.05754074045554969513 0.00000000000000000000
3.0500000000 0.05744875205131694945 0.00000000000000000000
3.0600000000 0.05735764552767217556 0.00000000000000000000
3.0700000000 0.05726740850586369697 0.00000000000000000000
3.0800000000 0.05717802883069060538 0.00000000000000000000
3.0900000000 0.05708949456568098574 0.00000000000000000000
3.1000000000 0.05700179398838969846 0.00000000000000000000
3.1100000000 0.05691491558581004973 0.00000000000000000000
3.1200000000 0.05682884804989828120 0.00000000000000000000
3.1300000000 0.05674358027320728498 0.00000000000000000000
3.1400000000 0.05665910134462539410 0.00000000000000000000
3.1500000000 0.05657540054522066514 0.00000000000000000000
3.1600000000 0.05649246734418306159 0.00000000000000000000
3.1700000000 0.05641029139486628680 0.00000000000000000000
3.1800000000 0.05632886253092438816 0.00000000000000000000
3.1900000000 0.05624817076254065573 0.00000000000000000000
3.2000000000 0.05616820627274749650 0.00000000000000000000
3.2100000000 0.05608895941383296863 0.00000000000000000000
3.2200000000 0.05601042070383444732 0.00000000000000000000
3.2300000000 0.05593258082311395457 0.00000000000000000000
3.2400000000 0.05585543061101554130 0.00000000000000000000
3.2500000000 0.05577896106260102349 0.00000000000000000000
3.2600000000 0.05570316332546330906 0.00000000000000000000
3.2700000000 0.05562802869661367250 0.00000000000000000000
3.2800000000 0.05555354861944284545 0.00000000000000000000
3.2900000000 0.05547971468075202361 0.00000000000000000000
3.3000000000 0.05540651860785406752 0.00000000000000000000
3.3100000000 0.05533395226574161496 0.00000000000000000000
3.3200000000 0.05526200765432074530 0.00000000000000000000
3.3300000000 0.05519067690570852308 0.00000000000000000000
3.3400000000 0.05511995228159331794 0.00000000000000000000
3.3500000000 0.05504982617065531242 0.00000000000000000000
3.3600000000 0.05498029108604585158 0.00000000000000000000
3.3700000000 0.05491133966292596064 0.00000000000000000000
3.3800000000 0.05484296465605859733 0.00000000000000000000
3.3900000000 0.05477515893745805997 0.00000000000000000000
3.4000000000 0.05470791549409079885 0.00000000000000000000
3.4100000000 0.05464122742562976809 0.00000000000000000000
3.4200000000 0.05457508794225800902 0.00000000000000000000
3.4300000000 0.05450949036252296376 0.00000000000000000000
3.4400000000 0.05444442811123783449 0.00000000000000000000
3.4500000000 0.05437989471743079339 0.00000000000000000000
3.4600000000 0.05431588381233942026 0.00000000000000000000
3.4700000000 0.05425238912744988207 0.00000000000000000000
3.4800000000 0.05418940449257955011 0.00000000000000000000
3.4900000000 0.05412692383400267288 0.00000000000000000000
3.5000000000 0.05406494117261612109 0.00000000000000000000
3.5100000000 0.05400345062214716857 0.00000000000000000000
3.5200000000 0.05394244638739932596 0.00000000000000000000
3.5300000000 0.05388192276253727514 0.00000000000000000000
3.5400000000 0.05382187412940901000 0.00000000000000000000
3.5500000000 0.05376229495590417740 0.00000000000000000000
3.5600000000 0.05370317979434930528 0.00000000000000000000
3.5700000000 0.05364452327993605302 0.00000000000000000000
3.5800000000 0.05358632012918469745 0.00000000000000000000
3.5900000000 0.05352856513844054392 0.00000000000000000000
3.6000000000 0.05347125318240213837 0.00000000000000000000
3.6100000000 0.05341437921268131495 0.00000000000000000000
3.6200000000 0.05335793825639453813 0.00000000000000000000
3.6300000000 0.05330192541478288165 0.00000000000000000000
3.6400000000 0.05324633586186298256 0.00000000000000000000
3.6500000000 0.05319116484310555670 0.00000000000000000000
3.6600000000 0.05313640767414190558 0.00000000000000000000
3.6700000000 0.05308205973949833151 0.00000000000000000000
3.6800000000 0.05302811649135642097 0.00000000000000000000
3.6900000000 0.05297457344834007736 0.00000000000000000000
3.7000000000 0.05292142619432659012 0.00000000000000000000
3.7100000000 0.05286867037728466834 0.00000000000000000000
3.7200000000 0.05281630170813412378 0.00000000000000000000
3.7300000000 0.05276431595963154003 0.00000000000000000000
3.7400000000 0.05271270896527726485 0.00000000000000000000
3.7500000000 0.05266147661824569642 0.00000000000000000000
3.7600000000 0.05261061487033753814 0.00000000000000000000
3.7700000000 0.05256011973095374434 0.00000000000000000000
3.7800000000 0.05250998726608994277 0.00000000000000000000
3.7900000000 0.05246021359735170836 0.00000000000000000000
3.8000000000 0.05241079490098989740 0.00000000000000000000
3.8100000000 0.05236172740695536204 0.00000000000000000000
3.8200000000 0.05231300739797331567 0.00000000000000000000
3.8300000000 0.05226463120863537870 0.00000000000000000000
3.8400000000 0.05221659522451126134 0.00000000000000000000
3.8500000000 0.05216889588127691935 0.00000000000000000000
3.8600000000 0.05212152966386133374 0.00000000000000000000
3.8700000000 0.05207449310560931938 0.00000000000000000000
3.8800000000 0.05202778278746184037 0.00000000000000000000
3.8900000000 0.05198139533715218086 0.00000000000000000000
3.9000000000 0.05193532742841816541 0.00000000000000000000
3.9100000000 0.05188957578022955486 0.00000000000000000000
3.9200000000 0.05184413715603160278 0.00000000000000000000
3.9300000000 0.05179900836300244810 0.00000000000000000000
3.9400000000 0.05175418625132543332 0.00000000000000000000
3.9500000000 0.05170966771347623031 0.00000000000000000000
3.9600000000 0.05166544968352263650 0.00000000000000000000
3.9700000000 0.05162152913643928975 0.00000000000000000000
3.9800000000 0.05157790308743483154 0.00000000000000000000
3.9900000000 0.05153456859129199041 0.00000000000000000000
4.0000000000 0.05149152274172143218 0.00000000000000000000
4.0100000000 0.05144876267072646947 0.00000000000000000000
4.0200000000 0.05140628554798166300 0.00000000000000000000
4.0300000000 0.05136408858022169927 0.00000000000000000000
4.0400000000 0.05132216901064324405 0.00000000000000000000
4.0500000000 0.05128052411831702379 0.00000000000000000000
4.0600000000 0.05123915121761226515 0.00000000000000000000
4.0700000000 0.05119804765763096704 0.00000000000000000000
4.0800000000 0.05115721082165358702 0.00000000000000000000
4.0900000000 0.05111663812659460182 0.00000000000000000000
4.1000000000 0.05107632702246860806 0.00000000000000000000
4.1100000000 0.05103627499186662309 0.00000000000000000000
4.1200000000 0.05099647954944140638 0.00000000000000000000
4.1300000000 0.05095693824140345302 0.00000000000000000000
4.1400000000 0.05091764864502531379 0.00000000000000000000
4.1500000000 0.05087860836815553955 0.00000000000000000000
4.1600000000 0.05083981504874196533 0.00000000000000000000
4.1700000000 0.05080126635436316845 0.00000000000000000000
4.1800000000 0.05076295998176860030 0.00000000000000000000
4.1900000000 0.05072489365642766923 0.00000000000000000000
4.2000000000 0.05068706513208674075 0.00000000000000000000
4.2100000000 0.05064947219033369419 0.00000000000000000000
4.2200000000 0.05061211264017161093 0.00000000000000000000
4.2300000000 0.05057498431759879787 0.00000000000000000000
4.2400000000 0.05053808508519772730 0.00000000000000000000
4.2500000000 0.05050141283173022883 0.00000000000000000000
4.2600000000 0.05046496547174074421 0.00000000000000000000
4.2700000000 0.05042874094516649336 0.00000000000000000000
4.2800000000 0.05039273721695443353 0.00000000000000000000
4.2900000000 0.05035695227668517127 0.00000000000000000000
4.3000000000 0.05032138413820366057 0.00000000000000000000
4.3100000000 0.05028603083925638206 0.00000000000000000000
4.3200000000 0.05025089044113516951 0.00000000000000000000
4.3300000000 0.05021596102832655284 0.00000000000000000000
4.3400000000 0.05018124070816833149 0.00000000000000000000
4.3500000000 0.05014672761051149064 0.00000000000000000000
4.3600000000 0.05011241988738824454 0.00000000000000000000
4.3700000000 0.05007831571268580445 0.00000000000000000000
4.3800000000 0.05004441328182619025 0.00000000000000000000
4.3900000000 0.05001071081145087860 0.00000000000000000000
4.4000000000 0.04997720653911150862 0.00000000000000000000
4.4100000000 0.04994389872296622901 0.00000000000000000000
4.4200000000 0.04991078564148008351 0.00000000000000000000
4.4300000000 0.04987786559313195367 0.00000000000000000000
4.4400000000 0.04984513689612537352 0.00000000000000000000
4.4500000000 0.04981259788810529082 0.00000000000000000000
4.4600000000 0.04978024692587882521 0.00000000000000000000
4.4700000000 0.04974808238514125819 0.00000000000000000000
4.4800000000 0.04971610266020658198 0.00000000000000000000
4.4900000000 0.04968430616374245462 0.00000000000000000000
4.5000000000 0.04965269132650999145 0.00000000000000000000
4.5100000000 0.04962125659710758807 0.00000000000000000000
4.5200000000 0.04959000044171904542 0.00000000000000000000
4.5300000000 0.04955892134386623293 0.00000000000000000000
4.5400000000 0.04952801780416574845 0.00000000000000000000
4.5500000000 0.04949728834008923495 0.00000000000000000000
4.5600000000 0.04946673148572864470 0.00000000000000000000
4.5700000000 0.04943634579156421655 0.00000000000000000000
4.5800000000 0.04940612982423713689 0.00000000000000000000
4.5900000000 0.04937608216632579511 0.00000000000000000000
4.6000000000 0.04934620141612532096 0.00000000000000000000
4.6100000000 0.04931648618743139645 0.00000000000000000000
4.6200000000 0.04928693510932695421 0.00000000000000000000
4.6300000000 0.04925754682597286577 0.00000000000000000000
4.6400000000 0.04922831999640175232 0.00000000000000000000
4.6500000000 0.04919925329431527189 0.00000000000000000000
4.6600000000 0.04917034540788462610 0.00000000000000000000
4.6700000000 0.04914159503955441849 0.00000000000000000000
4.6800000000 0.04911300090584952427 0.00000000000000000000
4.6900000000 0.04908456173718503401 0.00000000000000000000
4.7000000000 0.04905627627767970150 0.00000000000000000000
4.7100000000 0.04902814328497152874 0.00000000000000000000
4.7200000000 0.04900016153003729225 0.00000000000000000000
4.7300000000 0.04897232979701407474 0.00000000000000000000
4.7400000000 0.04894464688302430089 0.00000000000000000000
4.7500000000 0.04891711159800302133 0.00000000000000000000
4.7600000000 0.04888972276452833998 0.00000000000000000000
4.7700000000 0.04886247921765432545 0.00000000000000000000
4.7800000000 0.04883537980474644824 0.00000000000000000000
4.7900000000 0.04880842338531981434 0.00000000000000000000
4.8000000000 0.04878160883087996613 0.00000000000000000000
4.8100000000 0.04875493502476582752 0.00000000000000000000
4.8200000000 0.04872840086199545229 0.00000000000000000000
4.8300000000 0.04870200524911406231 0.00000000000000000000
4.8400000000 0.04867574710404427157 0.00000000000000000000
4.8500000000 0.04864962535593903015 0.00000000000000000000
4.8600000000 0.04862363894503626827 0.00000000000000000000
4.8700000000 0.04859778682251639226 0.00000000000000000000
4.8800000000 0.04857206795036148744 0.00000000000000000000
4.8900000000 0.04854648130121689414 0.00000000000000000000
4.9000000000 0.04852102585825492781 0.00000000000000000000
4.9100000000 0.04849570061504067386 0.00000000000000000000
4.9200000000 0.04847050457539947566 0.00000000000000000000
4.9300000000 0.04844543675328703836 0.00000000000000000000
4.9400000000 0.04842049617266121209 0.00000000000000000000
4.9500000000 0.04839568186735525301 0.00000000000000000000
4.9600000000 0.04837099288095404737 0.00000000000000000000
4.9700000000 0.04834642826667096688 0.00000000000000000000
4.9800000000 0.04832198708722768021 0.00000000000000000000
4.9900000000 0.04829766841473499828 0.00000000000000000000
5.0000000000 0.04827347133057578732 0.00000000000000000000
