0.1000000000 1.89458935701734509927 0.00000000000000000000
0.1100000000 1.82557211792874651834 0.00000000000000000000
0.1200000000 1.75968936457516145211 0.00000000000000000000
0.1300000000 1.69682077514920592876 0.00000000000000000000
0.1400000000 1.63683913319669471775 0.00000000000000000000
0.1500000000 1.57961306275564572488 0.00000000000000000000
0.1600000000 1.52500944297579921205 0.00000000000000000000
0.1700000000 1.47289547404168708056 0.00000000000000000000
0.1800000000 1.42314038850134494396 0.00000000000000000000
0.1900000000 1.37561681962159720882 0.00000000000000000000
0.2000000000 1.33020185105903054890 0.00000000000000000000
0.2100000000 1.28677778032481748838 0.00000000000000000000
0.2200000000 1.24523263288226870849 0.00000000000000000000
0.2300000000 1.20546046502331072325 0.00000000000000000000
0.2400000000 1.16736149270681077716 0.00000000000000000000
0.2500000000 1.13084208102234384796 0.00000000000000000000
0.2600000000 1.09581462547228536408 0.00000000000000000000
0.2700000000 1.06219735232281164983 0.00000000000000000000
0.2800000000 1.02991406121847517419 0.00000000000000000000
0.2900000000 0.99889382933507964157 0.00000000000000000000
0.3000000000 0.96907069272154777728 0.00000000000000000000
0.3100000000 0.94038331724312096416 0.00000000000000000000
0.3200000000 0.91277466872337842396 0.00000000000000000000
0.3300000000 0.88619168949273530167 0.00000000000000000000
0.3400000000 0.86058498656433901619 0.00000000000000000000
0.3500000000 0.83590853503843709493 0.00000000000000000000
0.3600000000 0.81211939904061614115 0.00000000000000000000
0.3700000000 0.78917747148287553660 0.00000000000000000000
0.3800000000 0.76704523315581485399 0.00000000000000000000
0.3900000000 0.74568753107488539023 0.00000000000000000000
0.4000000000 0.72507137557768397418 0.00000000000000000000
0.4100000000 0.70516575537110515182 0.00000000000000000000
0.4200000000 0.68594146953006296386 0.00000000000000000000
0.4300000000 0.66737097533092704094 0.00000000000000000000
0.4400000000 0.64942825074419374687 0.00000000000000000000
0.4500000000 0.63208867039720473269 0.00000000000000000000
0.4600000000 0.61532889383668043504 0.00000000000000000000
0.4700000000 0.59912676496291583650 0.00000000000000000000
0.4800000000 0.58346122156512314483 0.00000000000000000000
0.4900000000 0.56831221395472331093 0.00000000000000000000
0.5000000000 0.55366063176603708129 0.00000000000000000000
0.5100000000 0.53948823806847157059 0.00000000000000000000
0.5200000000 0.52577761000843448169 0.00000000000000000000
0.5300000000 0.51251208527131941750 0.00000000000000000000
0.5400000000 0.49967571372254071527 0.00000000000000000000
0.5500000000 0.48725321365132051588 0.00000000000000000000
0.5600000000 0.47522993210101061035 0.00000000000000000000
0.5700000000 0.46359180882517930788 0.00000000000000000000
0.5800000000 0.45232534345943037346 0.00000000000000000000
0.5900000000 0.44141756554498290388 0.00000000000000000000
0.6000000000 0.43085600708170307405 0.00000000000000000000
0.6100000000 0.42062867732579151125 0.00000000000000000000
0.6200000000 0.41072403958082426279 0.00000000000000000000
0.6300000000 0.40113098976088451542 0.00000000000000000000
0.6400000000 0.39183883653110834766 0.00000000000000000000
0.6500000000 0.38283728285461104957 0.00000000000000000000
0.6600000000 0.37411640879567925611 0.00000000000000000000
0.6700000000 0.36566665544751253414 0.00000000000000000000
0.6800000000 0.35747880986910063328 0.00000000000000000000
0.6900000000 0.34954399093000088072 0.00000000000000000000
0.7000000000 0.34185363597437096184 0.00000000000000000000
0.7100000000 0.33439948822650533700 0.00000000000000000000
0.7200000000 0.32717358486975312015 0.00000000000000000000
0.7300000000 0.32016824573900343198 0.00000000000000000000
0.7400000000 0.31337606257426187106 0.00000000000000000000
0.7500000000 0.30678988878916818583 0.00000000000000000000
0.7600000000 0.30040282971380716237 0.00000000000000000000
0.7700000000 0.29420823327602341202 0.00000000000000000000
0.7800000000 0.28819968108956994790 0.00000000000000000000
0.7900000000 0.28237097992105691935 0.00000000000000000000
0.8000000000 0.27671615351081219059 0.00000000000000000000
0.8100000000 0.27122943472549104760 0.00000000000000000000
0.8200000000 0.26590525802261022470 0.00000000000000000000
0.8300000000 0.26073825220928509294 0.00000000000000000000
0.8400000000 0.25572323347913167302 0.00000000000000000000
0.8500000000 0.25085519871291422911 0.00000000000000000000
0.8600000000 0.24612931902985693555 0.00000000000000000000
0.8700000000 0.24154093357760883509 0.00000000000000000000
0.8800000000 0.23708554355001137948 0.00000000000000000000
0.8900000000 0.23275880642248911179 0.00000000000000000000
0.9000000000 0.22855653039590634323 0.00000000000000000000
0.9100000000 0.22447466904020688117 0.00000000000000000000
0.9200000000 0.22050931612974336571 0.00000000000000000000
0.9300000000 0.21665670066293593599 0.00000000000000000000
0.9400000000 0.21291318205906059613 0.00000000000000000000
0.9500000000 0.20927524552561527216 0.00000000000000000000
0.9600000000 0.20573949758990653369 0.00000000000000000000
0.9700000000 0.20230266178892930551 0.00000000000000000000
0.9800000000 0.19896157451182563958 0.00000000000000000000
0.9900000000 0.19571318098978873756 0.00000000000000000000
1.0000000000 0.19255453142696921098 0.00000000000000000000
1.0100000000 0.18948277727057372122 0.00000000000000000000
1.0200000000 0.18649516761107506890 0.00000000000000000000
1.0300000000 0.18358904571045164822 0.00000000000000000000
1.0400000000 0.18076184565518868541 0.00000000000000000000
1.0500000000 0.17801108912700491782 0.00000000000000000000
1.0600000000 0.17533438228892644917 0.00000000000000000000
1.0700000000 0.17272941278243109098 0.00000000000000000000
1.0800000000 0.17019394683171043536 0.00000000000000000000
1.0900000000 0.16772582645147274261 0.00000000000000000000
1.1000000000 0.16532296675463795110 0.00000000000000000000
1.1100000000 0.16298335335654115519 0.00000000000000000000
1.1200000000 0.16070503987225465137 0.00000000000000000000
1.1300000000 0.15848614550380488164 0.00000000000000000000
1.1400000000 0.15632485271417537187 0.00000000000000000000
1.1500000000 0.15421940498503611261 0.00000000000000000000
1.1600000000 0.15216810465529509444 0.00000000000000000000
1.1700000000 0.15016931083761675403 0.00000000000000000000
1.1800000000 0.14822143741017321239 0.00000000000000000000
1.1900000000 0.14632295108096229908 0.00000000000000000000
1.2000000000 0.14447236952214803640 0.00000000000000000000
1.2100000000 0.14266825957189166463 0.00000000000000000000
1.2200000000 0.14090923550131417841 0.00000000000000000000
1.2300000000 0.13919395734423650746 0.00000000000000000000
1.2400000000 0.13752112928747559084 0.00000000000000000000
1.2500000000 0.13588949811948825008 0.00000000000000000000
1.2600000000 0.13429785173530028874 0.00000000000000000000
1.2700000000 0.13274501769566079967 0.00000000000000000000
1.2800000000 0.13122986183848225905 0.00000000000000000000
1.2900000000 0.12975128694065990453 0.00000000000000000000
1.3000000000 0.12830823142845160234 0.00000000000000000000
1.3100000000 0.12689966813464334527 0.00000000000000000000
1.3200000000 0.12552460310080237882 0.00000000000000000000
1.3300000000 0.12418207442296393117 0.00000000000000000000
1.3400000000 0.12287115113917912446 0.00000000000000000000
1.3500000000 0.12159093215737455662 0.00000000000000000000
1.3600000000 0.12034054522205628324 0.00000000000000000000
1.3700000000 0.11911914591842742706 0.00000000000000000000
1.3800000000 0.11792591671255427122 0.00000000000000000000
1.3900000000 0.11676006602623310859 0.00000000000000000000
1.4000000000 0.11562082734530895745 0.00000000000000000000
1.4100000000 0.11450745836018834389 0.00000000000000000000
1.4200000000 0.11341924013737461618 0.00000000000000000000
1.4300000000 0.11235547632087086733 0.00000000000000000000
1.4400000000 0.11131549236235269151 0.00000000000000000000
1.4500000000 0.11029863477905120506 0.00000000000000000000
1.4600000000 0.10930427043831089651 0.00000000000000000000
1.4700000000 0.10833178586784758535 0.00000000000000000000
1.4800000000 0.10738058659074990742 0.00000000000000000000
1.4900000000 0.10645009648430926730 0.00000000000000000000
1.5000000000 0.10553975716180066802 0.00000000000000000000
1.5100000000 0.10464902737635928265 0.00000000000000000000
1.5200000000 0.10377738244614516383 0.00000000000000000000
1.5300000000 0.10292431369999252566 0.00000000000000000000
1.5400000000 0.10208932794280956013 0.00000000000000000000
1.5500000000 0.10127194693997200459 0.00000000000000000000
1.5600000000 0.10047170692003219716 0.00000000000000000000
1.5700000000 0.09968815809505306158 0.00000000000000000000
1.5800000000 0.09892086419791751295 0.00000000000000000000
1.5900000000 0.09816940203599590353 0.00000000000000000000
1.6000000000 0.09743336106055708323 0.00000000000000000000
1.6100000000 0.09671234295134852055 0.00000000000000000000
1.6200000000 0.09600596121578894304 0.00000000000000000000
1.6300000000 0.09531384080222880806 0.00000000000000000000
1.6400000000 0.09463561772676859496 0.00000000000000000000
1.6500000000 0.09397093871313125235 0.00000000000000000000
1.6600000000 0.09331946084511522077 0.00000000000000000000
1.6700000000 0.09268085123115879509 0.00000000000000000000
1.6800000000 0.09205478668058054981 0.00000000000000000000
1.6900000000 0.09144095339106461662 0.00000000000000000000
1.7000000000 0.09083904664697788067 0.00000000000000000000
1.7100000000 0.09024877052812606271 0.00000000000000000000
1.7200000000 0.08966983762856906015 0.00000000000000000000
1.7300000000 0.08910196878512674501 0.00000000000000000000
1.7400000000 0.08854489281522104349 0.00000000000000000000
1.7500000000 0.08799834626372128599 0.00000000000000000000
1.7600000000 0.08746207315846013519 0.00000000000000000000
1.7700000000 0.08693582477410809195 0.00000000000000000000
1.7800000000 0.08641935940410294670 0.00000000000000000000
1.7900000000 0.08591244214034661486 0.00000000000000000000
1.8000000000 0.08541484466038472279 0.00000000000000000000
1.8100000000 0.08492634502180079759 0.00000000000000000000
1.8200000000 0.08444672746356622628 0.00000000000000000000
1.8300000000 0.08397578221409779387 0.00000000000000000000
1.8400000000 0.08351330530577555367 0.00000000000000000000
1.8500000000 0.08305909839569967923 0.00000000000000000000
1.8600000000 0.08261296859245190194 0.00000000000000000000
1.8700000000 0.08217472828866034806 0.00000000000000000000
1.8800000000 0.08174419499914574450 0.00000000000000000000
1.8900000000 0.08132119120446548721 0.00000000000000000000
1.9000000000 0.08090554419965263755 0.00000000000000000000
1.9100000000 0.08049708594797111427 0.00000000000000000000
1.9200000000 0.08009565293950957066 0.00000000000000000000
1.9300000000 0.07970108605444027605 0.00000000000000000000
1.9400000000 0.07931323043078046531 0.00000000000000000000
1.9500000000 0.07893193533649928151 0.00000000000000000000
1.9600000000 0.07855705404581300733 0.00000000000000000000
1.9700000000 0.07818844371952544947 0.00000000000000000000
1.9800000000 0.07782596528927358814 0.00000000000000000000
1.9900000000 0.07746948334553448168 0.00000000000000000000
2.0000000000 0.07711886602927188472 0.00000000000000000000
2.0100000000 0.07677398492708890909 0.00000000000000000000
2.0200000000 0.07643471496976879387 0.00000000000000000000
2.0300000000 0.07610093433408327002 0.00000000000000000000
2.0400000000 0.07577252434775950951 0.00000000000000000000
2.0500000000 0.07544936939749222193 0.00000000000000000000
2.0600000000 0.07513135683990018743 0.00000000000000000000
2.0700000000 0.07481837691532258749 0.00000000000000000000
2.0800000000 0.07451032266435911322 0.00000000000000000000
2.0900000000 0.07420708984706125833 0.00000000000000000000
2.1000000000 0.07390857686468209342 0.00000000000000000000
2.1100000000 0.07361468468389709141 0.00000000000000000000
2.1200000000 0.07332531676341494387 0.00000000000000000000
2.1300000000 0.07304037898289440778 0.00000000000000000000
2.1400000000 0.07275977957408921726 0.00000000000000000000
2.1500000000 0.07248342905414757731 0.00000000000000000000
2.1600000000 0.07221124016099177145 0.00000000000000000000
2.1700000000 0.07194312779070873021 0.00000000000000000000
2.1800000000 0.07167900893688482211 0.00000000000000000000
2.1900000000 0.07141880263181696331 0.00000000000000000000
2.2000000000 0.07116242988954013526 0.00000000000000000000
2.2100000000 0.07090981365061027608 0.00000000000000000000
2.2200000000 0.07066087872858278773 0.00000000000000000000
2.2300000000 0.07041555175813096756 0.00000000000000000000
2.2400000000 0.07017376114475037951 0.00000000000000000000
2.2500000000 0.06993543701599719276 0.00000000000000000000
2.2600000000 0.06970051117420870967 0.00000000000000000000
2.2700000000 0.06946891705065690037 0.00000000000000000000
2.2800000000 0.06924058966109000735 0.00000000000000000000
2.2900000000 0.06901546556261571597 0.00000000000000000000
2.3000000000 0.06879348281188094050 0.00000000000000000000
2.3100000000 0.06857458092450677278 0.00000000000000000000
2.3200000000 0.06835870083573863942 0.00000000000000000000
2.3300000000 0.06814578486227146348 0.00000000000000000000
2.3400000000 0.06793577666521025127 0.00000000000000000000
2.3500000000 0.06772862121413300573 0.00000000000000000000
2.3600000000 0.06752426475221637303 0.00000000000000000000
2.3700000000 0.06732265476239272795 0.00000000000000000000
2.3800000000 0.06712373993450537757 0.00000000000000000000
2.3900000000 0.06692747013342710549 0.00000000000000000000
2.4000000000 0.06673379636811538340 0.00000000000000000000
2.4100000000 0.06654267076157167893 0.00000000000000000000
2.4200000000 0.06635404652167573025 0.00000000000000000000
2.4300000000 0.06616787791287109810 0.00000000000000000000
2.4400000000 0.06598412022866877169 0.00000000000000000000
2.4500000000 0.06580272976494809523 0.00000000000000000000
2.4600000000 0.06562366379402780059 0.00000000000000000000
2.4700000000 0.06544688053948410911 0.00000000000000000000
2.4800000000 0.06527233915169017298 0.00000000000000000000
2.4900000000 0.06509999968405681681 0.00000000000000000000
2.5000000000 0.06492982306995193076 0.00000000000000000000
2.5100000000 0.06476177110027557526 0.00000000000000000000
2.5200000000 0.06459580640167535137 0.00000000000000000000
2.5300000000 0.06443189241537403134 0.00000000000000000000
2.5400000000 0.06426999337660080358 0.00000000000000000000
2.5500000000 0.06411007429459739115 0.00000000000000000000
2.5600000000 0.06395210093318970390 0.00000000000000000000
2.5700000000 0.06379603979190072438 0.00000000000000000000
2.5800000000 0.06364185808759553753 0.00000000000000000000
2.5900000000 0.06348952373663395432 0.00000000000000000000
2.6000000000 0.06333900533752193085 0.00000000000000000000
2.6100000000 0.06319027215404365849 0.00000000000000000000
2.6200000000 0.06304329409886000324 0.00000000000000000000
2.6300000000 0.06289804171755966622 0.00000000000000000000
2.6400000000 0.06275448617314831334 0.00000000000000000000
2.6500000000 0.06261259923096555713 0.00000000000000000000
2.6600000000 0.06247235324401175655 0.00000000000000000000
2.6700000000 0.06233372113867798742 0.00000000000000000000
2.6800000000 0.06219667640086278676 0.00000000000000000000
2.6900000000 0.06206119306246665052 0.00000000000000000000
2.7000000000 0.06192724568825223180 0.00000000000000000000
2.7100000000 0.06179480936305952604 0.00000000000000000000
2.7200000000 0.06166385967936449664 0.00000000000000000000
2.7300000000 0.06153437272517321699 0.00000000000000000000
2.7400000000 0.06140632507223988540 0.00000000000000000000
2.7500000000 0.06127969376459921347 0.00000000000000000000
2.7600000000 0.06115445630740544425 0.00000000000000000000
2.7700000000 0.06103059065606682154 0.00000000000000000000
2.7800000000 0.06090807520566954986 0.00000000000000000000
2.7900000000 0.06078688878068012197 0.00000000000000000000
2.8000000000 0.06066701062491978297 0.00000000000000000000
2.8100000000 0.06054842039180287350 0.00000000000000000000
2.8200000000 0.06043109813483050347 0.00000000000000000000
2.8300000000 0.06031502429833403289 0.00000000000000000000
2.8400000000 0.06020017970845888133 0.00000000000000000000
2.8500000000 0.06008654556438396827 0.00000000000000000000
2.8600000000 0.05997410342976804143 0.00000000000000000000
2.8700000000 0.05986283522441879223 0.00000000000000000000
2.8800000000 0.05975272321617532828 0.00000000000000000000
2.8900000000 0.05964375001300128987 0.00000000000000000000
2.9000000000 0.05953589855528008262 0.00000000000000000000
2.9100000000 0.05942915210830723716 0.00000000000000000000
2.9200000000 0.05932349425497564221 0.00000000000000000000
2.9300000000 0.05921890888864590058 0.00000000000000000000
2.9400000000 0.05911538020619845624 0.00000000000000000000
2.9500000000 0.05901289270126212211 0.00000000000000000000
2.9600000000 0.05891143115761280497 0.00000000000000000000
2.9700000000 0.05881098064273936055 0.00000000000000000000
2.9800000000 0.05871152650157104164 0.00000000000000000000
2.9900000000 0.05861305435036220923 0.00000000000000000000
3.0000000000 0.05851555007072964387 0.00000000000000000000
3.0100000000 0.05841899980383920971 0.00000000000000000000
3.0200000000 0.05832338994473664634 0.00000000000000000000
3.0300000000 0.05822870713681881777 0.00000000000000000000
3.0400000000 0.05813493826644269835 0.00000000000000000000
3.0500000000 0.05804207045766587858 0.00000000000000000000
3.0600000000 0.05795009106711830615 0.00000000000000000000
3.0700000000 0.05785898767899843448 0.00000000000000000000
3.0800000000 0.05776874810019228673 0.00000000000000000000
3.0900000000 0.05767936035551234075 0.00000000000000000000
3.1000000000 0.05759081268305130119 0.00000000000000000000
3.1100000000 0.05750309352964954462 0.00000000000000000000
3.1200000000 0.05741619154647220613 0.00000000000000000000
3.1300000000 0.05733009558469225053 0.00000000000000000000
3.1400000000 0.05724479469127922299 0.00000000000000000000
3.1500000000 0.05716027810488725353 0.00000000000000000000
3.1600000000 0.05707653525184348126 0.00000000000000000000
3.1700000000 0.05699355574223086141 0.00000000000000000000
3.1800000000 0.05691132936606492498 0.00000000000000000000
3.1900000000 0.05682984608956211797 0.00000000000000000000
3.2000000000 0.05674909605149505015 0.00000000000000000000
3.2100000000 0.05666906955963556952 0.00000000000000000000
3.2200000000 0.05658975708728071485 0.00000000000000000000
3.2300000000 0.05651114926986098436 0.00000000000000000000
3.2400000000 0.05643323690162747180 0.00000000000000000000
3.2500000000 0.05635601093241713461 0.00000000000000000000
3.2600000000 0.05627946246449377216 0.00000000000000000000
3.2700000000 0.05620358274946106458 0.00000000000000000000
3.2800000000 0.05612836318524971890 0.00000000000000000000
3.2900000000 0.05605379531317172120 0.00000000000000000000
3.3000000000 0.05597987081504473411 0.00000000000000000000
3.3100000000 0.05590658151038118556 0.00000000000000000000
3.3200000000 0.05583391935364311054 0.00000000000000000000
3.3300000000 0.05576187643155907508 0.00000000000000000000
3.3400000000 0.05569044496050257892 0.00000000000000000000
3.3500000000 0.05561961728393042398 0.00000000000000000000
3.3600000000 0.05554938586987896026 0.00000000000000000000
3.3700000000 0.05547974330851764696 0.00000000000000000000
3.3800000000 0.05541068230975703529 0.00000000000000000000
3.3900000000 0.05534219570091120782 0.00000000000000000000
3.4000000000 0.05527427642441334887 0.00000000000000000000
3.4100000000 0.05520691753558113618 0.00000000000000000000
3.4200000000 0.05514011220043314038 0.00000000000000000000
3.4300000000 0.05507385369355403265 0.00000000000000000000
3.4400000000 0.05500813539600631075 0.00000000000000000000
3.4500000000 0.05494295079328960496 0.00000000000000000000
3.4600000000 0.05487829347334408775 0.00000000000000000000
3.4700000000 0.05481415712459867390 0.00000000000000000000
3.4800000000 0.05475053553406118018 0.00000000000000000000
3.4900000000 0.05468742258545219309 0.00000000000000000000
3.5000000000 0.05462481225737776669 0.00000000000000000000
3.5100000000 0.05456269862154360800 0.00000000000000000000
3.5200000000 0.05450107584100682967 0.00000000000000000000
3.5300000000 0.05443993816846705996 0.00000000000000000000
3.5400000000 0.05437927994459337833 0.00000000000000000000
3.5500000000 0.05431909559638802010 0.00000000000000000000
3.5600000000 0.05425937963558501165 0.00000000000000000000
3.5700000000 0.05420012665708383304 0.00000000000000000000
3.5800000000 0.05414133133741563797 0.00000000000000000000
3.5900000000 0.05408298843324346045 0.00000000000000000000
3.6000000000 0.05402509277989302194 0.00000000000000000000
3.6100000000 0.05396763928991604037 0.00000000000000000000
3.6200000000 0.05391062295168366075 0.00000000000000000000
3.6300000000 0.05385403882800875175 0.00000000000000000000
3.6400000000 0.05379788205479871938 0.00000000000000000000
3.6500000000 0.05374214783973517429 0.00000000000000000000
3.6600000000 0.05368683146098282566 0.00000000000000000000
3.6700000000 0.05363192826592377144 0.00000000000000000000
3.6800000000 0.05357743366991984946 0.00000000000000000000
3.6900000000 0.05352334315509921919 0.00000000000000000000
3.7000000000 0.05346965226916926966 0.00000000000000000000
3.7100000000 0.05341635662425372327 0.00000000000000000000
3.7200000000 0.05336345189575328329 0.00000000000000000000
3.7300000000 0.05331093382123052588 0.00000000000000000000
3.7400000000 0.05325879819931730180 0.00000000000000000000
3.7500000000 0.05320704088864450232 0.00000000000000000000
3.7600000000 0.05315565780679371022 0.00000000000000000000
3.7700000000 0.05310464492927036845 0.00000000000000000000
3.7800000000 0.05305399828849744620 0.00000000000000000000
3.7900000000 0.05300371397283006047 0.00000000000000000000
3.8000000000 0.05295378812558952653 0.00000000000000000000
3.8100000000 0.05290421694411717030 0.00000000000000000000
3.8200000000 0.05285499667884683422 0.00000000000000000000
3.8300000000 0.05280612363239672175 0.00000000000000000000
3.8400000000 0.05275759415867802699 0.00000000000000000000
3.8500000000 0.05270940466202318764 0.00000000000000000000
3.8600000000 0.05266155159632984056 0.00000000000000000000
3.8700000000 0.05261403146422283239 0.00000000000000000000
3.8800000000 0.05256684081623193283 0.00000000000000000000
3.8900000000 0.05251997624998691605 0.00000000000000000000
3.9000000000 0.05247343440942724146 0.00000000000000000000
3.9100000000 0.05242721198402818666 0.00000000000000000000
3.9200000000 0.05238130570804156588 0.00000000000000000000
3.9300000000 0.05233571235975190139 0.00000000000000000000
3.9400000000 0.05229042876074601470 0.00000000000000000000
3.9500000000 0.05224545177519827888 0.00000000000000000000
3.9600000000 0.05220077830916811101 0.00000000000000000000
3.9700000000 0.05215640530991266094 0.00000000000000000000
3.9800000000 0.05211232976521119192 0.00000000000000000000
3.9900000000 0.05206854870270388735 0.00000000000000000000
4.0000000000 0.05202505918924176659 0.00000000000000000000
4.0100000000 0.05198185833025120717 0.00000000000000000000
4.0200000000 0.05193894326910772352 0.00000000000000000000
4.0300000000 0.05189631118652457409 0.00000000000000000000
4.0400000000 0.05185395929995066655 0.00000000000000000000
4.0500000000 0.05181188486298159840 0.00000000000000000000
4.0600000000 0.05177008516478044664 0.00000000000000000000
4.0700000000 0.05172855752951005526 0.00000000000000000000
4.0800000000 0.05168729931577640407 0.00000000000000000000
4.0900000000 0.05164630791608147004 0.00000000000000000000
4.1000000000 0.05160558075628713520 0.00000000000000000000
4.1100000000 0.05156511529508861491 0.00000000000000000000
4.1200000000 0.05152490902349770446 0.00000000000000000000
4.1300000000 0.05148495946433576803 0.00000000000000000000
4.1400000000 0.05144526417173631017 0.00000000000000000000
4.1500000000 0.05140582073065566582 0.00000000000000000000
4.1600000000 0.05136662675639443870 0.00000000000000000000
4.1700000000 0.05132767989412587162 0.00000000000000000000
4.1800000000 0.05128897781843436837 0.00000000000000000000
4.1900000000 0.05125051823286110725 0.00000000000000000000
4.2000000000 0.05121229886945916771 0.00000000000000000000
4.2100000000 0.05117431748835576943 0.00000000000000000000
4.2200000000 0.05113657187732299075 0.00000000000000000000
4.2300000000 0.05109905985135602957 0.00000000000000000000
4.2400000000 0.05106177925225897918 0.00000000000000000000
4.2500000000 0.05102472794823824376 0.00000000000000000000
4.2600000000 0.05098790383350302463 0.00000000000000000000
4.2700000000 0.05095130482787321724 0.00000000000000000000
4.2800000000 0.05091492887639419845 0.00000000000000000000
4.2900000000 0.05087877394895801847 0.00000000000000000000
4.3000000000 0.05084283803993212836 0.00000000000000000000
4.3100000000 0.05080711916779397791 0.00000000000000000000
4.3200000000 0.05077161537477228870 0.00000000000000000000
4.3300000000 0.05073632472649493297 0.00000000000000000000
4.3400000000 0.05070124531164251630 0.00000000000000000000
4.3500000000 0.05066637524160813588 0.00000000000000000000
4.3600000000 0.05063171265016346012 0.00000000000000000000
4.3700000000 0.05059725569313017896 0.00000000000000000000
4.3800000000 0.05056300254805728978 0.00000000000000000000
4.3900000000 0.05052895141390393446 0.00000000000000000000
4.4000000000 0.05049510051072800265 0.00000000000000000000
4.4100000000 0.05046144807937977261 0.00000000000000000000
4.4200000000 0.05042799238120083266 0.00000000000000000000
4.4300000000 0.05039473169772854672 0.00000000000000000000
4.4400000000 0.05036166433040473178 0.00000000000000000000
4.4500000000 0.05032878860029053186 0.00000000000000000000
4.4600000000 0.05029610284778512908 0.00000000000000000000
4.4700000000 0.05026360543234953404 0.00000000000000000000
4.4800000000 0.05023129473223526126 0.00000000000000000000
4.4900000000 0.05019916914421728577 0.00000000000000000000
4.5000000000 0.05016722708333153091 0.00000000000000000000
4.5100000000 0.05013546698261743539 0.00000000000000000000
4.5200000000 0.05010388729286351789 0.00000000000000000000
4.5300000000 0.05007248648235831240 0.00000000000000000000
4.5400000000 0.05004126303664505754 0.00000000000000000000
4.5500000000 0.05001021545828065323 0.00000000000000000000
4.5600000000 0.04997934226659815626 0.00000000000000000000
4.5700000000 0.04994864199747364036 0.00000000000000000000
4.5800000000 0.04991811320309694905 0.00000000000000000000
4.5900000000 0.04988775445174574441 0.00000000000000000000
4.6000000000 0.04985756432756384415 0.00000000000000000000
4.6100000000 0.04982754143034275052 0.00000000000000000000
4.6200000000 0.04979768437530698172 0.00000000000000000000
4.6300000000 0.04976799179290278957 0.00000000000000000000
4.6400000000 0.04973846232859062411 0.00000000000000000000
4.6500000000 0.04970909464264013783 0.00000000000000000000
4.6600000000 0.04967988740992965863 0.00000000000000000000
4.6700000000 0.04965083931974817455 0.00000000000000000000
4.6800000000 0.04962194907560043416 0.00000000000000000000
4.6900000000 0.04959321539501543308 0.00000000000000000000
4.7000000000 0.04956463700935816175 0.00000000000000000000
4.7100000000 0.04953621266364403863 0.00000000000000000000
4.7200000000 0.04950794111635618139 0.00000000000000000000
4.7300000000 0.04947982113926597397 0.00000000000000000000
4.7400000000 0.04945185151725647182 0.00000000000000000000
4.7500000000 0.04942403104814796500 0.00000000000000000000
4.7600000000 0.04939635854252717034 0.00000000000000000000
4.7700000000 0.04936883282357865804 0.00000000000000000000
4.7800000000 0.04934145272691878997 0.00000000000000000000
4.7900000000 0.04931421710043248918 0.00000000000000000000
4.8000000000 0.04928712480411267388 0.00000000000000000000
4.8100000000 0.04926017470990189107 0.00000000000000000000
4.8200000000 0.04923336570153665631 0.00000000000000000000
4.8300000000 0.04920669667439397238 0.00000000000000000000
4.8400000000 0.04918016653534051930 0.00000000000000000000
4.8500000000 0.04915377420258400243 0.00000000000000000000
4.8600000000 0.04912751860552664468 0.00000000000000000000
4.8700000000 0.04910139868462139179 0.00000000000000000000
4.8800000000 0.04907541339122963725 0.00000000000000000000
4.8900000000 0.04904956168748184075 0.00000000000000000000
4.9000000000 0.04902384254613997849 0.00000000000000000000
4.9100000000 0.04899825495046163798 0.00000000000000000000
4.9200000000 0.04897279789406708966 0.00000000000000000000
4.9300000000 0.04894747038080748958 0.00000000000000000000
4.9400000000 0.04892227142463577427 0.00000000000000000000
4.9500000000 0.04889720004947885335 0.00000000000000000000
4.9600000000 0.04887225528911243178 0.00000000000000000000
4.9700000000 0.04884743618703714374 0.00000000000000000000
4.9800000000 0.04882274179635655992 0.00000000000000000000
4.9900000000 0.04879817117965758871 0.00000000000000000000
5.0000000000 0.04877372340889191138 0.00000000000000000000
