0.1000000000 2.60151320196544055818 0.00000000000000000000
0.1100000000 2.50300140131618409356 0.00000000000000000000
0.1200000000 2.40869118891037103936 0.00000000000000000000
0.1300000000 2.31852024768177722436 0.00000000000000000000
0.1400000000 2.23239880703126658545 0.00000000000000000000
0.1500000000 2.15021397324897467485 0.00000000000000000000
0.1600000000 2.07183422967295571837 0.00000000000000000000
0.1700000000 1.99711388369748976679 0.00000000000000000000
0.1800000000 1.92589727791361964293 0.00000000000000000000
0.1900000000 1.85802262930698169896 0.00000000000000000000
0.2000000000 1.79332540765789572035 0.00000000000000000000
0.2100000000 1.73164120757061668066 0.00000000000000000000
0.2200000000 1.67280810500548393627 0.00000000000000000000
0.2300000000 1.61666851743210826520 0.00000000000000000000
0.2400000000 1.56307060663611108176 0.00000000000000000000
0.2500000000 1.51186927553310335171 0.00000000000000000000
0.2600000000 1.46292681630645859947 0.00000000000000000000
0.2700000000 1.41611326821840211032 0.00000000000000000000
0.2800000000 1.37130654094952530997 0.00000000000000000000
0.2900000000 1.32839235454232218459 0.00000000000000000000
0.3000000000 1.28726404097473023924 0.00000000000000000000
0.3100000000 1.24782224584453094174 0.00000000000000000000
0.3200000000 1.20997456215404231017 0.00000000000000000000
0.3300000000 1.17363512210635989597 0.00000000000000000000
0.3400000000 1.13872416736722970043 0.00000000000000000000
0.3500000000 1.10516761350682890530 0.00000000000000000000
0.3600000000 1.07289662033038601940 0.00000000000000000000
0.3700000000 1.04184717650270775025 0.00000000000000000000
0.3800000000 1.01195970420580838578 0.00000000000000000000
0.3900000000 0.98317868746321013251 0.00000000000000000000
0.4000000000 0.95545232613723796167 0.00000000000000000000
0.4100000000 0.92873221637714120646 0.00000000000000000000
0.4200000000 0.90297305739335353980 0.00000000000000000000
0.4300000000 0.87813238379212155138 0.00000000000000000000
0.4400000000 0.85417032226951616902 0.00000000000000000000
0.4500000000 0.83104937118816069042 0.00000000000000000000
0.4600000000 0.80873420140533036626 0.00000000000000000000
0.4700000000 0.78719147665656874491 0.00000000000000000000
0.4800000000 0.76638969179960669820 0.00000000000000000000
0.4900000000 0.74629902727013675001 0.00000000000000000000
0.5000000000 0.72689121817840318673 0.00000000000000000000
0.5100000000 0.70813943657247746533 0.00000000000000000000
0.5200000000 0.69001818550183657841 0.00000000000000000000
0.5300000000 0.67250320362696647258 0.00000000000000000000
0.5400000000 0.65557137923301955773 0.00000000000000000000
0.5500000000 0.63920067261442770068 0.00000000000000000000
0.5600000000 0.62337004590121836145 0.00000000000000000000
0.5700000000 0.60805939949492138208 0.00000000000000000000
0.5800000000 0.59324951437189721304 0.00000000000000000000
0.5900000000 0.57892199959428092271 0.00000000000000000000
0.6000000000 0.56505924444358657244 0.00000000000000000000
0.6100000000 0.55164437465955096229 0.00000000000000000000
0.6200000000 0.53866121232744967884 0.00000000000000000000
0.6300000000 0.52609423901122964740 0.00000000000000000000
0.6400000000 0.51392856177796619743 0.00000000000000000000
0.6500000000 0.50214988180185526900 0.00000000000000000000
0.6600000000 0.49074446527368048576 0.00000000000000000000
0.6700000000 0.47969911637498274803 0.00000000000000000000
0.6800000000 0.46900115210529474963 0.00000000000000000000
0.6900000000 0.45863837877670476928 0.00000000000000000000
0.7000000000 0.44859907001230431289 0.00000000000000000000
0.7100000000 0.43887194610491864211 0.00000000000000000000
0.7200000000 0.42944615460973761811 0.00000000000000000000
0.7300000000 0.42031125205939884326 0.00000000000000000000
0.7400000000 0.41145718670341691059 0.00000000000000000000
0.7500000000 0.40287428218509613309 0.00000000000000000000
0.7600000000 0.39455322207923171351 0.00000000000000000000
0.7700000000 0.38648503522249050279 0.00000000000000000000
0.7800000000 0.37866108177606760954 0.00000000000000000000
0.7900000000 0.37107303996674306790 0.00000000000000000000
0.8000000000 0.36371289345829377337 0.00000000000000000000
0.8100000000 0.35657291931027190746 0.00000000000000000000
0.8200000000 0.34964567648552286050 0.00000000000000000000
0.8300000000 0.34292399487164504368 0.00000000000000000000
0.8400000000 0.33640096478505226996 0.00000000000000000000
0.8500000000 0.33006992692916253818 0.00000000000000000000
0.8600000000 0.32392446278077713373 0.00000000000000000000
0.8700000000 0.31795838538123860628 0.00000000000000000000
0.8800000000 0.31216573051048579490 0.00000000000000000000
0.8900000000 0.30654074822449611792 0.00000000000000000000
0.9000000000 0.30107789473755780518 0.00000000000000000000
0.9100000000 0.29577182463264473089 0.00000000000000000000
0.9200000000 0.29061738338417775207 0.00000000000000000000
0.9300000000 0.28560960017855041571 0.00000000000000000000
0.9400000000 0.28074368101887081650 0.00000000000000000000
0.9500000000 0.27601500210122648094 0.00000000000000000000
0.9600000000 0.27141910345044673036 0.00000000000000000000
0.9700000000 0.26695168280411618600 0.00000000000000000000
0.9800000000 0.26260858973444073383 0.00000000000000000000
0.9900000000 0.25838581999787013643 0.00000000000000000000
1.0000000000 0.25427951010276461652 0.00000000000000000000
1.0100000000 0.25028593208646587875 0.00000000000000000000
1.0200000000 0.24640148849316781399 0.00000000000000000000
1.0300000000 0.24262270754491144231 0.00000000000000000000
1.0400000000 0.23894623849661994486 0.00000000000000000000
1.0500000000 0.23536884716930014938 0.00000000000000000000
1.0600000000 0.23188741165372636632 0.00000000000000000000
1.0700000000 0.22849891817796347260 0.00000000000000000000
1.0800000000 0.22520045713214689731 0.00000000000000000000
1.0900000000 0.22198921924475614742 0.00000000000000000000
1.1000000000 0.21886249190400189346 0.00000000000000000000
1.1100000000 0.21581765561910265516 0.00000000000000000000
1.1200000000 0.21285218061579067039 0.00000000000000000000
1.1300000000 0.20996362356088385526 0.00000000000000000000
1.1400000000 0.20714962441105269630 0.00000000000000000000
1.1500000000 0.20440790338080536137 0.00000000000000000000
1.1600000000 0.20173625802526706785 0.00000000000000000000
1.1700000000 0.19913256043322558053 0.00000000000000000000
1.1800000000 0.19659475452624522451 0.00000000000000000000
1.1900000000 0.19412085345973478789 0.00000000000000000000
1.2000000000 0.19170893712210734794 0.00000000000000000000
1.2100000000 0.18935714972817843660 0.00000000000000000000
1.2200000000 0.18706369750326337642 0.00000000000000000000
1.2300000000 0.18482684645442387650 0.00000000000000000000
1.2400000000 0.18264492022556796935 0.00000000000000000000
1.2500000000 0.18051629803312982392 0.00000000000000000000
1.2600000000 0.17843941267927820871 0.00000000000000000000
1.2700000000 0.17641274863965084041 0.00000000000000000000
1.2800000000 0.17443484022276839474 0.00000000000000000000
1.2900000000 0.17250426979835578600 0.00000000000000000000
1.3000000000 0.17061966609192025235 0.00000000000000000000
1.3100000000 0.16877970254311330800 0.00000000000000000000
1.3200000000 0.16698309572528047262 0.00000000000000000000
1.3300000000 0.16522860382403159463 0.00000000000000000000
1.3400000000 0.16351502517239968615 0.00000000000000000000
1.3500000000 0.16184119684053799304 0.00000000000000000000
1.3600000000 0.16020599327779053156 0.00000000000000000000
1.3700000000 0.15860832500516200416 0.00000000000000000000
1.3800000000 0.15704713735623426762 0.00000000000000000000
1.3900000000 0.15552140926469132376 0.00000000000000000000
1.4000000000 0.15403015209665166241 0.00000000000000000000
1.4100000000 0.15257240852609299520 0.00000000000000000000
1.4200000000 0.15114725145173130150 0.00000000000000000000
1.4300000000 0.14975378295374702775 0.00000000000000000000
1.4400000000 0.14839113328886410770 0.00000000000000000000
1.4500000000 0.14705845992227720154 0.00000000000000000000
1.4600000000 0.14575494659505658368 0.00000000000000000000
1.4700000000 0.14447980242565550135 0.00000000000000000000
1.4800000000 0.14323226104421801774 0.00000000000000000000
1.4900000000 0.14201157975845524195 0.00000000000000000000
1.5000000000 0.14081703874985768143 0.00000000000000000000
1.5100000000 0.13964794029912655504 0.00000000000000000000
1.5200000000 0.13850360803967423640 0.00000000000000000000
1.5300000000 0.13738338623816029327 0.00000000000000000000
1.5400000000 0.13628663910101734835 0.00000000000000000000
1.5500000000 0.13521275010598937660 0.00000000000000000000
1.5600000000 0.13416112135773319847 0.00000000000000000000
1.5700000000 0.13313117296657209221 0.00000000000000000000
1.5800000000 0.13212234244952630879 0.00000000000000000000
1.5900000000 0.13113408415278859920 0.00000000000000000000
1.6000000000 0.13016586869481955313 0.00000000000000000000
1.6100000000 0.12921718242929949860 0.00000000000000000000
1.6200000000 0.12828752692719283535 0.00000000000000000000
1.6300000000 0.12737641847718705890 0.00000000000000000000
1.6400000000 0.12648338760384486568 0.00000000000000000000
1.6500000000 0.12560797860278669069 0.00000000000000000000
1.6600000000 0.12474974909226908826 0.00000000000000000000
1.6700000000 0.12390826958055882467 0.00000000000000000000
1.6800000000 0.12308312304849450269 0.00000000000000000000
1.6900000000 0.12227390454669134767 0.00000000000000000000
1.7000000000 0.12148022080682399637 0.00000000000000000000
1.7100000000 0.12070168986648481535 0.00000000000000000000
1.7200000000 0.11993794070709484778 0.00000000000000000000
1.7300000000 0.11918861290440621592 0.00000000000000000000
1.7400000000 0.11845335629110602393 0.00000000000000000000
1.7500000000 0.11773183063109977919 0.00000000000000000000
1.7600000000 0.11702370530502766155 0.00000000000000000000
1.7700000000 0.11632865900660713243 0.00000000000000000000
1.7800000000 0.11564637944940564518 0.00000000000000000000
1.7900000000 0.11497656308365850064 0.00000000000000000000
1.8000000000 0.11431891482276822225 0.00000000000000000000
1.8100000000 0.11367314777912845836 0.00000000000000000000
1.8200000000 0.11303898300893350237 0.00000000000000000000
1.8300000000 0.11241614926565186849 0.00000000000000000000
1.8400000000 0.11180438276184093138 0.00000000000000000000
1.8500000000 0.11120342693900998887 0.00000000000000000000
1.8600000000 0.11061303224523112709 0.00000000000000000000
1.8700000000 0.11003295592022771521 0.00000000000000000000
1.8800000000 0.10946296178766642959 0.00000000000000000000
1.8900000000 0.10890282005438989277 0.00000000000000000000
1.9000000000 0.10835230711635358836 0.00000000000000000000
1.9100000000 0.10781120537101207546 0.00000000000000000000
1.9200000000 0.10727930303593750938 0.00000000000000000000
1.9300000000 0.10675639397343678061 0.00000000000000000000
1.9400000000 0.10624227752096497557 0.00000000000000000000
1.9500000000 0.10573675832711892930 0.00000000000000000000
1.9600000000 0.10523964619302297874 0.00000000000000000000
1.9700000000 0.10475075591890757598 0.00000000000000000000
1.9800000000 0.10426990715570454149 0.00000000000000000000
1.9900000000 0.10379692426147962836 0.00000000000000000000
2.0000000000 0.10333163616253097927 0.00000000000000000000
2.0100000000 0.10287387621899259094 0.00000000000000000000
2.0200000000 0.10242348209478593923 0.00000000000000000000
2.0300000000 0.10198029563176298773 0.00000000000000000000
2.0400000000 0.10154416272790231512 0.00000000000000000000
2.0500000000 0.10111493321941071588 0.00000000000000000000
2.0600000000 0.10069246076659929545 0.00000000000000000000
2.0700000000 0.10027660274340269297 0.00000000000000000000
2.0800000000 0.09986722013041254842 0.00000000000000000000
2.0900000000 0.09946417741131050039 0.00000000000000000000
2.1000000000 0.09906734247257797943 0.00000000000000000000
2.1100000000 0.09867658650637504969 0.00000000000000000000
2.1200000000 0.09829178391647676316 0.00000000000000000000
2.1300000000 0.09791281222716374799 0.00000000000000000000
2.1400000000 0.09753955199496723572 0.00000000000000000000
2.1500000000 0.09717188672317529641 0.00000000000000000000
2.1600000000 0.09680970277899440812 0.00000000000000000000
2.1700000000 0.09645288931329287774 0.00000000000000000000
2.1800000000 0.09610133818282783069 0.00000000000000000000
2.1900000000 0.09575494387487791526 0.00000000000000000000
2.2000000000 0.09541360343419394430 0.00000000000000000000
2.2100000000 0.09507721639220254040 0.00000000000000000000
2.2200000000 0.09474568469837453544 0.00000000000000000000
2.2300000000 0.09441891265369276032 0.00000000000000000000
2.2400000000 0.09409680684614915580 0.00000000000000000000
2.2500000000 0.09377927608820292582 0.00000000000000000000
2.2600000000 0.09346623135613356392 0.00000000000000000000
2.2700000000 0.09315758573123116004 0.00000000000000000000
2.2800000000 0.09285325434275558398 0.00000000000000000000
2.2900000000 0.09255315431261612602 0.00000000000000000000
2.3000000000 0.09225720470170609144 0.00000000000000000000
2.3100000000 0.09196532645784508131 0.00000000000000000000
2.3200000000 0.09167744236527390622 0.00000000000000000000
2.3300000000 0.09139347699564948080 0.00000000000000000000
2.3400000000 0.09111335666049777404 0.00000000000000000000
2.3500000000 0.09083700936506799994 0.00000000000000000000
2.3600000000 0.09056436476355350651 0.00000000000000000000
2.3700000000 0.09029535411562596148 0.00000000000000000000
2.3800000000 0.09002991024424772393 0.00000000000000000000
2.3900000000 0.08976796749471697978 0.00000000000000000000
2.4000000000 0.08950946169490774096 0.00000000000000000000
2.4100000000 0.08925433011666940308 0.00000000000000000000
2.4200000000 0.08900251143834213285 0.00000000000000000000
2.4300000000 0.08875394570836125929 0.00000000000000000000
2.4400000000 0.08850857430990979879 0.00000000000000000000
2.4500000000 0.08826633992658866612 0.00000000000000000000
2.4600000000 0.08802718650907223608 0.00000000000000000000
2.4700000000 0.08779105924271857209 0.00000000000000000000
2.4800000000 0.08755790451610485914 0.00000000000000000000
2.4900000000 0.08732766989045520623 0.00000000000000000000
2.5000000000 0.08710030406994200003 0.00000000000000000000
2.5100000000 0.08687575687282229897 0.00000000000000000000
2.5200000000 0.08665397920339308613 0.00000000000000000000
2.5300000000 0.08643492302473347599 0.00000000000000000000
2.5400000000 0.08621854133221466820 0.00000000000000000000
2.5500000000 0.08600478812774854653 0.00000000000000000000
2.5600000000 0.08579361839475899143 0.00000000000000000000
2.5700000000 0.08558498807384665175 0.00000000000000000000
2.5800000000 0.08537885403913218763 0.00000000000000000000
2.5900000000 0.08517517407525314332 0.00000000000000000000
2.6000000000 0.08497390685499600638 0.00000000000000000000
2.6100000000 0.08477501191754593934 0.00000000000000000000
2.6200000000 0.08457844964733207682 0.00000000000000000000
2.6300000000 0.08438418125345274745 0.00000000000000000000
2.6400000000 0.08419216874966381492 0.00000000000000000000
2.6500000000 0.08400237493491050089 0.00000000000000000000
2.6600000000 0.08381476337438995006 0.00000000000000000000
2.6700000000 0.08362929838112474756 0.00000000000000000000
2.6800000000 0.08344594499803618948 0.00000000000000000000
2.6900000000 0.08326466898049932064 0.00000000000000000000
2.7000000000 0.08308543677936688909 0.00000000000000000000
2.7100000000 0.08290821552445021281 0.00000000000000000000
2.7200000000 0.08273297300843744650 0.00000000000000000000
2.7300000000 0.08255967767124466894 0.00000000000000000000
2.7400000000 0.08238829858478034784 0.00000000000000000000
2.7500000000 0.08221880543811481423 0.00000000000000000000
2.7600000000 0.08205116852304021602 0.00000000000000000000
2.7700000000 0.08188535872001399818 0.00000000000000000000
2.7800000000 0.08172134748446861774 0.00000000000000000000
2.7900000000 0.08155910683348313595 0.00000000000000000000
2.8000000000 0.08139860933280081146 0.00000000000000000000
2.8100000000 0.08123982808418757362 0.00000000000000000000
2.8200000000 0.08108273671311694297 0.00000000000000000000
2.8300000000 0.08092730935677655557 0.00000000000000000000
2.8400000000 0.08077352065238352363 0.00000000000000000000
2.8500000000 0.08062134572580104130 0.00000000000000000000
2.8600000000 0.08047076018044865831 0.00000000000000000000
2.8700000000 0.08032174008649761721 0.00000000000000000000
2.8800000000 0.08017426197033987456 0.00000000000000000000
2.8900000000 0.08002830280432990384 0.00000000000000000000
2.9000000000 0.07988383999678390357 0.00000000000000000000
2.9100000000 0.07974085138223452329 0.00000000000000000000
2.9200000000 0.07959931521193255866 0.00000000000000000000
2.9300000000 0.07945921014458760812 0.00000000000000000000
2.9400000000 0.07932051523734208465 0.00000000000000000000
2.9500000000 0.07918320993697139376 0.00000000000000000000
2.9600000000 0.07904727407130603123 0.00000000000000000000
2.9700000000 0.07891268784086534482 0.00000000000000000000
2.9800000000 0.07877943181070277967 0.00000000000000000000
2.9900000000 0.07864748690244986740 0.00000000000000000000
3.0000000000 0.07851683438656158198 0.00000000000000000000
3.0100000000 0.07838745587474926779 0.00000000000000000000
3.0200000000 0.07825933331260284676 0.00000000000000000000
3.0300000000 0.07813244897239261799 0.00000000000000000000
3.0400000000 0.07800678544604869313 0.00000000000000000000
3.0500000000 0.07788232563831110067 0.00000000000000000000
3.0600000000 0.07775905276004697886 0.00000000000000000000
3.0700000000 0.07763695032173065225 0.00000000000000000000
3.0800000000 0.07751600212708183169 0.00000000000000000000
3.0900000000 0.07739619226685606757 0.00000000000000000000
3.1000000000 0.07727750511278813628 0.00000000000000000000
3.1100000000 0.07715992531167750745 0.00000000000000000000
3.1200000000 0.07704343777961830675 0.00000000000000000000
3.1300000000 0.07692802769636528093 0.00000000000000000000
3.1400000000 0.07681368049983657020 0.00000000000000000000
3.1500000000 0.07670038188074496111 0.00000000000000000000
3.1600000000 0.07658811777735777260 0.00000000000000000000
3.1700000000 0.07647687437038058755 0.00000000000000000000
3.1800000000 0.07636663807796136016 0.00000000000000000000
3.1900000000 0.07625739555081260945 0.00000000000000000000
3.2000000000 0.07614913366744839596 0.00000000000000000000
3.2100000000 0.07604183952953112724 0.00000000000000000000
3.2200000000 0.07593550045733028775 0.00000000000000000000
3.2300000000 0.07583010398528240714 0.00000000000000000000
3.2400000000 0.07572563785765920596 0.00000000000000000000
3.2500000000 0.07562209002433167848 0.00000000000000000000
3.2600000000 0.07551944863663509477 0.00000000000000000000
3.2700000000 0.07541770204332789995 0.00000000000000000000
3.2800000000 0.07531683878664335863 0.00000000000000000000
3.2900000000 0.07521684759843261237 0.00000000000000000000
3.3000000000 0.07511771739639507006 0.00000000000000000000
3.3100000000 0.07501943728039538184 0.00000000000000000000
3.3200000000 0.07492199652886394334 0.00000000000000000000
3.3300000000 0.07482538459527808550 0.00000000000000000000
3.3400000000 0.07472959110472505995 0.00000000000000000000
3.3500000000 0.07463460585054047802 0.00000000000000000000
3.3600000000 0.07454041879102309143 0.00000000000000000000
3.3700000000 0.07444702004622379132 0.00000000000000000000
3.3800000000 0.07435439989480582823 0.00000000000000000000
3.3900000000 0.07426254877097536455 0.00000000000000000000
3.4000000000 0.07417145726148023643 0.00000000000000000000
3.4100000000 0.07408111610267574532 0.00000000000000000000
3.4200000000 0.07399151617765485633 0.00000000000000000000
3.4300000000 0.07390264851344263697 0.00000000000000000000
3.4400000000 0.07381450427825102245 0.00000000000000000000
3.4500000000 0.07372707477879565652 0.00000000000000000000
3.4600000000 0.07364035145767054702 0.00000000000000000000
3.4700000000 0.07355432589077993966 0.00000000000000000000
3.4800000000 0.07346898978482643838 0.00000000000000000000
3.4900000000 0.07338433497485467860 0.00000000000000000000
3.5000000000 0.07330035342184634817 0.00000000000000000000
3.5100000000 0.07321703721036859625 0.00000000000000000000
3.5200000000 0.07313437854627297119 0.00000000000000000000
3.5300000000 0.07305236975444345804 0.00000000000000000000
3.5400000000 0.07297100327659357399 0.00000000000000000000
3.5500000000 0.07289027166910939937 0.00000000000000000000
3.5600000000 0.07281016760093995954 0.00000000000000000000
3.5700000000 0.07273068385153166893 0.00000000000000000000
3.5800000000 0.07265181330880683686 0.00000000000000000000
3.5900000000 0.07257354896718527792 0.00000000000000000000
3.6000000000 0.07249588392564722261 0.00000000000000000000
3.6100000000 0.07241881138583748656 0.00000000000000000000
3.6200000000 0.07234232465020880298 0.00000000000000000000
3.6300000000 0.07226641712020534514 0.00000000000000000000
3.6400000000 0.07219108229448242819 0.00000000000000000000
3.6500000000 0.07211631376716516606 0.00000000000000000000
3.6600000000 0.07204210522614167000 0.00000000000000000000
3.6700000000 0.07196845045139292629 0.00000000000000000000
3.6800000000 0.07189534331335685480 0.00000000000000000000
3.6900000000 0.07182277777132513308 0.00000000000000000000
3.7000000000 0.07175074787187489533 0.00000000000000000000
3.7100000000 0.07167924774733074045 0.00000000000000000000
3.7200000000 0.07160827161425951937 0.00000000000000000000
3.7300000000 0.07153781377199523728 0.00000000000000000000
3.7400000000 0.07146786860119401508 0.00000000000000000000
3.7500000000 0.07139843056241865216 0.00000000000000000000
3.7600000000 0.07132949419475156927 0.00000000000000000000
3.7700000000 0.07126105411443614535 0.00000000000000000000
3.7800000000 0.07119310501354490783 0.00000000000000000000
3.7900000000 0.07112564165867510391 0.00000000000000000000
3.8000000000 0.07105865888966952926 0.00000000000000000000
3.8100000000 0.07099215161836430754 0.00000000000000000000
3.8200000000 0.07092611482736023432 0.00000000000000000000
3.8300000000 0.07086054356881919813 0.00000000000000000000
3.8400000000 0.07079543296328474900 0.00000000000000000000
3.8500000000 0.07073077819852528758 0.00000000000000000000
3.8600000000 0.07066657452840087450 0.00000000000000000000
3.8700000000 0.07060281727175157784 0.00000000000000000000
3.8800000000 0.07053950181130828889 0.00000000000000000000
3.8900000000 0.07047662359262431286 0.00000000000000000000
3.9000000000 0.07041417812302858126 0.00000000000000000000
3.9100000000 0.07035216097059814044 0.00000000000000000000
3.9200000000 0.07029056776315180388 0.00000000000000000000
3.9300000000 0.07022939418726230343 0.00000000000000000000
3.9400000000 0.07016863598728850793 0.00000000000000000000
3.9500000000 0.07010828896442508618 0.00000000000000000000
3.9600000000 0.07004834897577165431 0.00000000000000000000
3.9700000000 0.06998881193341902063 0.00000000000000000000
3.9800000000 0.06992967380355338824 0.00000000000000000000
3.9900000000 0.06987093060557682256 0.00000000000000000000
4.0000000000 0.06981257841124587082 0.00000000000000000000
4.0100000000 0.06975461334382489220 0.00000000000000000000
4.0200000000 0.06969703157725662401 0.00000000000000000000
4.0300000000 0.06963982933534820785 0.00000000000000000000
4.0400000000 0.06958300289097175961 0.00000000000000000000
4.0500000000 0.06952654856528116267 0.00000000000000000000
4.0600000000 0.06947046272694248903 0.00000000000000000000
4.0700000000 0.06941474179137949174 0.00000000000000000000
4.0800000000 0.06935938222003285025 0.00000000000000000000
4.0900000000 0.06930438051963319634 0.00000000000000000000
4.1000000000 0.06924973324148769871 0.00000000000000000000
4.1100000000 0.06919543698077994243 0.00000000000000000000
4.1200000000 0.06914148837588245111 0.00000000000000000000
4.1300000000 0.06908788410768219868 0.00000000000000000000
4.1400000000 0.06903462089891808373 0.00000000000000000000
4.1500000000 0.06898169551353121320 0.00000000000000000000
4.1600000000 0.06892910475602627429 0.00000000000000000000
4.1700000000 0.06887684547084473030 0.00000000000000000000
4.1800000000 0.06882491454175020118 0.00000000000000000000
4.1900000000 0.06877330889122371116 0.00000000000000000000
4.2000000000 0.06872202547987099619 0.00000000000000000000
4.2100000000 0.06867106130583956747 0.00000000000000000000
4.2200000000 0.06862041340424736291 0.00000000000000000000
4.2300000000 0.06857007884662003061 0.00000000000000000000
4.2400000000 0.06852005474034028598 0.00000000000000000000
4.2500000000 0.06847033822810534576 0.00000000000000000000
4.2600000000 0.06842092648739514504 0.00000000000000000000
4.2700000000 0.06837181672994931125 0.00000000000000000000
4.2800000000 0.06832300620125389412 0.00000000000000000000
4.2900000000 0.06827449218003707465 0.00000000000000000000
4.3000000000 0.06822627197777304808 0.00000000000000000000
4.3100000000 0.06817834293819620417 0.00000000000000000000
4.3200000000 0.06813070243682184390 0.00000000000000000000
4.3300000000 0.06808334788047705477 0.00000000000000000000
4.3400000000 0.06803627670683863593 0.00000000000000000000
4.3500000000 0.06798948638397955824 0.00000000000000000000
4.3600000000 0.06794297440992319581 0.00000000000000000000
4.3700000000 0.06789673831220513489 0.00000000000000000000
4.3800000000 0.06785077564744299017 0.00000000000000000000
4.3900000000 0.06780508400091295185 0.00000000000000000000
4.4000000000 0.06775966098613420141 0.00000000000000000000
4.4100000000 0.06771450424446032179 0.00000000000000000000
4.4200000000 0.06766961144467739664 0.00000000000000000000
4.4300000000 0.06762498028260920113 0.00000000000000000000
4.4400000000 0.06758060848072934557 0.00000000000000000000
4.4500000000 0.06753649378777971946 0.00000000000000000000
4.4600000000 0.06749263397839502798 0.00000000000000000000
4.4700000000 0.06744902685273442000 0.00000000000000000000
4.4800000000 0.06740567023611916675 0.00000000000000000000
4.4900000000 0.06736256197867554474 0.00000000000000000000
4.5000000000 0.06731969995498528203 0.00000000000000000000
4.5100000000 0.06727708206374025113 0.00000000000000000000
4.5200000000 0.06723470622740398972 0.00000000000000000000
4.5300000000 0.06719257039187852276 0.00000000000000000000
4.5400000000 0.06715067252617666627 0.00000000000000000000
4.5500000000 0.06710901062209949364 0.00000000000000000000
4.5600000000 0.06706758269392003313 0.00000000000000000000
4.5700000000 0.06702638677807096212 0.00000000000000000000
4.5800000000 0.06698542093283840759 0.00000000000000000000
4.5900000000 0.06694468323806028465 0.00000000000000000000
4.6000000000 0.06690417179482970045 0.00000000000000000000
4.6100000000 0.06686388472520327086 0.00000000000000000000
4.6200000000 0.06682382017191411394 0.00000000000000000000
4.6300000000 0.06678397629808910385 0.00000000000000000000
4.6400000000 0.06674435128697170372 0.00000000000000000000
4.6500000000 0.06670494334164840666 0.00000000000000000000
4.6600000000 0.06666575068477954835 0.00000000000000000000
4.6700000000 0.06662677155833511555 0.00000000000000000000
4.6800000000 0.06658800422333455149 0.00000000000000000000
4.6900000000 0.06654944695958997514 0.00000000000000000000
4.7000000000 0.06651109806545478509 0.00000000000000000000
4.7100000000 0.06647295585757530267 0.00000000000000000000
4.7200000000 0.06643501867064650901 0.00000000000000000000
4.7300000000 0.06639728485717240336 0.00000000000000000000
4.7400000000 0.06635975278722870685 0.00000000000000000000
4.7500000000 0.06632242084823074257 0.00000000000000000000
4.7600000000 0.06628528744470429945 0.00000000000000000000
4.7700000000 0.06624835099806002103 0.00000000000000000000
4.7800000000 0.06621160994637161068 0.00000000000000000000
4.7900000000 0.06617506274415735357 0.00000000000000000000
4.8000000000 0.06613870786216481668 0.00000000000000000000
4.8100000000 0.06610254378715960111 0.00000000000000000000
4.8200000000 0.06606656902171659240 0.00000000000000000000
4.8300000000 0.06603078208401469418 0.00000000000000000000
4.8400000000 0.06599518150763516999 0.00000000000000000000
4.8500000000 0.06595976584136209464 0.00000000000000000000
4.8600000000 0.06592453364898727408 0.00000000000000000000
4.8700000000 0.06588948350911656704 0.00000000000000000000
4.8800000000 0.06585461401498075851 0.00000000000000000000
4.8900000000 0.06581992377424779328 0.00000000000000000000
4.9000000000 0.06578541140883902016 0.00000000000000000000
4.9100000000 0.06575107555474786480 0.00000000000000000000
4.9200000000 0.06571691486186097275 0.00000000000000000000
4.9300000000 0.06568292799378240565 0.00000000000000000000
4.9400000000 0.06564911362766023828 0.00000000000000000000
4.9500000000 0.06561547045401598666 0.00000000000000000000
4.9600000000 0.06558199717657663130 0.00000000000000000000
4.9700000000 0.06554869251210854175 0.00000000000000000000
4.9800000000 0.06551555519025492602 0.00000000000000000000
4.9900000000 0.06548258395337480664 0.00000000000000000000
5.0000000000 0.06544977755638470285 0.00000000000000000000
