0.1000000000 4.94131246266228529862 0.00000000000000000000
0.1100000000 4.78244885303173727920 0.00000000000000000000
0.1200000000 4.62674757868444164188 0.00000000000000000000
0.1300000000 4.47447410733564687746 0.00000000000000000000
0.1400000000 4.32587021632362844770 0.00000000000000000000
0.1500000000 4.18114959939214791973 0.00000000000000000000
0.1600000000 4.04049425085995306262 0.00000000000000000000
0.1700000000 3.90405181051493066491 0.00000000000000000000
0.1800000000 3.77193399100205040142 0.00000000000000000000
0.1900000000 3.64421613681562295284 0.00000000000000000000
0.2000000000 3.52093788853067835021 0.00000000000000000000
0.2100000000 3.40210485610578183824 0.00000000000000000000
0.2200000000 3.28769114824145969322 0.00000000000000000000
0.2300000000 3.17764256585128679333 0.00000000000000000000
0.2400000000 3.07188024878665366657 0.00000000000000000000
0.2500000000 2.97030456531147279975 0.00000000000000000000
0.2600000000 2.87279905043150174393 0.00000000000000000000
0.2700000000 2.77923422760370630868 0.00000000000000000000
0.2800000000 2.68947118364500692422 0.00000000000000000000
0.2900000000 2.60336480418143034754 0.00000000000000000000
0.3000000000 2.52076661292788006818 0.00000000000000000000
0.3100000000 2.44152718978002036820 0.00000000000000000000
0.3200000000 2.36549816858861783331 0.00000000000000000000
0.3300000000 2.29253383502725949228 0.00000000000000000000
0.3400000000 2.22249235836827585544 0.00000000000000000000
0.3500000000 2.15523669896176794936 0.00000000000000000000
0.3600000000 2.09063523674206930281 0.00000000000000000000
0.3700000000 2.02856216621548668400 0.00000000000000000000
0.3800000000 1.96889770110806749948 0.00000000000000000000
0.3900000000 1.91152812803850635781 0.00000000000000000000
0.4000000000 1.85634574392985429725 0.00000000000000000000
0.4100000000 1.80324870691610783524 0.00000000000000000000
0.4200000000 1.75214082561416373274 0.00000000000000000000
0.4300000000 1.70293130706419004738 0.00000000000000000000
0.4400000000 1.65553447953679633287 0.00000000000000000000
0.4500000000 1.60986950282897223197 0.00000000000000000000
0.4600000000 1.56586007563566131928 0.00000000000000000000
0.4700000000 1.52343414706526436575 0.00000000000000000000
0.4800000000 1.48252363732142966590 0.00000000000000000000
0.4900000000 1.44306417094331296269 0.00000000000000000000
0.5000000000 1.40499482472391457044 0.00000000000000000000
0.5100000000 1.36825789145258025492 0.00000000000000000000
0.5200000000 1.33279865990063939307 0.00000000000000000000
0.5300000000 1.29856521094053078968 0.00000000000000000000
0.5400000000 1.26550822931730122534 0.00000000000000000000
0.5500000000 1.23358083034340504369 0.00000000000000000000
0.5600000000 1.20273840063302150938 0.00000000000000000000
0.5700000000 1.17293845190889989283 0.00000000000000000000
0.5800000000 1.14414048688276204224 0.00000000000000000000
0.5900000000 1.11630587621614485450 0.00000000000000000000
0.6000000000 1.08939774559969793088 0.00000000000000000000
0.6100000000 1.06338087203723374863 0.00000000000000000000
0.6200000000 1.03822158847908707635 0.00000000000000000000
0.6300000000 1.01388769601358763595 0.00000000000000000000
0.6400000000 0.99034838289055182603 0.00000000000000000000
0.6500000000 0.96757414971627886402 0.00000000000000000000
0.6600000000 0.94553674022169809099 0.00000000000000000000
0.6700000000 0.92420907706477384291 0.00000000000000000000
0.6800000000 0.90356520218313896020 0.00000000000000000000
0.6900000000 0.88358022126389856865 0.00000000000000000000
0.7000000000 0.86423025194336866583 0.00000000000000000000
0.7100000000 0.84549237539158739185 0.00000000000000000000
0.7200000000 0.82734459097390389282 0.00000000000000000000
0.7300000000 0.80976577371551916595 0.00000000000000000000
0.7400000000 0.79273563432514138061 0.00000000000000000000
0.7500000000 0.77623468155993458062 0.00000000000000000000
0.7600000000 0.76024418673829841087 0.00000000000000000000
0.7700000000 0.74474615022712520318 0.00000000000000000000
0.7800000000 0.72972326974938228616 0.00000000000000000000
0.7900000000 0.71515891037322454338 0.00000000000000000000
0.8000000000 0.70103707605896548039 0.00000000000000000000
0.8100000000 0.68734238265236202725 0.00000000000000000000
0.8200000000 0.67406003222395061147 0.00000000000000000000
0.8300000000 0.66117578866377957336 0.00000000000000000000
0.8400000000 0.64867595444995895804 0.00000000000000000000
0.8500000000 0.63654734851628402836 0.00000000000000000000
0.8600000000 0.62477728515157948674 0.00000000000000000000
0.8700000000 0.61335355386955314749 0.00000000000000000000
0.8800000000 0.60226440019168381301 0.00000000000000000000
0.8900000000 0.59149850729290098794 0.00000000000000000000
0.9000000000 0.58104497846085501056 0.00000000000000000000
0.9100000000 0.57089332032668593797 0.00000000000000000000
0.9200000000 0.56103342682500001448 0.00000000000000000000
0.9300000000 0.55145556384691607477 0.00000000000000000000
0.9400000000 0.54215035454985971430 0.00000000000000000000
0.9500000000 0.53310876529314721317 0.00000000000000000000
0.9600000000 0.52432209216683800523 0.00000000000000000000
0.9700000000 0.51578194808824173734 0.00000000000000000000
0.9800000000 0.50748025043527533740 0.00000000000000000000
0.9900000000 0.49940920919676051737 0.00000000000000000000
1.0000000000 0.49156131561063071134 0.00000000000000000000
1.0100000000 0.48392933127293474849 0.00000000000000000000
1.0200000000 0.47650627769245784693 0.00000000000000000000
1.0300000000 0.46928542627183966740 0.00000000000000000000
1.0400000000 0.46226028869976126812 0.00000000000000000000
1.0500000000 0.45542460773185722278 0.00000000000000000000
1.0600000000 0.44877234834573803690 0.00000000000000000000
1.0700000000 0.44229768925370327448 0.00000000000000000000
1.0800000000 0.43599501475734181444 0.00000000000000000000
1.0900000000 0.42985890693004130680 0.00000000000000000000
1.1000000000 0.42388413811325542646 0.00000000000000000000
1.1100000000 0.41806566371290970752 0.00000000000000000000
1.1200000000 0.41239861528389332168 0.00000000000000000000
1.1300000000 0.40687829389041424433 0.00000000000000000000
1.1400000000 0.40150016373031288675 0.00000000000000000000
1.1500000000 0.39625984601289265807 0.00000000000000000000
1.1600000000 0.39115311307941197372 0.00000000000000000000
1.1700000000 0.38617588275630626571 0.00000000000000000000
1.1800000000 0.38132421293149137975 0.00000000000000000000
1.1900000000 0.37659429634459279379 0.00000000000000000000
1.2000000000 0.37198245558222653440 0.00000000000000000000
1.2100000000 0.36748513827013523647 0.00000000000000000000
1.2200000000 0.36309891245377573510 0.00000000000000000000
1.2300000000 0.35882046215995805349 0.00000000000000000000
1.2400000000 0.35464658313207997331 0.00000000000000000000
1.2500000000 0.35057417873163587707 0.00000000000000000000
1.2600000000 0.34660025599969457311 0.00000000000000000000
1.2700000000 0.34272192187133093677 0.00000000000000000000
1.2800000000 0.33893637953726318823 0.00000000000000000000
1.2900000000 0.33524092494641499762 0.00000000000000000000
1.3000000000 0.33163294344385108037 0.00000000000000000000
1.3100000000 0.32810990653855470756 0.00000000000000000000
1.3200000000 0.32466936879586144604 0.00000000000000000000
1.3300000000 0.32130896484948145986 0.00000000000000000000
1.3400000000 0.31802640652827862677 0.00000000000000000000
1.3500000000 0.31481948009326660154 0.00000000000000000000
1.3600000000 0.31168604358034157631 0.00000000000000000000
1.3700000000 0.30862402424447249460 0.00000000000000000000
1.3800000000 0.30563141610142280369 0.00000000000000000000
1.3900000000 0.30270627756292306509 0.00000000000000000000
1.4000000000 0.29984672916172550039 0.00000000000000000000
1.4100000000 0.29705095136283926616 0.00000000000000000000
1.4200000000 0.29431718245757015895 0.00000000000000000000
1.4300000000 0.29164371653706638865 0.00000000000000000000
1.4400000000 0.28902890154217225627 0.00000000000000000000
1.4500000000 0.28647113738663487759 0.00000000000000000000
1.4600000000 0.28396887415067861848 0.00000000000000000000
1.4700000000 0.28152061034222414238 0.00000000000000000000
1.4800000000 0.27912489122304473543 0.00000000000000000000
1.4900000000 0.27678030719730178921 0.00000000000000000000
1.5000000000 0.27448549226004737012 0.00000000000000000000
1.5100000000 0.27223912250325621454 0.00000000000000000000
1.5200000000 0.27003991467719845598 0.00000000000000000000
1.5300000000 0.26788662480495917251 0.00000000000000000000
1.5400000000 0.26577804684800132584 0.00000000000000000000
1.5500000000 0.26371301142084446756 0.00000000000000000000
1.5600000000 0.26169038455284188149 0.00000000000000000000
1.5700000000 0.25970906649532721211 0.00000000000000000000
1.5800000000 0.25776799057230243006 0.00000000000000000000
1.5900000000 0.25586612207299913591 0.00000000000000000000
1.6000000000 0.25400245718467234779 0.00000000000000000000
1.6100000000 0.25217602196411692539 0.00000000000000000000
1.6200000000 0.25038587134634870957 0.00000000000000000000
1.6300000000 0.24863108818907209141 0.00000000000000000000
1.6400000000 0.24691078235154367837 0.00000000000000000000
1.6500000000 0.24522408980646773213 0.00000000000000000000
1.6600000000 0.24357017178375753308 0.00000000000000000000
1.6700000000 0.24194821394481558219 0.00000000000000000000
1.6800000000 0.24035742558630066035 0.00000000000000000000
1.6900000000 0.23879703887213057922 0.00000000000000000000
1.7000000000 0.23726630809276882950 0.00000000000000000000
1.7100000000 0.23576450895066072833 0.00000000000000000000
1.7200000000 0.23429093787088617340 0.00000000000000000000
1.7300000000 0.23284491133607371216 0.00000000000000000000
1.7400000000 0.23142576524462030174 0.00000000000000000000
1.7500000000 0.23003285429139316842 0.00000000000000000000
1.7600000000 0.22866555137003496956 0.00000000000000000000
1.7700000000 0.22732324699607414642 0.00000000000000000000
1.7800000000 0.22600534875006350610 0.00000000000000000000
1.7900000000 0.22471128073999888097 0.00000000000000000000
1.8000000000 0.22344048308229472188 0.00000000000000000000
1.8100000000 0.22219241140064810436 0.00000000000000000000
1.8200000000 0.22096653634209489914 0.00000000000000000000
1.8300000000 0.21976234310964787300 0.00000000000000000000
1.8400000000 0.21857933101091134298 0.00000000000000000000
1.8500000000 0.21741701302204777257 0.00000000000000000000
1.8600000000 0.21627491536657750260 0.00000000000000000000
1.8700000000 0.21515257710843663230 0.00000000000000000000
1.8800000000 0.21404954975878406898 0.00000000000000000000
1.8900000000 0.21296539689605534229 0.00000000000000000000
1.9000000000 0.21189969379878545452 0.00000000000000000000
1.9100000000 0.21085202709072653482 0.00000000000000000000
1.9200000000 0.20982199439782406314 0.00000000000000000000
1.9300000000 0.20880920401662189656 0.00000000000000000000
1.9400000000 0.20781327459368881261 0.00000000000000000000
1.9500000000 0.20683383481564901474 0.00000000000000000000
1.9600000000 0.20587052310947390188 0.00000000000000000000
1.9700000000 0.20492298735262687304 0.00000000000000000000
1.9800000000 0.20399088459274472562 0.00000000000000000000
1.9900000000 0.20307388077649241032 0.00000000000000000000
2.0000000000 0.20217165048727750443 0.00000000000000000000
2.0100000000 0.20128387669150360484 0.00000000000000000000
2.0200000000 0.20041025049307184536 0.00000000000000000000
2.0300000000 0.19955047089582372832 0.00000000000000000000
2.0400000000 0.19870424457365948312 0.00000000000000000000
2.0500000000 0.19787128564806072406 0.00000000000000000000
2.0600000000 0.19705131547274926107 0.00000000000000000000
2.0700000000 0.19624406242525072042 0.00000000000000000000
2.0800000000 0.19544926170509668850 0.00000000000000000000
2.0900000000 0.19466665513846631574 0.00000000000000000000
2.1000000000 0.19389599098901494356 0.00000000000000000000
2.1100000000 0.19313702377470057248 0.00000000000000000000
2.1200000000 0.19238951409038398954 0.00000000000000000000
2.1300000000 0.19165322843601140246 0.00000000000000000000
2.1400000000 0.19092793905018598521 0.00000000000000000000
2.1500000000 0.19021342374895705563 0.00000000000000000000
2.1600000000 0.18950946576962041101 0.00000000000000000000
2.1700000000 0.18881585361939204337 0.00000000000000000000
2.1800000000 0.18813238092876677365 0.00000000000000000000
2.1900000000 0.18745884630941406224 0.00000000000000000000
2.2000000000 0.18679505321645190064 0.00000000000000000000
2.2100000000 0.18614080981496405887 0.00000000000000000000
2.2200000000 0.18549592885060009473 0.00000000000000000000
2.2300000000 0.18486022752413372450 0.00000000000000000000
2.2400000000 0.18423352736984396905 0.00000000000000000000
2.2500000000 0.18361565413759481369 0.00000000000000000000
2.2600000000 0.18300643767848528976 0.00000000000000000000
2.2700000000 0.18240571183395329347 0.00000000000000000000
2.2800000000 0.18181331432822644967 0.00000000000000000000
2.2900000000 0.18122908666399448196 0.00000000000000000000
2.3000000000 0.18065287402121446569 0.00000000000000000000
2.3100000000 0.18008452515893375034 0.00000000000000000000
2.3200000000 0.17952389232003912456 0.00000000000000000000
2.3300000000 0.17897083113882961136 0.00000000000000000000
2.3400000000 0.17842520055133220813 0.00000000000000000000
2.3500000000 0.17788686270826151170 0.00000000000000000000
2.3600000000 0.17735568289054073898 0.00000000000000000000
2.3700000000 0.17683152942730198665 0.00000000000000000000
2.3800000000 0.17631427361629201100 0.00000000000000000000
2.3900000000 0.17580378964658935348 0.00000000000000000000
2.4000000000 0.17529995452358579366 0.00000000000000000000
2.4100000000 0.17480264799612613147 0.00000000000000000000
2.4200000000 0.17431175248577393533 0.00000000000000000000
2.4300000000 0.17382715301810242048 0.00000000000000000000
2.4400000000 0.17334873715597060029 0.00000000000000000000
2.4500000000 0.17287639493471260166 0.00000000000000000000
2.4600000000 0.17241001879917430828 0.00000000000000000000
2.4700000000 0.17194950354255292280 0.00000000000000000000
2.4800000000 0.17149474624697316760 0.00000000000000000000
2.4900000000 0.17104564622574358612 0.00000000000000000000
2.5000000000 0.17060210496725028428 0.00000000000000000000
2.5100000000 0.17016402608043632028 0.00000000000000000000
2.5200000000 0.16973131524179996266 0.00000000000000000000
2.5300000000 0.16930388014389519125 0.00000000000000000000
2.5400000000 0.16888163044525877909 0.00000000000000000000
2.5500000000 0.16846447772173855917 0.00000000000000000000
2.5600000000 0.16805233541917544149 0.00000000000000000000
2.5700000000 0.16764511880739196847 0.00000000000000000000
2.5800000000 0.16724274493545696063 0.00000000000000000000
2.5900000000 0.16684513258818034487 0.00000000000000000000
2.6000000000 0.16645220224380258278 0.00000000000000000000
2.6100000000 0.16606387603284608612 0.00000000000000000000
2.6200000000 0.16568007769808995588 0.00000000000000000000
2.6300000000 0.16530073255563043633 0.00000000000000000000
2.6400000000 0.16492576745700857077 0.00000000000000000000
2.6500000000 0.16455511075235393359 0.00000000000000000000
2.6600000000 0.16418869225453111560 0.00000000000000000000
2.6700000000 0.16382644320424905038 0.00000000000000000000
2.6800000000 0.16346829623610539817 0.00000000000000000000
2.6900000000 0.16311418534554583681 0.00000000000000000000
2.7000000000 0.16276404585670137259 0.00000000000000000000
2.7100000000 0.16241781439108313179 0.00000000000000000000
2.7200000000 0.16207542883711154036 0.00000000000000000000
2.7300000000 0.16173682832044686264 0.00000000000000000000
2.7400000000 0.16140195317510983020 0.00000000000000000000
2.7500000000 0.16107074491535838812 0.00000000000000000000
2.7600000000 0.16074314620830479350 0.00000000000000000000
2.7700000000 0.16041910084724902985 0.00000000000000000000
2.7800000000 0.16009855372571013543 0.00000000000000000000
2.7900000000 0.15978145081213235290 0.00000000000000000000
2.8000000000 0.15946773912525041839 0.00000000000000000000
2.8100000000 0.15915736671008909320 0.00000000000000000000
2.8200000000 0.15885028261458616905 0.00000000000000000000
2.8300000000 0.15854643686681718640 0.00000000000000000000
2.8400000000 0.15824578045280210392 0.00000000000000000000
2.8500000000 0.15794826529488525946 0.00000000000000000000
2.8600000000 0.15765384423066303166 0.00000000000000000000
2.8700000000 0.15736247099245168068 0.00000000000000000000
2.8800000000 0.15707410018727435697 0.00000000000000000000
2.8900000000 0.15678868727735628674 0.00000000000000000000
2.9000000000 0.15650618856111350730 0.00000000000000000000
2.9100000000 0.15622656115461788784 0.00000000000000000000
2.9200000000 0.15594976297353210781 0.00000000000000000000
2.9300000000 0.15567575271549177751 0.00000000000000000000
2.9400000000 0.15540448984293361856 0.00000000000000000000
2.9500000000 0.15513593456634650058 0.00000000000000000000
2.9600000000 0.15487004782794247526 0.00000000000000000000
2.9700000000 0.15460679128573012742 0.00000000000000000000
2.9800000000 0.15434612729798213859 0.00000000000000000000
2.9900000000 0.15408801890808698776 0.00000000000000000000
3.0000000000 0.15383242982977121671 0.00000000000000000000
3.0100000000 0.15357932443268432210 0.00000000000000000000
3.0200000000 0.15332866772833725344 0.00000000000000000000
3.0300000000 0.15308042535638335946 0.00000000000000000000
3.0400000000 0.15283456357122993108 0.00000000000000000000
3.0500000000 0.15259104922898017453 0.00000000000000000000
3.0600000000 0.15234984977468671308 0.00000000000000000000
3.0700000000 0.15211093322991081633 0.00000000000000000000
3.0800000000 0.15187426818058893940 0.00000000000000000000
3.0900000000 0.15163982376517984307 0.00000000000000000000
3.1000000000 0.15140756966310311982 0.00000000000000000000
3.1100000000 0.15117747608344972443 0.00000000000000000000
3.1200000000 0.15094951375396400972 0.00000000000000000000
3.1300000000 0.15072365391028280657 0.00000000000000000000
3.1400000000 0.15049986828543307493 0.00000000000000000000
3.1500000000 0.15027812909957741216 0.00000000000000000000
3.1600000000 0.15005840904999726004 0.00000000000000000000
3.1700000000 0.14984068130131542040 0.00000000000000000000
3.1800000000 0.14962491947594508401 0.00000000000000000000
3.1900000000 0.14941109764476329103 0.00000000000000000000
3.2000000000 0.14919919031800005227 0.00000000000000000000
3.2100000000 0.14898917243633980068 0.00000000000000000000
3.2200000000 0.14878101936223001034 0.00000000000000000000
3.2300000000 0.14857470687138923937 0.00000000000000000000
3.2400000000 0.14837021114451021120 0.00000000000000000000
3.2500000000 0.14816750875915679631 0.00000000000000000000
3.2600000000 0.14796657668184173828 0.00000000000000000000
3.2700000000 0.14776739226029095287 0.00000000000000000000
3.2800000000 0.14756993321587877355 0.00000000000000000000
3.2900000000 0.14737417763624061084 0.00000000000000000000
3.3000000000 0.14718010396804748208 0.00000000000000000000
3.3100000000 0.14698769100994854564 0.00000000000000000000
3.3200000000 0.14679691790567123144 0.00000000000000000000
3.3300000000 0.14660776413727572010 0.00000000000000000000
3.3400000000 0.14642020951856077327 0.00000000000000000000
3.3500000000 0.14623423418861924983 0.00000000000000000000
3.3600000000 0.14604981860553561956 0.00000000000000000000
3.3700000000 0.14586694354022336495 0.00000000000000000000
3.3800000000 0.14568559007040038367 0.00000000000000000000
3.3900000000 0.14550573957469770114 0.00000000000000000000
3.4000000000 0.14532737372689774613 0.00000000000000000000
3.4100000000 0.14515047449029885862 0.00000000000000000000
3.4200000000 0.14497502411220630769 0.00000000000000000000
3.4300000000 0.14480100511853966072 0.00000000000000000000
3.4400000000 0.14462840030856258244 0.00000000000000000000
3.4500000000 0.14445719274972412816 0.00000000000000000000
3.4600000000 0.14428736577261394580 0.00000000000000000000
3.4700000000 0.14411890296602600237 0.00000000000000000000
3.4800000000 0.14395178817212939126 0.00000000000000000000
3.4900000000 0.14378600548174361173 0.00000000000000000000
3.5000000000 0.14362153922971382380 0.00000000000000000000
3.5100000000 0.14345837399038849358 0.00000000000000000000
3.5200000000 0.14329649457319029726 0.00000000000000000000
3.5300000000 0.14313588601828344804 0.00000000000000000000
3.5400000000 0.14297653359233375436 0.00000000000000000000
3.5500000000 0.14281842278435696869 0.00000000000000000000
3.5600000000 0.14266153930165595409 0.00000000000000000000
3.5700000000 0.14250586906584461477 0.00000000000000000000
3.5800000000 0.14235139820895298390 0.00000000000000000000
3.5900000000 0.14219811306961710473 0.00000000000000000000
3.6000000000 0.14204600018934684935 0.00000000000000000000
3.6100000000 0.14189504630887242453 0.00000000000000000000
3.6200000000 0.14174523836456642822 0.00000000000000000000
3.6300000000 0.14159656348494176203 0.00000000000000000000
3.6400000000 0.14144900898721951554 0.00000000000000000000
3.6500000000 0.14130256237397167962 0.00000000000000000000
3.6600000000 0.14115721132982925190 0.00000000000000000000
3.6700000000 0.14101294371825964791 0.00000000000000000000
3.6800000000 0.14086974757841164152 0.00000000000000000000
3.6900000000 0.14072761112202297751 0.00000000000000000000
3.7000000000 0.14058652273039121128 0.00000000000000000000
3.7100000000 0.14044647095140669335 0.00000000000000000000
3.7200000000 0.14030744449664783735 0.00000000000000000000
3.7300000000 0.14016943223853017830 0.00000000000000000000
3.7400000000 0.14003242320751940753 0.00000000000000000000
3.7500000000 0.13989640658939417328 0.00000000000000000000
3.7600000000 0.13976137172256922203 0.00000000000000000000
3.7700000000 0.13962730809547008182 0.00000000000000000000
3.7800000000 0.13949420534395795546 0.00000000000000000000
3.7900000000 0.13936205324881106860 0.00000000000000000000
3.8000000000 0.13923084173325114832 0.00000000000000000000
3.8100000000 0.13910056086052205448 0.00000000000000000000
3.8200000000 0.13897120083151617842 0.00000000000000000000
3.8300000000 0.13884275198244475091 0.00000000000000000000
3.8400000000 0.13871520478255811026 0.00000000000000000000
3.8500000000 0.13858854983190879717 0.00000000000000000000
3.8600000000 0.13846277785915730996 0.00000000000000000000
3.8700000000 0.13833787971942235195 0.00000000000000000000
3.8800000000 0.13821384639217393353 0.00000000000000000000
3.8900000000 0.13809066897916408290 0.00000000000000000000
3.9000000000 0.13796833870240104991 0.00000000000000000000
3.9100000000 0.13784684690216095215 0.00000000000000000000
3.9200000000 0.13772618503503816778 0.00000000000000000000
3.9300000000 0.13760634467203303188 0.00000000000000000000
3.9400000000 0.13748731749667639224 0.00000000000000000000
3.9500000000 0.13736909530319094119 0.00000000000000000000
3.9600000000 0.13725166999468629836 0.00000000000000000000
3.9700000000 0.13713503358138823263 0.00000000000000000000
3.9800000000 0.13701917817890410523 0.00000000000000000000
3.9900000000 0.13690409600651740063 0.00000000000000000000
4.0000000000 0.13678977938551831195 0.00000000000000000000
4.0100000000 0.13667622073756260925 0.00000000000000000000
4.0200000000 0.13656341258306373132 0.00000000000000000000
4.0300000000 0.13645134753961335461 0.00000000000000000000
4.0400000000 0.13634001832043268765 0.00000000000000000000
4.0500000000 0.13622941773285177081 0.00000000000000000000
4.0600000000 0.13611953867681833574 0.00000000000000000000
4.0700000000 0.13601037414343267185 0.00000000000000000000
4.0800000000 0.13590191721351085885 0.00000000000000000000
4.0900000000 0.13579416105617431176 0.00000000000000000000
4.1000000000 0.13568709892746508294 0.00000000000000000000
4.1100000000 0.13558072416898689361 0.00000000000000000000
4.1200000000 0.13547503020657047923 0.00000000000000000000
4.1300000000 0.13537001054896483088 0.00000000000000000000
4.1400000000 0.13526565878654997488 0.00000000000000000000
4.1500000000 0.13516196859007517661 0.00000000000000000000
4.1600000000 0.13505893370941995935 0.00000000000000000000
4.1700000000 0.13495654797237585654 0.00000000000000000000
4.1800000000 0.13485480528345186735 0.00000000000000000000
4.1900000000 0.13475369962270095092 0.00000000000000000000
4.2000000000 0.13465322504456719854 0.00000000000000000000
4.2100000000 0.13455337567675451638 0.00000000000000000000
4.2200000000 0.13445414571911393220 0.00000000000000000000
4.2300000000 0.13435552944255316210 0.00000000000000000000
4.2400000000 0.13425752118796371870 0.00000000000000000000
4.2500000000 0.13416011536516694869 0.00000000000000000000
4.2600000000 0.13406330645188060946 0.00000000000000000000
4.2700000000 0.13396708899270134974 0.00000000000000000000
4.2800000000 0.13387145759810709089 0.00000000000000000000
4.2900000000 0.13377640694347542327 0.00000000000000000000
4.3000000000 0.13368193176812012690 0.00000000000000000000
4.3100000000 0.13358802687434473411 0.00000000000000000000
4.3200000000 0.13349468712651124669 0.00000000000000000000
4.3300000000 0.13340190745012645013 0.00000000000000000000
4.3400000000 0.13330968283094402071 0.00000000000000000000
4.3500000000 0.13321800831408106558 0.00000000000000000000
4.3600000000 0.13312687900315062217 0.00000000000000000000
4.3700000000 0.13303629005940995067 0.00000000000000000000
4.3800000000 0.13294623670092137191 0.00000000000000000000
4.3900000000 0.13285671420172984192 0.00000000000000000000
4.4000000000 0.13276771789105262789 0.00000000000000000000
4.4100000000 0.13267924315248444400 0.00000000000000000000
4.4200000000 0.13259128542321438338 0.00000000000000000000
4.4300000000 0.13250384019325797680 0.00000000000000000000
4.4400000000 0.13241690300470104757 0.00000000000000000000
4.4500000000 0.13233046945095638947 0.00000000000000000000
4.4600000000 0.13224453517603346198 0.00000000000000000000
4.4700000000 0.13215909587382021484 0.00000000000000000000
4.4800000000 0.13207414728737709719 0.00000000000000000000
4.4900000000 0.13198968520824180817 0.00000000000000000000
4.5000000000 0.13190570547574748117 0.00000000000000000000
4.5100000000 0.13182220397635049935 0.00000000000000000000
4.5200000000 0.13173917664297085661 0.00000000000000000000
4.5300000000 0.13165661945434234403 0.00000000000000000000
4.5400000000 0.13157452843437406065 0.00000000000000000000
4.5500000000 0.13149289965152233250 0.00000000000000000000
4.5600000000 0.13141172921817290131 0.00000000000000000000
4.5700000000 0.13133101329003343816 0.00000000000000000000
4.5800000000 0.13125074806553585494 0.00000000000000000000
4.5900000000 0.13117092978524821922 0.00000000000000000000
4.6000000000 0.13109155473129638358 0.00000000000000000000
4.6100000000 0.13101261922679535710 0.00000000000000000000
4.6200000000 0.13093411963528914232 0.00000000000000000000
4.6300000000 0.13085605236020056430 0.00000000000000000000
4.6400000000 0.13077841384428903759 0.00000000000000000000
4.6500000000 0.13070120056911760376 0.00000000000000000000
4.6600000000 0.13062440905452848972 0.00000000000000000000
4.6700000000 0.13054803585812710387 0.00000000000000000000
4.6800000000 0.13047207757477385925 0.00000000000000000000
4.6900000000 0.13039653083608493400 0.00000000000000000000
4.7000000000 0.13032139230993941559 0.00000000000000000000
4.7100000000 0.13024665869999663137 0.00000000000000000000
4.7200000000 0.13017232674521866942 0.00000000000000000000
4.7300000000 0.13009839321940225298 0.00000000000000000000
4.7400000000 0.13002485493071661016 0.00000000000000000000
4.7500000000 0.12995170872125016981 0.00000000000000000000
4.7600000000 0.12987895146656250334 0.00000000000000000000
4.7700000000 0.12980658007524503716 0.00000000000000000000
4.7800000000 0.12973459148848701106 0.00000000000000000000
4.7900000000 0.12966298267964987412 0.00000000000000000000
4.8000000000 0.12959175065384673231 0.00000000000000000000
4.8100000000 0.12952089244752945651 0.00000000000000000000
4.8200000000 0.12945040512808131394 0.00000000000000000000
4.8300000000 0.12938028579341656621 0.00000000000000000000
4.8400000000 0.12931053157158600708 0.00000000000000000000
4.8500000000 0.12924113962038794035 0.00000000000000000000
4.8600000000 0.12917210712698617980 0.00000000000000000000
4.8700000000 0.12910343130753323959 0.00000000000000000000
4.8800000000 0.12903510940679938090 0.00000000000000000000
4.8900000000 0.12896713869780745965 0.00000000000000000000
4.9000000000 0.12889951648147265906 0.00000000000000000000
4.9100000000 0.12883224008624857837 0.00000000000000000000
4.9200000000 0.12876530686777856727 0.00000000000000000000
4.9300000000 0.12869871420855089061 0.00000000000000000000
4.9400000000 0.12863245951756177576 0.00000000000000000000
4.9500000000 0.12856654022998043052 0.00000000000000000000
4.9600000000 0.12850095380682169388 0.00000000000000000000
4.9700000000 0.12843569773462140682 0.00000000000000000000
4.9800000000 0.12837076952511897177 0.00000000000000000000
4.9900000000 0.12830616671494202152 0.00000000000000000000
5.0000000000 0.12824188686529772174 0.00000000000000000000
