0.1000000000 3.84821530355307084292 0.00000000000000000000
0.1100000000 3.71284773265977818824 0.00000000000000000000
0.1200000000 3.58150180413566276982 0.00000000000000000000
0.1300000000 3.45432557596942357847 0.00000000000000000000
0.1400000000 3.33143012575448560497 0.00000000000000000000
0.1500000000 3.21288884735922364300 0.00000000000000000000
0.1600000000 3.09873795473181568028 0.00000000000000000000
0.1700000000 2.98897810544750219819 0.00000000000000000000
0.1800000000 2.88357698839142351233 0.00000000000000000000
0.1900000000 2.78247267102244988379 0.00000000000000000000
0.2000000000 2.68557747531442592148 0.00000000000000000000
0.2100000000 2.59278214762514558345 0.00000000000000000000
0.2200000000 2.50396010340587427123 0.00000000000000000000
0.2300000000 2.41897155791355755738 0.00000000000000000000
0.2400000000 2.33766739319186411805 0.00000000000000000000
0.2500000000 2.25989265400929850713 0.00000000000000000000
0.2600000000 2.18548960656307267314 0.00000000000000000000
0.2700000000 2.11430033025492170040 0.00000000000000000000
0.2800000000 2.04616884276642663210 0.00000000000000000000
0.2900000000 1.98094278126645395588 0.00000000000000000000
0.3000000000 1.91847467806571936322 0.00000000000000000000
0.3100000000 1.85862287820284488582 0.00000000000000000000
0.3200000000 1.80125215044046660395 0.00000000000000000000
0.3300000000 1.74623404320220787511 0.00000000000000000000
0.3400000000 1.69344703426389031620 0.00000000000000000000
0.3500000000 1.64277651854055295466 0.00000000000000000000
0.3600000000 1.59411467290288455523 0.00000000000000000000
0.3700000000 1.54736023122955490550 0.00000000000000000000
0.3800000000 1.50241819728867520567 0.00000000000000000000
0.3900000000 1.45919951782193746403 0.00000000000000000000
0.4000000000 1.41762073353821360655 0.00000000000000000000
0.4100000000 1.37760362167851369009 0.00000000000000000000
0.4200000000 1.33907484039980739787 0.00000000000000000000
0.4300000000 1.30196558240788573535 0.00000000000000000000
0.4400000000 1.26621124299431886406 0.00000000000000000000
0.4500000000 1.23175110583197455760 0.00000000000000000000
0.4600000000 1.19852804848826877127 0.00000000000000000000
0.4700000000 1.16648826855773402045 0.00000000000000000000
0.4800000000 1.13558103053405057281 0.00000000000000000000
0.4900000000 1.10575843298194875786 0.00000000000000000000
0.5000000000 1.07697519518450945952 0.00000000000000000000
0.5100000000 1.04918846219200667669 0.00000000000000000000
0.5200000000 1.02235762705234756176 0.00000000000000000000
0.5300000000 0.99644416893385978629 0.00000000000000000000
0.5400000000 0.97141150583808255625 0.00000000000000000000
0.5500000000 0.94722486062653121763 0.00000000000000000000
0.5600000000 0.92385113913874550295 0.00000000000000000000
0.5700000000 0.90125881924930162370 0.00000000000000000000
0.5800000000 0.87941784979190917859 0.00000000000000000000
0.5900000000 0.85829955836341320641 0.00000000000000000000
0.6000000000 0.83787656710638458435 0.00000000000000000000
0.6100000000 0.81812271565227145942 0.00000000000000000000
0.6200000000 0.79901299048733764874 0.00000000000000000000
0.6300000000 0.78052346007831463481 0.00000000000000000000
0.6400000000 0.76263121516438558967 0.00000000000000000000
0.6500000000 0.74531431368590361775 0.00000000000000000000
0.6600000000 0.72855172987803340501 0.00000000000000000000
0.6700000000 0.71232330711021607517 0.00000000000000000000
0.6800000000 0.69660971409909100416 0.00000000000000000000
0.6900000000 0.68139240416477664386 0.00000000000000000000
0.7000000000 0.66665357723779794519 0.00000000000000000000
0.7100000000 0.65237614435725999051 0.00000000000000000000
0.7200000000 0.63854369443017600094 0.00000000000000000000
0.7300000000 0.62514046304815662491 0.00000000000000000000
0.7400000000 0.61215130318018351474 0.00000000000000000000
0.7500000000 0.59956165758093027396 0.00000000000000000000
0.7600000000 0.58735753277128244232 0.00000000000000000000
0.7700000000 0.57552547446393831354 0.00000000000000000000
0.7800000000 0.56405254432018436805 0.00000000000000000000
0.7900000000 0.55292629793634551216 0.00000000000000000000
0.8000000000 0.54213476396886450814 0.00000000000000000000
0.8100000000 0.53166642431629362875 0.00000000000000000000
0.8200000000 0.52151019528477571274 0.00000000000000000000
0.8300000000 0.51165540967057610011 0.00000000000000000000
0.8400000000 0.50209179969983808167 0.00000000000000000000
0.8500000000 0.49280948077112368688 0.00000000000000000000
0.8600000000 0.48379893595134948470 0.00000000000000000000
0.8700000000 0.47505100118000065379 0.00000000000000000000
0.8800000000 0.46655685114051570483 0.00000000000000000000
0.8900000000 0.45830798576094833319 0.00000000000000000000
0.9000000000 0.45029621730933833135 0.00000000000000000000
0.9100000000 0.44251365805165265854 0.00000000000000000000
0.9200000000 0.43495270844259559251 0.00000000000000000000
0.9300000000 0.42760604582231748205 0.00000000000000000000
0.9400000000 0.42046661359286879867 0.00000000000000000000
0.9500000000 0.41352761085145756104 0.00000000000000000000
0.9600000000 0.40678248245728332311 0.00000000000000000000
0.9700000000 0.40022490951266281867 0.00000000000000000000
0.9800000000 0.39384880023758556122 0.00000000000000000000
0.9900000000 0.38764828122044009406 0.00000000000000000000
1.0000000000 0.38161768902681031390 0.00000000000000000000
1.0100000000 0.37575156215192717646 0.00000000000000000000
1.0200000000 0.37004463329904846436 0.00000000000000000000
1.0300000000 0.36449182197060714383 0.00000000000000000000
1.0400000000 0.35908822735911305468 0.00000000000000000000
1.0500000000 0.35382912152374412784 0.00000000000000000000
1.0600000000 0.34870994284024309229 0.00000000000000000000
1.0700000000 0.34372628971333224479 0.00000000000000000000
1.0800000000 0.33887391453974108346 0.00000000000000000000
1.0900000000 0.33414871791142003454 0.00000000000000000000
1.1000000000 0.32954674304912684457 0.00000000000000000000
1.1100000000 0.32506417045632990392 0.00000000000000000000
1.1200000000 0.32069731278470886560 0.00000000000000000000
1.1300000000 0.31644260990198636030 0.00000000000000000000
1.1400000000 0.31229662415418590893 0.00000000000000000000
1.1500000000 0.30825603581396160413 0.00000000000000000000
1.1600000000 0.30431763870760758506 0.00000000000000000000
1.1700000000 0.30047833601328144404 0.00000000000000000000
1.1800000000 0.29673513622343339335 0.00000000000000000000
1.1900000000 0.29308514926497664099 0.00000000000000000000
1.2000000000 0.28952558277039935897 0.00000000000000000000
1.2100000000 0.28605373849412951692 0.00000000000000000000
1.2200000000 0.28266700886789553060 0.00000000000000000000
1.2300000000 0.27936287368971535194 0.00000000000000000000
1.2400000000 0.27613889694097998317 0.00000000000000000000
1.2500000000 0.27299272372653976548 0.00000000000000000000
1.2600000000 0.26992207733283629656 0.00000000000000000000
1.2700000000 0.26692475639927121245 0.00000000000000000000
1.2800000000 0.26399863219838376471 0.00000000000000000000
1.2900000000 0.26114164602037182039 0.00000000000000000000
1.3000000000 0.25835180665783674669 0.00000000000000000000
1.3100000000 0.25562718798673023102 0.00000000000000000000
1.3200000000 0.25296592663966432912 0.00000000000000000000
1.3300000000 0.25036621976790984778 0.00000000000000000000
1.3400000000 0.24782632288853237434 0.00000000000000000000
1.3500000000 0.24534454781329359530 0.00000000000000000000
1.3600000000 0.24291926065608701601 0.00000000000000000000
1.3700000000 0.24054887991574563921 0.00000000000000000000
1.3800000000 0.23823187463128045471 0.00000000000000000000
1.3900000000 0.23596676260667132086 0.00000000000000000000
1.4000000000 0.23375210870242627004 0.00000000000000000000
1.4100000000 0.23158652319134462316 0.00000000000000000000
1.4200000000 0.22946866017586386999 0.00000000000000000000
1.4300000000 0.22739721606464799453 0.00000000000000000000
1.4400000000 0.22537092810603517878 0.00000000000000000000
1.4500000000 0.22338857297612924047 0.00000000000000000000
1.4600000000 0.22144896541938360879 0.00000000000000000000
1.4700000000 0.21955095693964646331 0.00000000000000000000
1.4800000000 0.21769343453965678270 0.00000000000000000000
1.4900000000 0.21587531950712862683 0.00000000000000000000
1.5000000000 0.21409556624558229165 0.00000000000000000000
1.5100000000 0.21235316114821364830 0.00000000000000000000
1.5200000000 0.21064712151308995214 0.00000000000000000000
1.5300000000 0.20897649449809110878 0.00000000000000000000
1.5400000000 0.20734035611405321475 0.00000000000000000000
1.5500000000 0.20573781025462142824 0.00000000000000000000
1.5600000000 0.20416798776141900640 0.00000000000000000000
1.5700000000 0.20263004552314411999 0.00000000000000000000
1.5800000000 0.20112316560730270076 0.00000000000000000000
1.5900000000 0.19964655442332038260 0.00000000000000000000
1.6000000000 0.19819944191582247739 0.00000000000000000000
1.6100000000 0.19678108078693584693 0.00000000000000000000
1.6200000000 0.19539074574649345495 0.00000000000000000000
1.6300000000 0.19402773278907964327 0.00000000000000000000
1.6400000000 0.19269135849689955631 0.00000000000000000000
1.6500000000 0.19138095936746757353 0.00000000000000000000
1.6600000000 0.19009589116521441454 0.00000000000000000000
1.6700000000 0.18883552829604921541 0.00000000000000000000
1.6800000000 0.18759926320406580813 0.00000000000000000000
1.6900000000 0.18638650578951312942 0.00000000000000000000
1.7000000000 0.18519668284725282481 0.00000000000000000000
1.7100000000 0.18402923752492095222 0.00000000000000000000
1.7200000000 0.18288362880006200917 0.00000000000000000000
1.7300000000 0.18175933097552190998 0.00000000000000000000
1.7400000000 0.18065583319241157456 0.00000000000000000000
1.7500000000 0.17957263895999336922 0.00000000000000000000
1.7600000000 0.17850926570186115283 0.00000000000000000000
1.7700000000 0.17746524431779320263 0.00000000000000000000
1.7800000000 0.17644011876072016043 0.00000000000000000000
1.7900000000 0.17543344562822485444 0.00000000000000000000
1.8000000000 0.17444479376805988036 0.00000000000000000000
1.8100000000 0.17347374389715081167 0.00000000000000000000
1.8200000000 0.17251988823358618830 0.00000000000000000000
1.8300000000 0.17158283014113590026 0.00000000000000000000
1.8400000000 0.17066218378582873050 0.00000000000000000000
1.8500000000 0.16975757380413841746 0.00000000000000000000
1.8600000000 0.16886863498237755787 0.00000000000000000000
1.8700000000 0.16799501194687010974 0.00000000000000000000
1.8800000000 0.16713635886452482548 0.00000000000000000000
1.8900000000 0.16629233915343638595 0.00000000000000000000
1.9000000000 0.16546262520312787769 0.00000000000000000000
1.9100000000 0.16464689810412133641 0.00000000000000000000
1.9200000000 0.16384484738647778213 0.00000000000000000000
1.9300000000 0.16305617076698761259 0.00000000000000000000
1.9400000000 0.16228057390470870813 0.00000000000000000000
1.9500000000 0.16151777016455515223 0.00000000000000000000
1.9600000000 0.16076748038864274726 0.00000000000000000000
1.9700000000 0.16002943267511210435 0.00000000000000000000
1.9800000000 0.15930336216418916617 0.00000000000000000000
1.9900000000 0.15858901083118565056 0.00000000000000000000
2.0000000000 0.15788612728624007442 0.00000000000000000000
2.0100000000 0.15719446658052643739 0.00000000000000000000
2.0200000000 0.15651379001872708918 0.00000000000000000000
2.0300000000 0.15584386497753152656 0.00000000000000000000
2.0400000000 0.15518446472997005081 0.00000000000000000000
2.0500000000 0.15453536827536085152 0.00000000000000000000
2.0600000000 0.15389636017469029983 0.00000000000000000000
2.0700000000 0.15326723039122938652 0.00000000000000000000
2.0800000000 0.15264777413620447821 0.00000000000000000000
2.0900000000 0.15203779171935730141 0.00000000000000000000
2.1000000000 0.15143708840421374329 0.00000000000000000000
2.1100000000 0.15084547426791050651 0.00000000000000000000
2.1200000000 0.15026276406541935748 0.00000000000000000000
2.1300000000 0.14968877709801012288 0.00000000000000000000
2.1400000000 0.14912333708583153102 0.00000000000000000000
2.1500000000 0.14856627204444036727 0.00000000000000000000
2.1600000000 0.14801741416517058547 0.00000000000000000000
2.1700000000 0.14747659969919277301 0.00000000000000000000
2.1800000000 0.14694366884515916438 0.00000000000000000000
2.1900000000 0.14641846564029470379 0.00000000000000000000
2.2000000000 0.14590083785482918510 0.00000000000000000000
2.2100000000 0.14539063688966033516 0.00000000000000000000
2.2200000000 0.14488771767713304328 0.00000000000000000000
2.2300000000 0.14439193858483345689 0.00000000000000000000
2.2400000000 0.14390316132230338009 0.00000000000000000000
2.2500000000 0.14342125085057144673 0.00000000000000000000
2.2600000000 0.14294607529440805926 0.00000000000000000000
2.2700000000 0.14247750585722107619 0.00000000000000000000
2.2800000000 0.14201541673849960024 0.00000000000000000000
2.2900000000 0.14155968505372398814 0.00000000000000000000
2.3000000000 0.14111019075666153544 0.00000000000000000000
2.3100000000 0.14066681656397186928 0.00000000000000000000
2.3200000000 0.14022944788204252942 0.00000000000000000000
2.3300000000 0.13979797273598928986 0.00000000000000000000
2.3400000000 0.13937228170074350553 0.00000000000000000000
2.3500000000 0.13895226783416617100 0.00000000000000000000
2.3600000000 0.13853782661211835880 0.00000000000000000000
2.3700000000 0.13812885586542950067 0.00000000000000000000
2.3800000000 0.13772525571869506655 0.00000000000000000000
2.3900000000 0.13732692853086311824 0.00000000000000000000
2.4000000000 0.13693377883752391733 0.00000000000000000000
2.4100000000 0.13654571329488091047 0.00000000000000000000
2.4200000000 0.13616264062532396073 0.00000000000000000000
2.4300000000 0.13578447156456949219 0.00000000000000000000
2.4400000000 0.13541111881031081543 0.00000000000000000000
2.4500000000 0.13504249697233677852 0.00000000000000000000
2.4600000000 0.13467852252406622982 0.00000000000000000000
2.4700000000 0.13431911375545982357 0.00000000000000000000
2.4800000000 0.13396419072726384325 0.00000000000000000000
2.4900000000 0.13361367522654407636 0.00000000000000000000
2.5000000000 0.13326749072347038316 0.00000000000000000000
2.5100000000 0.13292556232931551641 0.00000000000000000000
2.5200000000 0.13258781675562661406 0.00000000000000000000
2.5300000000 0.13225418227453678011 0.00000000000000000000
2.5400000000 0.13192458868017858942 0.00000000000000000000
2.5500000000 0.13159896725117162242 0.00000000000000000000
2.5600000000 0.13127725071414370062 0.00000000000000000000
2.5700000000 0.13095937320826001038 0.00000000000000000000
2.5800000000 0.13064527025072669719 0.00000000000000000000
2.5900000000 0.13033487870324167446 0.00000000000000000000
2.6000000000 0.13002813673936167160 0.00000000000000000000
2.6100000000 0.12972498381276068025 0.00000000000000000000
2.6200000000 0.12942536062634818483 0.00000000000000000000
2.6300000000 0.12912920910223010806 0.00000000000000000000
2.6400000000 0.12883647235247613905 0.00000000000000000000
2.6500000000 0.12854709465068053786 0.00000000000000000000
2.6600000000 0.12826102140428338738 0.00000000000000000000
2.6700000000 0.12797819912763630512 0.00000000000000000000
2.6800000000 0.12769857541578813476 0.00000000000000000000
2.6900000000 0.12742209891896971730 0.00000000000000000000
2.7000000000 0.12714871931775467706 0.00000000000000000000
2.7100000000 0.12687838729888312184 0.00000000000000000000
2.7200000000 0.12661105453172016855 0.00000000000000000000
2.7300000000 0.12634667364533999634 0.00000000000000000000
2.7400000000 0.12608519820620578411 0.00000000000000000000
2.7500000000 0.12582658269644342308 0.00000000000000000000
2.7600000000 0.12557078249267469849 0.00000000000000000000
2.7700000000 0.12531775384540913554 0.00000000000000000000
2.7800000000 0.12506745385896839151 0.00000000000000000000
2.7900000000 0.12481984047193141196 0.00000000000000000000
2.8000000000 0.12457487243808647304 0.00000000000000000000
2.8100000000 0.12433250930787397015 0.00000000000000000000
2.8200000000 0.12409271141030578378 0.00000000000000000000
2.8300000000 0.12385543983534934298 0.00000000000000000000
2.8400000000 0.12362065641676191208 0.00000000000000000000
2.8500000000 0.12338832371536266608 0.00000000000000000000
2.8600000000 0.12315840500272980107 0.00000000000000000000
2.8700000000 0.12293086424531286804 0.00000000000000000000
2.8800000000 0.12270566608894362126 0.00000000000000000000
2.8900000000 0.12248277584374203664 0.00000000000000000000
2.9000000000 0.12226215946940013901 0.00000000000000000000
2.9100000000 0.12204378356083278589 0.00000000000000000000
2.9200000000 0.12182761533419107780 0.00000000000000000000
2.9300000000 0.12161362261322328226 0.00000000000000000000
2.9400000000 0.12140177381597462569 0.00000000000000000000
2.9500000000 0.12119203794181872269 0.00000000000000000000
2.9600000000 0.12098438455880823617 0.00000000000000000000
2.9700000000 0.12077878379133942521 0.00000000000000000000
2.9800000000 0.12057520630811843776 0.00000000000000000000
2.9900000000 0.12037362331042567032 0.00000000000000000000
3.0000000000 0.12017400652066478894 0.00000000000000000000
3.0100000000 0.11997632817119320559 0.00000000000000000000
3.0200000000 0.11978056099342462848 0.00000000000000000000
3.0300000000 0.11958667820719391661 0.00000000000000000000
3.0400000000 0.11939465351038250351 0.00000000000000000000
3.0500000000 0.11920446106879327430 0.00000000000000000000
3.0600000000 0.11901607550626860932 0.00000000000000000000
3.0700000000 0.11882947189504725061 0.00000000000000000000
3.0800000000 0.11864462574635041558 0.00000000000000000000
3.0900000000 0.11846151300119538152 0.00000000000000000000
3.1000000000 0.11828011002142667374 0.00000000000000000000
3.1100000000 0.11810039358095905659 0.00000000000000000000
3.1200000000 0.11792234085723021786 0.00000000000000000000
3.1300000000 0.11774592942285627695 0.00000000000000000000
3.1400000000 0.11757113723748029155 0.00000000000000000000
3.1500000000 0.11739794263981616351 0.00000000000000000000
3.1600000000 0.11722632433987829892 0.00000000000000000000
3.1700000000 0.11705626141139144347 0.00000000000000000000
3.1800000000 0.11688773328437941645 0.00000000000000000000
3.1900000000 0.11672071973792562394 0.00000000000000000000
3.2000000000 0.11655520089310121568 0.00000000000000000000
3.2100000000 0.11639115720605776316 0.00000000000000000000
3.2200000000 0.11622856946127903266 0.00000000000000000000
3.2300000000 0.11606741876498705146 0.00000000000000000000
3.2400000000 0.11590768653870214822 0.00000000000000000000
3.2500000000 0.11574935451294748878 0.00000000000000000000
3.2600000000 0.11559240472109899578 0.00000000000000000000
3.2700000000 0.11543681949337693260 0.00000000000000000000
3.2800000000 0.11528258145096965948 0.00000000000000000000
3.2900000000 0.11512967350029497393 0.00000000000000000000
3.3000000000 0.11497807882738905749 0.00000000000000000000
3.3100000000 0.11482778089242126618 0.00000000000000000000
3.3200000000 0.11467876342433479253 0.00000000000000000000
3.3300000000 0.11453101041560442841 0.00000000000000000000
3.3400000000 0.11438450611711381555 0.00000000000000000000
3.3500000000 0.11423923503314625805 0.00000000000000000000
3.3600000000 0.11409518191648644614 0.00000000000000000000
3.3700000000 0.11395233176363143979 0.00000000000000000000
3.3800000000 0.11381066981010785899 0.00000000000000000000
3.3900000000 0.11367018152589211666 0.00000000000000000000
3.4000000000 0.11353085261093068259 0.00000000000000000000
3.4100000000 0.11339266899076083650 0.00000000000000000000
3.4200000000 0.11325561681222486021 0.00000000000000000000
3.4300000000 0.11311968243927990330 0.00000000000000000000
3.4400000000 0.11298485244889736046 0.00000000000000000000
3.4500000000 0.11285111362705296800 0.00000000000000000000
3.4600000000 0.11271845296480241527 0.00000000000000000000
3.4700000000 0.11258685765444362281 0.00000000000000000000
3.4800000000 0.11245631508575890112 0.00000000000000000000
3.4900000000 0.11232681284234100061 0.00000000000000000000
3.5000000000 0.11219833869799615556 0.00000000000000000000
3.5100000000 0.11207088061322408035 0.00000000000000000000
3.5200000000 0.11194442673177457115 0.00000000000000000000
3.5300000000 0.11181896537727485652 0.00000000000000000000
3.5400000000 0.11169448504993152727 0.00000000000000000000
3.5500000000 0.11157097442329926007 0.00000000000000000000
3.5600000000 0.11144842234112090074 0.00000000000000000000
3.5700000000 0.11132681781423144074 0.00000000000000000000
3.5800000000 0.11120615001752756634 0.00000000000000000000
3.5900000000 0.11108640828700361292 0.00000000000000000000
3.6000000000 0.11096758211684398798 0.00000000000000000000
3.6100000000 0.11084966115658168029 0.00000000000000000000
3.6200000000 0.11073263520831261308 0.00000000000000000000
3.6300000000 0.11061649422396840903 0.00000000000000000000
3.6400000000 0.11050122830264678953 0.00000000000000000000
3.6500000000 0.11038682768799422396 0.00000000000000000000
3.6600000000 0.11027328276564664356 0.00000000000000000000
3.6700000000 0.11016058406071832509 0.00000000000000000000
3.6800000000 0.11004872223534585551 0.00000000000000000000
3.6900000000 0.10993768808627879530 0.00000000000000000000
3.7000000000 0.10982747254252339664 0.00000000000000000000
3.7100000000 0.10971806666302989786 0.00000000000000000000
3.7200000000 0.10960946163442981949 0.00000000000000000000
3.7300000000 0.10950164876881875176 0.00000000000000000000
3.7400000000 0.10939461950158113623 0.00000000000000000000
3.7500000000 0.10928836538926300914 0.00000000000000000000
3.7600000000 0.10918287810748272815 0.00000000000000000000
3.7700000000 0.10907814944888795383 0.00000000000000000000
3.7800000000 0.10897417132115043426 0.00000000000000000000
3.7900000000 0.10887093574500161797 0.00000000000000000000
3.8000000000 0.10876843485230715258 0.00000000000000000000
3.8100000000 0.10866666088418028280 0.00000000000000000000
3.8200000000 0.10856560618913099758 0.00000000000000000000
3.8300000000 0.10846526322125341069 0.00000000000000000000
3.8400000000 0.10836562453844703069 0.00000000000000000000
3.8500000000 0.10826668280067407168 0.00000000000000000000
3.8600000000 0.10816843076825105596 0.00000000000000000000
3.8700000000 0.10807086130017189152 0.00000000000000000000
3.8800000000 0.10797396735246603261 0.00000000000000000000
3.8900000000 0.10787774197658686615 0.00000000000000000000
3.9000000000 0.10778217831783190594 0.00000000000000000000
3.9100000000 0.10768726961379287976 0.00000000000000000000
3.9200000000 0.10759300919283648623 0.00000000000000000000
3.9300000000 0.10749939047261425351 0.00000000000000000000
3.9400000000 0.10740640695859994536 0.00000000000000000000
3.9500000000 0.10731405224265597176 0.00000000000000000000
3.9600000000 0.10722232000162718046 0.00000000000000000000
3.9700000000 0.10713120399596011423 0.00000000000000000000
3.9800000000 0.10704069806835025958 0.00000000000000000000
3.9900000000 0.10695079614241299881 0.00000000000000000000
4.0000000000 0.10686149222138195680 0.00000000000000000000
4.0100000000 0.10677278038682859462 0.00000000000000000000
4.0200000000 0.10668465479740962820 0.00000000000000000000
4.0300000000 0.10659710968763473626 0.00000000000000000000
4.0400000000 0.10651013936665942872 0.00000000000000000000
4.0500000000 0.10642373821709877335 0.00000000000000000000
4.0600000000 0.10633790069386486743 0.00000000000000000000
4.0700000000 0.10625262132302391860 0.00000000000000000000
4.0800000000 0.10616789470067630741 0.00000000000000000000
4.0900000000 0.10608371549185623139 0.00000000000000000000
4.1000000000 0.10600007842945194381 0.00000000000000000000
4.1100000000 0.10591697831314522693 0.00000000000000000000
4.1200000000 0.10583441000837183477 0.00000000000000000000
4.1300000000 0.10575236844529886659 0.00000000000000000000
4.1400000000 0.10567084861782245764 0.00000000000000000000
4.1500000000 0.10558984558258251163 0.00000000000000000000
4.1600000000 0.10550935445799626555 0.00000000000000000000
4.1700000000 0.10542937042330859099 0.00000000000000000000
4.1800000000 0.10534988871765983698 0.00000000000000000000
4.1900000000 0.10527090463917003482 0.00000000000000000000
4.2000000000 0.10519241354404015865 0.00000000000000000000
4.2100000000 0.10511441084566920667 0.00000000000000000000
4.2200000000 0.10503689201378642315 0.00000000000000000000
4.2300000000 0.10495985257359997933 0.00000000000000000000
4.2400000000 0.10488328810496037879 0.00000000000000000000
4.2500000000 0.10480719424153850383 0.00000000000000000000
4.2600000000 0.10473156667001805309 0.00000000000000000000
4.2700000000 0.10465640112930327255 0.00000000000000000000
4.2800000000 0.10458169340973903771 0.00000000000000000000
4.2900000000 0.10450743935234606263 0.00000000000000000000
4.3000000000 0.10443363484806837682 0.00000000000000000000
4.3100000000 0.10436027583703524901 0.00000000000000000000
4.3200000000 0.10428735830783425476 0.00000000000000000000
4.3300000000 0.10421487829679854098 0.00000000000000000000
4.3400000000 0.10414283188730547036 0.00000000000000000000
4.3500000000 0.10407121520908815815 0.00000000000000000000
4.3600000000 0.10400002443755795856 0.00000000000000000000
4.3700000000 0.10392925579313935791 0.00000000000000000000
4.3800000000 0.10385890554061621982 0.00000000000000000000
4.3900000000 0.10378896998848884115 0.00000000000000000000
4.4000000000 0.10371944548834208244 0.00000000000000000000
4.4100000000 0.10365032843422472553 0.00000000000000000000
4.4200000000 0.10358161526203898961 0.00000000000000000000
4.4300000000 0.10351330244894001165 0.00000000000000000000
4.4400000000 0.10344538651274640118 0.00000000000000000000
4.4500000000 0.10337786401136048187 0.00000000000000000000
4.4600000000 0.10331073154219713728 0.00000000000000000000
4.4700000000 0.10324398574162436948 0.00000000000000000000
4.4800000000 0.10317762328441085207 0.00000000000000000000
4.4900000000 0.10311164088318534870 0.00000000000000000000
4.5000000000 0.10304603528790243216 0.00000000000000000000
4.5100000000 0.10298080328531887540 0.00000000000000000000
4.5200000000 0.10291594169847821660 0.00000000000000000000
4.5300000000 0.10285144738620424776 0.00000000000000000000
4.5400000000 0.10278731724260163627 0.00000000000000000000
4.5500000000 0.10272354819656617786 0.00000000000000000000
4.5600000000 0.10266013721130291814 0.00000000000000000000
4.5700000000 0.10259708128385067183 0.00000000000000000000
4.5800000000 0.10253437744461663117 0.00000000000000000000
4.5900000000 0.10247202275691666418 0.00000000000000000000
4.6000000000 0.10241001431652385634 0.00000000000000000000
4.6100000000 0.10234834925122493487 0.00000000000000000000
4.6200000000 0.10228702472038239679 0.00000000000000000000
4.6300000000 0.10222603791450499133 0.00000000000000000000
4.6400000000 0.10216538605482501645 0.00000000000000000000
4.6500000000 0.10210506639288204067 0.00000000000000000000
4.6600000000 0.10204507621011262020 0.00000000000000000000
4.6700000000 0.10198541281744820386 0.00000000000000000000
4.6800000000 0.10192607355491857535 0.00000000000000000000
4.6900000000 0.10186705579126111021 0.00000000000000000000
4.7000000000 0.10180835692353705502 0.00000000000000000000
4.7100000000 0.10174997437675381562 0.00000000000000000000
4.7200000000 0.10169190560349256058 0.00000000000000000000
4.7300000000 0.10163414808354255536 0.00000000000000000000
4.7400000000 0.10157669932354056186 0.00000000000000000000
4.7500000000 0.10151955685661633033 0.00000000000000000000
4.7600000000 0.10146271824204337875 0.00000000000000000000
4.7700000000 0.10140618106489560080 0.00000000000000000000
4.7800000000 0.10134994293570870338 0.00000000000000000000
4.7900000000 0.10129400149014736177 0.00000000000000000000
4.8000000000 0.10123835438867709313 0.00000000000000000000
4.8100000000 0.10118299931624173682 0.00000000000000000000
4.8200000000 0.10112793398194590277 0.00000000000000000000
4.8300000000 0.10107315611874127803 0.00000000000000000000
4.8400000000 0.10101866348311951127 0.00000000000000000000
4.8500000000 0.10096445385480785906 0.00000000000000000000
4.8600000000 0.10091052503647152117 0.00000000000000000000
4.8700000000 0.10085687485341848779 0.00000000000000000000
4.8800000000 0.10080350115331067340 0.00000000000000000000
4.8900000000 0.10075040180587792327 0.00000000000000000000
4.9000000000 0.10069757470263784871 0.00000000000000000000
4.9100000000 0.10064501775661832683 0.00000000000000000000
4.9200000000 0.10059272890208557916 0.00000000000000000000
4.9300000000 0.10054070609427545602 0.00000000000000000000
4.9400000000 0.10048894730912902307 0.00000000000000000000
4.9500000000 0.10043745054303267195 0.00000000000000000000
4.9600000000 0.10038621381256038201 0.00000000000000000000
4.9700000000 0.10033523515422253236 0.00000000000000000000
4.9800000000 0.10028451262421575474 0.00000000000000000000
4.9900000000 0.10023404429817826811 0.00000000000000000000
5.0000000000 0.10018382827094826637 0.00000000000000000000
