0.1000000000 3.02760743774084239988 0.00000000000000000000
0.1100000000 2.92154515263971026329 0.00000000000000000000
0.1200000000 2.81958469565473768270 0.00000000000000000000
0.1300000000 2.72166672234547801779 0.00000000000000000000
0.1400000000 2.62770757514558583878 0.00000000000000000000
0.1500000000 2.53760336125472596436 0.00000000000000000000
0.1600000000 2.45123408498144312873 0.00000000000000000000
0.1700000000 2.36846764930620778955 0.00000000000000000000
0.1800000000 2.28916358117991380894 0.00000000000000000000
0.1900000000 2.21317637784418907998 0.00000000000000000000
0.2000000000 2.14035841261117054657 0.00000000000000000000
0.2100000000 2.07056237477362792276 0.00000000000000000000
0.2200000000 2.00364324773733448737 0.00000000000000000000
0.2300000000 1.93945985141392762685 0.00000000000000000000
0.2400000000 1.87787598965771040938 0.00000000000000000000
0.2500000000 1.81876125195542304169 0.00000000000000000000
0.2600000000 1.76199152187605156961 0.00000000000000000000
0.2700000000 1.70744924422914623463 0.00000000000000000000
0.2800000000 1.65502349965606110338 0.00000000000000000000
0.2900000000 1.60460993051018840916 0.00000000000000000000
0.3000000000 1.55611055618334614969 0.00000000000000000000
0.3100000000 1.50943351011144577534 0.00000000000000000000
0.3200000000 1.46449272496248150688 0.00000000000000000000
0.3300000000 1.42120758723795126421 0.00000000000000000000
0.3400000000 1.37950257784932084348 0.00000000000000000000
0.3500000000 1.33930691122078537880 0.00000000000000000000
0.3600000000 1.30055418211456452759 0.00000000000000000000
0.3700000000 1.26318202663418066578 0.00000000000000000000
0.3800000000 1.22713180167138458110 0.00000000000000000000
0.3900000000 1.19234828535144332662 0.00000000000000000000
0.4000000000 1.15877939972580668027 0.00000000000000000000
0.4100000000 1.12637595599025530646 0.00000000000000000000
0.4200000000 1.09509142180752205853 0.00000000000000000000
0.4300000000 1.06488170982992458313 0.00000000000000000000
0.4400000000 1.03570498620272744006 0.00000000000000000000
0.4500000000 1.00752149764289034017 0.00000000000000000000
0.4600000000 0.98029341559843419240 0.00000000000000000000
0.4700000000 0.95398469597471691195 0.00000000000000000000
0.4800000000 0.92856095294490892389 0.00000000000000000000
0.4900000000 0.90398934542688735849 0.00000000000000000000
0.5000000000 0.88023847489535922417 0.00000000000000000000
0.5100000000 0.85727829329702287531 0.00000000000000000000
0.5200000000 0.83508001994116509703 0.00000000000000000000
0.5300000000 0.81361606634348437872 0.00000000000000000000
0.5400000000 0.79285996810359959941 0.00000000000000000000
0.5500000000 0.77278632299438509978 0.00000000000000000000
0.5600000000 0.75337073453272407342 0.00000000000000000000
0.5700000000 0.73458976038545198417 0.00000000000000000000
0.5800000000 0.71642086504112123535 0.00000000000000000000
0.5900000000 0.69884237624754508289 0.00000000000000000000
0.6000000000 0.68183344477728047295 0.00000000000000000000
0.6100000000 0.66537400713862704382 0.00000000000000000000
0.6200000000 0.64944475089867248485 0.00000000000000000000
0.6300000000 0.63402708232820348400 0.00000000000000000000
0.6400000000 0.61910309611620750747 0.00000000000000000000
0.6500000000 0.60465554693485545901 0.00000000000000000000
0.6600000000 0.59066782266478601304 0.00000000000000000000
0.6700000000 0.57712391911557625601 0.00000000000000000000
0.6800000000 0.56400841609818030964 0.00000000000000000000
0.6900000000 0.55130645472477746161 0.00000000000000000000
0.7000000000 0.53900371582796857695 0.00000000000000000000
0.7100000000 0.52708639940503210219 0.00000000000000000000
0.7200000000 0.51554120500519429182 0.00000000000000000000
0.7300000000 0.50435531298810287737 0.00000000000000000000
0.7400000000 0.49351636659066938639 0.00000000000000000000
0.7500000000 0.48301245474702042548 0.00000000000000000000
0.7600000000 0.47283209561279071487 0.00000000000000000000
0.7700000000 0.46296422075071985702 0.00000000000000000000
0.7800000000 0.45339815993914350800 0.00000000000000000000
0.7900000000 0.44412362656907911074 0.00000000000000000000
0.8000000000 0.43513070359934025166 0.00000000000000000000
0.8100000000 0.42640983004174776161 0.00000000000000000000
0.8200000000 0.41795178795138804295 0.00000000000000000000
0.8300000000 0.40974768989897936144 0.00000000000000000000
0.8400000000 0.40178896690421944671 0.00000000000000000000
0.8500000000 0.39406735681078497446 0.00000000000000000000
0.8600000000 0.38657489308496628677 0.00000000000000000000
0.8700000000 0.37930389402119363274 0.00000000000000000000
0.8800000000 0.37224695233869470323 0.00000000000000000000
0.8900000000 0.36539692515465499456 0.00000000000000000000
0.9000000000 0.35874692431985244490 0.00000000000000000000
0.9100000000 0.35229030710352876588 0.00000000000000000000
0.9200000000 0.34602066721511420821 0.00000000000000000000
0.9300000000 0.33993182615051015238 0.00000000000000000000
0.9400000000 0.33401782485196240824 0.00000000000000000000
0.9500000000 0.32827291566990401961 0.00000000000000000000
0.9600000000 0.32269155461670173679 0.00000000000000000000
0.9700000000 0.31726839390215549885 0.00000000000000000000
0.9800000000 0.31199827474032015839 0.00000000000000000000
0.9900000000 0.30687622041935458395 0.00000000000000000000
1.0000000000 0.30189742962311139074 0.00000000000000000000
1.0100000000 0.29705727000066955990 0.00000000000000000000
1.0200000000 0.29235127196799592930 0.00000000000000000000
1.0300000000 0.28777512273696259637 0.00000000000000000000
1.0400000000 0.28332466056828403689 0.00000000000000000000
1.0500000000 0.27899586923278413275 0.00000000000000000000
1.0600000000 0.27478487267827034213 0.00000000000000000000
1.0700000000 0.27068792989355183742 0.00000000000000000000
1.0800000000 0.26670142996268142443 0.00000000000000000000
1.0900000000 0.26282188730267236343 0.00000000000000000000
1.1000000000 0.25904593707799489222 0.00000000000000000000
1.1100000000 0.25537033078562915156 0.00000000000000000000
1.1200000000 0.25179193200453597878 0.00000000000000000000
1.1300000000 0.24830771230338627431 0.00000000000000000000
1.1400000000 0.24491474730107459790 0.00000000000000000000
1.1500000000 0.24161021287421854953 0.00000000000000000000
1.1600000000 0.23839138150641678293 0.00000000000000000000
1.1700000000 0.23525561877395395616 0.00000000000000000000
1.1800000000 0.23220037996298956151 0.00000000000000000000
1.1900000000 0.22922320681339264370 0.00000000000000000000
1.2000000000 0.22632172438441314211 0.00000000000000000000
1.2100000000 0.22349363803781582827 0.00000000000000000000
1.2200000000 0.22073673053400155730 0.00000000000000000000
1.2300000000 0.21804885923692060579 0.00000000000000000000
1.2400000000 0.21542795342371251488 0.00000000000000000000
1.2500000000 0.21287201169516126176 0.00000000000000000000
1.2600000000 0.21037909948312188968 0.00000000000000000000
1.2700000000 0.20794734665134223528 0.00000000000000000000
1.2800000000 0.20557494518608454559 0.00000000000000000000
1.2900000000 0.20326014697320496372 0.00000000000000000000
1.3000000000 0.20100126165838388959 0.00000000000000000000
1.3100000000 0.19879665458739892436 0.00000000000000000000
1.3200000000 0.19664474482334401428 0.00000000000000000000
1.3300000000 0.19454400323793660799 0.00000000000000000000
1.3400000000 0.19249295067403487947 0.00000000000000000000
1.3500000000 0.19049015617670309042 0.00000000000000000000
1.3600000000 0.18853423529017779292 0.00000000000000000000
1.3700000000 0.18662384841826670789 0.00000000000000000000
1.3800000000 0.18475769924569149238 0.00000000000000000000
1.3900000000 0.18293453321813235579 0.00000000000000000000
1.4000000000 0.18115313607865585199 0.00000000000000000000
1.4100000000 0.17941233245843621336 0.00000000000000000000
1.4200000000 0.17771098451965214315 0.00000000000000000000
1.4300000000 0.17604799064858364654 0.00000000000000000000
1.4400000000 0.17442228419699151720 0.00000000000000000000
1.4500000000 0.17283283226992915416 0.00000000000000000000
1.4600000000 0.17127863455823141847 0.00000000000000000000
1.4700000000 0.16975872221392721007 0.00000000000000000000
1.4800000000 0.16827215676700166269 0.00000000000000000000
1.4900000000 0.16681802908188089751 0.00000000000000000000
1.5000000000 0.16539545835213920189 0.00000000000000000000
1.5100000000 0.16400359113197066074 0.00000000000000000000
1.5200000000 0.16264160040303363153 0.00000000000000000000
1.5300000000 0.16130868467529752008 0.00000000000000000000
1.5400000000 0.16000406712062476000 0.00000000000000000000
1.5500000000 0.15872699473781842761 0.00000000000000000000
1.5600000000 0.15747673754795316059 0.00000000000000000000
1.5700000000 0.15625258781884804327 0.00000000000000000000
1.5800000000 0.15505385931753506989 0.00000000000000000000
1.5900000000 0.15387988658972606704 0.00000000000000000000
1.6000000000 0.15273002426518800245 0.00000000000000000000
1.6100000000 0.15160364638810502891 0.00000000000000000000
1.6200000000 0.15050014577143550065 0.00000000000000000000
1.6300000000 0.14941893337439002276 0.00000000000000000000
1.6400000000 0.14835943770214918280 0.00000000000000000000
1.6500000000 0.14732110422696509389 0.00000000000000000000
1.6600000000 0.14630339482988580224 0.00000000000000000000
1.6700000000 0.14530578726227563746 0.00000000000000000000
1.6800000000 0.14432777462643195387 0.00000000000000000000
1.6900000000 0.14336886487455677286 0.00000000000000000000
1.7000000000 0.14242858032540361979 0.00000000000000000000
1.7100000000 0.14150645719794616162 0.00000000000000000000
1.7200000000 0.14060204516142754683 0.00000000000000000000
1.7300000000 0.13971490690117924216 0.00000000000000000000
1.7400000000 0.13884461769961931044 0.00000000000000000000
1.7500000000 0.13799076503188387188 0.00000000000000000000
1.7600000000 0.13715294817553042028 0.00000000000000000000
1.7700000000 0.13633077783379782266 0.00000000000000000000
1.7800000000 0.13552387577192404056 0.00000000000000000000
1.7900000000 0.13473187446604550921 0.00000000000000000000
1.8000000000 0.13395441676420155597 0.00000000000000000000
1.8100000000 0.13319115555900887249 0.00000000000000000000
1.8200000000 0.13244175347157557954 0.00000000000000000000
1.8300000000 0.13170588254624254754 0.00000000000000000000
1.8400000000 0.13098322395575615062 0.00000000000000000000
1.8500000000 0.13027346771649228607 0.00000000000000000000
1.8600000000 0.12957631241336672878 0.00000000000000000000
1.8700000000 0.12889146493407355187 0.00000000000000000000
1.8800000000 0.12821864021232523556 0.00000000000000000000
1.8900000000 0.12755756097975651242 0.00000000000000000000
1.9000000000 0.12690795752618294623 0.00000000000000000000
1.9100000000 0.12626956746791490049 0.00000000000000000000
1.9200000000 0.12564213552383857175 0.00000000000000000000
1.9300000000 0.12502541329897537414 0.00000000000000000000
1.9400000000 0.12441915907526460150 0.00000000000000000000
1.9500000000 0.12382313760929829216 0.00000000000000000000
1.9600000000 0.12323711993677378962 0.00000000000000000000
1.9700000000 0.12266088318340755137 0.00000000000000000000
1.9800000000 0.12209421038210038768 0.00000000000000000000
1.9900000000 0.12153689029611415562 0.00000000000000000000
2.0000000000 0.12098871724805655703 0.00000000000000000000
2.0100000000 0.12044949095447178566 0.00000000000000000000
2.0200000000 0.11991901636582497082 0.00000000000000000000
2.0300000000 0.11939710351171346769 0.00000000000000000000
2.0400000000 0.11888356735109785467 0.00000000000000000000
2.0500000000 0.11837822762738975380 0.00000000000000000000
2.0600000000 0.11788090872823163424 0.00000000000000000000
2.0700000000 0.11739143954978596696 0.00000000000000000000
2.0800000000 0.11690965336540026787 0.00000000000000000000
2.0900000000 0.11643538769847491809 0.00000000000000000000
2.1000000000 0.11596848419940827823 0.00000000000000000000
2.1100000000 0.11550878852645765638 0.00000000000000000000
2.1200000000 0.11505615023039654499 0.00000000000000000000
2.1300000000 0.11461042264283377579 0.00000000000000000000
2.1400000000 0.11417146276806505734 0.00000000000000000000
2.1500000000 0.11373913117833786557 0.00000000000000000000
2.1600000000 0.11331329191241419629 0.00000000000000000000
2.1700000000 0.11289381237732171170 0.00000000000000000000
2.1800000000 0.11248056325317563886 0.00000000000000000000
2.1900000000 0.11207341840097889696 0.00000000000000000000
2.2000000000 0.11167225477328687755 0.00000000000000000000
2.2100000000 0.11127695232765612288 0.00000000000000000000
2.2200000000 0.11088739394276585226 0.00000000000000000000
2.2300000000 0.11050346533713505115 0.00000000000000000000
2.2400000000 0.11012505499034497269 0.00000000000000000000
2.2500000000 0.10975205406667848385 0.00000000000000000000
2.2600000000 0.10938435634110152406 0.00000000000000000000
2.2700000000 0.10902185812750839200 0.00000000000000000000
2.2800000000 0.10866445820915010545 0.00000000000000000000
2.2900000000 0.10831205777117974831 0.00000000000000000000
2.3000000000 0.10796456033524294560 0.00000000000000000000
2.3100000000 0.10762187169604421622 0.00000000000000000000
2.3200000000 0.10728389985982517141 0.00000000000000000000
2.3300000000 0.10695055498469549504 0.00000000000000000000
2.3400000000 0.10662174932274802452 0.00000000000000000000
2.3500000000 0.10629739716390931847 0.00000000000000000000
2.3600000000 0.10597741478146266436 0.00000000000000000000
2.3700000000 0.10566172037918820925 0.00000000000000000000
2.3800000000 0.10535023404007753944 0.00000000000000000000
2.3900000000 0.10504287767655663688 0.00000000000000000000
2.4000000000 0.10473957498218403050 0.00000000000000000000
2.4100000000 0.10444025138476480119 0.00000000000000000000
2.4200000000 0.10414483400084194320 0.00000000000000000000
2.4300000000 0.10385325159152031249 0.00000000000000000000
2.4400000000 0.10356543451957472834 0.00000000000000000000
2.4500000000 0.10328131470780997636 0.00000000000000000000
2.4600000000 0.10300082559862726306 0.00000000000000000000
2.4700000000 0.10272390211476098432 0.00000000000000000000
2.4800000000 0.10245048062114554821 0.00000000000000000000
2.4900000000 0.10218049888788427459 0.00000000000000000000
2.5000000000 0.10191389605427789156 0.00000000000000000000
2.5100000000 0.10165061259387943304 0.00000000000000000000
2.5200000000 0.10139059028055319445 0.00000000000000000000
2.5300000000 0.10113377215549321231 0.00000000000000000000
2.5400000000 0.10088010249518165884 0.00000000000000000000
2.5500000000 0.10062952678025158249 0.00000000000000000000
2.5600000000 0.10038199166522800143 0.00000000000000000000
2.5700000000 0.10013744494912599214 0.00000000000000000000
2.5800000000 0.09989583554686562450 0.00000000000000000000
2.5900000000 0.09965711346149264127 0.00000000000000000000
2.6000000000 0.09942122975717462841 0.00000000000000000000
2.6100000000 0.09918813653294515642 0.00000000000000000000
2.6200000000 0.09895778689717987797 0.00000000000000000000
2.6300000000 0.09873013494277922686 0.00000000000000000000
2.6400000000 0.09850513572303257193 0.00000000000000000000
2.6500000000 0.09828274522815304282 0.00000000000000000000
2.6600000000 0.09806292036244966537 0.00000000000000000000
2.6700000000 0.09784561892212984002 0.00000000000000000000
2.6800000000 0.09763079957370573991 0.00000000000000000000
2.6900000000 0.09741842183298808633 0.00000000000000000000
2.7000000000 0.09720844604465210537 0.00000000000000000000
2.7100000000 0.09700083336235446052 0.00000000000000000000
2.7200000000 0.09679554572938961488 0.00000000000000000000
2.7300000000 0.09659254585986533359 0.00000000000000000000
2.7400000000 0.09639179722038535014 0.00000000000000000000
2.7500000000 0.09619326401221994782 0.00000000000000000000
2.7600000000 0.09599691115395518615 0.00000000000000000000
2.7700000000 0.09580270426460417432 0.00000000000000000000
2.7800000000 0.09561060964716573685 0.00000000000000000000
2.7900000000 0.09542059427261904980 0.00000000000000000000
2.8000000000 0.09523262576434105009 0.00000000000000000000
2.8100000000 0.09504667238293487697 0.00000000000000000000
2.8200000000 0.09486270301145660611 0.00000000000000000000
2.8300000000 0.09468068714102835515 0.00000000000000000000
2.8400000000 0.09450059485682844873 0.00000000000000000000
2.8500000000 0.09432239682444568118 0.00000000000000000000
2.8600000000 0.09414606427658879506 0.00000000000000000000
2.8700000000 0.09397156900014068392 0.00000000000000000000
2.8800000000 0.09379888332354513469 0.00000000000000000000
2.8900000000 0.09362798010452146047 0.00000000000000000000
2.9000000000 0.09345883271809235504 0.00000000000000000000
2.9100000000 0.09329141504492192982 0.00000000000000000000
2.9200000000 0.09312570145994689130 0.00000000000000000000
2.9300000000 0.09296166682130238557 0.00000000000000000000
2.9400000000 0.09279928645952624511 0.00000000000000000000
2.9500000000 0.09263853616703872362 0.00000000000000000000
2.9600000000 0.09247939218788706062 0.00000000000000000000
2.9700000000 0.09232183120774919982 0.00000000000000000000
2.9800000000 0.09216583034418872333 0.00000000000000000000
2.9900000000 0.09201136713715360460 0.00000000000000000000
3.0000000000 0.09185841953971490836 0.00000000000000000000
3.0100000000 0.09170696590903186507 0.00000000000000000000
3.0200000000 0.09155698499754701125 0.00000000000000000000
3.0300000000 0.09140845594439574173 0.00000000000000000000
3.0400000000 0.09126135826703068998 0.00000000000000000000
3.0500000000 0.09111567185305050054 0.00000000000000000000
3.0600000000 0.09097137695223284082 0.00000000000000000000
3.0700000000 0.09082845416875930111 0.00000000000000000000
3.0800000000 0.09068688445363291828 0.00000000000000000000
3.0900000000 0.09054664909728026012 0.00000000000000000000
3.1000000000 0.09040772972233304672 0.00000000000000000000
3.1100000000 0.09027010827658471515 0.00000000000000000000
3.1200000000 0.09013376702611922142 0.00000000000000000000
3.1300000000 0.08999868854860292033 0.00000000000000000000
3.1400000000 0.08986485572674046685 0.00000000000000000000
3.1500000000 0.08973225174188625974 0.00000000000000000000
3.1600000000 0.08960086006780948464 0.00000000000000000000
3.1700000000 0.08947066446460817668 0.00000000000000000000
3.1800000000 0.08934164897276684891 0.00000000000000000000
3.1900000000 0.08921379790735753379 0.00000000000000000000
3.2000000000 0.08908709585237627182 0.00000000000000000000
3.2100000000 0.08896152765521352090 0.00000000000000000000
3.2200000000 0.08883707842125641851 0.00000000000000000000
3.2300000000 0.08871373350861533336 0.00000000000000000000
3.2400000000 0.08859147852297610815 0.00000000000000000000
3.2500000000 0.08847029931257195667 0.00000000000000000000
3.2600000000 0.08835018196327130979 0.00000000000000000000
3.2700000000 0.08823111279378113847 0.00000000000000000000
3.2800000000 0.08811307835096214569 0.00000000000000000000
3.2900000000 0.08799606540524979037 0.00000000000000000000
3.3000000000 0.08788006094618242003 0.00000000000000000000
3.3100000000 0.08776505217803275138 0.00000000000000000000
3.3200000000 0.08765102651553816071 0.00000000000000000000
3.3300000000 0.08753797157972902088 0.00000000000000000000
3.3400000000 0.08742587519385275341 0.00000000000000000000
3.3500000000 0.08731472537938933520 0.00000000000000000000
3.3600000000 0.08720451035215900926 0.00000000000000000000
3.3700000000 0.08709521851851562135 0.00000000000000000000
3.3800000000 0.08698683847162837213 0.00000000000000000000
3.3900000000 0.08687935898784505950 0.00000000000000000000
3.4000000000 0.08677276902313800500 0.00000000000000000000
3.4100000000 0.08666705770962929156 0.00000000000000000000
3.4200000000 0.08656221435219409177 0.00000000000000000000
3.4300000000 0.08645822842513785356 0.00000000000000000000
3.4400000000 0.08635508956894927257 0.00000000000000000000
3.4500000000 0.08625278758712366656 0.00000000000000000000
3.4600000000 0.08615131244305790359 0.00000000000000000000
3.4700000000 0.08605065425701173554 0.00000000000000000000
3.4800000000 0.08595080330313717432 0.00000000000000000000
3.4900000000 0.08585175000657352395 0.00000000000000000000
3.5000000000 0.08575348494060371085 0.00000000000000000000
3.5100000000 0.08565599882387460451 0.00000000000000000000
3.5200000000 0.08555928251767688786 0.00000000000000000000
3.5300000000 0.08546332702328320041 0.00000000000000000000
3.5400000000 0.08536812347934526202 0.00000000000000000000
3.5500000000 0.08527366315934567509 0.00000000000000000000
3.5600000000 0.08517993746910557107 0.00000000000000000000
3.5700000000 0.08508693794434436797 0.00000000000000000000
3.5800000000 0.08499465624829354027 0.00000000000000000000
3.5900000000 0.08490308416935934965 0.00000000000000000000
3.6000000000 0.08481221361883610477 0.00000000000000000000
3.6100000000 0.08472203662866856222 0.00000000000000000000
3.6200000000 0.08463254534926023531 0.00000000000000000000
3.6300000000 0.08454373204732866520 0.00000000000000000000
3.6400000000 0.08445558910380653039 0.00000000000000000000
3.6500000000 0.08436810901178493083 0.00000000000000000000
3.6600000000 0.08428128437450205235 0.00000000000000000000
3.6700000000 0.08419510790337093875 0.00000000000000000000
3.6800000000 0.08410957241605128420 0.00000000000000000000
3.6900000000 0.08402467083455951447 0.00000000000000000000
3.7000000000 0.08394039618341719855 0.00000000000000000000
3.7100000000 0.08385674158784071908 0.00000000000000000000
3.7200000000 0.08377370027196461011 0.00000000000000000000
3.7300000000 0.08369126555710335036 0.00000000000000000000
3.7400000000 0.08360943086004955782 0.00000000000000000000
3.7500000000 0.08352818969140414496 0.00000000000000000000
3.7600000000 0.08344753565394347206 0.00000000000000000000
3.7700000000 0.08336746244101717052 0.00000000000000000000
3.7800000000 0.08328796383498099365 0.00000000000000000000
3.7900000000 0.08320903370565879698 0.00000000000000000000
3.8000000000 0.08313066600883689539 0.00000000000000000000
3.8100000000 0.08305285478478875716 0.00000000000000000000
3.8200000000 0.08297559415682846662 0.00000000000000000000
3.8300000000 0.08289887832989417671 0.00000000000000000000
3.8400000000 0.08282270158915855385 0.00000000000000000000
3.8500000000 0.08274705829866786655 0.00000000000000000000
3.8600000000 0.08267194290000813572 0.00000000000000000000
3.8700000000 0.08259734991099589030 0.00000000000000000000
3.8800000000 0.08252327392439764986 0.00000000000000000000
3.8900000000 0.08244970960667202808 0.00000000000000000000
3.9000000000 0.08237665169673791254 0.00000000000000000000
3.9100000000 0.08230409500476662532 0.00000000000000000000
3.9200000000 0.08223203441099678768 0.00000000000000000000
3.9300000000 0.08216046486457333209 0.00000000000000000000
3.9400000000 0.08208938138240863547 0.00000000000000000000
3.9500000000 0.08201877904806559316 0.00000000000000000000
3.9600000000 0.08194865301066203700 0.00000000000000000000
3.9700000000 0.08187899848379723289 0.00000000000000000000
3.9800000000 0.08180981074449780732 0.00000000000000000000
3.9900000000 0.08174108513218486527 0.00000000000000000000
4.0000000000 0.08167281704765981531 0.00000000000000000000
4.0100000000 0.08160500195211053964 0.00000000000000000000
4.0200000000 0.08153763536613611862 0.00000000000000000000
4.0300000000 0.08147071286878974916 0.00000000000000000000
4.0400000000 0.08140423009663991238 0.00000000000000000000
4.0500000000 0.08133818274284949912 0.00000000000000000000
4.0600000000 0.08127256655627207449 0.00000000000000000000
4.0700000000 0.08120737734056500401 0.00000000000000000000
4.0800000000 0.08114261095331928852 0.00000000000000000000
4.0900000000 0.08107826330520578884 0.00000000000000000000
4.1000000000 0.08101433035913696568 0.00000000000000000000
4.1100000000 0.08095080812944473181 0.00000000000000000000
4.1200000000 0.08088769268107283417 0.00000000000000000000
4.1300000000 0.08082498012878482074 0.00000000000000000000
4.1400000000 0.08076266663638613508 0.00000000000000000000
4.1500000000 0.08070074841596086568 0.00000000000000000000
4.1600000000 0.08063922172712228997 0.00000000000000000000
4.1700000000 0.08057808287627676869 0.00000000000000000000
4.1800000000 0.08051732821590205924 0.00000000000000000000
4.1900000000 0.08045695414383773059 0.00000000000000000000
4.2000000000 0.08039695710258884520 0.00000000000000000000
4.2100000000 0.08033733357864232538 0.00000000000000000000
4.2200000000 0.08027808010179567078 0.00000000000000000000
4.2300000000 0.08021919324449756916 0.00000000000000000000
4.2400000000 0.08016066962120024786 0.00000000000000000000
4.2500000000 0.08010250588772409308 0.00000000000000000000
4.2600000000 0.08004469874063263601 0.00000000000000000000
4.2700000000 0.07998724491661948766 0.00000000000000000000
4.2800000000 0.07993014119190591793 0.00000000000000000000
4.2900000000 0.07987338438164871823 0.00000000000000000000
4.3000000000 0.07981697133935913846 0.00000000000000000000
4.3100000000 0.07976089895633174665 0.00000000000000000000
4.3200000000 0.07970516416108337776 0.00000000000000000000
4.3300000000 0.07964976391880199125 0.00000000000000000000
4.3400000000 0.07959469523080493769 0.00000000000000000000
4.3500000000 0.07953995513400706485 0.00000000000000000000
4.3600000000 0.07948554070039792752 0.00000000000000000000
4.3700000000 0.07943144903652762934 0.00000000000000000000
4.3800000000 0.07937767728300247627 0.00000000000000000000
4.3900000000 0.07932422261398869301 0.00000000000000000000
4.4000000000 0.07927108223672436893 0.00000000000000000000
4.4100000000 0.07921825339104086872 0.00000000000000000000
4.4200000000 0.07916573334889180635 0.00000000000000000000
4.4300000000 0.07911351941388990172 0.00000000000000000000
4.4400000000 0.07906160892085159486 0.00000000000000000000
4.4500000000 0.07900999923535048652 0.00000000000000000000
4.4600000000 0.07895868775327720412 0.00000000000000000000
4.4700000000 0.07890767190040723356 0.00000000000000000000
4.4800000000 0.07885694913197602296 0.00000000000000000000
4.4900000000 0.07880651693226096988 0.00000000000000000000
4.5000000000 0.07875637281417105506 0.00000000000000000000
4.5100000000 0.07870651431884251314 0.00000000000000000000
4.5200000000 0.07865693901524195564 0.00000000000000000000
4.5300000000 0.07860764449977579449 0.00000000000000000000
4.5400000000 0.07855862839590624369 0.00000000000000000000
4.5500000000 0.07850988835377369079 0.00000000000000000000
4.5600000000 0.07846142204982514690 0.00000000000000000000
4.5700000000 0.07841322718644926082 0.00000000000000000000
4.5800000000 0.07836530149161678727 0.00000000000000000000
4.5900000000 0.07831764271852753589 0.00000000000000000000
4.6000000000 0.07827024864526244130 0.00000000000000000000
4.6100000000 0.07822311707444215556 0.00000000000000000000
4.6200000000 0.07817624583289037310 0.00000000000000000000
4.6300000000 0.07812963277130324791 0.00000000000000000000
4.6400000000 0.07808327576392372349 0.00000000000000000000
4.6500000000 0.07803717270822155272 0.00000000000000000000
4.6600000000 0.07799132152457814715 0.00000000000000000000
4.6700000000 0.07794572015597672765 0.00000000000000000000
4.6800000000 0.07790036656769727674 0.00000000000000000000
4.6900000000 0.07785525874701652860 0.00000000000000000000
4.7000000000 0.07781039470291271909 0.00000000000000000000
4.7100000000 0.07776577246577487390 0.00000000000000000000
4.7200000000 0.07772139008711684283 0.00000000000000000000
4.7300000000 0.07767724563929639947 0.00000000000000000000
4.7400000000 0.07763333721523757447 0.00000000000000000000
4.7500000000 0.07758966292815860921 0.00000000000000000000
4.7600000000 0.07754622091130330963 0.00000000000000000000
4.7700000000 0.07750300931767732660 0.00000000000000000000
4.7800000000 0.07746002631978797515 0.00000000000000000000
4.7900000000 0.07741727010938850850 0.00000000000000000000
4.8000000000 0.07737473889722626397 0.00000000000000000000
4.8100000000 0.07733243091279463910 0.00000000000000000000
4.8200000000 0.07729034440408902307 0.00000000000000000000
4.8300000000 0.07724847763736651662 0.00000000000000000000
4.8400000000 0.07720682889690932971 0.00000000000000000000
4.8500000000 0.07716539648479196767 0.00000000000000000000
4.8600000000 0.07712417872065149838 0.00000000000000000000
4.8700000000 0.07708317394146203816 0.00000000000000000000
4.8800000000 0.07704238050131238802 0.00000000000000000000
4.8900000000 0.07700179677118686172 0.00000000000000000000
4.9000000000 0.07696142113874947233 0.00000000000000000000
4.9100000000 0.07692125200813214325 0.00000000000000000000
4.9200000000 0.07688128779972497329 0.00000000000000000000
4.9300000000 0.07684152694997048449 0.00000000000000000000
4.9400000000 0.07680196791116074284 0.00000000000000000000
4.9500000000 0.07676260915123747641 0.00000000000000000000
4.9600000000 0.07672344915359514961 0.00000000000000000000
4.9700000000 0.07668448641688743739 0.00000000000000000000
4.9800000000 0.07664571945483589221 0.00000000000000000000
4.9900000000 0.07660714679604183064 0.00000000000000000000
5.0000000000 0.07656876698380121748 0.00000000000000000000
