0.1000000000 4.41365091902572981297 0.00000000000000000000
0.1100000000 4.26541186392570637054 0.00000000000000000000
0.1200000000 4.12077727913697966500 0.00000000000000000000
0.1300000000 3.97996604382508412101 0.00000000000000000000
0.1400000000 3.84316588381004331509 0.00000000000000000000
0.1500000000 3.71053036592075358158 0.00000000000000000000
0.1600000000 3.58217697532984935549 0.00000000000000000000
0.1700000000 3.45818635129357021540 0.00000000000000000000
0.1800000000 3.33860267775736518914 0.00000000000000000000
0.1900000000 3.22343514950642573424 0.00000000000000000000
0.2000000000 3.11266037023137398521 0.00000000000000000000
0.2100000000 3.00622549217897105933 0.00000000000000000000
0.2200000000 2.90405188114325918392 0.00000000000000000000
0.2300000000 2.80603908549130665051 0.00000000000000000000
0.2400000000 2.71206890111877685356 0.00000000000000000000
0.2500000000 2.62200935129592727080 0.00000000000000000000
0.2600000000 2.53571843609020897148 0.00000000000000000000
0.2700000000 2.45304754533908031533 0.00000000000000000000
0.2800000000 2.37384446767531898104 0.00000000000000000000
0.2900000000 2.29795596270502411329 0.00000000000000000000
0.3000000000 2.22522989217195954481 0.00000000000000000000
0.3100000000 2.15551692799754901486 0.00000000000000000000
0.3200000000 2.08867187052991321039 0.00000000000000000000
0.3300000000 2.02455461983317430708 0.00000000000000000000
0.3400000000 1.96303084739837685468 0.00000000000000000000
0.3500000000 1.90397241637773539935 0.00000000000000000000
0.3600000000 1.84725759641730502558 0.00000000000000000000
0.3700000000 1.79277111534522459735 0.00000000000000000000
0.3800000000 1.74040408514571565135 0.00000000000000000000
0.3900000000 1.69005383441237100328 0.00000000000000000000
0.4000000000 1.64162367425876243310 0.00000000000000000000
0.4100000000 1.59502261975411729900 0.00000000000000000000
0.4200000000 1.55016508451679091429 0.00000000000000000000
0.4300000000 1.50697056221986125379 0.00000000000000000000
0.4400000000 1.46536330546198945157 0.00000000000000000000
0.4500000000 1.42527200971159229148 0.00000000000000000000
0.4600000000 1.38662950779748284091 0.00000000000000000000
0.4700000000 1.34937247863648801527 0.00000000000000000000
0.4800000000 1.31344117249431757699 0.00000000000000000000
0.4900000000 1.27877915400874386798 0.00000000000000000000
0.5000000000 1.24533306340579708049 0.00000000000000000000
0.5100000000 1.21305239575894963089 0.00000000000000000000
0.5200000000 1.18188929773322048966 0.00000000000000000000
0.5300000000 1.15179838098309095251 0.00000000000000000000
0.5400000000 1.12273655120350190906 0.00000000000000000000
0.5500000000 1.09466285174169275507 0.00000000000000000000
0.5600000000 1.06753832064332265794 0.00000000000000000000
0.5700000000 1.04132586001333393710 0.00000000000000000000
0.5800000000 1.01599011660741944674 0.00000000000000000000
0.5900000000 0.99149737262416437478 0.00000000000000000000
0.6000000000 0.96781544573384248320 0.00000000000000000000
0.6100000000 0.94491359745124370306 0.00000000000000000000
0.6200000000 0.92276244903433390920 0.00000000000000000000
0.6300000000 0.90133390416301228942 0.00000000000000000000
0.6400000000 0.88060107772366902346 0.00000000000000000000
0.6500000000 0.86053823009118868281 0.00000000000000000000
0.6600000000 0.84112070636291424997 0.00000000000000000000
0.6700000000 0.82232488005619452931 0.00000000000000000000
0.6800000000 0.80412810083333452482 0.00000000000000000000
0.6900000000 0.78650864586551694213 0.00000000000000000000
0.7000000000 0.76944567448961898037 0.00000000000000000000
0.7100000000 0.75291918585024431021 0.00000000000000000000
0.7200000000 0.73690997925344547959 0.00000000000000000000
0.7300000000 0.72139961698892740571 0.00000000000000000000
0.7400000000 0.70637038940426966072 0.00000000000000000000
0.7500000000 0.69180528203869529058 0.00000000000000000000
0.7600000000 0.67768794464500725638 0.00000000000000000000
0.7700000000 0.66400266194650403584 0.00000000000000000000
0.7800000000 0.65073432599234104501 0.00000000000000000000
0.7900000000 0.63786840998929106306 0.00000000000000000000
0.8000000000 0.62539094350004309497 0.00000000000000000000
0.8100000000 0.61328848890972997854 0.00000000000000000000
0.8200000000 0.60154811907228600276 0.00000000000000000000
0.8300000000 0.59015739605649919497 0.00000000000000000000
0.8400000000 0.57910435091936873775 0.00000000000000000000
0.8500000000 0.56837746444163184112 0.00000000000000000000
0.8600000000 0.55796564876509058273 0.00000000000000000000
0.8700000000 0.54785822987827703656 0.00000000000000000000
0.8800000000 0.53804493089987559529 0.00000000000000000000
0.8900000000 0.52851585611502516215 0.00000000000000000000
0.9000000000 0.51926147572201075686 0.00000000000000000000
0.9100000000 0.51027261125115597196 0.00000000000000000000
0.9200000000 0.50154042162027701046 0.00000000000000000000
0.9300000000 0.49305638979293942015 0.00000000000000000000
0.9400000000 0.48481231000976560130 0.00000000000000000000
0.9500000000 0.47680027556347304163 0.00000000000000000000
0.9600000000 0.46901266709123345944 0.00000000000000000000
0.9700000000 0.46144214135917954733 0.00000000000000000000
0.9800000000 0.45408162051646233648 0.00000000000000000000
0.9900000000 0.44692428179516263675 0.00000000000000000000
1.0000000000 0.43996354763753076078 0.00000000000000000000
1.0100000000 0.43319307622975844474 0.00000000000000000000
1.0200000000 0.42660675242341733471 0.00000000000000000000
1.0300000000 0.42019867902960350570 0.00000000000000000000
1.0400000000 0.41396316846603053996 0.00000000000000000000
1.0500000000 0.40789473474415649523 0.00000000000000000000
1.0600000000 0.40198808578040062800 0.00000000000000000000
1.0700000000 0.39623811601762365386 0.00000000000000000000
1.0800000000 0.39063989934357806755 0.00000000000000000000
1.0900000000 0.38518868229348612875 0.00000000000000000000
1.1000000000 0.37987987752485552484 0.00000000000000000000
1.1100000000 0.37470905755314859453 0.00000000000000000000
1.1200000000 0.36967194873679704026 0.00000000000000000000
1.1300000000 0.36476442550173232560 0.00000000000000000000
1.1400000000 0.35998250479501470167 0.00000000000000000000
1.1500000000 0.35532234075816054863 0.00000000000000000000
1.1600000000 0.35078021961111222060 0.00000000000000000000
1.1700000000 0.34635255473804887894 0.00000000000000000000
1.1800000000 0.34203588196670042798 0.00000000000000000000
1.1900000000 0.33782685503329901167 0.00000000000000000000
1.2000000000 0.33372224122548427294 0.00000000000000000000
1.2100000000 0.32971891719582796521 0.00000000000000000000
1.2200000000 0.32581386493909764157 0.00000000000000000000
1.2300000000 0.32200416792653169251 0.00000000000000000000
1.2400000000 0.31828700739069326620 0.00000000000000000000
1.2500000000 0.31465965875489437797 0.00000000000000000000
1.2600000000 0.31111948820114476710 0.00000000000000000000
1.2700000000 0.30766394937117408359 0.00000000000000000000
1.2800000000 0.30429058019510885069 0.00000000000000000000
1.2900000000 0.30099699984253086571 0.00000000000000000000
1.3000000000 0.29778090579113358771 0.00000000000000000000
1.3100000000 0.29464007100813982554 0.00000000000000000000
1.3200000000 0.29157234123999509201 0.00000000000000000000
1.3300000000 0.28857563240593336884 0.00000000000000000000
1.3400000000 0.28564792809128275453 0.00000000000000000000
1.3500000000 0.28278727713654905340 0.00000000000000000000
1.3600000000 0.27999179131833151768 0.00000000000000000000
1.3700000000 0.27725964311855028077 0.00000000000000000000
1.3800000000 0.27458906357830764611 0.00000000000000000000
1.3900000000 0.27197834023313649521 0.00000000000000000000
1.4000000000 0.26942581512632718388 0.00000000000000000000
1.4100000000 0.26692988289723901252 0.00000000000000000000
1.4200000000 0.26448898894163402895 0.00000000000000000000
1.4300000000 0.26210162764117428402 0.00000000000000000000
1.4400000000 0.25976634065931630824 0.00000000000000000000
1.4500000000 0.25748171530104879690 0.00000000000000000000
1.4600000000 0.25524638293385487620 0.00000000000000000000
1.4700000000 0.25305901746758246995 0.00000000000000000000
1.4800000000 0.25091833389082984773 0.00000000000000000000
1.4900000000 0.24882308686167589618 0.00000000000000000000
1.5000000000 0.24677206935059192716 0.00000000000000000000
1.5100000000 0.24476411133351450022 0.00000000000000000000
1.5200000000 0.24279807853309082200 0.00000000000000000000
1.5300000000 0.24087287120624120695 0.00000000000000000000
1.5400000000 0.23898742297622069253 0.00000000000000000000
1.5500000000 0.23714069970744852678 0.00000000000000000000
1.5600000000 0.23533169842143980555 0.00000000000000000000
1.5700000000 0.23355944625226385258 0.00000000000000000000
1.5800000000 0.23182299943997261571 0.00000000000000000000
1.5900000000 0.23012144236053655444 0.00000000000000000000
1.6000000000 0.22845388659091925287 0.00000000000000000000
1.6100000000 0.22681947000787230917 0.00000000000000000000
1.6200000000 0.22521735591919564423 0.00000000000000000000
1.6300000000 0.22364673222621939130 0.00000000000000000000
1.6400000000 0.22210681061628426147 0.00000000000000000000
1.6500000000 0.22059682578410613751 0.00000000000000000000
1.6600000000 0.21911603468090184998 0.00000000000000000000
1.6700000000 0.21766371579020563076 0.00000000000000000000
1.6800000000 0.21623916842941678929 0.00000000000000000000
1.6900000000 0.21484171207602237308 0.00000000000000000000
1.7000000000 0.21347068571764485356 0.00000000000000000000
1.7100000000 0.21212544722494411364 0.00000000000000000000
1.7200000000 0.21080537274655364310 0.00000000000000000000
1.7300000000 0.20950985612521455526 0.00000000000000000000
1.7400000000 0.20823830833429210485 0.00000000000000000000
1.7500000000 0.20699015693394126614 0.00000000000000000000
1.7600000000 0.20576484554616578104 0.00000000000000000000
1.7700000000 0.20456183334806365970 0.00000000000000000000
1.7800000000 0.20338059458260390744 0.00000000000000000000
1.7900000000 0.20222061808625413359 0.00000000000000000000
1.8000000000 0.20108140683286174211 0.00000000000000000000
1.8100000000 0.19996247749316733988 0.00000000000000000000
1.8200000000 0.19886336000938173441 0.00000000000000000000
1.8300000000 0.19778359718427479530 0.00000000000000000000
1.8400000000 0.19672274428423972004 0.00000000000000000000
1.8500000000 0.19568036865581195372 0.00000000000000000000
1.8600000000 0.19465604935517252794 0.00000000000000000000
1.8700000000 0.19364937679013655147 0.00000000000000000000
1.8800000000 0.19265995237419175634 0.00000000000000000000
1.8900000000 0.19168738819213873570 0.00000000000000000000
1.9000000000 0.19073130667691465256 0.00000000000000000000
1.9100000000 0.18979134029720975962 0.00000000000000000000
1.9200000000 0.18886713125544907221 0.00000000000000000000
1.9300000000 0.18795833119582339155 0.00000000000000000000
1.9400000000 0.18706460092195639766 0.00000000000000000000
1.9500000000 0.18618561012389497900 0.00000000000000000000
1.9600000000 0.18532103711407643676 0.00000000000000000000
1.9700000000 0.18447056857195079371 0.00000000000000000000
1.9800000000 0.18363389929696996572 0.00000000000000000000
1.9900000000 0.18281073196961475369 0.00000000000000000000
2.0000000000 0.18200077692021032760 0.00000000000000000000
2.0100000000 0.18120375190522428066 0.00000000000000000000
2.0200000000 0.18041938189080769517 0.00000000000000000000
2.0300000000 0.17964739884331340503 0.00000000000000000000
2.0400000000 0.17888754152654801066 0.00000000000000000000
2.0500000000 0.17813955530552361139 0.00000000000000000000
2.0600000000 0.17740319195648698858 0.00000000000000000000
2.0700000000 0.17667820948299708950 0.00000000000000000000
2.0800000000 0.17596437193785649522 0.00000000000000000000
2.0900000000 0.17526144925067904667 0.00000000000000000000
2.1000000000 0.17456921706091260704 0.00000000000000000000
2.1100000000 0.17388745655611806407 0.00000000000000000000
2.1200000000 0.17321595431533531873 0.00000000000000000000
2.1300000000 0.17255450215734866037 0.00000000000000000000
2.1400000000 0.17190289699369795673 0.00000000000000000000
2.1500000000 0.17126094068627029099 0.00000000000000000000
2.1600000000 0.17062843990930343097 0.00000000000000000000
2.1700000000 0.17000520601567734036 0.00000000000000000000
2.1800000000 0.16939105490732206394 0.00000000000000000000
2.1900000000 0.16878580690962352584 0.00000000000000000000
2.2000000000 0.16818928664968038622 0.00000000000000000000
2.2100000000 0.16760132293828847172 0.00000000000000000000
2.2200000000 0.16702174865553290339 0.00000000000000000000
2.2300000000 0.16645040063985069856 0.00000000000000000000
2.2400000000 0.16588711958046867267 0.00000000000000000000
2.2500000000 0.16533174991309521062 0.00000000000000000000
2.2600000000 0.16478413971875593980 0.00000000000000000000
2.2700000000 0.16424414062567394001 0.00000000000000000000
2.2800000000 0.16371160771409123957 0.00000000000000000000
2.2900000000 0.16318639942394247422 0.00000000000000000000
2.3000000000 0.16266837746527548769 0.00000000000000000000
2.3100000000 0.16215740673133791083 0.00000000000000000000
2.3200000000 0.16165335521424326060 0.00000000000000000000
2.3300000000 0.16115609392312632564 0.00000000000000000000
2.3400000000 0.16066549680471217676 0.00000000000000000000
2.3500000000 0.16018144066622314048 0.00000000000000000000
2.3600000000 0.15970380510053908130 0.00000000000000000000
2.3700000000 0.15923247241355054094 0.00000000000000000000
2.3800000000 0.15876732755362710225 0.00000000000000000000
2.3900000000 0.15830825804313153338 0.00000000000000000000
2.4000000000 0.15785515391192317391 0.00000000000000000000
2.4100000000 0.15740790763277839881 0.00000000000000000000
2.4200000000 0.15696641405867586827 0.00000000000000000000
2.4300000000 0.15653057036187512097 0.00000000000000000000
2.4400000000 0.15610027597474862571 0.00000000000000000000
2.4500000000 0.15567543253229748634 0.00000000000000000000
2.4600000000 0.15525594381630902774 0.00000000000000000000
2.4700000000 0.15484171570109345195 0.00000000000000000000
2.4800000000 0.15443265610076267746 0.00000000000000000000
2.4900000000 0.15402867491799382416 0.00000000000000000000
2.5000000000 0.15362968399423776455 0.00000000000000000000
2.5100000000 0.15323559706132444669 0.00000000000000000000
2.5200000000 0.15284632969441938610 0.00000000000000000000
2.5300000000 0.15246179926629935264 0.00000000000000000000
2.5400000000 0.15208192490289584864 0.00000000000000000000
2.5500000000 0.15170662744007423761 0.00000000000000000000
2.5600000000 0.15133582938160616838 0.00000000000000000000
2.5700000000 0.15096945485830734479 0.00000000000000000000
2.5800000000 0.15060742958829423377 0.00000000000000000000
2.5900000000 0.15024968083833356580 0.00000000000000000000
2.6000000000 0.14989613738624818495 0.00000000000000000000
2.6100000000 0.14954672948434993840 0.00000000000000000000
2.6200000000 0.14920138882386718704 0.00000000000000000000
2.6300000000 0.14886004850033585090 0.00000000000000000000
2.6400000000 0.14852264297992787134 0.00000000000000000000
2.6500000000 0.14818910806668861291 0.00000000000000000000
2.6600000000 0.14785938087065317315 0.00000000000000000000
2.6700000000 0.14753339977682086714 0.00000000000000000000
2.6800000000 0.14721110441495741106 0.00000000000000000000
2.6900000000 0.14689243563020382144 0.00000000000000000000
2.7000000000 0.14657733545446643975 0.00000000000000000000
2.7100000000 0.14626574707856657143 0.00000000000000000000
2.7200000000 0.14595761482512489837 0.00000000000000000000
2.7300000000 0.14565288412216434444 0.00000000000000000000
2.7400000000 0.14535150147740372173 0.00000000000000000000
2.7500000000 0.14505341445322800231 0.00000000000000000000
2.7600000000 0.14475857164231234475 0.00000000000000000000
2.7700000000 0.14446692264388263927 0.00000000000000000000
2.7800000000 0.14417841804059267075 0.00000000000000000000
2.7900000000 0.14389300937600149610 0.00000000000000000000
2.8000000000 0.14361064913263377196 0.00000000000000000000
2.8100000000 0.14333129071060496385 0.00000000000000000000
2.8200000000 0.14305488840679755902 0.00000000000000000000
2.8300000000 0.14278139739457179624 0.00000000000000000000
2.8400000000 0.14251077370399314881 0.00000000000000000000
2.8500000000 0.14224297420256662439 0.00000000000000000000
2.8600000000 0.14197795657646147816 0.00000000000000000000
2.8700000000 0.14171567931220915848 0.00000000000000000000
2.8800000000 0.14145610167886846220 0.00000000000000000000
2.8900000000 0.14119918371063672202 0.00000000000000000000
2.9000000000 0.14094488618990261286 0.00000000000000000000
2.9100000000 0.14069317063071948293 0.00000000000000000000
2.9200000000 0.14044399926269873768 0.00000000000000000000
2.9300000000 0.14019733501529846320 0.00000000000000000000
2.9400000000 0.13995314150250601215 0.00000000000000000000
2.9500000000 0.13971138300790370002 0.00000000000000000000
2.9600000000 0.13947202447009848791 0.00000000000000000000
2.9700000000 0.13923503146851573531 0.00000000000000000000
2.9800000000 0.13900037020954153499 0.00000000000000000000
2.9900000000 0.13876800751300383263 0.00000000000000000000
3.0000000000 0.13853791079898675198 0.00000000000000000000
3.0100000000 0.13831004807496610765 0.00000000000000000000
3.0200000000 0.13808438792325719580 0.00000000000000000000
3.0300000000 0.13786089948876958933 0.00000000000000000000
3.0400000000 0.13763955246705700253 0.00000000000000000000
3.0500000000 0.13742031709265425943 0.00000000000000000000
3.0600000000 0.13720316412770133807 0.00000000000000000000
3.0700000000 0.13698806485083192541 0.00000000000000000000
3.0800000000 0.13677499104633658589 0.00000000000000000000
3.0900000000 0.13656391499357981023 0.00000000000000000000
3.1000000000 0.13635480945667022290 0.00000000000000000000
3.1100000000 0.13614764767437831372 0.00000000000000000000
3.1200000000 0.13594240335029059152 0.00000000000000000000
3.1300000000 0.13573905064319807812 0.00000000000000000000
3.1400000000 0.13553756415771203714 0.00000000000000000000
3.1500000000 0.13533791893509736215 0.00000000000000000000
3.1600000000 0.13514009044432592765 0.00000000000000000000
3.1700000000 0.13494405457333383258 0.00000000000000000000
3.1800000000 0.13474978762048622771 0.00000000000000000000
3.1900000000 0.13455726628624020691 0.00000000000000000000
3.2000000000 0.13436646766499982242 0.00000000000000000000
3.2100000000 0.13417736923716047648 0.00000000000000000000
3.2200000000 0.13398994886133747118 0.00000000000000000000
3.2300000000 0.13380418476677238826 0.00000000000000000000
3.2400000000 0.13362005554591518952 0.00000000000000000000
3.2500000000 0.13343754014717396084 0.00000000000000000000
3.2600000000 0.13325661786783304930 0.00000000000000000000
3.2700000000 0.13307726834713046182 0.00000000000000000000
3.2800000000 0.13289947155949291546 0.00000000000000000000
3.2900000000 0.13272320780792534745 0.00000000000000000000
3.3000000000 0.13254845771754850126 0.00000000000000000000
3.3100000000 0.13237520222928167435 0.00000000000000000000
3.3200000000 0.13220342259367073856 0.00000000000000000000
3.3300000000 0.13203310036484972034 0.00000000000000000000
3.3400000000 0.13186421739464085356 0.00000000000000000000
3.3500000000 0.13169675582678641579 0.00000000000000000000
3.3600000000 0.13153069809130613077 0.00000000000000000000
3.3700000000 0.13136602689898252416 0.00000000000000000000
3.3800000000 0.13120272523596537839 0.00000000000000000000
3.3900000000 0.13104077635850028272 0.00000000000000000000
3.4000000000 0.13088016378776640147 0.00000000000000000000
3.4100000000 0.13072087130483403539 0.00000000000000000000
3.4200000000 0.13056288294572809816 0.00000000000000000000
3.4300000000 0.13040618299660156065 0.00000000000000000000
3.4400000000 0.13025075598901367235 0.00000000000000000000
3.4500000000 0.13009658669531046216 0.00000000000000000000
3.4600000000 0.12994366012410552003 0.00000000000000000000
3.4700000000 0.12979196151585897789 0.00000000000000000000
3.4800000000 0.12964147633854983255 0.00000000000000000000
3.4900000000 0.12949219028344452487 0.00000000000000000000
3.5000000000 0.12934408926095369852 0.00000000000000000000
3.5100000000 0.12919715939657794301 0.00000000000000000000
3.5200000000 0.12905138702694146646 0.00000000000000000000
3.5300000000 0.12890675869590820235 0.00000000000000000000
3.5400000000 0.12876326115078207124 0.00000000000000000000
3.5500000000 0.12862088133858654015 0.00000000000000000000
3.5600000000 0.12847960640242347963 0.00000000000000000000
3.5700000000 0.12833942367790729389 0.00000000000000000000
3.5800000000 0.12820032068967660011 0.00000000000000000000
3.5900000000 0.12806228514797640683 0.00000000000000000000
3.6000000000 0.12792530494531240137 0.00000000000000000000
3.6100000000 0.12778936815317593068 0.00000000000000000000
3.6200000000 0.12765446301883651148 0.00000000000000000000
3.6300000000 0.12752057796220028774 0.00000000000000000000
3.6400000000 0.12738770157273365813 0.00000000000000000000
3.6500000000 0.12725582260645126875 0.00000000000000000000
3.6600000000 0.12712492998296523461 0.00000000000000000000
3.6700000000 0.12699501278259406334 0.00000000000000000000
3.6800000000 0.12686606024353325184 0.00000000000000000000
3.6900000000 0.12673806175908108873 0.00000000000000000000
3.7000000000 0.12661100687492182759 0.00000000000000000000
3.7100000000 0.12648488528646484319 0.00000000000000000000
3.7200000000 0.12635968683623616249 0.00000000000000000000
3.7300000000 0.12623540151132489617 0.00000000000000000000
3.7400000000 0.12611201944087818694 0.00000000000000000000
3.7500000000 0.12598953089364972602 0.00000000000000000000
3.7600000000 0.12586792627559456603 0.00000000000000000000
3.7700000000 0.12574719612751411590 0.00000000000000000000
3.7800000000 0.12562733112274740432 0.00000000000000000000
3.7900000000 0.12550832206490716847 0.00000000000000000000
3.8000000000 0.12539015988566343252 0.00000000000000000000
3.8100000000 0.12527283564256835868 0.00000000000000000000
3.8200000000 0.12515634051692542394 0.00000000000000000000
3.8300000000 0.12504066581170111827 0.00000000000000000000
3.8400000000 0.12492580294947495945 0.00000000000000000000
3.8500000000 0.12481174347043390294 0.00000000000000000000
3.8600000000 0.12469847903040172377 0.00000000000000000000
3.8700000000 0.12458600139891004566 0.00000000000000000000
3.8800000000 0.12447430245730474463 0.00000000000000000000
3.8900000000 0.12436337419689033612 0.00000000000000000000
3.9000000000 0.12425320871710963944 0.00000000000000000000
3.9100000000 0.12414379822375906648 0.00000000000000000000
3.9200000000 0.12403513502723753636 0.00000000000000000000
3.9300000000 0.12392721154082994572 0.00000000000000000000
3.9400000000 0.12382002027902265506 0.00000000000000000000
3.9500000000 0.12371355385585176834 0.00000000000000000000
3.9600000000 0.12360780498328283183 0.00000000000000000000
3.9700000000 0.12350276646962067562 0.00000000000000000000
3.9800000000 0.12339843121795014691 0.00000000000000000000
3.9900000000 0.12329479222460623666 0.00000000000000000000
4.0000000000 0.12319184257767258617 0.00000000000000000000
4.0100000000 0.12308957545550940071 0.00000000000000000000
4.0200000000 0.12298798412530685675 0.00000000000000000000
4.0300000000 0.12288706194166772179 0.00000000000000000000
4.0400000000 0.12278680234521598125 0.00000000000000000000
4.0500000000 0.12268719886123030660 0.00000000000000000000
4.0600000000 0.12258824509830396066 0.00000000000000000000
4.0700000000 0.12248993474702926654 0.00000000000000000000
4.0800000000 0.12239226157870640443 0.00000000000000000000
4.0900000000 0.12229521944407588385 0.00000000000000000000
4.1000000000 0.12219880227207439993 0.00000000000000000000
4.1100000000 0.12210300406861424038 0.00000000000000000000
4.1200000000 0.12200781891538275969 0.00000000000000000000
4.1300000000 0.12191324096866730520 0.00000000000000000000
4.1400000000 0.12181926445819828142 0.00000000000000000000
4.1500000000 0.12172588368601502951 0.00000000000000000000
4.1600000000 0.12163309302535174616 0.00000000000000000000
4.1700000000 0.12154088691954410828 0.00000000000000000000
4.1800000000 0.12144925988095373048 0.00000000000000000000
4.1900000000 0.12135820648991489656 0.00000000000000000000
4.2000000000 0.12126772139369790260 0.00000000000000000000
4.2100000000 0.12117779930549142653 0.00000000000000000000
4.2200000000 0.12108843500340402133 0.00000000000000000000
4.2300000000 0.12099962332948206722 0.00000000000000000000
4.2400000000 0.12091135918874641730 0.00000000000000000000
4.2500000000 0.12082363754824479440 0.00000000000000000000
4.2600000000 0.12073645343612197933 0.00000000000000000000
4.2700000000 0.12064980194070680508 0.00000000000000000000
4.2800000000 0.12056367820961261250 0.00000000000000000000
4.2900000000 0.12047807744885764836 0.00000000000000000000
4.3000000000 0.12039299492199695418 0.00000000000000000000
4.3100000000 0.12030842594927101952 0.00000000000000000000
4.3200000000 0.12022436590677033907 0.00000000000000000000
4.3300000000 0.12014081022561273748 0.00000000000000000000
4.3400000000 0.12005775439113533509 0.00000000000000000000
4.3500000000 0.11997519394210170995 0.00000000000000000000
4.3600000000 0.11989312446992070327 0.00000000000000000000
4.3700000000 0.11981154161788051815 0.00000000000000000000
4.3800000000 0.11973044108039472555 0.00000000000000000000
4.3900000000 0.11964981860226246713 0.00000000000000000000
4.4000000000 0.11956966997793924690 0.00000000000000000000
4.4100000000 0.11948999105082250272 0.00000000000000000000
4.4200000000 0.11941077771254778039 0.00000000000000000000
4.4300000000 0.11933202590229727291 0.00000000000000000000
4.4400000000 0.11925373160611948964 0.00000000000000000000
4.4500000000 0.11917589085626231760 0.00000000000000000000
4.4600000000 0.11909849973051470085 0.00000000000000000000
4.4700000000 0.11902155435156094865 0.00000000000000000000
4.4800000000 0.11894505088634609036 0.00000000000000000000
4.4900000000 0.11886898554545026474 0.00000000000000000000
4.5000000000 0.11879335458247583523 0.00000000000000000000
4.5100000000 0.11871815429344191595 0.00000000000000000000
4.5200000000 0.11864338101619191501 0.00000000000000000000
4.5300000000 0.11856903112980811399 0.00000000000000000000
4.5400000000 0.11849510105403809890 0.00000000000000000000
4.5500000000 0.11842158724872942077 0.00000000000000000000
4.5600000000 0.11834848621327388740 0.00000000000000000000
4.5700000000 0.11827579448606070911 0.00000000000000000000
4.5800000000 0.11820350864393933121 0.00000000000000000000
4.5900000000 0.11813162530168980213 0.00000000000000000000
4.6000000000 0.11806014111150314738 0.00000000000000000000
4.6100000000 0.11798905276246893226 0.00000000000000000000
4.6200000000 0.11791835698007234468 0.00000000000000000000
4.6300000000 0.11784805052569788386 0.00000000000000000000
4.6400000000 0.11777813019614268020 0.00000000000000000000
4.6500000000 0.11770859282313636540 0.00000000000000000000
4.6600000000 0.11763943527286939428 0.00000000000000000000
4.6700000000 0.11757065444552863842 0.00000000000000000000
4.6800000000 0.11750224727484022413 0.00000000000000000000
4.6900000000 0.11743421072762004476 0.00000000000000000000
4.7000000000 0.11736654180333130904 0.00000000000000000000
4.7100000000 0.11729923753364841776 0.00000000000000000000
4.7200000000 0.11723229498202934751 0.00000000000000000000
4.7300000000 0.11716571124329248910 0.00000000000000000000
4.7400000000 0.11709948344320268709 0.00000000000000000000
4.7500000000 0.11703360873806152587 0.00000000000000000000
4.7600000000 0.11696808431430527619 0.00000000000000000000
4.7700000000 0.11690290738810933668 0.00000000000000000000
4.7800000000 0.11683807520499771282 0.00000000000000000000
4.7900000000 0.11677358503945947654 0.00000000000000000000
4.8000000000 0.11670943419457095735 0.00000000000000000000
4.8100000000 0.11664562000162367883 0.00000000000000000000
4.8200000000 0.11658213981975826257 0.00000000000000000000
4.8300000000 0.11651899103560363347 0.00000000000000000000
4.8400000000 0.11645617106292180387 0.00000000000000000000
4.8500000000 0.11639367734225879170 0.00000000000000000000
4.8600000000 0.11633150734059966025 0.00000000000000000000
4.8700000000 0.11626965855103015002 0.00000000000000000000
4.8800000000 0.11620812849240205744 0.00000000000000000000
4.8900000000 0.11614691470900562198 0.00000000000000000000
4.9000000000 0.11608601477024439730 0.00000000000000000000
4.9100000000 0.11602542627031724176 0.00000000000000000000
4.9200000000 0.11596514682790387551 0.00000000000000000000
4.9300000000 0.11590517408585562786 0.00000000000000000000
4.9400000000 0.11584550571089054227 0.00000000000000000000
4.9500000000 0.11578613939329358840 0.00000000000000000000
4.9600000000 0.11572707284662078764 0.00000000000000000000
4.9700000000 0.11566830380740740492 0.00000000000000000000
4.9800000000 0.11560983003488241316 0.00000000000000000000
4.9900000000 0.11555164931068447054 0.00000000000000000000
5.0000000000 0.11549375943858389282 0.00000000000000000000
