0.1000000000 2.51239184069918142228 0.00000000000000000000
0.1100000000 2.41861093010937988623 0.00000000000000000000
0.1200000000 2.32908938714261104508 0.00000000000000000000
0.1300000000 2.24370041790672791748 0.00000000000000000000
0.1400000000 2.16229704256723165301 0.00000000000000000000
0.1500000000 2.08471729799327665233 0.00000000000000000000
0.1600000000 2.01078911665445714263 0.00000000000000000000
0.1700000000 1.94033472112320448666 0.00000000000000000000
0.1800000000 1.87317443478273482071 0.00000000000000000000
0.1900000000 1.80912986424878408087 0.00000000000000000000
0.2000000000 1.74802645401399470160 0.00000000000000000000
0.2100000000 1.68969544748738331741 0.00000000000000000000
0.2200000000 1.63397531115871030849 0.00000000000000000000
0.2300000000 1.58071269138846326463 0.00000000000000000000
0.2400000000 1.52976297818933026917 0.00000000000000000000
0.2500000000 1.48099054935194329730 0.00000000000000000000
0.2600000000 1.43426876327106045395 0.00000000000000000000
0.2700000000 1.38947976145458107489 0.00000000000000000000
0.2800000000 1.34651413320466573076 0.00000000000000000000
0.2900000000 1.30527048626189356995 0.00000000000000000000
0.3000000000 1.26565495891171897469 0.00000000000000000000
0.3100000000 1.22758070153542142577 0.00000000000000000000
0.3200000000 1.19096734902843426340 0.00000000000000000000
0.3300000000 1.15574049996109962102 0.00000000000000000000
0.3400000000 1.12183121378829930848 0.00000000000000000000
0.3500000000 1.08917553374280684508 0.00000000000000000000
0.3600000000 1.05771404016409165116 0.00000000000000000000
0.3700000000 1.02739143680347577714 0.00000000000000000000
0.3800000000 0.99815617099386555466 0.00000000000000000000
0.3900000000 0.96996008737319372450 0.00000000000000000000
0.4000000000 0.94275811401256370825 0.00000000000000000000
0.4100000000 0.91650797924395199789 0.00000000000000000000
0.4200000000 0.89116995714203139922 0.00000000000000000000
0.4300000000 0.86670663943645331884 0.00000000000000000000
0.4400000000 0.84308273157136781606 0.00000000000000000000
0.4500000000 0.82026487065393605125 0.00000000000000000000
0.4600000000 0.79822146311658781492 0.00000000000000000000
0.4700000000 0.77692254003849914312 0.00000000000000000000
0.4800000000 0.75633962821490130501 0.00000000000000000000
0.4900000000 0.73644563521726813526 0.00000000000000000000
0.5000000000 0.71721474684492247942 0.00000000000000000000
0.5100000000 0.69862233552356933775 0.00000000000000000000
0.5200000000 0.68064487835488918233 0.00000000000000000000
0.5300000000 0.66325988366107135885 0.00000000000000000000
0.5400000000 0.64644582499776914730 0.00000000000000000000
0.5500000000 0.63018208172773126918 0.00000000000000000000
0.5600000000 0.61444888535511665850 0.00000000000000000000
0.5700000000 0.59922727091756178286 0.00000000000000000000
0.5800000000 0.58449903282002524385 0.00000000000000000000
0.5900000000 0.57024668457162952517 0.00000000000000000000
0.6000000000 0.55645342195532276897 0.00000000000000000000
0.6100000000 0.54310308922050776204 0.00000000000000000000
0.6200000000 0.53018014794196632877 0.00000000000000000000
0.6300000000 0.51766964823492567227 0.00000000000000000000
0.6400000000 0.50555720205681675683 0.00000000000000000000
0.6500000000 0.49382895836176043947 0.00000000000000000000
0.6600000000 0.48247157990469929922 0.00000000000000000000
0.6700000000 0.47147222151888168451 0.00000000000000000000
0.6800000000 0.46081850971373977677 0.00000000000000000000
0.6900000000 0.45049852346017155158 0.00000000000000000000
0.7000000000 0.44050077604790016661 0.00000000000000000000
0.7100000000 0.43081419791434683031 0.00000000000000000000
0.7200000000 0.42142812035764021239 0.00000000000000000000
0.7300000000 0.41233226005740836184 0.00000000000000000000
0.7400000000 0.40351670433680880690 0.00000000000000000000
0.7500000000 0.39497189710731872569 0.00000000000000000000
0.7600000000 0.38668862544515530955 0.00000000000000000000
0.7700000000 0.37865800675420913102 0.00000000000000000000
0.7800000000 0.37087147647566426345 0.00000000000000000000
0.7900000000 0.36332077630905018628 0.00000000000000000000
0.8000000000 0.35599794291336445129 0.00000000000000000000
0.8100000000 0.34889529706021615851 0.00000000000000000000
0.8200000000 0.34200543321389847984 0.00000000000000000000
0.8300000000 0.33532120951571231515 0.00000000000000000000
0.8400000000 0.32883573815211991631 0.00000000000000000000
0.8500000000 0.32254237608798158599 0.00000000000000000000
0.8600000000 0.31643471614794083102 0.00000000000000000000
0.8700000000 0.31050657843024925819 0.00000000000000000000
0.8800000000 0.30475200203863656023 0.00000000000000000000
0.8900000000 0.29916523711874759561 0.00000000000000000000
0.9000000000 0.29374073718681809053 0.00000000000000000000
0.9100000000 0.28847315173880139216 0.00000000000000000000
0.9200000000 0.28335731912898848295 0.00000000000000000000
0.9300000000 0.27838825970795455511 0.00000000000000000000
0.9400000000 0.27356116920985518171 0.00000000000000000000
0.9500000000 0.26887141237993888998 0.00000000000000000000
0.9600000000 0.26431451683345663639 0.00000000000000000000
0.9700000000 0.25988616713745754661 0.00000000000000000000
0.9800000000 0.25558219910749480075 0.00000000000000000000
0.9900000000 0.25139859431175209936 0.00000000000000000000
1.0000000000 0.24733147477455419416 0.00000000000000000000
1.0100000000 0.24337709787315109367 0.00000000000000000000
1.0200000000 0.23953185142008287523 0.00000000000000000000
1.0300000000 0.23579224892445005413 0.00000000000000000000
1.0400000000 0.23215492502697060440 0.00000000000000000000
1.0500000000 0.22861663110136168364 0.00000000000000000000
1.0600000000 0.22517423101672268126 0.00000000000000000000
1.0700000000 0.22182469705512317115 0.00000000000000000000
1.0800000000 0.21856510597900249970 0.00000000000000000000
1.0900000000 0.21539263524282670215 0.00000000000000000000
1.1000000000 0.21230455934408626328 0.00000000000000000000
1.1100000000 0.20929824630847285172 0.00000000000000000000
1.1200000000 0.20637115430454933129 0.00000000000000000000
1.1300000000 0.20352082838316762348 0.00000000000000000000
1.1400000000 0.20074489733724887319 0.00000000000000000000
1.1500000000 0.19804107067745527204 0.00000000000000000000
1.1600000000 0.19540713571964080097 0.00000000000000000000
1.1700000000 0.19284095478000332080 0.00000000000000000000
1.1800000000 0.19034046247400002172 0.00000000000000000000
1.1900000000 0.18790366311524531184 0.00000000000000000000
1.2000000000 0.18552862821073470845 0.00000000000000000000
1.2100000000 0.18321349404885672874 0.00000000000000000000
1.2200000000 0.18095645937677970472 0.00000000000000000000
1.2300000000 0.17875578316392259914 0.00000000000000000000
1.2400000000 0.17660978244832900574 0.00000000000000000000
1.2500000000 0.17451683026285400024 0.00000000000000000000
1.2600000000 0.17247535363824809118 0.00000000000000000000
1.2700000000 0.17048383168022299139 0.00000000000000000000
1.2800000000 0.16854079371779781549 0.00000000000000000000
1.2900000000 0.16664481752023094230 0.00000000000000000000
1.3000000000 0.16479452757998488965 0.00000000000000000000
1.3100000000 0.16298859345926725029 0.00000000000000000000
1.3200000000 0.16122572819774386166 0.00000000000000000000
1.3300000000 0.15950468677914697579 0.00000000000000000000
1.3400000000 0.15782426465456858566 0.00000000000000000000
1.3500000000 0.15618329632027450060 0.00000000000000000000
1.3600000000 0.15458065394805095560 0.00000000000000000000
1.3700000000 0.15301524606603947309 0.00000000000000000000
1.3800000000 0.15148601628819902132 0.00000000000000000000
1.3900000000 0.14999194209055347060 0.00000000000000000000
1.4000000000 0.14853203363244224522 0.00000000000000000000
1.4100000000 0.14710533262110483954 0.00000000000000000000
1.4200000000 0.14571091121793444678 0.00000000000000000000
1.4300000000 0.14434787098485257761 0.00000000000000000000
1.4400000000 0.14301534186925835002 0.00000000000000000000
1.4500000000 0.14171248122613333553 0.00000000000000000000
1.4600000000 0.14043847287586438966 0.00000000000000000000
1.4700000000 0.13919252619645164359 0.00000000000000000000
1.4800000000 0.13797387524880372345 0.00000000000000000000
1.4900000000 0.13678177793386009364 0.00000000000000000000
1.5000000000 0.13561551518035386277 0.00000000000000000000
1.5100000000 0.13447439016204079665 0.00000000000000000000
1.5200000000 0.13335772754329877632 0.00000000000000000000
1.5300000000 0.13226487275201848082 0.00000000000000000000
1.5400000000 0.13119519127875919895 0.00000000000000000000
1.5500000000 0.13014806800117811880 0.00000000000000000000
1.5600000000 0.12912290653279054342 0.00000000000000000000
1.5700000000 0.12811912859512789020 0.00000000000000000000
1.5800000000 0.12713617341243618752 0.00000000000000000000
1.5900000000 0.12617349712805020490 0.00000000000000000000
1.6000000000 0.12523057224163752776 0.00000000000000000000
1.6100000000 0.12430688706652712194 0.00000000000000000000
1.6200000000 0.12340194520637844111 0.00000000000000000000
1.6300000000 0.12251526505045504112 0.00000000000000000000
1.6400000000 0.12164637928681128198 0.00000000000000000000
1.6500000000 0.12079483443273122956 0.00000000000000000000
1.6600000000 0.11996019038176206073 0.00000000000000000000
1.6700000000 0.11914201996673880191 0.00000000000000000000
1.6800000000 0.11833990853819278954 0.00000000000000000000
1.6900000000 0.11755345355757625125 0.00000000000000000000
1.7000000000 0.11678226420475912306 0.00000000000000000000
1.7100000000 0.11602596099926011652 0.00000000000000000000
1.7200000000 0.11528417543470763362 0.00000000000000000000
1.7300000000 0.11455654962604314151 0.00000000000000000000
1.7400000000 0.11384273596899055492 0.00000000000000000000
1.7500000000 0.11314239681135171423 0.00000000000000000000
1.7600000000 0.11245520413567451634 0.00000000000000000000
1.7700000000 0.11178083925289665490 0.00000000000000000000
1.7800000000 0.11111899250653972659 0.00000000000000000000
1.7900000000 0.11046936298709324198 0.00000000000000000000
1.8000000000 0.10983165825618998457 0.00000000000000000000
1.8100000000 0.10920559408023187975 0.00000000000000000000
1.8200000000 0.10859089417311905412 0.00000000000000000000
1.8300000000 0.10798728994774547951 0.00000000000000000000
1.8400000000 0.10739452027594684203 0.00000000000000000000
1.8500000000 0.10681233125659873873 0.00000000000000000000
1.8600000000 0.10624047599155421462 0.00000000000000000000
1.8700000000 0.10567871436916101424 0.00000000000000000000
1.8800000000 0.10512681285506204898 0.00000000000000000000
1.8900000000 0.10458454429003258279 0.00000000000000000000
1.9000000000 0.10405168769459771649 0.00000000000000000000
1.9100000000 0.10352802808017762259 0.00000000000000000000
1.9200000000 0.10301335626654403721 0.00000000000000000000
1.9300000000 0.10250746870534571675 0.00000000000000000000
1.9400000000 0.10201016730949760691 0.00000000000000000000
1.9500000000 0.10152125928822158807 0.00000000000000000000
1.9600000000 0.10104055698753475201 0.00000000000000000000
1.9700000000 0.10056787773599894231 0.00000000000000000000
1.9800000000 0.10010304369553869874 0.00000000000000000000
1.9900000000 0.09964588171715434151 0.00000000000000000000
2.0000000000 0.09919622320135364213 0.00000000000000000000
2.0100000000 0.09875390396313687980 0.00000000000000000000
2.0200000000 0.09831876410137899147 0.00000000000000000000
2.0300000000 0.09789064787245119192 0.00000000000000000000
2.0400000000 0.09746940356793372395 0.00000000000000000000
2.0500000000 0.09705488339627929562 0.00000000000000000000
2.0600000000 0.09664694336829304788 0.00000000000000000000
2.0700000000 0.09624544318628537598 0.00000000000000000000
2.0800000000 0.09585024613678240490 0.00000000000000000000
2.0900000000 0.09546121898666651284 0.00000000000000000000
2.1000000000 0.09507823188262548575 0.00000000000000000000
2.1100000000 0.09470115825380366614 0.00000000000000000000
2.1200000000 0.09432987471753606634 0.00000000000000000000
2.1300000000 0.09396426098807092453 0.00000000000000000000
2.1400000000 0.09360419978816676700 0.00000000000000000000
2.1500000000 0.09324957676347468694 0.00000000000000000000
2.1600000000 0.09290028039960797346 0.00000000000000000000
2.1700000000 0.09255620194180755322 0.00000000000000000000
2.1800000000 0.09221723531711559230 0.00000000000000000000
2.1900000000 0.09188327705897293696 0.00000000000000000000
2.2000000000 0.09155422623415941652 0.00000000000000000000
2.2100000000 0.09122998437199467126 0.00000000000000000000
2.2200000000 0.09091045539572968626 0.00000000000000000000
2.2300000000 0.09059554555605027482 0.00000000000000000000
2.2400000000 0.09028516336662262276 0.00000000000000000000
2.2500000000 0.08997921954161898495 0.00000000000000000000
2.2600000000 0.08967762693514695627 0.00000000000000000000
2.2700000000 0.08938030048253021997 0.00000000000000000000
2.2800000000 0.08908715714337084313 0.00000000000000000000
2.2900000000 0.08879811584634082766 0.00000000000000000000
2.3000000000 0.08851309743564016175 0.00000000000000000000
2.3100000000 0.08823202461907310445 0.00000000000000000000
2.3200000000 0.08795482191768287661 0.00000000000000000000
2.3300000000 0.08768141561689933583 0.00000000000000000000
2.3400000000 0.08741173371914696955 0.00000000000000000000
2.3500000000 0.08714570589786604926 0.00000000000000000000
2.3600000000 0.08688326345290407760 0.00000000000000000000
2.3700000000 0.08662433926722992727 0.00000000000000000000
2.3800000000 0.08636886776492620765 0.00000000000000000000
2.3900000000 0.08611678487042662145 0.00000000000000000000
2.4000000000 0.08586802796894818512 0.00000000000000000000
2.4100000000 0.08562253586808799000 0.00000000000000000000
2.4200000000 0.08538024876054185752 0.00000000000000000000
2.4300000000 0.08514110818791420510 0.00000000000000000000
2.4400000000 0.08490505700557804403 0.00000000000000000000
2.4500000000 0.08467203934855792313 0.00000000000000000000
2.4600000000 0.08444200059840115125 0.00000000000000000000
2.4700000000 0.08421488735100199352 0.00000000000000000000
2.4800000000 0.08399064738535630403 0.00000000000000000000
2.4900000000 0.08376922963321303817 0.00000000000000000000
2.5000000000 0.08355058414959287694 0.00000000000000000000
2.5100000000 0.08333466208415010734 0.00000000000000000000
2.5200000000 0.08312141565335227911 0.00000000000000000000
2.5300000000 0.08291079811344576056 0.00000000000000000000
2.5400000000 0.08270276373419248317 0.00000000000000000000
2.5500000000 0.08249726777334394356 0.00000000000000000000
2.5600000000 0.08229426645183784972 0.00000000000000000000
2.5700000000 0.08209371692968972511 0.00000000000000000000
2.5800000000 0.08189557728256192937 0.00000000000000000000
2.5900000000 0.08169980647898551773 0.00000000000000000000
2.6000000000 0.08150636435821791148 0.00000000000000000000
2.6100000000 0.08131521160871651999 0.00000000000000000000
2.6200000000 0.08112630974720796972 0.00000000000000000000
2.6300000000 0.08093962109833729990 0.00000000000000000000
2.6400000000 0.08075510877487704353 0.00000000000000000000
2.6500000000 0.08057273665847963784 0.00000000000000000000
2.6600000000 0.08039246938096041017 0.00000000000000000000
2.6700000000 0.08021427230608978165 0.00000000000000000000
2.6800000000 0.08003811151188341966 0.00000000000000000000
2.6900000000 0.07986395377337171531 0.00000000000000000000
2.7000000000 0.07969176654584045338 0.00000000000000000000
2.7100000000 0.07952151794852099775 0.00000000000000000000
2.7200000000 0.07935317674872309490 0.00000000000000000000
2.7300000000 0.07918671234639183820 0.00000000000000000000
2.7400000000 0.07902209475908186787 0.00000000000000000000
2.7500000000 0.07885929460733137608 0.00000000000000000000
2.7600000000 0.07869828310042677189 0.00000000000000000000
2.7700000000 0.07853903202254726434 0.00000000000000000000
2.7800000000 0.07838151371927498667 0.00000000000000000000
2.7900000000 0.07822570108446437465 0.00000000000000000000
2.8000000000 0.07807156754745619986 0.00000000000000000000
2.8100000000 0.07791908706062979084 0.00000000000000000000
2.8200000000 0.07776823408727974452 0.00000000000000000000
2.8300000000 0.07761898358981232648 0.00000000000000000000
2.8400000000 0.07747131101824904220 0.00000000000000000000
2.8500000000 0.07732519229902856672 0.00000000000000000000
2.8600000000 0.07718060382410070475 0.00000000000000000000
2.8700000000 0.07703752244030252772 0.00000000000000000000
2.8800000000 0.07689592543900804211 0.00000000000000000000
2.8900000000 0.07675579054604533824 0.00000000000000000000
2.9000000000 0.07661709591187210178 0.00000000000000000000
2.9100000000 0.07647982010200270186 0.00000000000000000000
2.9200000000 0.07634394208768031931 0.00000000000000000000
2.9300000000 0.07620944123678591309 0.00000000000000000000
2.9400000000 0.07607629730497916798 0.00000000000000000000
2.9500000000 0.07594449042706272190 0.00000000000000000000
2.9600000000 0.07581400110856530150 0.00000000000000000000
2.9700000000 0.07568481021753686866 0.00000000000000000000
2.9800000000 0.07555689897654940812 0.00000000000000000000
2.9900000000 0.07543024895489962300 0.00000000000000000000
3.0000000000 0.07530484206100410138 0.00000000000000000000
3.0100000000 0.07518066053498669021 0.00000000000000000000
3.0200000000 0.07505768694144765441 0.00000000000000000000
3.0300000000 0.07493590416241463492 0.00000000000000000000
3.0400000000 0.07481529539046521959 0.00000000000000000000
3.0500000000 0.07469584412202155688 0.00000000000000000000
3.0600000000 0.07457753415080770054 0.00000000000000000000
3.0700000000 0.07446034956146888040 0.00000000000000000000
3.0800000000 0.07434427472334660669 0.00000000000000000000
3.0900000000 0.07422929428440473709 0.00000000000000000000
3.1000000000 0.07411539316530423027 0.00000000000000000000
3.1100000000 0.07400255655362113216 0.00000000000000000000
3.1200000000 0.07389076989820446417 0.00000000000000000000
3.1300000000 0.07378001890367082150 0.00000000000000000000
3.1400000000 0.07367028952503051897 0.00000000000000000000
3.1500000000 0.07356156796244356366 0.00000000000000000000
3.1600000000 0.07345384065610044422 0.00000000000000000000
3.1700000000 0.07334709428122510033 0.00000000000000000000
3.1800000000 0.07324131574319828197 0.00000000000000000000
3.1900000000 0.07313649217279405423 0.00000000000000000000
3.2000000000 0.07303261092153146006 0.00000000000000000000
3.2100000000 0.07292965955713494319 0.00000000000000000000
3.2200000000 0.07282762585910154685 0.00000000000000000000
3.2300000000 0.07272649781437243166 0.00000000000000000000
3.2400000000 0.07262626361310568768 0.00000000000000000000
3.2500000000 0.07252691164454859452 0.00000000000000000000
3.2600000000 0.07242843049300407010 0.00000000000000000000
3.2700000000 0.07233080893389345900 0.00000000000000000000
3.2800000000 0.07223403592990887412 0.00000000000000000000
3.2900000000 0.07213810062725410643 0.00000000000000000000
3.3000000000 0.07204299235197406115 0.00000000000000000000
3.3100000000 0.07194870060636603115 0.00000000000000000000
3.3200000000 0.07185521506547586090 0.00000000000000000000
3.3300000000 0.07176252557367182594 0.00000000000000000000
3.3400000000 0.07167062214129815700 0.00000000000000000000
3.3500000000 0.07157949494140464219 0.00000000000000000000
3.3600000000 0.07148913430654892098 0.00000000000000000000
3.3700000000 0.07139953072567273296 0.00000000000000000000
3.3800000000 0.07131067484104817999 0.00000000000000000000
3.3900000000 0.07122255744529204513 0.00000000000000000000
3.4000000000 0.07113516947844758520 0.00000000000000000000
3.4100000000 0.07104850202513203483 0.00000000000000000000
3.4200000000 0.07096254631174665761 0.00000000000000000000
3.4300000000 0.07087729370374967752 0.00000000000000000000
3.4400000000 0.07079273570298981466 0.00000000000000000000
3.4500000000 0.07070886394509877382 0.00000000000000000000
3.4600000000 0.07062567019694006298 0.00000000000000000000
3.4700000000 0.07054314635411640388 0.00000000000000000000
3.4800000000 0.07046128443852939238 0.00000000000000000000
3.4900000000 0.07038007659599436472 0.00000000000000000000
3.5000000000 0.07029951509390630626 0.00000000000000000000
3.5100000000 0.07021959231895703868 0.00000000000000000000
3.5200000000 0.07014030077490217285 0.00000000000000000000
3.5300000000 0.07006163308037588466 0.00000000000000000000
3.5400000000 0.06998358196675313891 0.00000000000000000000
3.5500000000 0.06990614027605851488 0.00000000000000000000
3.5600000000 0.06982930095891914934 0.00000000000000000000
3.5700000000 0.06975305707256208854 0.00000000000000000000
3.5800000000 0.06967740177885388408 0.00000000000000000000
3.5900000000 0.06960232834238291866 0.00000000000000000000
3.6000000000 0.06952783012858167189 0.00000000000000000000
3.6100000000 0.06945390060188917636 0.00000000000000000000
3.6200000000 0.06938053332395191508 0.00000000000000000000
3.6300000000 0.06930772195186368778 0.00000000000000000000
3.6400000000 0.06923546023644099046 0.00000000000000000000
3.6500000000 0.06916374202053633680 0.00000000000000000000
3.6600000000 0.06909256123738492794 0.00000000000000000000
3.6700000000 0.06902191190898744610 0.00000000000000000000
3.6800000000 0.06895178814452618266 0.00000000000000000000
3.6900000000 0.06888218413881280755 0.00000000000000000000
3.7000000000 0.06881309417077000057 0.00000000000000000000
3.7100000000 0.06874451260194355817 0.00000000000000000000
3.7200000000 0.06867643387504479557 0.00000000000000000000
3.7300000000 0.06860885251252377137 0.00000000000000000000
3.7400000000 0.06854176311517130860 0.00000000000000000000
3.7500000000 0.06847516036074893786 0.00000000000000000000
3.7600000000 0.06840903900264830306 0.00000000000000000000
3.7700000000 0.06834339386857590792 0.00000000000000000000
3.7800000000 0.06827821985926628423 0.00000000000000000000
3.7900000000 0.06821351194722008460 0.00000000000000000000
3.8000000000 0.06814926517546739115 0.00000000000000000000
3.8100000000 0.06808547465635736429 0.00000000000000000000
3.8200000000 0.06802213557037052605 0.00000000000000000000
3.8300000000 0.06795924316495535744 0.00000000000000000000
3.8400000000 0.06789679275338889042 0.00000000000000000000
3.8500000000 0.06783477971365867165 0.00000000000000000000
3.8600000000 0.06777319948736769406 0.00000000000000000000
3.8700000000 0.06771204757866088053 0.00000000000000000000
3.8800000000 0.06765131955317268964 0.00000000000000000000
3.8900000000 0.06759101103699541313 0.00000000000000000000
3.9000000000 0.06753111771566791544 0.00000000000000000000
3.9100000000 0.06747163533318364936 0.00000000000000000000
3.9200000000 0.06741255969101865586 0.00000000000000000000
3.9300000000 0.06735388664717854856 0.00000000000000000000
3.9400000000 0.06729561211526322029 0.00000000000000000000
3.9500000000 0.06723773206355038168 0.00000000000000000000
3.9600000000 0.06718024251409655812 0.00000000000000000000
3.9700000000 0.06712313954185568365 0.00000000000000000000
3.9800000000 0.06706641927381404300 0.00000000000000000000
3.9900000000 0.06701007788814219990 0.00000000000000000000
4.0000000000 0.06695411161336362049 0.00000000000000000000
4.0100000000 0.06689851672753797940 0.00000000000000000000
4.0200000000 0.06684328955746110523 0.00000000000000000000
4.0300000000 0.06678842647787933129 0.00000000000000000000
4.0400000000 0.06673392391071931995 0.00000000000000000000
4.0500000000 0.06667977832433205632 0.00000000000000000000
4.0600000000 0.06662598623275109433 0.00000000000000000000
4.0700000000 0.06657254419496487496 0.00000000000000000000
4.0800000000 0.06651944881420251976 0.00000000000000000000
4.0900000000 0.06646669673723300253 0.00000000000000000000
4.1000000000 0.06641428465367767153 0.00000000000000000000
4.1100000000 0.06636220929533490076 0.00000000000000000000
4.1200000000 0.06631046743551795297 0.00000000000000000000
4.1300000000 0.06625905588840461102 0.00000000000000000000
4.1400000000 0.06620797150839895229 0.00000000000000000000
4.1500000000 0.06615721118950498858 0.00000000000000000000
4.1600000000 0.06610677186471122790 0.00000000000000000000
4.1700000000 0.06605665050538783722 0.00000000000000000000
4.1800000000 0.06600684412069283968 0.00000000000000000000
4.1900000000 0.06595734975699094060 0.00000000000000000000
4.2000000000 0.06590816449728169324 0.00000000000000000000
4.2100000000 0.06585928546063871125 0.00000000000000000000
4.2200000000 0.06581070980165867890 0.00000000000000000000
4.2300000000 0.06576243470992028384 0.00000000000000000000
4.2400000000 0.06571445740945301706 0.00000000000000000000
4.2500000000 0.06566677515821550681 0.00000000000000000000
4.2600000000 0.06561938524758298419 0.00000000000000000000
4.2700000000 0.06557228500184386633 0.00000000000000000000
4.2800000000 0.06552547177770580433 0.00000000000000000000
4.2900000000 0.06547894296380951662 0.00000000000000000000
4.3000000000 0.06543269598025229505 0.00000000000000000000
4.3100000000 0.06538672827811951860 0.00000000000000000000
4.3200000000 0.06534103733902356381 0.00000000000000000000
4.3300000000 0.06529562067465245756 0.00000000000000000000
4.3400000000 0.06525047582632510779 0.00000000000000000000
4.3500000000 0.06520560036455462505 0.00000000000000000000
4.3600000000 0.06516099188861963765 0.00000000000000000000
4.3700000000 0.06511664802614251790 0.00000000000000000000
4.3800000000 0.06507256643267542162 0.00000000000000000000
4.3900000000 0.06502874479129329421 0.00000000000000000000
4.4000000000 0.06498518081219331610 0.00000000000000000000
4.4100000000 0.06494187223230242501 0.00000000000000000000
4.4200000000 0.06489881681489030607 0.00000000000000000000
4.4300000000 0.06485601234919025071 0.00000000000000000000
4.4400000000 0.06481345665002516410 0.00000000000000000000
4.4500000000 0.06477114755744109442 0.00000000000000000000
4.4600000000 0.06472908293634641042 0.00000000000000000000
4.4700000000 0.06468726067615687692 0.00000000000000000000
4.4800000000 0.06464567869044754445 0.00000000000000000000
4.4900000000 0.06460433491660988459 0.00000000000000000000
4.5000000000 0.06456322731551408789 0.00000000000000000000
4.5100000000 0.06452235387117884191 0.00000000000000000000
4.5200000000 0.06448171259044488401 0.00000000000000000000
4.5300000000 0.06444130150265475754 0.00000000000000000000
4.5400000000 0.06440111865933771662 0.00000000000000000000
4.5500000000 0.06436116213390015439 0.00000000000000000000
4.5600000000 0.06432143002132077736 0.00000000000000000000
4.5700000000 0.06428192043785109500 0.00000000000000000000
4.5800000000 0.06424263152072054450 0.00000000000000000000
4.5900000000 0.06420356142784690301 0.00000000000000000000
4.6000000000 0.06416470833755073822 0.00000000000000000000
4.6100000000 0.06412607044827574321 0.00000000000000000000
4.6200000000 0.06408764597831206888 0.00000000000000000000
4.6300000000 0.06404943316552547117 0.00000000000000000000
4.6400000000 0.06401143026709024686 0.00000000000000000000
4.6500000000 0.06397363555922634670 0.00000000000000000000
4.6600000000 0.06393604733694140119 0.00000000000000000000
4.6700000000 0.06389866391377616028 0.00000000000000000000
4.6800000000 0.06386148362155449898 0.00000000000000000000
4.6900000000 0.06382450481013729471 0.00000000000000000000
4.7000000000 0.06378772584718007954 0.00000000000000000000
4.7100000000 0.06375114511789495286 0.00000000000000000000
4.7200000000 0.06371476102481575532 0.00000000000000000000
4.7300000000 0.06367857198756778081 0.00000000000000000000
4.7400000000 0.06364257644263979219 0.00000000000000000000
4.7500000000 0.06360677284316126889 0.00000000000000000000
4.7600000000 0.06357115965868191665 0.00000000000000000000
4.7700000000 0.06353573537495514623 0.00000000000000000000
4.7800000000 0.06350049849372509103 0.00000000000000000000
4.7900000000 0.06346544753251646964 0.00000000000000000000
4.8000000000 0.06343058102442827861 0.00000000000000000000
4.8100000000 0.06339589751793020533 0.00000000000000000000
4.8200000000 0.06336139557666262134 0.00000000000000000000
4.8300000000 0.06332707377923950387 0.00000000000000000000
4.8400000000 0.06329293071905414680 0.00000000000000000000
4.8500000000 0.06325896500408839662 0.00000000000000000000
4.8600000000 0.06322517525672444183 0.00000000000000000000
4.8700000000 0.06319156011355944735 0.00000000000000000000
4.8800000000 0.06315811822522336694 0.00000000000000000000
4.8900000000 0.06312484825619923967 0.00000000000000000000
4.9000000000 0.06309174888464651187 0.00000000000000000000
4.9100000000 0.06305881880222644065 0.00000000000000000000
4.9200000000 0.06302605671393098075 0.00000000000000000000
4.9300000000 0.06299346133791376701 0.00000000000000000000
4.9400000000 0.06296103140532353926 0.00000000000000000000
4.9500000000 0.06292876566014038442 0.00000000000000000000
4.9600000000 0.06289666285901449050 0.00000000000000000000
4.9700000000 0.06286472177110677406 0.00000000000000000000
4.9800000000 0.06283294117793254696 0.00000000000000000000
4.9900000000 0.06280131987320715370 0.00000000000000000000
5.0000000000 0.06276985666269405129 0.00000000000000000000
