0.1000000000 3.70239458006364108300 0.00000000000000000000
0.1100000000 3.60269144566301102728 0.00000000000000000000
0.1200000000 3.50496764411502326197 0.00000000000000000000
0.1300000000 3.40925993875845012582 0.00000000000000000000
0.1400000000 3.31559870182381599690 0.00000000000000000000
0.1500000000 3.22400800789036612315 0.00000000000000000000
0.1600000000 3.13450578651328948254 0.00000000000000000000
0.1700000000 3.04710402711350969440 0.00000000000000000000
0.1800000000 2.96180902861514860902 0.00000000000000000000
0.1900000000 2.87862168601679035973 0.00000000000000000000
0.2000000000 2.79753780606720114932 0.00000000000000000000
0.2100000000 2.71854844444801502235 0.00000000000000000000
0.2200000000 2.64164025730097584699 0.00000000000000000000
0.2300000000 2.56679586052813046848 0.00000000000000000000
0.2400000000 2.49399419099244656906 0.00000000000000000000
0.2500000000 2.42321086450848488525 0.00000000000000000000
0.2600000000 2.35441852629882575343 0.00000000000000000000
0.2700000000 2.28758719036794744284 0.00000000000000000000
0.2800000000 2.22268456498532662735 0.00000000000000000000
0.2900000000 2.15967636215374669817 0.00000000000000000000
0.3000000000 2.09852658955497428650 0.00000000000000000000
0.3100000000 2.03919782400532234590 0.00000000000000000000
0.3200000000 1.98165146591655672026 0.00000000000000000000
0.3300000000 1.92584797464418522317 0.00000000000000000000
0.3400000000 1.87174708491993491144 0.00000000000000000000
0.3500000000 1.81930800481426158122 0.00000000000000000000
0.3600000000 1.76848959586522869181 0.00000000000000000000
0.3700000000 1.71925053614999834295 0.00000000000000000000
0.3800000000 1.67154946717170216353 0.00000000000000000000
0.3900000000 1.62534512549552956351 0.00000000000000000000
0.4000000000 1.58059646009959098301 0.00000000000000000000
0.4100000000 1.53726273641480704057 0.00000000000000000000
0.4200000000 1.49530362801885829960 0.00000000000000000000
0.4300000000 1.45467929692646213979 0.00000000000000000000
0.4400000000 1.41535046338545389411 0.00000000000000000000
0.4500000000 1.37727846604877801617 0.00000000000000000000
0.4600000000 1.34042531334827197398 0.00000000000000000000
0.4700000000 1.30475372684953949687 0.00000000000000000000
0.4800000000 1.27022717731941492403 0.00000000000000000000
0.4900000000 1.23680991418956875982 0.00000000000000000000
0.5000000000 1.20446698905271487590 0.00000000000000000000
0.5100000000 1.17316427378210286214 0.00000000000000000000
0.5200000000 1.14286847382085898772 0.00000000000000000000
0.5300000000 1.11354713714575059846 0.00000000000000000000
0.5400000000 1.08516865936999562514 0.00000000000000000000
0.5500000000 1.05770228541208610729 0.00000000000000000000
0.5600000000 1.03111810812217452593 0.00000000000000000000
0.5700000000 1.00538706422443380184 0.00000000000000000000
0.5800000000 0.98048092790277197039 0.00000000000000000000
0.5900000000 0.95637230232842684874 0.00000000000000000000
0.6000000000 0.93303460940112536992 0.00000000000000000000
0.6100000000 0.91044207795061615762 0.00000000000000000000
0.6200000000 0.88856973062225308446 0.00000000000000000000
0.6300000000 0.86739336964910140892 0.00000000000000000000
0.6400000000 0.84688956169326279344 0.00000000000000000000
0.6500000000 0.82703562192107349382 0.00000000000000000000
0.6600000000 0.80780959746012415135 0.00000000000000000000
0.6700000000 0.78919025037074153062 0.00000000000000000000
0.6800000000 0.77115704025058084969 0.00000000000000000000
0.6900000000 0.75369010657806223552 0.00000000000000000000
0.7000000000 0.73677025088871062053 0.00000000000000000000
0.7100000000 0.72037891886766780569 0.00000000000000000000
0.7200000000 0.70449818243196915546 0.00000000000000000000
0.7300000000 0.68911072186721644695 0.00000000000000000000
0.7400000000 0.67419980807527513100 0.00000000000000000000
0.7500000000 0.65974928498221396822 0.00000000000000000000
0.7600000000 0.64574355214922418700 0.00000000000000000000
0.7700000000 0.63216754762319815608 0.00000000000000000000
0.7800000000 0.61900673105822923148 0.00000000000000000000
0.7900000000 0.60624706713447251705 0.00000000000000000000
0.8000000000 0.59387500929646663828 0.00000000000000000000
0.8100000000 0.58187748382914972201 0.00000000000000000000
0.8200000000 0.57024187428604766747 0.00000000000000000000
0.8300000000 0.55895600628149633149 0.00000000000000000000
0.8400000000 0.54800813265543790731 0.00000000000000000000
0.8500000000 0.53738691901710666787 0.00000000000000000000
0.8600000000 0.52708142967198956530 0.00000000000000000000
0.8700000000 0.51708111393390143729 0.00000000000000000000
0.8800000000 0.50737579282306100037 0.00000000000000000000
0.8900000000 0.49795564614891973942 0.00000000000000000000
0.9000000000 0.48881119997561583990 0.00000000000000000000
0.9100000000 0.47993331446660136841 0.00000000000000000000
0.9200000000 0.47131317210425610620 0.00000000000000000000
0.9300000000 0.46294226627909818017 0.00000000000000000000
0.9400000000 0.45481239024287067885 0.00000000000000000000
0.9500000000 0.44691562641876664275 0.00000000000000000000
0.9600000000 0.43924433606233914684 0.00000000000000000000
0.9700000000 0.43179114926523792795 0.00000000000000000000
0.9800000000 0.42454895529420511036 0.00000000000000000000
0.9900000000 0.41751089325733042878 0.00000000000000000000
1.0000000000 0.41067034309024225136 0.00000000000000000000
1.0100000000 0.40402091685147240030 0.00000000000000000000
1.0200000000 0.39755645032201297751 0.00000000000000000000
1.0300000000 0.39127099489945460498 0.00000000000000000000
1.0400000000 0.38515880977553024200 0.00000000000000000000
1.0500000000 0.37921435439276351964 0.00000000000000000000
1.0600000000 0.37343228116964438668 0.00000000000000000000
1.0700000000 0.36780742848627490105 0.00000000000000000000
1.0800000000 0.36233481392285504796 0.00000000000000000000
1.0900000000 0.35700962774232225527 0.00000000000000000000
1.1000000000 0.35182722660965404238 0.00000000000000000000
1.1100000000 0.34678312753995965689 0.00000000000000000000
1.1200000000 0.34187300206764359434 0.00000000000000000000
1.1300000000 0.33709267062923514713 0.00000000000000000000
1.1400000000 0.33243809715267713667 0.00000000000000000000
1.1500000000 0.32790538384579898112 0.00000000000000000000
1.1600000000 0.32349076617719452198 0.00000000000000000000
1.1700000000 0.31919060804270543708 0.00000000000000000000
1.1800000000 0.31500139711090663353 0.00000000000000000000
1.1900000000 0.31091974034127084492 0.00000000000000000000
1.2000000000 0.30694235966881794342 0.00000000000000000000
1.2100000000 0.30306608784920779920 0.00000000000000000000
1.2200000000 0.29928786445849653308 0.00000000000000000000
1.2300000000 0.29560473204189252616 0.00000000000000000000
1.2400000000 0.29201383240605682801 0.00000000000000000000
1.2500000000 0.28851240304966724315 0.00000000000000000000
1.2600000000 0.28509777372714489863 0.00000000000000000000
1.2700000000 0.28176736314057265753 0.00000000000000000000
1.2800000000 0.27851867575510891317 0.00000000000000000000
1.2900000000 0.27534929873315672211 0.00000000000000000000
1.3000000000 0.27225689898300653446 0.00000000000000000000
1.3100000000 0.26923922031750169293 0.00000000000000000000
1.3200000000 0.26629408071871035757 0.00000000000000000000
1.3300000000 0.26341936970451418354 0.00000000000000000000
1.3400000000 0.26061304579333194331 0.00000000000000000000
1.3500000000 0.25787313406322620590 0.00000000000000000000
1.3600000000 0.25519772380182781379 0.00000000000000000000
1.3700000000 0.25258496624364457084 0.00000000000000000000
1.3800000000 0.25003307239141214779 0.00000000000000000000
1.3900000000 0.24754031091831205091 0.00000000000000000000
1.4000000000 0.24510500614796645880 0.00000000000000000000
1.4100000000 0.24272553610925526324 0.00000000000000000000
1.4200000000 0.24040033066311167209 0.00000000000000000000
1.4300000000 0.23812786969851462704 0.00000000000000000000
1.4400000000 0.23590668139510756474 0.00000000000000000000
1.4500000000 0.23373534054982983421 0.00000000000000000000
1.4600000000 0.23161246696517426291 0.00000000000000000000
1.4700000000 0.22953672389667606479 0.00000000000000000000
1.4800000000 0.22750681655742524545 0.00000000000000000000
1.4900000000 0.22552149067737192745 0.00000000000000000000
1.5000000000 0.22357953111537459678 0.00000000000000000000
1.5100000000 0.22167976052197385650 0.00000000000000000000
1.5200000000 0.21982103805094554971 0.00000000000000000000
1.5300000000 0.21800225811779380680 0.00000000000000000000
1.5400000000 0.21622234920338087583 0.00000000000000000000
1.5500000000 0.21448027270100467057 0.00000000000000000000
1.5600000000 0.21277502180522869790 0.00000000000000000000
1.5700000000 0.21110562044092909262 0.00000000000000000000
1.5800000000 0.20947112223100430861 0.00000000000000000000
1.5900000000 0.20787060950127878023 0.00000000000000000000
1.6000000000 0.20630319232121510642 0.00000000000000000000
1.6100000000 0.20476800757905930239 0.00000000000000000000
1.6200000000 0.20326421809012615305 0.00000000000000000000
1.6300000000 0.20179101173697508442 0.00000000000000000000
1.6400000000 0.20034760064028189763 0.00000000000000000000
1.6500000000 0.19893322035922922364 0.00000000000000000000
1.6600000000 0.19754712912033445260 0.00000000000000000000
1.6700000000 0.19618860707361124307 0.00000000000000000000
1.6800000000 0.19485695557508556086 0.00000000000000000000
1.6900000000 0.19355149649464156725 0.00000000000000000000
1.7000000000 0.19227157154825894048 0.00000000000000000000
1.7100000000 0.19101654165375392402 0.00000000000000000000
1.7200000000 0.18978578630911110969 0.00000000000000000000
1.7300000000 0.18857870299259008040 0.00000000000000000000
1.7400000000 0.18739470658380438794 0.00000000000000000000
1.7500000000 0.18623322880495887799 0.00000000000000000000
1.7600000000 0.18509371768154264659 0.00000000000000000000
1.7700000000 0.18397563702172978206 0.00000000000000000000
1.7800000000 0.18287846591380091388 0.00000000000000000000
1.7900000000 0.18180169824093631026 0.00000000000000000000
1.8000000000 0.18074484221272277273 0.00000000000000000000
1.8100000000 0.17970741991277375260 0.00000000000000000000
1.8200000000 0.17868896686186444556 0.00000000000000000000
1.8300000000 0.17768903159602053576 0.00000000000000000000
1.8400000000 0.17670717525900811462 0.00000000000000000000
1.8500000000 0.17574297120871260058 0.00000000000000000000
1.8600000000 0.17479600463686978395 0.00000000000000000000
1.8700000000 0.17386587220172189383 0.00000000000000000000
1.8800000000 0.17295218167305656531 0.00000000000000000000
1.8900000000 0.17205455158924701231 0.00000000000000000000
1.9000000000 0.17117261092582344850 0.00000000000000000000
1.9100000000 0.17030599877516888752 0.00000000000000000000
1.9200000000 0.16945436403693525662 0.00000000000000000000
1.9300000000 0.16861736511881586509 0.00000000000000000000
1.9400000000 0.16779466964726771905 0.00000000000000000000
1.9500000000 0.16698595418786571498 0.00000000000000000000
1.9600000000 0.16619090397491692590 0.00000000000000000000
1.9700000000 0.16540921265002131446 0.00000000000000000000
1.9800000000 0.16464058200925135722 0.00000000000000000000
1.9900000000 0.16388472175866281022 0.00000000000000000000
2.0000000000 0.16314134927781193118 0.00000000000000000000
2.0100000000 0.16241018939102982999 0.00000000000000000000
2.0200000000 0.16169097414615754560 0.00000000000000000000
2.0300000000 0.16098344260048802479 0.00000000000000000000
2.0400000000 0.16028734061366808894 0.00000000000000000000
2.0500000000 0.15960242064730406630 0.00000000000000000000
2.0600000000 0.15892844157105118219 0.00000000000000000000
2.0700000000 0.15826516847494512263 0.00000000000000000000
2.0800000000 0.15761237248778070530 0.00000000000000000000
2.0900000000 0.15696983060130390020 0.00000000000000000000
2.1000000000 0.15633732550003248685 0.00000000000000000000
2.1100000000 0.15571464539651003189 0.00000000000000000000
2.1200000000 0.15510158387179617812 0.00000000000000000000
2.1300000000 0.15449793972102227047 0.00000000000000000000
2.1400000000 0.15390351680383634880 0.00000000000000000000
2.1500000000 0.15331812389957641396 0.00000000000000000000
2.1600000000 0.15274157456699066771 0.00000000000000000000
2.1700000000 0.15217368700837899387 0.00000000000000000000
2.1800000000 0.15161428393797959924 0.00000000000000000000
2.1900000000 0.15106319245447474842 0.00000000000000000000
2.2000000000 0.15052024391746726684 0.00000000000000000000
2.2100000000 0.14998527382779525130 0.00000000000000000000
2.2200000000 0.14945812171155944958 0.00000000000000000000
2.2300000000 0.14893863100773457875 0.00000000000000000000
2.2400000000 0.14842664895924648216 0.00000000000000000000
2.2500000000 0.14792202650739960657 0.00000000000000000000
2.2600000000 0.14742461818954394337 0.00000000000000000000
2.2700000000 0.14693428203987046743 0.00000000000000000000
2.2800000000 0.14645087949323412624 0.00000000000000000000
2.2900000000 0.14597427529190570850 0.00000000000000000000
2.3000000000 0.14550433739514964659 0.00000000000000000000
2.3100000000 0.14504093689154379243 0.00000000000000000000
2.3200000000 0.14458394791394246770 0.00000000000000000000
2.3300000000 0.14413324755700060442 0.00000000000000000000
2.3400000000 0.14368871579717631959 0.00000000000000000000
2.3500000000 0.14325023541512996172 0.00000000000000000000
2.3600000000 0.14281769192043239358 0.00000000000000000000
2.3700000000 0.14239097347853207909 0.00000000000000000000
2.3800000000 0.14196997083987719646 0.00000000000000000000
2.3900000000 0.14155457727114495459 0.00000000000000000000
2.4000000000 0.14114468848850331151 0.00000000000000000000
2.4100000000 0.14074020259283848144 0.00000000000000000000
2.4200000000 0.14034102000688325473 0.00000000000000000000
2.4300000000 0.13994704341419586524 0.00000000000000000000
2.4400000000 0.13955817769991771260 0.00000000000000000000
2.4500000000 0.13917432989325648207 0.00000000000000000000
2.4600000000 0.13879540911164878203 0.00000000000000000000
2.4700000000 0.13842132650653701798 0.00000000000000000000
2.4800000000 0.13805199521071825908 0.00000000000000000000
2.4900000000 0.13768733028720633871 0.00000000000000000000
2.5000000000 0.13732724867957210590 0.00000000000000000000
2.5100000000 0.13697166916370573375 0.00000000000000000000
2.5200000000 0.13662051230095634269 0.00000000000000000000
2.5300000000 0.13627370039261657575 0.00000000000000000000
2.5400000000 0.13593115743569442189 0.00000000000000000000
2.5500000000 0.13559280907994658572 0.00000000000000000000
2.5600000000 0.13525858258612574736 0.00000000000000000000
2.5700000000 0.13492840678540649058 0.00000000000000000000
2.5800000000 0.13460221203995581529 0.00000000000000000000
2.5900000000 0.13427993020460929352 0.00000000000000000000
2.6000000000 0.13396149458962131051 0.00000000000000000000
2.6100000000 0.13364683992445497429 0.00000000000000000000
2.6200000000 0.13333590232258257791 0.00000000000000000000
2.6300000000 0.13302861924726414045 0.00000000000000000000
2.6400000000 0.13272492947826922127 0.00000000000000000000
2.6500000000 0.13242477307952643661 0.00000000000000000000
2.6600000000 0.13212809136765937823 0.00000000000000000000
2.6700000000 0.13183482688138756234 0.00000000000000000000
2.6800000000 0.13154492335176834472 0.00000000000000000000
2.6900000000 0.13125832567325090849 0.00000000000000000000
2.7000000000 0.13097497987552000898 0.00000000000000000000
2.7100000000 0.13069483309610446797 0.00000000000000000000
2.7200000000 0.13041783355373112729 0.00000000000000000000
2.7300000000 0.13014393052239608961 0.00000000000000000000
2.7400000000 0.12987307430613753700 0.00000000000000000000
2.7500000000 0.12960521621448770069 0.00000000000000000000
2.7600000000 0.12934030853858050070 0.00000000000000000000
2.7700000000 0.12907830452790206022 0.00000000000000000000
2.7800000000 0.12881915836765869821 0.00000000000000000000
2.7900000000 0.12856282515675082623 0.00000000000000000000
2.8000000000 0.12830926088632704785 0.00000000000000000000
2.8100000000 0.12805842241890805222 0.00000000000000000000
2.8200000000 0.12781026746806373184 0.00000000000000000000
2.8300000000 0.12756475457862045952 0.00000000000000000000
2.8400000000 0.12732184310739480537 0.00000000000000000000
2.8500000000 0.12708149320442446717 0.00000000000000000000
2.8600000000 0.12684366579469361080 0.00000000000000000000
2.8700000000 0.12660832256033457965 0.00000000000000000000
2.8800000000 0.12637542592329120694 0.00000000000000000000
2.8900000000 0.12614493902842774387 0.00000000000000000000
2.9000000000 0.12591682572708048915 0.00000000000000000000
2.9100000000 0.12569105056102877760 0.00000000000000000000
2.9200000000 0.12546757874687958223 0.00000000000000000000
2.9300000000 0.12524637616085110281 0.00000000000000000000
2.9400000000 0.12502740932394609819 0.00000000000000000000
2.9500000000 0.12481064538750422099 0.00000000000000000000
2.9600000000 0.12459605211911921330 0.00000000000000000000
2.9700000000 0.12438359788891527324 0.00000000000000000000
2.9800000000 0.12417325165616863170 0.00000000000000000000
2.9900000000 0.12396498295626898201 0.00000000000000000000
3.0000000000 0.12375876188800480349 0.00000000000000000000
3.0100000000 0.12355455910117295326 0.00000000000000000000
3.0200000000 0.12335234578449318088 0.00000000000000000000
3.0300000000 0.12315209365382609463 0.00000000000000000000
3.0400000000 0.12295377494068680801 0.00000000000000000000
3.0500000000 0.12275736238103722442 0.00000000000000000000
3.0600000000 0.12256282920436241402 0.00000000000000000000
3.0700000000 0.12237014912301347191 0.00000000000000000000
3.0800000000 0.12217929632181120936 0.00000000000000000000
3.0900000000 0.12199024544790856850 0.00000000000000000000
3.1000000000 0.12180297160089727238 0.00000000000000000000
3.1100000000 0.12161745032315980641 0.00000000000000000000
3.1200000000 0.12143365759045346430 0.00000000000000000000
3.1300000000 0.12125156980272416840 0.00000000000000000000
3.1400000000 0.12107116377514301475 0.00000000000000000000
3.1500000000 0.12089241672935750749 0.00000000000000000000
3.1600000000 0.12071530628495671933 0.00000000000000000000
3.1700000000 0.12053981045113830450 0.00000000000000000000
3.1800000000 0.12036590761857703102 0.00000000000000000000
3.1900000000 0.12019357655148539543 0.00000000000000000000
3.2000000000 0.12002279637986737471 0.00000000000000000000
3.2100000000 0.11985354659195186777 0.00000000000000000000
3.2200000000 0.11968580702680779726 0.00000000000000000000
3.2300000000 0.11951955786713330809 0.00000000000000000000
3.2400000000 0.11935477963221512165 0.00000000000000000000
3.2500000000 0.11919145317105310500 0.00000000000000000000
3.2600000000 0.11902955965564519791 0.00000000000000000000
3.2700000000 0.11886908057443093534 0.00000000000000000000
3.2800000000 0.11870999772588718135 0.00000000000000000000
3.2900000000 0.11855229321227161998 0.00000000000000000000
3.3000000000 0.11839594943351353096 0.00000000000000000000
3.3100000000 0.11824094908124377357 0.00000000000000000000
3.3200000000 0.11808727513296339573 0.00000000000000000000
3.3300000000 0.11793491084634712129 0.00000000000000000000
3.3400000000 0.11778383975367508196 0.00000000000000000000
3.3500000000 0.11763404565639531962 0.00000000000000000000
3.3600000000 0.11748551261980721971 0.00000000000000000000
3.3700000000 0.11733822496786758260 0.00000000000000000000
3.3800000000 0.11719216727811455903 0.00000000000000000000
3.3900000000 0.11704732437670602174 0.00000000000000000000
3.4000000000 0.11690368133356932034 0.00000000000000000000
3.4100000000 0.11676122345766133670 0.00000000000000000000
3.4200000000 0.11661993629233467773 0.00000000000000000000
3.4300000000 0.11647980561080741035 0.00000000000000000000
3.4400000000 0.11634081741173314672 0.00000000000000000000
3.4500000000 0.11620295791487131321 0.00000000000000000000
3.4600000000 0.11606621355685259322 0.00000000000000000000
3.4700000000 0.11593057098703786478 0.00000000000000000000
3.4800000000 0.11579601706346981382 0.00000000000000000000
3.4900000000 0.11566253884891235237 0.00000000000000000000
3.5000000000 0.11553012360697742511 0.00000000000000000000
3.5100000000 0.11539875879833791372 0.00000000000000000000
3.5200000000 0.11526843207702086591 0.00000000000000000000
3.5300000000 0.11513913128678399111 0.00000000000000000000
3.5400000000 0.11501084445756867836 0.00000000000000000000
3.5500000000 0.11488355980203228401 0.00000000000000000000
3.5600000000 0.11475726571215244531 0.00000000000000000000
3.5700000000 0.11463195075590724981 0.00000000000000000000
3.5800000000 0.11450760367402561257 0.00000000000000000000
3.5900000000 0.11438421337680644563 0.00000000000000000000
3.6000000000 0.11426176894100785464 0.00000000000000000000
3.6100000000 0.11414025960680064531 0.00000000000000000000
3.6200000000 0.11401967477478829049 0.00000000000000000000
3.6300000000 0.11390000400308865347 0.00000000000000000000
3.6400000000 0.11378123700447871636 0.00000000000000000000
3.6500000000 0.11366336364359831690 0.00000000000000000000
3.6600000000 0.11354637393421335156 0.00000000000000000000
3.6700000000 0.11343025803653677963 0.00000000000000000000
3.6800000000 0.11331500625460483311 0.00000000000000000000
3.6900000000 0.11320060903370827987 0.00000000000000000000
3.7000000000 0.11308705695787747703 0.00000000000000000000
3.7100000000 0.11297434074741914689 0.00000000000000000000
3.7200000000 0.11286245125650495869 0.00000000000000000000
3.7300000000 0.11275137947080790535 0.00000000000000000000
3.7400000000 0.11264111650519001429 0.00000000000000000000
3.7500000000 0.11253165360143566054 0.00000000000000000000
3.7600000000 0.11242298212603192564 0.00000000000000000000
3.7700000000 0.11231509356799362909 0.00000000000000000000
3.7800000000 0.11220797953673443403 0.00000000000000000000
3.7900000000 0.11210163175997897578 0.00000000000000000000
3.8000000000 0.11199604208171830277 0.00000000000000000000
3.8100000000 0.11189120246020692329 0.00000000000000000000
3.8200000000 0.11178710496600009761 0.00000000000000000000
3.8300000000 0.11168374178002941910 0.00000000000000000000
3.8400000000 0.11158110519171889063 0.00000000000000000000
3.8500000000 0.11147918759713687509 0.00000000000000000000
3.8600000000 0.11137798149718602936 0.00000000000000000000
3.8700000000 0.11127747949582884879 0.00000000000000000000
3.8800000000 0.11117767429834779502 0.00000000000000000000
3.8900000000 0.11107855870964149225 0.00000000000000000000
3.9000000000 0.11098012563255217622 0.00000000000000000000
3.9100000000 0.11088236806622799036 0.00000000000000000000
3.9200000000 0.11078527910451661798 0.00000000000000000000
3.9300000000 0.11068885193438998682 0.00000000000000000000
3.9400000000 0.11059307983440117007 0.00000000000000000000
3.9500000000 0.11049795617316861274 0.00000000000000000000
3.9600000000 0.11040347440789276268 0.00000000000000000000
3.9700000000 0.11030962808289969390 0.00000000000000000000
3.9800000000 0.11021641082821291568 0.00000000000000000000
3.9900000000 0.11012381635815336745 0.00000000000000000000
4.0000000000 0.11003183846996551776 0.00000000000000000000
4.0100000000 0.10994047104247049729 0.00000000000000000000
4.0200000000 0.10984970803474443379 0.00000000000000000000
4.0300000000 0.10975954348482155898 0.00000000000000000000
4.0400000000 0.10966997150842376640 0.00000000000000000000
4.0500000000 0.10958098629771174937 0.00000000000000000000
4.0600000000 0.10949258212006175717 0.00000000000000000000
4.0700000000 0.10940475331686418115 0.00000000000000000000
4.0800000000 0.10931749430234494191 0.00000000000000000000
4.0900000000 0.10923079956241035782 0.00000000000000000000
4.1000000000 0.10914466365351062349 0.00000000000000000000
4.1100000000 0.10905908120152769947 0.00000000000000000000
4.1200000000 0.10897404690068210331 0.00000000000000000000
4.1300000000 0.10888955551245980968 0.00000000000000000000
4.1400000000 0.10880560186456017524 0.00000000000000000000
4.1500000000 0.10872218084986244591 0.00000000000000000000
4.1600000000 0.10863928742541138772 0.00000000000000000000
4.1700000000 0.10855691661142136129 0.00000000000000000000
4.1800000000 0.10847506349029945039 0.00000000000000000000
4.1900000000 0.10839372320568531338 0.00000000000000000000
4.2000000000 0.10831289096150942264 0.00000000000000000000
4.2100000000 0.10823256202106772139 0.00000000000000000000
4.2200000000 0.10815273170611329479 0.00000000000000000000
4.2300000000 0.10807339539596511058 0.00000000000000000000
4.2400000000 0.10799454852663185889 0.00000000000000000000
4.2500000000 0.10791618658995133506 0.00000000000000000000
4.2600000000 0.10783830513274694773 0.00000000000000000000
4.2700000000 0.10776089975599684179 0.00000000000000000000
4.2800000000 0.10768396611402059060 0.00000000000000000000
4.2900000000 0.10760749991367767053 0.00000000000000000000
4.3000000000 0.10753149691358215856 0.00000000000000000000
4.3100000000 0.10745595292333046111 0.00000000000000000000
4.3200000000 0.10738086380274242115 0.00000000000000000000
4.3300000000 0.10730622546111652504 0.00000000000000000000
4.3400000000 0.10723203385649762720 0.00000000000000000000
4.3500000000 0.10715828499495771986 0.00000000000000000000
4.3600000000 0.10708497492988924837 0.00000000000000000000
4.3700000000 0.10701209976131072221 0.00000000000000000000
4.3800000000 0.10693965563518414985 0.00000000000000000000
4.3900000000 0.10686763874274490815 0.00000000000000000000
4.4000000000 0.10679604531984246418 0.00000000000000000000
4.4100000000 0.10672487164629274048 0.00000000000000000000
4.4200000000 0.10665411404524241523 0.00000000000000000000
4.4300000000 0.10658376888254246506 0.00000000000000000000
4.4400000000 0.10651383256613392025 0.00000000000000000000
4.4500000000 0.10644430154544338996 0.00000000000000000000
4.4600000000 0.10637517231078903734 0.00000000000000000000
4.4700000000 0.10630644139279647742 0.00000000000000000000
4.4800000000 0.10623810536182524966 0.00000000000000000000
4.4900000000 0.10617016082740358962 0.00000000000000000000
4.5000000000 0.10610260443767446925 0.00000000000000000000
4.5100000000 0.10603543287884949209 0.00000000000000000000
4.5200000000 0.10596864287467260002 0.00000000000000000000
4.5300000000 0.10590223118589286999 0.00000000000000000000
4.5400000000 0.10583619460974551252 0.00000000000000000000
4.5500000000 0.10577052997944264012 0.00000000000000000000
4.5600000000 0.10570523416367069713 0.00000000000000000000
4.5700000000 0.10564030406609790924 0.00000000000000000000
4.5800000000 0.10557573662488929644 0.00000000000000000000
4.5900000000 0.10551152881222873592 0.00000000000000000000
4.6000000000 0.10544767763385114179 0.00000000000000000000
4.6100000000 0.10538418012857908579 0.00000000000000000000
4.6200000000 0.10532103336787060344 0.00000000000000000000
4.6300000000 0.10525823445537128842 0.00000000000000000000
4.6400000000 0.10519578052647528266 0.00000000000000000000
4.6500000000 0.10513366874789326078 0.00000000000000000000
4.6600000000 0.10507189631722708978 0.00000000000000000000
4.6700000000 0.10501046046255141375 0.00000000000000000000
4.6800000000 0.10494935844200185826 0.00000000000000000000
4.6900000000 0.10488858754337040957 0.00000000000000000000
4.7000000000 0.10482814508370642825 0.00000000000000000000
4.7100000000 0.10476802840892497637 0.00000000000000000000
4.7200000000 0.10470823489342039048 0.00000000000000000000
4.7300000000 0.10464876193968693230 0.00000000000000000000
4.7400000000 0.10458960697794482397 0.00000000000000000000
4.7500000000 0.10453076746577226463 0.00000000000000000000
4.7600000000 0.10447224088774401118 0.00000000000000000000
4.7700000000 0.10441402475507434444 0.00000000000000000000
4.7800000000 0.10435611660526676603 0.00000000000000000000
4.7900000000 0.10429851400176841369 0.00000000000000000000
4.8000000000 0.10424121453363099921 0.00000000000000000000
4.8100000000 0.10418421581517516017 0.00000000000000000000
4.8200000000 0.10412751548566215321 0.00000000000000000000
4.8300000000 0.10407111120896878065 0.00000000000000000000
4.8400000000 0.10401500067326903409 0.00000000000000000000
4.8500000000 0.10395918159071916576 0.00000000000000000000
4.8600000000 0.10390365169714850524 0.00000000000000000000
4.8700000000 0.10384840875175492536 0.00000000000000000000
4.8800000000 0.10379345053680454070 0.00000000000000000000
4.8900000000 0.10373877485733662418 0.00000000000000000000
4.9000000000 0.10368437954087218744 0.00000000000000000000
4.9100000000 0.10363026243712843144 0.00000000000000000000
4.9200000000 0.10357642141773566735 0.00000000000000000000
4.9300000000 0.10352285437595980244 0.00000000000000000000
4.9400000000 0.10346955922642893377 0.00000000000000000000
4.9500000000 0.10341653390486366115 0.00000000000000000000
4.9600000000 0.10336377636781139688 0.00000000000000000000
4.9700000000 0.10331128459238507478 0.00000000000000000000
4.9800000000 0.10325905657600578658 0.00000000000000000000
4.9900000000 0.10320709033614867967 0.00000000000000000000
5.0000000000 0.10315538391009301811 0.00000000000000000000
