0.1000000000 4.20786547443515157596 0.00000000000000000000
0.1100000000 4.09549732706653468739 0.00000000000000000000
0.1200000000 3.98516844626436350651 0.00000000000000000000
0.1300000000 3.87694206592326251481 0.00000000000000000000
0.1400000000 3.77087359833198521031 0.00000000000000000000
0.1500000000 3.66701051426159096991 0.00000000000000000000
0.1600000000 3.56539232576969356003 0.00000000000000000000
0.1700000000 3.46605066610506051816 0.00000000000000000000
0.1800000000 3.36900945875426804932 0.00000000000000000000
0.1900000000 3.27428516582597861628 0.00000000000000000000
0.2000000000 3.18188710466358726237 0.00000000000000000000
0.2100000000 3.09181782082027201142 0.00000000000000000000
0.2200000000 3.00407350529463013089 0.00000000000000000000
0.2300000000 2.91864444415517443332 0.00000000000000000000
0.2400000000 2.83551548930318553232 0.00000000000000000000
0.2500000000 2.75466654004997923977 0.00000000000000000000
0.2600000000 2.67607302632709131984 0.00000000000000000000
0.2700000000 2.59970638561997091642 0.00000000000000000000
0.2800000000 2.52553452704001690776 0.00000000000000000000
0.2900000000 2.45352227726056515422 0.00000000000000000000
0.3000000000 2.38363180428733523186 0.00000000000000000000
0.3100000000 2.31582301617563368623 0.00000000000000000000
0.3200000000 2.25005393281996957100 0.00000000000000000000
0.3300000000 2.18628102981443239727 0.00000000000000000000
0.3400000000 2.12445955411068077012 0.00000000000000000000
0.3500000000 2.06454381178938684016 0.00000000000000000000
0.3600000000 2.00648742872021523809 0.00000000000000000000
0.3700000000 1.95024358522836438468 0.00000000000000000000
0.3800000000 1.89576522612747888630 0.00000000000000000000
0.3900000000 1.84300524763527207028 0.00000000000000000000
0.4000000000 1.79191666277457373191 0.00000000000000000000
0.4100000000 1.74245274689345941432 0.00000000000000000000
0.4200000000 1.69456716492573189470 0.00000000000000000000
0.4300000000 1.64821408196907026600 0.00000000000000000000
0.4400000000 1.60334825869131991638 0.00000000000000000000
0.4500000000 1.55992513299356883039 0.00000000000000000000
0.4600000000 1.51790088926809740855 0.00000000000000000000
0.4700000000 1.47723251649399278662 0.00000000000000000000
0.4800000000 1.43787785631765330230 0.00000000000000000000
0.4900000000 1.39979564217135954429 0.00000000000000000000
0.5000000000 1.36294553039267030137 0.00000000000000000000
0.5100000000 1.32728812422183350961 0.00000000000000000000
0.5200000000 1.29278499147397640812 0.00000000000000000000
0.5300000000 1.25939867660854409870 0.00000000000000000000
0.5400000000 1.22709270784947777067 0.00000000000000000000
0.5500000000 1.19583159994662757697 0.00000000000000000000
0.5600000000 1.16558085311126280459 0.00000000000000000000
0.5700000000 1.13630694860587899697 0.00000000000000000000
0.5800000000 1.10797734142077231034 0.00000000000000000000
0.5900000000 1.08056045042641568621 0.00000000000000000000
0.6000000000 1.05402564635125917114 0.00000000000000000000
0.6100000000 1.02834323789891257661 0.00000000000000000000
0.6200000000 1.00348445628627280790 0.00000000000000000000
0.6300000000 0.97942143845489082477 0.00000000000000000000
0.6400000000 0.95612720918117433122 0.00000000000000000000
0.6500000000 0.93357566228728683377 0.00000000000000000000
0.6600000000 0.91174154113233862873 0.00000000000000000000
0.6700000000 0.89060041854417193452 0.00000000000000000000
0.6800000000 0.87012867633401080880 0.00000000000000000000
0.6900000000 0.85030348451998560844 0.00000000000000000000
0.7000000000 0.83110278037109952542 0.00000000000000000000
0.7100000000 0.81250524736988527508 0.00000000000000000000
0.7200000000 0.79449029418008498826 0.00000000000000000000
0.7300000000 0.77703803369480750618 0.00000000000000000000
0.7400000000 0.76012926223115262481 0.00000000000000000000
0.7500000000 0.74374543892811384449 0.00000000000000000000
0.7600000000 0.72786866539716021940 0.00000000000000000000
0.7700000000 0.71248166566727344495 0.00000000000000000000
0.7800000000 0.69756776646047646828 0.00000000000000000000
0.7900000000 0.68311087782745882890 0.00000000000000000000
0.8000000000 0.66909547416849390888 0.00000000000000000000
0.8100000000 0.65550657565973136087 0.00000000000000000000
0.8200000000 0.64232973010126692692 0.00000000000000000000
0.8300000000 0.62955099519947854692 0.00000000000000000000
0.8400000000 0.61715692129313393099 0.00000000000000000000
0.8500000000 0.60513453452985666026 0.00000000000000000000
0.8600000000 0.59347132049678408272 0.00000000000000000000
0.8700000000 0.58215520830767719662 0.00000000000000000000
0.8800000000 0.57117455514594206445 0.00000000000000000000
0.8900000000 0.56051813126216398775 0.00000000000000000000
0.9000000000 0.55017510542270675611 0.00000000000000000000
0.9100000000 0.54013503080480529395 0.00000000000000000000
0.9200000000 0.53038783133293565530 0.00000000000000000000
0.9300000000 0.52092378844922559988 0.00000000000000000000
0.9400000000 0.51173352831159246712 0.00000000000000000000
0.9500000000 0.50280800941053627184 0.00000000000000000000
0.9600000000 0.49413851059656815901 0.00000000000000000000
0.9700000000 0.48571661951008288094 0.00000000000000000000
0.9800000000 0.47753422140266887919 0.00000000000000000000
0.9900000000 0.46958348834212609857 0.00000000000000000000
1.0000000000 0.46185686878879450568 0.00000000000000000000
1.0100000000 0.45434707753800540608 0.00000000000000000000
1.0200000000 0.44704708601252846067 0.00000000000000000000
1.0300000000 0.43995011289971153179 0.00000000000000000000
1.0400000000 0.43304961512155198955 0.00000000000000000000
1.0500000000 0.42633927912759927992 0.00000000000000000000
1.0600000000 0.41981301250102109890 0.00000000000000000000
1.0700000000 0.41346493586830662670 0.00000000000000000000
1.0800000000 0.40728937510236756792 0.00000000000000000000
1.0900000000 0.40128085381028610890 0.00000000000000000000
1.1000000000 0.39543408609567670675 0.00000000000000000000
1.1100000000 0.38974396958666540636 0.00000000000000000000
1.1200000000 0.38420557872108440645 0.00000000000000000000
1.1300000000 0.37881415827914793892 0.00000000000000000000
1.1400000000 0.37356511715591655953 0.00000000000000000000
1.1500000000 0.36845402236468083323 0.00000000000000000000
1.1600000000 0.36347659326336978491 0.00000000000000000000
1.1700000000 0.35862869599595564862 0.00000000000000000000
1.1800000000 0.35390633814136124302 0.00000000000000000000
1.1900000000 0.34930566356212738865 0.00000000000000000000
1.2000000000 0.34482294744584363055 0.00000000000000000000
1.2100000000 0.34045459153224438831 0.00000000000000000000
1.2200000000 0.33619711951910824510 0.00000000000000000000
1.2300000000 0.33204717264049193881 0.00000000000000000000
1.2400000000 0.32800150541080730360 0.00000000000000000000
1.2500000000 0.32405698152874606865 0.00000000000000000000
1.2600000000 0.32021056993487939657 0.00000000000000000000
1.2700000000 0.31645934101737621669 0.00000000000000000000
1.2800000000 0.31280046296020325158 0.00000000000000000000
1.2900000000 0.30923119822842343174 0.00000000000000000000
1.3000000000 0.30574890018545280990 0.00000000000000000000
1.3100000000 0.30235100983729279456 0.00000000000000000000
1.3200000000 0.29903505269889696372 0.00000000000000000000
1.3300000000 0.29579863577804521579 0.00000000000000000000
1.3400000000 0.29263944467225355694 0.00000000000000000000
1.3500000000 0.28955524077442607034 0.00000000000000000000
1.3600000000 0.28654385858306052892 0.00000000000000000000
1.3700000000 0.28360320311307307684 0.00000000000000000000
1.3800000000 0.28073124740332489058 0.00000000000000000000
1.3900000000 0.27792603011721389583 0.00000000000000000000
1.4000000000 0.27518565323269361667 0.00000000000000000000
1.4100000000 0.27250827981838832148 0.00000000000000000000
1.4200000000 0.26989213189239635859 0.00000000000000000000
1.4300000000 0.26733548836067461130 0.00000000000000000000
1.4400000000 0.26483668303195057048 0.00000000000000000000
1.4500000000 0.26239410270618779286 0.00000000000000000000
1.4600000000 0.26000618533381053554 0.00000000000000000000
1.4700000000 0.25767141824296158070 0.00000000000000000000
1.4800000000 0.25538833643218100677 0.00000000000000000000
1.4900000000 0.25315552092600751566 0.00000000000000000000
1.5000000000 0.25097159719107370313 0.00000000000000000000
1.5100000000 0.24883523361037998556 0.00000000000000000000
1.5200000000 0.24674514001352498838 0.00000000000000000000
1.5300000000 0.24470006626075715972 0.00000000000000000000
1.5400000000 0.24269880087875497776 0.00000000000000000000
1.5500000000 0.24074016974617978848 0.00000000000000000000
1.5600000000 0.23882303482713854170 0.00000000000000000000
1.5700000000 0.23694629295061642171 0.00000000000000000000
1.5800000000 0.23510887463427618260 0.00000000000000000000
1.5900000000 0.23330974295078149572 0.00000000000000000000
1.6000000000 0.23154789243515661035 0.00000000000000000000
1.6100000000 0.22982234803152251645 0.00000000000000000000
1.6200000000 0.22813216407778100225 0.00000000000000000000
1.6300000000 0.22647642332676420907 0.00000000000000000000
1.6400000000 0.22485423600250203924 0.00000000000000000000
1.6500000000 0.22326473889022749320 0.00000000000000000000
1.6600000000 0.22170709445893566070 0.00000000000000000000
1.6700000000 0.22018049001514464202 0.00000000000000000000
1.6800000000 0.21868413688679613771 0.00000000000000000000
1.6900000000 0.21721726963609874761 0.00000000000000000000
1.7000000000 0.21577914530023234452 0.00000000000000000000
1.7100000000 0.21436904265889430987 0.00000000000000000000
1.7200000000 0.21298626152765007258 0.00000000000000000000
1.7300000000 0.21163012207614514959 0.00000000000000000000
1.7400000000 0.21029996417024340860 0.00000000000000000000
1.7500000000 0.20899514673719535307 0.00000000000000000000
1.7600000000 0.20771504715298585997 0.00000000000000000000
1.7700000000 0.20645906065103328264 0.00000000000000000000
1.7800000000 0.20522659975145260414 0.00000000000000000000
1.7900000000 0.20401709371010948169 0.00000000000000000000
1.8000000000 0.20282998798674969909 0.00000000000000000000
1.8100000000 0.20166474373149378962 0.00000000000000000000
1.8200000000 0.20052083728901676229 0.00000000000000000000
1.8300000000 0.19939775971976086977 0.00000000000000000000
1.8400000000 0.19829501633757445900 0.00000000000000000000
1.8500000000 0.19721212626314549299 0.00000000000000000000
1.8600000000 0.19614862199269422760 0.00000000000000000000
1.8700000000 0.19510404898131289420 0.00000000000000000000
1.8800000000 0.19407796524047890574 0.00000000000000000000
1.8900000000 0.19306994094917992455 0.00000000000000000000
1.9000000000 0.19207955807818666294 0.00000000000000000000
1.9100000000 0.19110641002697834057 0.00000000000000000000
1.9200000000 0.19015010127288184405 0.00000000000000000000
1.9300000000 0.18921024703196151484 0.00000000000000000000
1.9400000000 0.18828647293127023787 0.00000000000000000000
1.9500000000 0.18737841469201629852 0.00000000000000000000
1.9600000000 0.18648571782327769131 0.00000000000000000000
1.9700000000 0.18560803732589614690 0.00000000000000000000
1.9800000000 0.18474503740615697001 0.00000000000000000000
1.9900000000 0.18389639119893569363 0.00000000000000000000
2.0000000000 0.18306178049995877610 0.00000000000000000000
2.0100000000 0.18224089550686381478 0.00000000000000000000
2.0200000000 0.18143343456874463926 0.00000000000000000000
2.0300000000 0.18063910394388535408 0.00000000000000000000
2.0400000000 0.17985761756538259926 0.00000000000000000000
2.0500000000 0.17908869681440653387 0.00000000000000000000
2.0600000000 0.17833207030080122646 0.00000000000000000000
2.0700000000 0.17758747365078408897 0.00000000000000000000
2.0800000000 0.17685464930150351925 0.00000000000000000000
2.0900000000 0.17613334630220417454 0.00000000000000000000
2.1000000000 0.17542332012176403699 0.00000000000000000000
2.1100000000 0.17472433246241000915 0.00000000000000000000
2.1200000000 0.17403615107936828976 0.00000000000000000000
2.1300000000 0.17335854960626234655 0.00000000000000000000
2.1400000000 0.17269130738605825703 0.00000000000000000000
2.1500000000 0.17203420930735746630 0.00000000000000000000
2.1600000000 0.17138704564587695089 0.00000000000000000000
2.1700000000 0.17074961191090562429 0.00000000000000000000
2.1800000000 0.17012170869659906658 0.00000000000000000000
2.1900000000 0.16950314153792972460 0.00000000000000000000
2.2000000000 0.16889372077114578330 0.00000000000000000000
2.2100000000 0.16829326139856812250 0.00000000000000000000
2.2200000000 0.16770158295760806411 0.00000000000000000000
2.2300000000 0.16711850939383329773 0.00000000000000000000
2.2400000000 0.16654386893796888081 0.00000000000000000000
2.2500000000 0.16597749398668182330 0.00000000000000000000
2.2600000000 0.16541922098704747723 0.00000000000000000000
2.2700000000 0.16486889032454782322 0.00000000000000000000
2.2800000000 0.16432634621450459278 0.00000000000000000000
2.2900000000 0.16379143659682146583 0.00000000000000000000
2.3000000000 0.16326401303393461850 0.00000000000000000000
2.3100000000 0.16274393061185388198 0.00000000000000000000
2.3200000000 0.16223104784420869229 0.00000000000000000000
2.3300000000 0.16172522657918020350 0.00000000000000000000
2.3400000000 0.16122633190924842705 0.00000000000000000000
2.3500000000 0.16073423208363837866 0.00000000000000000000
2.3600000000 0.16024879842339448399 0.00000000000000000000
2.3700000000 0.15976990523899226027 0.00000000000000000000
2.3800000000 0.15929742975039831721 0.00000000000000000000
2.3900000000 0.15883125200951331291 0.00000000000000000000
2.4000000000 0.15837125482490571615 0.00000000000000000000
2.4100000000 0.15791732368877609005 0.00000000000000000000
2.4200000000 0.15746934670606232975 0.00000000000000000000
2.4300000000 0.15702721452564849525 0.00000000000000000000
2.4400000000 0.15659082027356752143 0.00000000000000000000
2.4500000000 0.15616005948817079929 0.00000000000000000000
2.4600000000 0.15573483005718463668 0.00000000000000000000
2.4700000000 0.15531503215659336892 0.00000000000000000000
2.4800000000 0.15490056819129793819 0.00000000000000000000
2.4900000000 0.15449134273749159929 0.00000000000000000000
2.5000000000 0.15408726248669193937 0.00000000000000000000
2.5100000000 0.15368823619138982650 0.00000000000000000000
2.5200000000 0.15329417461224900676 0.00000000000000000000
2.5300000000 0.15290499046682595741 0.00000000000000000000
2.5400000000 0.15252059837974343837 0.00000000000000000000
2.5500000000 0.15214091483428809903 0.00000000000000000000
2.5600000000 0.15176585812537599085 0.00000000000000000000
2.5700000000 0.15139534831385748070 0.00000000000000000000
2.5800000000 0.15102930718209950367 0.00000000000000000000
2.5900000000 0.15066765819083335898 0.00000000000000000000
2.6000000000 0.15031032643719499653 0.00000000000000000000
2.6100000000 0.14995723861396009768 0.00000000000000000000
2.6200000000 0.14960832296990031476 0.00000000000000000000
2.6300000000 0.14926350927125289769 0.00000000000000000000
2.6400000000 0.14892272876425818873 0.00000000000000000000
2.6500000000 0.14858591413873159515 0.00000000000000000000
2.6600000000 0.14825299949264639232 0.00000000000000000000
2.6700000000 0.14792392029768605677 0.00000000000000000000
2.6800000000 0.14759861336574911506 0.00000000000000000000
2.6900000000 0.14727701681636590214 0.00000000000000000000
2.7000000000 0.14695907004501060356 0.00000000000000000000
2.7100000000 0.14664471369227147224 0.00000000000000000000
2.7200000000 0.14633388961386278870 0.00000000000000000000
2.7300000000 0.14602654085144672891 0.00000000000000000000
2.7400000000 0.14572261160424587745 0.00000000000000000000
2.7500000000 0.14542204720141910235 0.00000000000000000000
2.7600000000 0.14512479407518033558 0.00000000000000000000
2.7700000000 0.14483079973463861001 0.00000000000000000000
2.7800000000 0.14454001274033653757 0.00000000000000000000
2.7900000000 0.14425238267946846604 0.00000000000000000000
2.8000000000 0.14396786014175583235 0.00000000000000000000
2.8100000000 0.14368639669596439123 0.00000000000000000000
2.8200000000 0.14340794486704094846 0.00000000000000000000
2.8300000000 0.14313245811385341688 0.00000000000000000000
2.8400000000 0.14285989080751557156 0.00000000000000000000
2.8500000000 0.14259019821028290353 0.00000000000000000000
2.8600000000 0.14232333645499670172 0.00000000000000000000
2.8700000000 0.14205926252506737018 0.00000000000000000000
2.8800000000 0.14179793423497705218 0.00000000000000000000
2.8900000000 0.14153931021128929313 0.00000000000000000000
2.9000000000 0.14128334987414772894 0.00000000000000000000
2.9100000000 0.14103001341925536227 0.00000000000000000000
2.9200000000 0.14077926180031619108 0.00000000000000000000
2.9300000000 0.14053105671192500647 0.00000000000000000000
2.9400000000 0.14028536057289997530 0.00000000000000000000
2.9500000000 0.14004213651003738494 0.00000000000000000000
2.9600000000 0.13980134834227977980 0.00000000000000000000
2.9700000000 0.13956296056528802452 0.00000000000000000000
2.9800000000 0.13932693833640219516 0.00000000000000000000
2.9900000000 0.13909324745998402628 0.00000000000000000000
3.0000000000 0.13886185437312617563 0.00000000000000000000
3.0100000000 0.13863272613172192282 0.00000000000000000000
3.0200000000 0.13840583039688375555 0.00000000000000000000
3.0300000000 0.13818113542170037955 0.00000000000000000000
3.0400000000 0.13795861003832407543 0.00000000000000000000
3.0500000000 0.13773822364537946505 0.00000000000000000000
3.0600000000 0.13751994619568241873 0.00000000000000000000
3.0700000000 0.13730374818426424599 0.00000000000000000000
3.0800000000 0.13708960063669101137 0.00000000000000000000
3.0900000000 0.13687747509766717835 0.00000000000000000000
3.1000000000 0.13666734361992230462 0.00000000000000000000
3.1100000000 0.13645917875336599501 0.00000000000000000000
3.1200000000 0.13625295353451052915 0.00000000000000000000
3.1300000000 0.13604864147614714742 0.00000000000000000000
3.1400000000 0.13584621655727485701 0.00000000000000000000
3.1500000000 0.13564565321327246017 0.00000000000000000000
3.1600000000 0.13544692632630561668 0.00000000000000000000
3.1700000000 0.13525001121596894049 0.00000000000000000000
3.1800000000 0.13505488363014700459 0.00000000000000000000
3.1900000000 0.13486151973609714072 0.00000000000000000000
3.2000000000 0.13466989611174545738 0.00000000000000000000
3.2100000000 0.13447998973718738869 0.00000000000000000000
3.2200000000 0.13429177798639216346 0.00000000000000000000
3.2300000000 0.13410523861910134125 0.00000000000000000000
3.2400000000 0.13392034977292130438 0.00000000000000000000
3.2500000000 0.13373708995559838164 0.00000000000000000000
3.2600000000 0.13355543803747779719 0.00000000000000000000
3.2700000000 0.13337537324413870077 0.00000000000000000000
3.2800000000 0.13319687514919958948 0.00000000000000000000
3.2900000000 0.13301992366729331607 0.00000000000000000000
3.3000000000 0.13284449904720177504 0.00000000000000000000
3.3100000000 0.13267058186515556795 0.00000000000000000000
3.3200000000 0.13249815301827999603 0.00000000000000000000
3.3300000000 0.13232719371819959275 0.00000000000000000000
3.3400000000 0.13215768548478548650 0.00000000000000000000
3.3500000000 0.13198961014004573222 0.00000000000000000000
3.3600000000 0.13182294980215744640 0.00000000000000000000
3.3700000000 0.13165768687963227968 0.00000000000000000000
3.3800000000 0.13149380406561694823 0.00000000000000000000
3.3900000000 0.13133128433231983090 0.00000000000000000000
3.4000000000 0.13117011092556687957 0.00000000000000000000
3.4100000000 0.13101026735947784996 0.00000000000000000000
3.4200000000 0.13085173741126152058 0.00000000000000000000
3.4300000000 0.13069450511613026067 0.00000000000000000000
3.4400000000 0.13053855476232537058 0.00000000000000000000
3.4500000000 0.13038387088625516541 0.00000000000000000000
3.4600000000 0.13023043826774066689 0.00000000000000000000
3.4700000000 0.13007824192536526775 0.00000000000000000000
3.4800000000 0.12992726711192983946 0.00000000000000000000
3.4900000000 0.12977749931000473471 0.00000000000000000000
3.5000000000 0.12962892422758312549 0.00000000000000000000
3.5100000000 0.12948152779382604560 0.00000000000000000000
3.5200000000 0.12933529615490349518 0.00000000000000000000
3.5300000000 0.12919021566992366923 0.00000000000000000000
3.5400000000 0.12904627290695383501 0.00000000000000000000
3.5500000000 0.12890345463912314394 0.00000000000000000000
3.5600000000 0.12876174784081376168 0.00000000000000000000
3.5700000000 0.12862113968393232288 0.00000000000000000000
3.5800000000 0.12848161753426151632 0.00000000000000000000
3.5900000000 0.12834316894788999619 0.00000000000000000000
3.6000000000 0.12820578166771876005 0.00000000000000000000
3.6100000000 0.12806944362004316074 0.00000000000000000000
3.6200000000 0.12793414291120561166 0.00000000000000000000
3.6300000000 0.12779986782432009584 0.00000000000000000000
3.6400000000 0.12766660681606731287 0.00000000000000000000
3.6500000000 0.12753434851355513469 0.00000000000000000000
3.6600000000 0.12740308171124742342 0.00000000000000000000
3.6700000000 0.12727279536795521597 0.00000000000000000000
3.6800000000 0.12714347860389249578 0.00000000000000000000
3.6900000000 0.12701512069779266612 0.00000000000000000000
3.7000000000 0.12688771108408541943 0.00000000000000000000
3.7100000000 0.12676123935013128285 0.00000000000000000000
3.7200000000 0.12663569523351483892 0.00000000000000000000
3.7300000000 0.12651106861939326320 0.00000000000000000000
3.7400000000 0.12638734953789845794 0.00000000000000000000
3.7500000000 0.12626452816159464132 0.00000000000000000000
3.7600000000 0.12614259480298570248 0.00000000000000000000
3.7700000000 0.12602153991207495909 0.00000000000000000000
3.7800000000 0.12590135407397487488 0.00000000000000000000
3.7900000000 0.12578202800656346216 0.00000000000000000000
3.8000000000 0.12566355255819042225 0.00000000000000000000
3.8100000000 0.12554591870542833321 0.00000000000000000000
3.8200000000 0.12542911755086960657 0.00000000000000000000
3.8300000000 0.12531314032096713129 0.00000000000000000000
3.8400000000 0.12519797836391902135 0.00000000000000000000
3.8500000000 0.12508362314759546852 0.00000000000000000000
3.8600000000 0.12497006625750636810 0.00000000000000000000
3.8700000000 0.12485729939480956496 0.00000000000000000000
3.8800000000 0.12474531437435938674 0.00000000000000000000
3.8900000000 0.12463410312279285530 0.00000000000000000000
3.9000000000 0.12452365767665363183 0.00000000000000000000
3.9100000000 0.12441397018055384838 0.00000000000000000000
3.9200000000 0.12430503288537039785 0.00000000000000000000
3.9300000000 0.12419683814647858311 0.00000000000000000000
3.9400000000 0.12408937842201799018 0.00000000000000000000
3.9500000000 0.12398264627119393033 0.00000000000000000000
3.9600000000 0.12387663435261114797 0.00000000000000000000
3.9700000000 0.12377133542263940580 0.00000000000000000000
3.9800000000 0.12366674233381114156 0.00000000000000000000
3.9900000000 0.12356284803324990573 0.00000000000000000000
4.0000000000 0.12345964556112859478 0.00000000000000000000
4.0100000000 0.12335712804915831275 0.00000000000000000000
4.0200000000 0.12325528871910433615 0.00000000000000000000
4.0300000000 0.12315412088133190216 0.00000000000000000000
4.0400000000 0.12305361793337879495 0.00000000000000000000
4.0500000000 0.12295377335855542378 0.00000000000000000000
4.0600000000 0.12285458072457121348 0.00000000000000000000
4.0700000000 0.12275603368218640510 0.00000000000000000000
4.0800000000 0.12265812596388997457 0.00000000000000000000
4.0900000000 0.12256085138260200407 0.00000000000000000000
4.1000000000 0.12246420383040027002 0.00000000000000000000
4.1100000000 0.12236817727727029859 0.00000000000000000000
4.1200000000 0.12227276576987963774 0.00000000000000000000
4.1300000000 0.12217796343037355677 0.00000000000000000000
4.1400000000 0.12208376445519412978 0.00000000000000000000
4.1500000000 0.12199016311392033018 0.00000000000000000000
4.1600000000 0.12189715374813028803 0.00000000000000000000
4.1700000000 0.12180473077028326767 0.00000000000000000000
4.1800000000 0.12171288866262361394 0.00000000000000000000
4.1900000000 0.12162162197610296155 0.00000000000000000000
4.2000000000 0.12153092532932420478 0.00000000000000000000
4.2100000000 0.12144079340750213447 0.00000000000000000000
4.2200000000 0.12135122096144518311 0.00000000000000000000
4.2300000000 0.12126220280655400363 0.00000000000000000000
4.2400000000 0.12117373382183960207 0.00000000000000000000
4.2500000000 0.12108580894895697166 0.00000000000000000000
4.2600000000 0.12099842319125793388 0.00000000000000000000
4.2700000000 0.12091157161286075761 0.00000000000000000000
4.2800000000 0.12082524933773484965 0.00000000000000000000
4.2900000000 0.12073945154880388886 0.00000000000000000000
4.3000000000 0.12065417348706262979 0.00000000000000000000
4.3100000000 0.12056941045071095653 0.00000000000000000000
4.3200000000 0.12048515779430361838 0.00000000000000000000
4.3300000000 0.12040141092791227517 0.00000000000000000000
4.3400000000 0.12031816531630512568 0.00000000000000000000
4.3500000000 0.12023541647813976163 0.00000000000000000000
4.3600000000 0.12015315998516971907 0.00000000000000000000
4.3700000000 0.12007139146146575404 0.00000000000000000000
4.3800000000 0.11999010658264994134 0.00000000000000000000
4.3900000000 0.11990930107514302660 0.00000000000000000000
4.4000000000 0.11982897071542525369 0.00000000000000000000
4.4100000000 0.11974911132931040370 0.00000000000000000000
4.4200000000 0.11966971879123025624 0.00000000000000000000
4.4300000000 0.11959078902353391383 0.00000000000000000000
4.4400000000 0.11951231799579735415 0.00000000000000000000
4.4500000000 0.11943430172414540302 0.00000000000000000000
4.4600000000 0.11935673627058521196 0.00000000000000000000
4.4700000000 0.11927961774235117109 0.00000000000000000000
4.4800000000 0.11920294229126066066 0.00000000000000000000
4.4900000000 0.11912670611308046054 0.00000000000000000000
4.5000000000 0.11905090544690463683 0.00000000000000000000
4.5100000000 0.11897553657454211506 0.00000000000000000000
4.5200000000 0.11890059581991502258 0.00000000000000000000
4.5300000000 0.11882607954846660658 0.00000000000000000000
4.5400000000 0.11875198416657961609 0.00000000000000000000
4.5500000000 0.11867830612100364884 0.00000000000000000000
4.5600000000 0.11860504189829325361 0.00000000000000000000
4.5700000000 0.11853218802425297129 0.00000000000000000000
4.5800000000 0.11845974106339474119 0.00000000000000000000
4.5900000000 0.11838769761840160777 0.00000000000000000000
4.6000000000 0.11831605432960093371 0.00000000000000000000
4.6100000000 0.11824480787444724417 0.00000000000000000000
4.6200000000 0.11817395496701255109 0.00000000000000000000
4.6300000000 0.11810349235748462959 0.00000000000000000000
4.6400000000 0.11803341683167499487 0.00000000000000000000
4.6500000000 0.11796372521053329063 0.00000000000000000000
4.6600000000 0.11789441434967014299 0.00000000000000000000
4.6700000000 0.11782548113888782759 0.00000000000000000000
4.6800000000 0.11775692250171858333 0.00000000000000000000
4.6900000000 0.11768873539496992053 0.00000000000000000000
4.7000000000 0.11762091680827753415 0.00000000000000000000
4.7100000000 0.11755346376366535011 0.00000000000000000000
4.7200000000 0.11748637331511210813 0.00000000000000000000
4.7300000000 0.11741964254812584101 0.00000000000000000000
4.7400000000 0.11735326857932414091 0.00000000000000000000
4.7500000000 0.11728724855602142008 0.00000000000000000000
4.7600000000 0.11722157965582302719 0.00000000000000000000
4.7700000000 0.11715625908622494256 0.00000000000000000000
4.7800000000 0.11709128408422038448 0.00000000000000000000
4.7900000000 0.11702665191591295202 0.00000000000000000000
4.8000000000 0.11696235987613483320 0.00000000000000000000
4.8100000000 0.11689840528807120268 0.00000000000000000000
4.8200000000 0.11683478550289123910 0.00000000000000000000
4.8300000000 0.11677149789938413849 0.00000000000000000000
4.8400000000 0.11670853988360097020 0.00000000000000000000
4.8500000000 0.11664590888850208394 0.00000000000000000000
4.8600000000 0.11658360237360952671 0.00000000000000000000
4.8700000000 0.11652161782466619044 0.00000000000000000000
4.8800000000 0.11645995275329762420 0.00000000000000000000
4.8900000000 0.11639860469668231180 0.00000000000000000000
4.9000000000 0.11633757121722390626 0.00000000000000000000
4.9100000000 0.11627684990223079164 0.00000000000000000000
4.9200000000 0.11621643836359860091 0.00000000000000000000
4.9300000000 0.11615633423749907593 0.00000000000000000000
4.9400000000 0.11609653518407304917 0.00000000000000000000
4.9500000000 0.11603703888712757486 0.00000000000000000000
4.9600000000 0.11597784305383851411 0.00000000000000000000
4.9700000000 0.11591894541445683930 0.00000000000000000000
4.9800000000 0.11586034372201975406 0.00000000000000000000
4.9900000000 0.11580203575206607369 0.00000000000000000000
5.0000000000 0.11574401930235524161 0.00000000000000000000
