0.1000000000 1.61050139293309335642 0.00000000000000000000
0.1100000000 1.56821254440041735201 0.00000000000000000000
0.1200000000 1.52679800136612353612 0.00000000000000000000
0.1300000000 1.48626172983235793623 0.00000000000000000000
0.1400000000 1.44660613424670869698 0.00000000000000000000
0.1500000000 1.40783210115558499176 0.00000000000000000000
0.1600000000 1.36993904961495838180 0.00000000000000000000
0.1700000000 1.33292498758631650091 0.00000000000000000000
0.1800000000 1.29678657351997128622 0.00000000000000000000
0.1900000000 1.26151918231687942829 0.00000000000000000000
0.2000000000 1.22711697486289494918 0.00000000000000000000
0.2100000000 1.19357297034464049368 0.00000000000000000000
0.2200000000 1.16087912058255193770 0.00000000000000000000
0.2300000000 1.12902638565251733915 0.00000000000000000000
0.2400000000 1.09800481011126338515 0.00000000000000000000
0.2500000000 1.06780359919060874319 0.00000000000000000000
0.2600000000 1.03841119438024476196 0.00000000000000000000
0.2700000000 1.00981534787632032391 0.00000000000000000000
0.2800000000 0.98200319543236691544 0.00000000000000000000
0.2900000000 0.95496132720869741917 0.00000000000000000000
0.3000000000 0.92867585627528115300 0.00000000000000000000
0.3100000000 0.90313248448020921888 0.00000000000000000000
0.3200000000 0.87831656545049385798 0.00000000000000000000
0.3300000000 0.85421316454342288704 0.00000000000000000000
0.3400000000 0.83080711561456788150 0.00000000000000000000
0.3500000000 0.80808307451249139497 0.00000000000000000000
0.3600000000 0.78602556925001243471 0.00000000000000000000
0.3700000000 0.76461904683750170353 0.00000000000000000000
0.3800000000 0.74384791679507522577 0.00000000000000000000
0.3900000000 0.72369659138785846775 0.00000000000000000000
0.4000000000 0.70414952265186325775 0.00000000000000000000
0.4100000000 0.68519123629762335170 0.00000000000000000000
0.4200000000 0.66680636259486747441 0.00000000000000000000
0.4300000000 0.64897966435443843469 0.00000000000000000000
0.4400000000 0.63169606213360174340 0.00000000000000000000
0.4500000000 0.61494065679828069371 0.00000000000000000000
0.4600000000 0.59869874958064384085 0.00000000000000000000
0.4700000000 0.58295585977347308404 0.00000000000000000000
0.4800000000 0.56769774020375107781 0.00000000000000000000
0.4900000000 0.55291039062751823341 0.00000000000000000000
0.5000000000 0.53858006918625922488 0.00000000000000000000
0.5100000000 0.52469330206224240598 0.00000000000000000000
0.5200000000 0.51123689146647555148 0.00000000000000000000
0.5300000000 0.49819792208850471882 0.00000000000000000000
0.5400000000 0.48556376613224466743 0.00000000000000000000
0.5500000000 0.47332208705662337511 0.00000000000000000000
0.5600000000 0.46146084213410437647 0.00000000000000000000
0.5700000000 0.44996828393423016212 0.00000000000000000000
0.5800000000 0.43883296083337880455 0.00000000000000000000
0.5900000000 0.42804371664587714807 0.00000000000000000000
0.6000000000 0.41758968946569241520 0.00000000000000000000
0.6100000000 0.40746030980205311112 0.00000000000000000000
0.6200000000 0.39764529808663817700 0.00000000000000000000
0.6300000000 0.38813466162447091135 0.00000000000000000000
0.6400000000 0.37891869105529046857 0.00000000000000000000
0.6500000000 0.36998795638711928779 0.00000000000000000000
0.6600000000 0.36133330265884339161 0.00000000000000000000
0.6700000000 0.35294584528405797963 0.00000000000000000000
0.6800000000 0.34481696512399417909 0.00000000000000000000
0.6900000000 0.33693830333332985827 0.00000000000000000000
0.7000000000 0.32930175601872724300 0.00000000000000000000
0.7100000000 0.32189946874639885355 0.00000000000000000000
0.7200000000 0.31472383093158184941 0.00000000000000000000
0.7300000000 0.30776747013968153155 0.00000000000000000000
0.7400000000 0.30102324632589572140 0.00000000000000000000
0.7500000000 0.29448424603747003214 0.00000000000000000000
0.7600000000 0.28814377660015300098 0.00000000000000000000
0.7700000000 0.28199536030818384003 0.00000000000000000000
0.7800000000 0.27603272863497835266 0.00000000000000000000
0.7900000000 0.27024981647969170684 0.00000000000000000000
0.8000000000 0.26464075646313012236 0.00000000000000000000
0.8100000000 0.25919987328470223131 0.00000000000000000000
0.8200000000 0.25392167815072730352 0.00000000000000000000
0.8300000000 0.24880086328299266807 0.00000000000000000000
0.8400000000 0.24383229651513479985 0.00000000000000000000
0.8500000000 0.23901101598341326082 0.00000000000000000000
0.8600000000 0.23433222491734614912 0.00000000000000000000
0.8700000000 0.22979128653465288878 0.00000000000000000000
0.8800000000 0.22538371904434406634 0.00000000000000000000
0.8900000000 0.22110519076075982325 0.00000000000000000000
0.9000000000 0.21695151533088488649 0.00000000000000000000
0.9100000000 0.21291864707655328015 0.00000000000000000000
0.9200000000 0.20900267645260703353 0.00000000000000000000
0.9300000000 0.20519982562165775541 0.00000000000000000000
0.9400000000 0.20150644414558710471 0.00000000000000000000
0.9500000000 0.19791900479349985864 0.00000000000000000000
0.9600000000 0.19443409946569284452 0.00000000000000000000
0.9700000000 0.19104843523268205674 0.00000000000000000000
0.9800000000 0.18775883048814676068 0.00000000000000000000
0.9900000000 0.18456221121445309796 0.00000000000000000000
1.0000000000 0.18145560735951832276 0.00000000000000000000
1.0100000000 0.17843614932218831992 0.00000000000000000000
1.0200000000 0.17550106454583963567 0.00000000000000000000
1.0300000000 0.17264767421758739352 0.00000000000000000000
1.0400000000 0.16987339006983945278 0.00000000000000000000
1.0500000000 0.16717571128387709312 0.00000000000000000000
1.0600000000 0.16455222149210751992 0.00000000000000000000
1.0700000000 0.16200058587695254086 0.00000000000000000000
1.0800000000 0.15951854836410853111 0.00000000000000000000
1.0900000000 0.15710392890768720697 0.00000000000000000000
1.1000000000 0.15475462086502927983 0.00000000000000000000
1.1100000000 0.15246858845865118859 0.00000000000000000000
1.1200000000 0.15024386432309289052 0.00000000000000000000
1.1300000000 0.14807854713418552861 0.00000000000000000000
1.1400000000 0.14597079931848747081 0.00000000000000000000
1.1500000000 0.14391884484047884341 0.00000000000000000000
1.1600000000 0.14192096706529713779 0.00000000000000000000
1.1700000000 0.13997550669467187512 0.00000000000000000000
1.1800000000 0.13808085977387507537 0.00000000000000000000
1.1900000000 0.13623547576748873400 0.00000000000000000000
1.2000000000 0.13443785570179994648 0.00000000000000000000
1.2100000000 0.13268655037176807499 0.00000000000000000000
1.2200000000 0.13098015861043976749 0.00000000000000000000
1.2300000000 0.12931732561884098920 0.00000000000000000000
1.2400000000 0.12769674135433822793 0.00000000000000000000
1.2500000000 0.12611713897556994790 0.00000000000000000000
1.2600000000 0.12457729334203251903 0.00000000000000000000
1.2700000000 0.12307601956655014885 0.00000000000000000000
1.2800000000 0.12161217161879428472 0.00000000000000000000
1.2900000000 0.12018464097814403335 0.00000000000000000000
1.3000000000 0.11879235533422539961 0.00000000000000000000
1.3100000000 0.11743427733345225550 0.00000000000000000000
1.3200000000 0.11610940337002259581 0.00000000000000000000
1.3300000000 0.11481676241981303432 0.00000000000000000000
1.3400000000 0.11355541491567848478 0.00000000000000000000
1.3500000000 0.11232445166272057857 0.00000000000000000000
1.3600000000 0.11112299279211799996 0.00000000000000000000
1.3700000000 0.10995018675216185200 0.00000000000000000000
1.3800000000 0.10880520933518253446 0.00000000000000000000
1.3900000000 0.10768726273910543545 0.00000000000000000000
1.4000000000 0.10659557466239906465 0.00000000000000000000
1.4100000000 0.10552939743121865501 0.00000000000000000000
1.4200000000 0.10448800715762486535 0.00000000000000000000
1.4300000000 0.10347070292772994615 0.00000000000000000000
1.4400000000 0.10247680601873108974 0.00000000000000000000
1.4500000000 0.10150565914377633614 0.00000000000000000000
1.4600000000 0.10055662572366459717 0.00000000000000000000
1.4700000000 0.09962908918442217598 0.00000000000000000000
1.4800000000 0.09872245227981259197 0.00000000000000000000
1.4900000000 0.09783613643788850733 0.00000000000000000000
1.5000000000 0.09696958113070958118 0.00000000000000000000
1.5100000000 0.09612224326639688676 0.00000000000000000000
1.5200000000 0.09529359660270368682 0.00000000000000000000
1.5300000000 0.09448313118134091249 0.00000000000000000000
1.5400000000 0.09369035278228315944 0.00000000000000000000
1.5500000000 0.09291478239735195821 0.00000000000000000000
1.5600000000 0.09215595572236191801 0.00000000000000000000
1.5700000000 0.09141342266716379061 0.00000000000000000000
1.5800000000 0.09068674688293318353 0.00000000000000000000
1.5900000000 0.08997550530607986707 0.00000000000000000000
1.6000000000 0.08927928771817084108 0.00000000000000000000
1.6100000000 0.08859769632129120553 0.00000000000000000000
1.6200000000 0.08793034532828071514 0.00000000000000000000
1.6300000000 0.08727686056730334097 0.00000000000000000000
1.6400000000 0.08663687910023407102 0.00000000000000000000
1.6500000000 0.08601004885436118463 0.00000000000000000000
1.6600000000 0.08539602826691901349 0.00000000000000000000
1.6700000000 0.08479448594198878142 0.00000000000000000000
1.6800000000 0.08420510031932003370 0.00000000000000000000
1.6900000000 0.08362755935463760115 0.00000000000000000000
1.7000000000 0.08306156021102527320 0.00000000000000000000
1.7100000000 0.08250680896097885297 0.00000000000000000000
1.7200000000 0.08196302029874770467 0.00000000000000000000
1.7300000000 0.08142991726259318774 0.00000000000000000000
1.7400000000 0.08090723096660462632 0.00000000000000000000
1.7500000000 0.08039470034173082369 0.00000000000000000000
1.7600000000 0.07989207188569243112 0.00000000000000000000
1.7700000000 0.07939909942146029798 0.00000000000000000000
1.7800000000 0.07891554386398769161 0.00000000000000000000
1.7900000000 0.07844117299490302453 0.00000000000000000000
1.8000000000 0.07797576124487760885 0.00000000000000000000
1.8100000000 0.07751908948339196470 0.00000000000000000000
1.8200000000 0.07707094481563751820 0.00000000000000000000
1.8300000000 0.07663112038630036371 0.00000000000000000000
1.8400000000 0.07619941518997729035 0.00000000000000000000
1.8500000000 0.07577563388799120336 0.00000000000000000000
1.8600000000 0.07535958663137901081 0.00000000000000000000
1.8700000000 0.07495108888982993101 0.00000000000000000000
1.8800000000 0.07454996128636329211 0.00000000000000000000
1.8900000000 0.07415602943754454057 0.00000000000000000000
1.9000000000 0.07376912379904317085 0.00000000000000000000
1.9100000000 0.07338907951634050797 0.00000000000000000000
1.9200000000 0.07301573628041024833 0.00000000000000000000
1.9300000000 0.07264893818819383176 0.00000000000000000000
1.9400000000 0.07228853360770148839 0.00000000000000000000
1.9500000000 0.07193437504757949075 0.00000000000000000000
1.9600000000 0.07158631903098318372 0.00000000000000000000
1.9700000000 0.07124422597360760556 0.00000000000000000000
1.9800000000 0.07090796006572984422 0.00000000000000000000
1.9900000000 0.07057738915812138136 0.00000000000000000000
2.0000000000 0.07025238465169969526 0.00000000000000000000
2.0100000000 0.06993282139078360604 0.00000000000000000000
2.0200000000 0.06961857755983071050 0.00000000000000000000
2.0300000000 0.06930953458353657226 0.00000000000000000000
2.0400000000 0.06900557703017570765 0.00000000000000000000
2.0500000000 0.06870659251807774426 0.00000000000000000000
2.0600000000 0.06841247162512395508 0.00000000000000000000
2.0700000000 0.06812310780116721809 0.00000000000000000000
2.0800000000 0.06783839728326838958 0.00000000000000000000
2.0900000000 0.06755823901365722028 0.00000000000000000000
2.1000000000 0.06728253456032277924 0.00000000000000000000
2.1100000000 0.06701118804014197239 0.00000000000000000000
2.1200000000 0.06674410604446280593 0.00000000000000000000
2.1300000000 0.06648119756705464511 0.00000000000000000000
2.1400000000 0.06622237393434982078 0.00000000000000000000
2.1500000000 0.06596754873789330287 0.00000000000000000000
2.1600000000 0.06571663776893114928 0.00000000000000000000
2.1700000000 0.06546955895506122169 0.00000000000000000000
2.1800000000 0.06522623229887854202 0.00000000000000000000
2.1900000000 0.06498657981854702448 0.00000000000000000000
2.2000000000 0.06475052549023456450 0.00000000000000000000
2.2100000000 0.06451799519234674429 0.00000000000000000000
2.2200000000 0.06428891665150091028 0.00000000000000000000
2.2300000000 0.06406321939017971256 0.00000000000000000000
2.2400000000 0.06384083467601206485 0.00000000000000000000
2.2500000000 0.06362169547262362668 0.00000000000000000000
2.2600000000 0.06340573639200593192 0.00000000000000000000
2.2700000000 0.06319289364835560530 0.00000000000000000000
2.2800000000 0.06298310501333054257 0.00000000000000000000
2.2900000000 0.06277630977268236490 0.00000000000000000000
2.3000000000 0.06257244868421309170 0.00000000000000000000
2.3100000000 0.06237146393701869379 0.00000000000000000000
2.3200000000 0.06217329911197190528 0.00000000000000000000
2.3300000000 0.06197789914340772616 0.00000000000000000000
2.3400000000 0.06178521028197025283 0.00000000000000000000
2.3500000000 0.06159518005858338058 0.00000000000000000000
2.3600000000 0.06140775724950754688 0.00000000000000000000
2.3700000000 0.06122289184245033322 0.00000000000000000000
2.3800000000 0.06104053500369392010 0.00000000000000000000
2.3900000000 0.06086063904620604703 0.00000000000000000000
2.4000000000 0.06068315739870670106 0.00000000000000000000
2.4100000000 0.06050804457565406996 0.00000000000000000000
2.4200000000 0.06033525614812562665 0.00000000000000000000
2.4300000000 0.06016474871556055232 0.00000000000000000000
2.4400000000 0.05999647987834146740 0.00000000000000000000
2.4500000000 0.05983040821118290609 0.00000000000000000000
2.4600000000 0.05966649323730383037 0.00000000000000000000
2.4700000000 0.05950469540336157659 0.00000000000000000000
2.4800000000 0.05934497605511655088 0.00000000000000000000
2.4900000000 0.05918729741381034692 0.00000000000000000000
2.5000000000 0.05903162255323274321 0.00000000000000000000
2.5100000000 0.05887791537745560438 0.00000000000000000000
2.5200000000 0.05872614059921166252 0.00000000000000000000
2.5300000000 0.05857626371890026912 0.00000000000000000000
2.5400000000 0.05842825100419942602 0.00000000000000000000
2.5500000000 0.05828206947026393775 0.00000000000000000000
2.5600000000 0.05813768686049272660 0.00000000000000000000
2.5700000000 0.05799507162784769271 0.00000000000000000000
2.5800000000 0.05785419291670609865 0.00000000000000000000
2.5900000000 0.05771502054523013764 0.00000000000000000000
2.6000000000 0.05757752498823812820 0.00000000000000000000
2.6100000000 0.05744167736056191020 0.00000000000000000000
2.6200000000 0.05730744940087382361 0.00000000000000000000
2.6300000000 0.05717481345597170972 0.00000000000000000000
2.6400000000 0.05704374246550544120 0.00000000000000000000
2.6500000000 0.05691420994713176917 0.00000000000000000000
2.6600000000 0.05678618998208626728 0.00000000000000000000
2.6700000000 0.05665965720115687110 0.00000000000000000000
2.6800000000 0.05653458677104960389 0.00000000000000000000
2.6900000000 0.05641095438113153532 0.00000000000000000000
2.7000000000 0.05628873623054325703 0.00000000000000000000
2.7100000000 0.05616790901566565131 0.00000000000000000000
2.7200000000 0.05604844991793338921 0.00000000000000000000
2.7300000000 0.05593033659198400065 0.00000000000000000000
2.7400000000 0.05581354715413096995 0.00000000000000000000
2.7500000000 0.05569806017115240537 0.00000000000000000000
2.7600000000 0.05558385464938713633 0.00000000000000000000
2.7700000000 0.05547091002412519317 0.00000000000000000000
2.7800000000 0.05535920614928856176 0.00000000000000000000
2.7900000000 0.05524872328739022925 0.00000000000000000000
2.8000000000 0.05513944209976434641 0.00000000000000000000
2.8100000000 0.05503134363706042170 0.00000000000000000000
2.8200000000 0.05492440932999166636 0.00000000000000000000
2.8300000000 0.05481862098033265379 0.00000000000000000000
2.8400000000 0.05471396075215587129 0.00000000000000000000
2.8500000000 0.05461041116330425660 0.00000000000000000000
2.8600000000 0.05450795507708754845 0.00000000000000000000
2.8700000000 0.05440657569420143114 0.00000000000000000000
2.8800000000 0.05430625654485816967 0.00000000000000000000
2.8900000000 0.05420698148112715331 0.00000000000000000000
2.9000000000 0.05410873466947462712 0.00000000000000000000
2.9100000000 0.05401150058350012717 0.00000000000000000000
2.9200000000 0.05391526399686406151 0.00000000000000000000
2.9300000000 0.05382000997639758283 0.00000000000000000000
2.9400000000 0.05372572387539356620 0.00000000000000000000
2.9500000000 0.05363239132707114942 0.00000000000000000000
2.9600000000 0.05353999823820942278 0.00000000000000000000
2.9700000000 0.05344853078294542481 0.00000000000000000000
2.9800000000 0.05335797539673246132 0.00000000000000000000
2.9900000000 0.05326831877045224567 0.00000000000000000000
3.0000000000 0.05317954784467921608 0.00000000000000000000
3.0100000000 0.05309164980409093737 0.00000000000000000000
3.0200000000 0.05300461207202042391 0.00000000000000000000
3.0300000000 0.05291842230514701845 0.00000000000000000000
3.0400000000 0.05283306838832283608 0.00000000000000000000
3.0500000000 0.05274853842952782756 0.00000000000000000000
3.0600000000 0.05266482075495446114 0.00000000000000000000
3.0700000000 0.05258190390421355054 0.00000000000000000000
3.0800000000 0.05249977662566244346 0.00000000000000000000
3.0900000000 0.05241842787184831237 0.00000000000000000000
3.1000000000 0.05233784679506572890 0.00000000000000000000
3.1100000000 0.05225802274302443484 0.00000000000000000000
3.1200000000 0.05217894525462526273 0.00000000000000000000
3.1300000000 0.05210060405583951532 0.00000000000000000000
3.1400000000 0.05202298905569048559 0.00000000000000000000
3.1500000000 0.05194609034233317602 0.00000000000000000000
3.1600000000 0.05186989817923150919 0.00000000000000000000
3.1700000000 0.05179440300142777731 0.00000000000000000000
3.1800000000 0.05171959541190311593 0.00000000000000000000
3.1900000000 0.05164546617802758671 0.00000000000000000000
3.2000000000 0.05157200622809490764 0.00000000000000000000
3.2100000000 0.05149920664794217090 0.00000000000000000000
3.2200000000 0.05142705867765069022 0.00000000000000000000
3.2300000000 0.05135555370832604188 0.00000000000000000000
3.2400000000 0.05128468327895543966 0.00000000000000000000
3.2500000000 0.05121443907334060491 0.00000000000000000000
3.2600000000 0.05114481291710328698 0.00000000000000000000
3.2700000000 0.05107579677476276059 0.00000000000000000000
3.2800000000 0.05100738274688162294 0.00000000000000000000
3.2900000000 0.05093956306728038980 0.00000000000000000000
3.3000000000 0.05087233010031641522 0.00000000000000000000
3.3100000000 0.05080567633822842544 0.00000000000000000000
3.3200000000 0.05073959439854196229 0.00000000000000000000
3.3300000000 0.05067407702153584048 0.00000000000000000000
3.3400000000 0.05060911706776913266 0.00000000000000000000
3.3500000000 0.05054470751566310371 0.00000000000000000000
3.3600000000 0.05048084145914198684 0.00000000000000000000
3.3700000000 0.05041751210532631478 0.00000000000000000000
3.3800000000 0.05035471277228040221 0.00000000000000000000
3.3900000000 0.05029243688681198782 0.00000000000000000000
3.4000000000 0.05023067798232115633 0.00000000000000000000
3.4100000000 0.05016942969670012270 0.00000000000000000000
3.4200000000 0.05010868577027929871 0.00000000000000000000
3.4300000000 0.05004844004382120320 0.00000000000000000000
3.4400000000 0.04998868645655984294 0.00000000000000000000
3.4500000000 0.04992941904428391947 0.00000000000000000000
3.4600000000 0.04987063193746364698 0.00000000000000000000
3.4700000000 0.04981231935941943939 0.00000000000000000000
3.4800000000 0.04975447562453255007 0.00000000000000000000
3.4900000000 0.04969709513649462479 0.00000000000000000000
3.5000000000 0.04964017238659682030 0.00000000000000000000
3.5100000000 0.04958370195205732273 0.00000000000000000000
3.5200000000 0.04952767849438568376 0.00000000000000000000
3.5300000000 0.04947209675778294069 0.00000000000000000000
3.5400000000 0.04941695156757788809 0.00000000000000000000
3.5500000000 0.04936223782869731541 0.00000000000000000000
3.5600000000 0.04930795052416931529 0.00000000000000000000
3.5700000000 0.04925408471366087004 0.00000000000000000000
3.5800000000 0.04920063553204515744 0.00000000000000000000
3.5900000000 0.04914759818800234353 0.00000000000000000000
3.6000000000 0.04909496796264876950 0.00000000000000000000
3.6100000000 0.04904274020819744673 0.00000000000000000000
3.6200000000 0.04899091034664598138 0.00000000000000000000
3.6300000000 0.04893947386849378800 0.00000000000000000000
3.6400000000 0.04888842633148676731 0.00000000000000000000
3.6500000000 0.04883776335938774110 0.00000000000000000000
3.6600000000 0.04878748064077493424 0.00000000000000000000
3.6700000000 0.04873757392786428472 0.00000000000000000000
3.6800000000 0.04868803903535800365 0.00000000000000000000
3.6900000000 0.04863887183931662334 0.00000000000000000000
3.7000000000 0.04859006827605544948 0.00000000000000000000
3.7100000000 0.04854162434106401580 0.00000000000000000000
3.7200000000 0.04849353608794836068 0.00000000000000000000
3.7300000000 0.04844579962739457152 0.00000000000000000000
3.7400000000 0.04839841112615590746 0.00000000000000000000
3.7500000000 0.04835136680605845588 0.00000000000000000000
3.7600000000 0.04830466294302964564 0.00000000000000000000
3.7700000000 0.04825829586614565486 0.00000000000000000000
3.7800000000 0.04821226195669860159 0.00000000000000000000
3.7900000000 0.04816655764728337841 0.00000000000000000000
3.8000000000 0.04812117942090310407 0.00000000000000000000
3.8100000000 0.04807612381009190167 0.00000000000000000000
3.8200000000 0.04803138739605734842 0.00000000000000000000
3.8300000000 0.04798696680783893359 0.00000000000000000000
3.8400000000 0.04794285872148409955 0.00000000000000000000
3.8500000000 0.04789905985924123449 0.00000000000000000000
3.8600000000 0.04785556698876820836 0.00000000000000000000
3.8700000000 0.04781237692235754816 0.00000000000000000000
3.8800000000 0.04776948651617697605 0.00000000000000000000
3.8900000000 0.04772689266952494236 0.00000000000000000000
3.9000000000 0.04768459232410088289 0.00000000000000000000
3.9100000000 0.04764258246329090146 0.00000000000000000000
3.9200000000 0.04760086011146617141 0.00000000000000000000
3.9300000000 0.04755942233329676222 0.00000000000000000000
3.9400000000 0.04751826623307780356 0.00000000000000000000
3.9500000000 0.04747738895406952014 0.00000000000000000000
3.9600000000 0.04743678767785001332 0.00000000000000000000
3.9700000000 0.04739645962368083804 0.00000000000000000000
3.9800000000 0.04735640204788492402 0.00000000000000000000
3.9900000000 0.04731661224323643888 0.00000000000000000000
4.0000000000 0.04727708753836280808 0.00000000000000000000
4.0100000000 0.04723782529715788575 0.00000000000000000000
4.0200000000 0.04719882291820688691 0.00000000000000000000
4.0300000000 0.04716007783422213745 0.00000000000000000000
4.0400000000 0.04712158751148985691 0.00000000000000000000
4.0500000000 0.04708334944932678762 0.00000000000000000000
4.0600000000 0.04704536117954868923 0.00000000000000000000
4.0700000000 0.04700762026594729887 0.00000000000000000000
4.0800000000 0.04697012430377849046 0.00000000000000000000
4.0900000000 0.04693287091925914950 0.00000000000000000000
4.1000000000 0.04689585776907427561 0.00000000000000000000
4.1100000000 0.04685908253989334166 0.00000000000000000000
4.1200000000 0.04682254294789482685 0.00000000000000000000
4.1300000000 0.04678623673830085289 0.00000000000000000000
4.1400000000 0.04675016168491977903 0.00000000000000000000
4.1500000000 0.04671431558969750542 0.00000000000000000000
4.1600000000 0.04667869628227711704 0.00000000000000000000
4.1700000000 0.04664330161956681264 0.00000000000000000000
4.1800000000 0.04660812948531527222 0.00000000000000000000
4.1900000000 0.04657317778969580213 0.00000000000000000000
4.2000000000 0.04653844446889717629 0.00000000000000000000
4.2100000000 0.04650392748472238075 0.00000000000000000000
4.2200000000 0.04646962482419481760 0.00000000000000000000
4.2300000000 0.04643553449917155879 0.00000000000000000000
4.2400000000 0.04640165454596349714 0.00000000000000000000
4.2500000000 0.04636798302496244334 0.00000000000000000000
4.2600000000 0.04633451802027516164 0.00000000000000000000
4.2700000000 0.04630125763936376176 0.00000000000000000000
4.2800000000 0.04626820001269264099 0.00000000000000000000
4.2900000000 0.04623534329338173376 0.00000000000000000000
4.3000000000 0.04620268565686622142 0.00000000000000000000
4.3100000000 0.04617022530056146684 0.00000000000000000000
4.3200000000 0.04613796044353531828 0.00000000000000000000
4.3300000000 0.04610588932618486097 0.00000000000000000000
4.3400000000 0.04607401020991946927 0.00000000000000000000
4.3500000000 0.04604232137684978465 0.00000000000000000000
4.3600000000 0.04601082112948133573 0.00000000000000000000
4.3700000000 0.04597950779041441033 0.00000000000000000000
4.3800000000 0.04594837970204848632 0.00000000000000000000
4.3900000000 0.04591743522629230384 0.00000000000000000000
4.4000000000 0.04588667274427869064 0.00000000000000000000
4.4100000000 0.04585609065608437646 0.00000000000000000000
4.4200000000 0.04582568738045471324 0.00000000000000000000
4.4300000000 0.04579546135453352318 0.00000000000000000000
4.4400000000 0.04576541103359648560 0.00000000000000000000
4.4500000000 0.04573553489079068557 0.00000000000000000000
4.4600000000 0.04570583141687714623 0.00000000000000000000
4.4700000000 0.04567629911997864167 0.00000000000000000000
4.4800000000 0.04564693652533166612 0.00000000000000000000
4.4900000000 0.04561774217504239309 0.00000000000000000000
4.5000000000 0.04558871462784675616 0.00000000000000000000
4.5100000000 0.04555985245887504004 0.00000000000000000000
4.5200000000 0.04553115425941978156 0.00000000000000000000
4.5300000000 0.04550261863670841678 0.00000000000000000000
4.5400000000 0.04547424421367853714 0.00000000000000000000
4.5500000000 0.04544602962875823188 0.00000000000000000000
4.5600000000 0.04541797353564928919 0.00000000000000000000
4.5700000000 0.04539007460311387382 0.00000000000000000000
4.5800000000 0.04536233151476563863 0.00000000000000000000
4.5900000000 0.04533474296886332022 0.00000000000000000000
4.6000000000 0.04530730767810819959 0.00000000000000000000
4.6100000000 0.04528002436944492809 0.00000000000000000000
4.6200000000 0.04525289178386559391 0.00000000000000000000
4.6300000000 0.04522590867621662652 0.00000000000000000000
4.6400000000 0.04519907381500982979 0.00000000000000000000
4.6500000000 0.04517238598223507345 0.00000000000000000000
4.6600000000 0.04514584397317727982 0.00000000000000000000
4.6700000000 0.04511944659623588066 0.00000000000000000000
4.6800000000 0.04509319267274695953 0.00000000000000000000
4.6900000000 0.04506708103680888422 0.00000000000000000000
4.7000000000 0.04504111053511012513 0.00000000000000000000
4.7100000000 0.04501528002676006418 0.00000000000000000000
4.7200000000 0.04498958838312278052 0.00000000000000000000
4.7300000000 0.04496403448765300820 0.00000000000000000000
4.7400000000 0.04493861723573517458 0.00000000000000000000
4.7500000000 0.04491333553452469401 0.00000000000000000000
4.7600000000 0.04488818830279180105 0.00000000000000000000
4.7700000000 0.04486317447076790255 0.00000000000000000000
4.7800000000 0.04483829297999448321 0.00000000000000000000
4.7900000000 0.04481354278317434964 0.00000000000000000000
4.8000000000 0.04478892284402480328 0.00000000000000000000
4.8100000000 0.04476443213713382496 0.00000000000000000000
4.8200000000 0.04474006964781771650 0.00000000000000000000
4.8300000000 0.04471583437198183714 0.00000000000000000000
4.8400000000 0.04469172531598260972 0.00000000000000000000
4.8500000000 0.04466774149649239967 0.00000000000000000000
4.8600000000 0.04464388194036591345 0.00000000000000000000
4.8700000000 0.04462014568450913682 0.00000000000000000000
4.8800000000 0.04459653177574988275 0.00000000000000000000
4.8900000000 0.04457303927071075422 0.00000000000000000000
4.9000000000 0.04454966723568349468 0.00000000000000000000
4.9100000000 0.04452641474650591291 0.00000000000000000000
4.9200000000 0.04450328088843995972 0.00000000000000000000
4.9300000000 0.04448026475605253161 0.00000000000000000000
4.9400000000 0.04445736545309719040 0.00000000000000000000
4.9500000000 0.04443458209239815881 0.00000000000000000000
4.9600000000 0.04441191379573618953 0.00000000000000000000
4.9700000000 0.04438935969373554447 0.00000000000000000000
4.9800000000 0.04436691892575352070 0.00000000000000000000
4.9900000000 0.04434459063977100324 0.00000000000000000000
5.0000000000 0.04432237399228462077 0.00000000000000000000
