0.1000000000 2.65736180718835379722 0.00000000000000000000
0.1100000000 2.58486425073146142140 0.00000000000000000000
0.1200000000 2.51394281459564039594 0.00000000000000000000
0.1300000000 2.44460267524416874352 0.00000000000000000000
0.1400000000 2.37684613287316137686 0.00000000000000000000
0.1500000000 2.31067269762286864321 0.00000000000000000000
0.1600000000 2.24607918892856250892 0.00000000000000000000
0.1700000000 2.18305984649561679589 0.00000000000000000000
0.1800000000 2.12160645131424319132 0.00000000000000000000
0.1900000000 2.06170845509282862906 0.00000000000000000000
0.2000000000 2.00335311648329517098 0.00000000000000000000
0.2100000000 1.94652564249521242701 0.00000000000000000000
0.2200000000 1.89120933354447307018 0.00000000000000000000
0.2300000000 1.83738573065381483040 0.00000000000000000000
0.2400000000 1.78503476341261091420 0.00000000000000000000
0.2500000000 1.73413489740839565911 0.00000000000000000000
0.2600000000 1.68466327995856679500 0.00000000000000000000
0.2700000000 1.63659588309416359486 0.00000000000000000000
0.2800000000 1.58990764287493990814 0.00000000000000000000
0.2900000000 1.54457259424321446950 0.00000000000000000000
0.3000000000 1.50056400075036111552 0.00000000000000000000
0.3100000000 1.45785447861211414633 0.00000000000000000000
0.3200000000 1.41641611466517214346 0.00000000000000000000
0.3300000000 1.37622057790646801223 0.00000000000000000000
0.3400000000 1.33723922439687337160 0.00000000000000000000
0.3500000000 1.29944319540229513699 0.00000000000000000000
0.3600000000 1.26280350872677593621 0.00000000000000000000
0.3700000000 1.22729114326413157876 0.00000000000000000000
0.3800000000 1.19287711685710462461 0.00000000000000000000
0.3900000000 1.15953255760614570846 0.00000000000000000000
0.4000000000 1.12722876881437006347 0.00000000000000000000
0.4100000000 1.09593728779143684271 0.00000000000000000000
0.4200000000 1.06562993876774392277 0.00000000000000000000
0.4300000000 1.03627888019214453585 0.00000000000000000000
0.4400000000 1.00785664670201313697 0.00000000000000000000
0.4500000000 0.98033618606469996593 0.00000000000000000000
0.4600000000 0.95369089139482554618 0.00000000000000000000
0.4700000000 0.92789462895325391933 0.00000000000000000000
0.4800000000 0.90292176183137207168 0.00000000000000000000
0.4900000000 0.87874716981934186677 0.00000000000000000000
0.5000000000 0.85534626574948335875 0.00000000000000000000
0.5100000000 0.83269500859669109971 0.00000000000000000000
0.5200000000 0.81076991360691830213 0.00000000000000000000
0.5300000000 0.78954805971283603672 0.00000000000000000000
0.5400000000 0.76900709448308435245 0.00000000000000000000
0.5500000000 0.74912523683828291521 0.00000000000000000000
0.5600000000 0.72988127775345268411 0.00000000000000000000
0.5700000000 0.71125457915298695433 0.00000000000000000000
0.5800000000 0.69322507119075471582 0.00000000000000000000
0.5900000000 0.67577324809479999423 0.00000000000000000000
0.6000000000 0.65888016274304561648 0.00000000000000000000
0.6100000000 0.64252742012413244233 0.00000000000000000000
0.6200000000 0.62669716982534506844 0.00000000000000000000
0.6300000000 0.61137209767830436036 0.00000000000000000000
0.6400000000 0.59653541668213638793 0.00000000000000000000
0.6500000000 0.58217085731357542944 0.00000000000000000000
0.6600000000 0.56826265732380931706 0.00000000000000000000
0.6700000000 0.55479555111268885614 0.00000000000000000000
0.6800000000 0.54175475876255385632 0.00000000000000000000
0.6900000000 0.52912597480596390565 0.00000000000000000000
0.7000000000 0.51689535679414133629 0.00000000000000000000
0.7100000000 0.50504951372636464058 0.00000000000000000000
0.7200000000 0.49357549439398906710 0.00000000000000000000
0.7300000000 0.48246077568714007544 0.00000000000000000000
0.7400000000 0.47169325090667602041 0.00000000000000000000
0.7500000000 0.46126121811916381832 0.00000000000000000000
0.7600000000 0.45115336858812327137 0.00000000000000000000
0.7700000000 0.44135877531060840884 0.00000000000000000000
0.7800000000 0.43186688168458298165 0.00000000000000000000
0.7900000000 0.42266749032903716543 0.00000000000000000000
0.8000000000 0.41375075207571554436 0.00000000000000000000
0.8100000000 0.40510715514860856645 0.00000000000000000000
0.8200000000 0.39672751454462173992 0.00000000000000000000
0.8300000000 0.38860296162689728083 0.00000000000000000000
0.8400000000 0.38072493393974954357 0.00000000000000000000
0.8500000000 0.37308516525276991249 0.00000000000000000000
0.8600000000 0.36567567583966342770 0.00000000000000000000
0.8700000000 0.35848876299612791874 0.00000000000000000000
0.8800000000 0.35151699179957857089 0.00000000000000000000
0.8900000000 0.34475318611250554968 0.00000000000000000000
0.9000000000 0.33819041983014824782 0.00000000000000000000
0.9100000000 0.33182200837219227862 0.00000000000000000000
0.9200000000 0.32564150041750827835 0.00000000000000000000
0.9300000000 0.31964266988013861903 0.00000000000000000000
0.9400000000 0.31381950812422759745 0.00000000000000000000
0.9500000000 0.30816621641487745853 0.00000000000000000000
0.9600000000 0.30267719860184111313 0.00000000000000000000
0.9700000000 0.29734705403186167949 0.00000000000000000000
0.9800000000 0.29217057068608537351 0.00000000000000000000
0.9900000000 0.28714271853799244738 0.00000000000000000000
1.0000000000 0.28225864312705045700 0.00000000000000000000
1.0100000000 0.27751365934335964214 0.00000000000000000000
1.0200000000 0.27290324541903260291 0.00000000000000000000
1.0300000000 0.26842303712094967016 0.00000000000000000000
1.0400000000 0.26406882213868976272 0.00000000000000000000
1.0500000000 0.25983653466445921776 0.00000000000000000000
1.0600000000 0.25572225015829613826 0.00000000000000000000
1.0700000000 0.25172218029425363905 0.00000000000000000000
1.0800000000 0.24783266808190448915 0.00000000000000000000
1.0900000000 0.24405018315825754982 0.00000000000000000000
1.1000000000 0.24037131724500590546 0.00000000000000000000
1.1100000000 0.23679277976596888045 0.00000000000000000000
1.1200000000 0.23331139361984457037 0.00000000000000000000
1.1300000000 0.22992409110336789468 0.00000000000000000000
1.1400000000 0.22662790998006704379 0.00000000000000000000
1.1500000000 0.22341998968989068564 0.00000000000000000000
1.1600000000 0.22029756769511898984 0.00000000000000000000
1.1700000000 0.21725797595801268902 0.00000000000000000000
1.1800000000 0.21429863754581643387 0.00000000000000000000
1.1900000000 0.21141706335878221457 0.00000000000000000000
1.2000000000 0.20861084897701517860 0.00000000000000000000
1.2100000000 0.20587767162209322236 0.00000000000000000000
1.2200000000 0.20321528722942364120 0.00000000000000000000
1.2300000000 0.20062152762750926072 0.00000000000000000000
1.2400000000 0.19809429782036891421 0.00000000000000000000
1.2500000000 0.19563157336942152420 0.00000000000000000000
1.2600000000 0.19323139787135237833 0.00000000000000000000
1.2700000000 0.19089188052849187516 0.00000000000000000000
1.2800000000 0.18861119380840846160 0.00000000000000000000
1.2900000000 0.18638757118946774893 0.00000000000000000000
1.3000000000 0.18421930498927979736 0.00000000000000000000
1.3100000000 0.18210474427299888633 0.00000000000000000000
1.3200000000 0.18004229283855541222 0.00000000000000000000
1.3300000000 0.17803040727603011706 0.00000000000000000000
1.3400000000 0.17606759509842034861 0.00000000000000000000
1.3500000000 0.17415241294119115922 0.00000000000000000000
1.3600000000 0.17228346482806028428 0.00000000000000000000
1.3700000000 0.17045940050056679338 0.00000000000000000000
1.3800000000 0.16867891380907809595 0.00000000000000000000
1.3900000000 0.16694074116291668375 0.00000000000000000000
1.4000000000 0.16524366003745352693 0.00000000000000000000
1.4100000000 0.16358648753600768533 0.00000000000000000000
1.4200000000 0.16196807900452453444 0.00000000000000000000
1.4300000000 0.16038732669706001754 0.00000000000000000000
1.4400000000 0.15884315849017666133 0.00000000000000000000
1.4500000000 0.15733453664439719932 0.00000000000000000000
1.4600000000 0.15586045661099470760 0.00000000000000000000
1.4700000000 0.15441994588237195618 0.00000000000000000000
1.4800000000 0.15301206288443497394 0.00000000000000000000
1.4900000000 0.15163589590936341067 0.00000000000000000000
1.5000000000 0.15029056208726956911 0.00000000000000000000
1.5100000000 0.14897520639528191722 0.00000000000000000000
1.5200000000 0.14768900070265447710 0.00000000000000000000
1.5300000000 0.14643114285054220636 0.00000000000000000000
1.5400000000 0.14520085576514671355 0.00000000000000000000
1.5500000000 0.14399738660297575765 0.00000000000000000000
1.5600000000 0.14282000592701274422 0.00000000000000000000
1.5700000000 0.14166800691263861656 0.00000000000000000000
1.5800000000 0.14054070458218412276 0.00000000000000000000
1.5900000000 0.13943743506704806001 0.00000000000000000000
1.6000000000 0.13835755489634113391 0.00000000000000000000
1.6100000000 0.13730044031106264368 0.00000000000000000000
1.6200000000 0.13626548660285919823 0.00000000000000000000
1.6300000000 0.13525210747644278442 0.00000000000000000000
1.6400000000 0.13425973443478578240 0.00000000000000000000
1.6500000000 0.13328781618623725125 0.00000000000000000000
1.6600000000 0.13233581807274510944 0.00000000000000000000
1.6700000000 0.13140322151841252185 0.00000000000000000000
1.6800000000 0.13048952349759426750 0.00000000000000000000
1.6900000000 0.12959423602185055069 0.00000000000000000000
1.7000000000 0.12871688564502509200 0.00000000000000000000
1.7100000000 0.12785701298578833196 0.00000000000000000000
1.7200000000 0.12701417226699437957 0.00000000000000000000
1.7300000000 0.12618793087123189589 0.00000000000000000000
1.7400000000 0.12537786891196722738 0.00000000000000000000
1.7500000000 0.12458357881970678893 0.00000000000000000000
1.7600000000 0.12380466494261332944 0.00000000000000000000
1.7700000000 0.12304074316106665410 0.00000000000000000000
1.7800000000 0.12229144051562708395 0.00000000000000000000
1.7900000000 0.12155639484793208382 0.00000000000000000000
1.8000000000 0.12083525445404136311 0.00000000000000000000
1.8100000000 0.12012767774977174684 0.00000000000000000000
1.8200000000 0.11943333294759000962 0.00000000000000000000
1.8300000000 0.11875189774463880410 0.00000000000000000000
1.8400000000 0.11808305902148696909 0.00000000000000000000
1.8500000000 0.11742651255121666631 0.00000000000000000000
1.8600000000 0.11678196271846974508 0.00000000000000000000
1.8700000000 0.11614912224809416375 0.00000000000000000000
1.8800000000 0.11552771194304017888 0.00000000000000000000
1.8900000000 0.11491746043116886355 0.00000000000000000000
1.9000000000 0.11431810392065992754 0.00000000000000000000
1.9100000000 0.11372938596370002484 0.00000000000000000000
1.9200000000 0.11315105722815509137 0.00000000000000000000
1.9300000000 0.11258287527694550711 0.00000000000000000000
1.9400000000 0.11202460435483736767 0.00000000000000000000
1.9500000000 0.11147601518239727558 0.00000000000000000000
1.9600000000 0.11093688475684169992 0.00000000000000000000
1.9700000000 0.11040699615954580048 0.00000000000000000000
1.9800000000 0.10988613836996247164 0.00000000000000000000
1.9900000000 0.10937410608574033022 0.00000000000000000000
2.0000000000 0.10887069954880188027 0.00000000000000000000
2.0100000000 0.10837572437718617779 0.00000000000000000000
2.0200000000 0.10788899140244359587 0.00000000000000000000
2.0300000000 0.10741031651238860944 0.00000000000000000000
2.0400000000 0.10693952049902644141 0.00000000000000000000
2.0500000000 0.10647642891145892019 0.00000000000000000000
2.0600000000 0.10602087191361539431 0.00000000000000000000
2.0700000000 0.10557268414661886979 0.00000000000000000000
2.0800000000 0.10513170459563887793 0.00000000000000000000
2.0900000000 0.10469777646107106261 0.00000000000000000000
2.1000000000 0.10427074703388820864 0.00000000000000000000
2.1100000000 0.10385046757502591763 0.00000000000000000000
2.1200000000 0.10343679319865868582 0.00000000000000000000
2.1300000000 0.10302958275922800835 0.00000000000000000000
2.1400000000 0.10262869874210357735 0.00000000000000000000
2.1500000000 0.10223400715774032255 0.00000000000000000000
2.1600000000 0.10184537743922027209 0.00000000000000000000
2.1700000000 0.10146268234305816369 0.00000000000000000000
2.1800000000 0.10108579785315933985 0.00000000000000000000
2.1900000000 0.10071460308782820281 0.00000000000000000000
2.2000000000 0.10034898020971178001 0.00000000000000000000
2.2100000000 0.09998881433859051204 0.00000000000000000000
2.2200000000 0.09963399346691170777 0.00000000000000000000
2.2300000000 0.09928440837797664065 0.00000000000000000000
2.2400000000 0.09893995256668806915 0.00000000000000000000
2.2500000000 0.09860052216277788439 0.00000000000000000000
2.2600000000 0.09826601585642454062 0.00000000000000000000
2.2700000000 0.09793633482618153974 0.00000000000000000000
2.2800000000 0.09761138266914838602 0.00000000000000000000
2.2900000000 0.09729106533329173745 0.00000000000000000000
2.3000000000 0.09697529105186296350 0.00000000000000000000
2.3100000000 0.09666397027982782941 0.00000000000000000000
2.3200000000 0.09635701563225591848 0.00000000000000000000
2.3300000000 0.09605434182458712222 0.00000000000000000000
2.3400000000 0.09575586561473133085 0.00000000000000000000
2.3500000000 0.09546150574692649493 0.00000000000000000000
2.3600000000 0.09517118289730647218 0.00000000000000000000
2.3700000000 0.09488481962111572354 0.00000000000000000000
2.3800000000 0.09460234030152457618 0.00000000000000000000
2.3900000000 0.09432367109998388011 0.00000000000000000000
2.4000000000 0.09404873990807452455 0.00000000000000000000
2.4100000000 0.09377747630080360275 0.00000000000000000000
2.4200000000 0.09350981149129490577 0.00000000000000000000
2.4300000000 0.09324567828683606729 0.00000000000000000000
2.4400000000 0.09298501104623005387 0.00000000000000000000
2.4500000000 0.09272774563841670870 0.00000000000000000000
2.4600000000 0.09247381940231935715 0.00000000000000000000
2.4700000000 0.09222317110787511818 0.00000000000000000000
2.4800000000 0.09197574091821754394 0.00000000000000000000
2.4900000000 0.09173147035296752572 0.00000000000000000000
2.5000000000 0.09149030225260298965 0.00000000000000000000
2.5100000000 0.09125218074386726164 0.00000000000000000000
2.5200000000 0.09101705120619114908 0.00000000000000000000
2.5300000000 0.09078486023908484415 0.00000000000000000000
2.5400000000 0.09055555563048303669 0.00000000000000000000
2.5500000000 0.09032908632600060439 0.00000000000000000000
2.5600000000 0.09010540239907899318 0.00000000000000000000
2.5700000000 0.08988445502198948167 0.00000000000000000000
2.5800000000 0.08966619643767086145 0.00000000000000000000
2.5900000000 0.08945057993237197358 0.00000000000000000000
2.6000000000 0.08923755980907775720 0.00000000000000000000
2.6100000000 0.08902709136168775184 0.00000000000000000000
2.6200000000 0.08881913084993421637 0.00000000000000000000
2.6300000000 0.08861363547500614168 0.00000000000000000000
2.6400000000 0.08841056335586418291 0.00000000000000000000
2.6500000000 0.08820987350622218337 0.00000000000000000000
2.6600000000 0.08801152581217620841 0.00000000000000000000
2.6700000000 0.08781548101046202093 0.00000000000000000000
2.6800000000 0.08762170066731689300 0.00000000000000000000
2.6900000000 0.08743014715793551161 0.00000000000000000000
2.7000000000 0.08724078364649354156 0.00000000000000000000
2.7100000000 0.08705357406672648013 0.00000000000000000000
2.7200000000 0.08686848310304683130 0.00000000000000000000
2.7300000000 0.08668547617218044787 0.00000000000000000000
2.7400000000 0.08650451940531010686 0.00000000000000000000
2.7500000000 0.08632557963070733309 0.00000000000000000000
2.7600000000 0.08614862435683932895 0.00000000000000000000
2.7700000000 0.08597362175594069900 0.00000000000000000000
2.7800000000 0.08580054064802647429 0.00000000000000000000
2.7900000000 0.08562935048534484062 0.00000000000000000000
2.8000000000 0.08546002133724706074 0.00000000000000000000
2.8100000000 0.08529252387546763792 0.00000000000000000000
2.8200000000 0.08512682935980026011 0.00000000000000000000
2.8300000000 0.08496290962415889436 0.00000000000000000000
2.8400000000 0.08480073706301205494 0.00000000000000000000
2.8500000000 0.08464028461817910132 0.00000000000000000000
2.8600000000 0.08448152576597918462 0.00000000000000000000
2.8700000000 0.08432443450472051905 0.00000000000000000000
2.8800000000 0.08416898534252133246 0.00000000000000000000
2.8900000000 0.08401515328545434980 0.00000000000000000000
2.9000000000 0.08386291382600113975 0.00000000000000000000
2.9100000000 0.08371224293181167564 0.00000000000000000000
2.9200000000 0.08356311703475706454 0.00000000000000000000
2.9300000000 0.08341551302027055970 0.00000000000000000000
2.9400000000 0.08326940821696433848 0.00000000000000000000
2.9500000000 0.08312478038651735512 0.00000000000000000000
2.9600000000 0.08298160771382434575 0.00000000000000000000
2.9700000000 0.08283986879740075360 0.00000000000000000000
2.9800000000 0.08269954264003522015 0.00000000000000000000
2.9900000000 0.08256060863967960850 0.00000000000000000000
3.0000000000 0.08242304658057672540 0.00000000000000000000
3.0100000000 0.08228683662461200310 0.00000000000000000000
3.0200000000 0.08215195930288676784 0.00000000000000000000
3.0300000000 0.08201839550750569807 0.00000000000000000000
3.0400000000 0.08188612648357219970 0.00000000000000000000
3.0500000000 0.08175513382138763219 0.00000000000000000000
3.0600000000 0.08162539944884490695 0.00000000000000000000
3.0700000000 0.08149690562401572247 0.00000000000000000000
3.0800000000 0.08136963492792247121 0.00000000000000000000
3.0900000000 0.08124357025749164019 0.00000000000000000000
3.1000000000 0.08111869481868122511 0.00000000000000000000
3.1100000000 0.08099499211978303248 0.00000000000000000000
3.1200000000 0.08087244596488589454 0.00000000000000000000
3.1300000000 0.08075104044750519572 0.00000000000000000000
3.1400000000 0.08063075994436701144 0.00000000000000000000
3.1500000000 0.08051158910934556878 0.00000000000000000000
3.1600000000 0.08039351286755060111 0.00000000000000000000
3.1700000000 0.08027651640955787982 0.00000000000000000000
3.1800000000 0.08016058518578111913 0.00000000000000000000
3.1900000000 0.08004570490098072977 0.00000000000000000000
3.2000000000 0.07993186150890674302 0.00000000000000000000
3.2100000000 0.07981904120706950767 0.00000000000000000000
3.2200000000 0.07970723043163824295 0.00000000000000000000
3.2300000000 0.07959641585246100826 0.00000000000000000000
3.2400000000 0.07948658436820596473 0.00000000000000000000
3.2500000000 0.07937772310161689271 0.00000000000000000000
3.2600000000 0.07926981939488232654 0.00000000000000000000
3.2700000000 0.07916286080511650280 0.00000000000000000000
3.2800000000 0.07905683509994602953 0.00000000000000000000
3.2900000000 0.07895173025320105509 0.00000000000000000000
3.3000000000 0.07884753444070845274 0.00000000000000000000
3.3100000000 0.07874423603618355139 0.00000000000000000000
3.3200000000 0.07864182360721971854 0.00000000000000000000
3.3300000000 0.07854028591136937021 0.00000000000000000000
3.3400000000 0.07843961189231886399 0.00000000000000000000
3.3500000000 0.07833979067615086389 0.00000000000000000000
3.3600000000 0.07824081156769327472 0.00000000000000000000
3.3700000000 0.07814266404695401069 0.00000000000000000000
3.3800000000 0.07804533776563692127 0.00000000000000000000
3.3900000000 0.07794882254373844410 0.00000000000000000000
3.4000000000 0.07785310836622147401 0.00000000000000000000
3.4100000000 0.07775818537976635081 0.00000000000000000000
3.4200000000 0.07766404388959580185 0.00000000000000000000
3.4300000000 0.07757067435637156338 0.00000000000000000000
3.4400000000 0.07747806739316162594 0.00000000000000000000
3.4500000000 0.07738621376247650785 0.00000000000000000000
3.4600000000 0.07729510437337200335 0.00000000000000000000
3.4700000000 0.07720473027861714244 0.00000000000000000000
3.4800000000 0.07711508267192539179 0.00000000000000000000
3.4900000000 0.07702615288524901349 0.00000000000000000000
3.5000000000 0.07693793238613200192 0.00000000000000000000
3.5100000000 0.07685041277512325020 0.00000000000000000000
3.5200000000 0.07676358578324656012 0.00000000000000000000
3.5300000000 0.07667744326952667666 0.00000000000000000000
3.5400000000 0.07659197721857015362 0.00000000000000000000
3.5500000000 0.07650717973819883000 0.00000000000000000000
3.5600000000 0.07642304305713563950 0.00000000000000000000
3.5700000000 0.07633955952274150414 0.00000000000000000000
3.5800000000 0.07625672159880053647 0.00000000000000000000
3.5900000000 0.07617452186335402220 0.00000000000000000000
3.6000000000 0.07609295300658139305 0.00000000000000000000
3.6100000000 0.07601200782872710726 0.00000000000000000000
3.6200000000 0.07593167923807180031 0.00000000000000000000
3.6300000000 0.07585196024894731714 0.00000000000000000000
3.6400000000 0.07577284397979473785 0.00000000000000000000
3.6500000000 0.07569432365126330109 0.00000000000000000000
3.6600000000 0.07561639258434982303 0.00000000000000000000
3.6700000000 0.07553904419857854213 0.00000000000000000000
3.6800000000 0.07546227201021864228 0.00000000000000000000
3.6900000000 0.07538606963053970378 0.00000000000000000000
3.7000000000 0.07531043076410436077 0.00000000000000000000
3.7100000000 0.07523534920709636087 0.00000000000000000000
3.7200000000 0.07516081884568381888 0.00000000000000000000
3.7300000000 0.07508683365441719271 0.00000000000000000000
3.7400000000 0.07501338769465946965 0.00000000000000000000
3.7500000000 0.07494047511305070020 0.00000000000000000000
3.7600000000 0.07486809014000234130 0.00000000000000000000
3.7700000000 0.07479622708822482313 0.00000000000000000000
3.7800000000 0.07472488035128360684 0.00000000000000000000
3.7900000000 0.07465404440218645354 0.00000000000000000000
3.8000000000 0.07458371379199896234 0.00000000000000000000
3.8100000000 0.07451388314848730876 0.00000000000000000000
3.8200000000 0.07444454717479159767 0.00000000000000000000
3.8300000000 0.07437570064812332182 0.00000000000000000000
3.8400000000 0.07430733841849004873 0.00000000000000000000
3.8500000000 0.07423945540744696092 0.00000000000000000000
3.8600000000 0.07417204660687198858 0.00000000000000000000
3.8700000000 0.07410510707776694905 0.00000000000000000000
3.8800000000 0.07403863194908173739 0.00000000000000000000
3.8900000000 0.07397261641656249775 0.00000000000000000000
3.9000000000 0.07390705574162242941 0.00000000000000000000
3.9100000000 0.07384194525023546340 0.00000000000000000000
3.9200000000 0.07377728033185214362 0.00000000000000000000
3.9300000000 0.07371305643833540866 0.00000000000000000000
3.9400000000 0.07364926908291939689 0.00000000000000000000
3.9500000000 0.07358591383918726414 0.00000000000000000000
3.9600000000 0.07352298634006954048 0.00000000000000000000
3.9700000000 0.07346048227686259591 0.00000000000000000000
3.9800000000 0.07339839739826474474 0.00000000000000000000
3.9900000000 0.07333672750943301399 0.00000000000000000000
4.0000000000 0.07327546847105684269 0.00000000000000000000
4.0100000000 0.07321461619844991942 0.00000000000000000000
4.0200000000 0.07315416666065994999 0.00000000000000000000
4.0300000000 0.07309411587959571688 0.00000000000000000000
4.0400000000 0.07303445992916964002 0.00000000000000000000
4.0500000000 0.07297519493445786543 0.00000000000000000000
4.0600000000 0.07291631707087685432 0.00000000000000000000
4.0700000000 0.07285782256337354490 0.00000000000000000000
4.0800000000 0.07279970768563327754 0.00000000000000000000
4.0900000000 0.07274196875930120931 0.00000000000000000000
4.1000000000 0.07268460215321848050 0.00000000000000000000
4.1100000000 0.07262760428267410473 0.00000000000000000000
4.1200000000 0.07257097160866851637 0.00000000000000000000
4.1300000000 0.07251470063719342440 0.00000000000000000000
4.1400000000 0.07245878791852322642 0.00000000000000000000
4.1500000000 0.07240323004652117478 0.00000000000000000000
4.1600000000 0.07234802365795624246 0.00000000000000000000
4.1700000000 0.07229316543183533783 0.00000000000000000000
4.1800000000 0.07223865208874537258 0.00000000000000000000
4.1900000000 0.07218448039020924911 0.00000000000000000000
4.2000000000 0.07213064713805276973 0.00000000000000000000
4.2100000000 0.07207714917378314767 0.00000000000000000000
4.2200000000 0.07202398337797910610 0.00000000000000000000
4.2300000000 0.07197114666969199603 0.00000000000000000000
4.2400000000 0.07191863600585798877 0.00000000000000000000
4.2500000000 0.07186644838072053787 0.00000000000000000000
4.2600000000 0.07181458082526341602 0.00000000000000000000
4.2700000000 0.07176303040665407695 0.00000000000000000000
4.2800000000 0.07171179422769700940 0.00000000000000000000
4.2900000000 0.07166086942629684708 0.00000000000000000000
4.3000000000 0.07161025317493086018 0.00000000000000000000
4.3100000000 0.07155994268013082804 0.00000000000000000000
4.3200000000 0.07150993518197508447 0.00000000000000000000
4.3300000000 0.07146022795358805690 0.00000000000000000000
4.3400000000 0.07141081830064976987 0.00000000000000000000
4.3500000000 0.07136170356091324496 0.00000000000000000000
4.3600000000 0.07131288110373126821 0.00000000000000000000
4.3700000000 0.07126434832959063770 0.00000000000000000000
4.3800000000 0.07121610266965469616 0.00000000000000000000
4.3900000000 0.07116814158531455103 0.00000000000000000000
4.4000000000 0.07112046256774692821 0.00000000000000000000
4.4100000000 0.07107306313748078253 0.00000000000000000000
4.4200000000 0.07102594084397086116 0.00000000000000000000
4.4300000000 0.07097909326517830297 0.00000000000000000000
4.4400000000 0.07093251800715949518 0.00000000000000000000
4.4500000000 0.07088621270366111948 0.00000000000000000000
4.4600000000 0.07084017501572204001 0.00000000000000000000
4.4700000000 0.07079440263128286559 0.00000000000000000000
4.4800000000 0.07074889326480110485 0.00000000000000000000
4.4900000000 0.07070364465687389854 0.00000000000000000000
4.5000000000 0.07065865457386596993 0.00000000000000000000
4.5100000000 0.07061392080754533285 0.00000000000000000000
4.5200000000 0.07056944117472351008 0.00000000000000000000
4.5300000000 0.07052521351690291262 0.00000000000000000000
4.5400000000 0.07048123569993007542 0.00000000000000000000
4.5500000000 0.07043750561365412499 0.00000000000000000000
4.5600000000 0.07039402117159125616 0.00000000000000000000
4.5700000000 0.07035078031059481540 0.00000000000000000000
4.5800000000 0.07030778099053119901 0.00000000000000000000
4.5900000000 0.07026502119396012269 0.00000000000000000000
4.6000000000 0.07022249892582128894 0.00000000000000000000
4.6100000000 0.07018021221312527314 0.00000000000000000000
4.6200000000 0.07013815910465062697 0.00000000000000000000
4.6300000000 0.07009633767064446519 0.00000000000000000000
4.6400000000 0.07005474600252918627 0.00000000000000000000
4.6500000000 0.07001338221261356465 0.00000000000000000000
4.6600000000 0.06997224443380803405 0.00000000000000000000
4.6700000000 0.06993133081934548023 0.00000000000000000000
4.6800000000 0.06989063954250600286 0.00000000000000000000
4.6900000000 0.06985016879634595166 0.00000000000000000000
4.7000000000 0.06980991679343223622 0.00000000000000000000
4.7100000000 0.06976988176557948063 0.00000000000000000000
4.7200000000 0.06973006196359254893 0.00000000000000000000
4.7300000000 0.06969045565701305345 0.00000000000000000000
4.7400000000 0.06965106113386897169 0.00000000000000000000
4.7500000000 0.06961187670042960629 0.00000000000000000000
4.7600000000 0.06957290068096323721 0.00000000000000000000
4.7700000000 0.06953413141749935356 0.00000000000000000000
4.7800000000 0.06949556726959438269 0.00000000000000000000
4.7900000000 0.06945720661410074992 0.00000000000000000000
4.8000000000 0.06941904784494075387 0.00000000000000000000
4.8100000000 0.06938108937288195444 0.00000000000000000000
4.8200000000 0.06934332962531827849 0.00000000000000000000
4.8300000000 0.06930576704605305449 0.00000000000000000000
4.8400000000 0.06926840009508594687 0.00000000000000000000
4.8500000000 0.06923122724840294340 0.00000000000000000000
4.8600000000 0.06919424699777022847 0.00000000000000000000
4.8700000000 0.06915745785053029060 0.00000000000000000000
4.8800000000 0.06912085832940174923 0.00000000000000000000
4.8900000000 0.06908444697228252607 0.00000000000000000000
4.9000000000 0.06904822233205500093 0.00000000000000000000
4.9100000000 0.06901218297639537258 0.00000000000000000000
4.9200000000 0.06897632748758521226 0.00000000000000000000
4.9300000000 0.06894065446232566785 0.00000000000000000000
4.9400000000 0.06890516251155517913 0.00000000000000000000
4.9500000000 0.06886985026026960777 0.00000000000000000000
4.9600000000 0.06883471634734492084 0.00000000000000000000
4.9700000000 0.06879975942536264988 0.00000000000000000000
4.9800000000 0.06876497816043811162 0.00000000000000000000
4.9900000000 0.06873037123205139043 0.00000000000000000000
5.0000000000 0.06869593733287981951 0.00000000000000000000
