0.1000000000 1.08695977007207900122 0.00000000000000000000
0.1100000000 1.05977429492997243798 0.00000000000000000000
0.1200000000 1.03311291986198638959 0.00000000000000000000
0.1300000000 1.00697884577535479167 0.00000000000000000000
0.1400000000 0.98137439934660708474 0.00000000000000000000
0.1500000000 0.95630105185403446733 0.00000000000000000000
0.1600000000 0.93175944165100799133 0.00000000000000000000
0.1700000000 0.90774939994664782805 0.00000000000000000000
0.1800000000 0.88426997954255859291 0.00000000000000000000
0.1900000000 0.86131948616270903596 0.00000000000000000000
0.2000000000 0.83889551200774592488 0.00000000000000000000
0.2100000000 0.81699497116483710268 0.00000000000000000000
0.2200000000 0.79561413650904833084 0.00000000000000000000
0.2300000000 0.77474867774178901580 0.00000000000000000000
0.2400000000 0.75439370022545215733 0.00000000000000000000
0.2500000000 0.73454378429041211618 0.00000000000000000000
0.2600000000 0.71519302471043544323 0.00000000000000000000
0.2700000000 0.69633507006467409983 0.00000000000000000000
0.2800000000 0.67796316172818116286 0.00000000000000000000
0.2900000000 0.66007017225774067271 0.00000000000000000000
0.3000000000 0.64264864296520951559 0.00000000000000000000
0.3100000000 0.62569082049608759633 0.00000000000000000000
0.3200000000 0.60918869225623184516 0.00000000000000000000
0.3300000000 0.59313402055413178005 0.00000000000000000000
0.3400000000 0.57751837534972283450 0.00000000000000000000
0.3500000000 0.56233316552302980984 0.00000000000000000000
0.3600000000 0.54756966859684608195 0.00000000000000000000
0.3700000000 0.53321905886704101807 0.00000000000000000000
0.3800000000 0.51927243391180932797 0.00000000000000000000
0.3900000000 0.50572083946724444292 0.00000000000000000000
0.4000000000 0.49255529267097475365 0.00000000000000000000
0.4100000000 0.47976680368828505951 0.00000000000000000000
0.4200000000 0.46734639574619435409 0.00000000000000000000
0.4300000000 0.45528512361046291623 0.00000000000000000000
0.4400000000 0.44357409054848612184 0.00000000000000000000
0.4500000000 0.43220446382767341298 0.00000000000000000000
0.4600000000 0.42116748880422527623 0.00000000000000000000
0.4700000000 0.41045450166138364168 0.00000000000000000000
0.4800000000 0.40005694085932513859 0.00000000000000000000
0.4900000000 0.38996635736098378411 0.00000000000000000000
0.5000000000 0.38017442369938853064 0.00000000000000000000
0.5100000000 0.37067294195260741541 0.00000000000000000000
0.5200000000 0.36145385069230695496 0.00000000000000000000
0.5300000000 0.35250923097123404437 0.00000000000000000000
0.5400000000 0.34383131141379763562 0.00000000000000000000
0.5500000000 0.33541247247239258655 0.00000000000000000000
0.5600000000 0.32724524991024928067 0.00000000000000000000
0.5700000000 0.31932233756947864256 0.00000000000000000000
0.5800000000 0.31163658948068406751 0.00000000000000000000
0.5900000000 0.30418102136804503477 0.00000000000000000000
0.6000000000 0.29694881160123998143 0.00000000000000000000
0.6100000000 0.28993330164293623641 0.00000000000000000000
0.6200000000 0.28312799603796029446 0.00000000000000000000
0.6300000000 0.27652656198759384409 0.00000000000000000000
0.6400000000 0.27012282854984159819 0.00000000000000000000
0.6500000000 0.26391078550393964886 0.00000000000000000000
0.6600000000 0.25788458191487040327 0.00000000000000000000
0.6700000000 0.25203852443120194904 0.00000000000000000000
0.6800000000 0.24636707534723767399 0.00000000000000000000
0.6900000000 0.24086485045822228490 0.00000000000000000000
0.7000000000 0.23552661673513541896 0.00000000000000000000
0.7100000000 0.23034728984363694870 0.00000000000000000000
0.7200000000 0.22532193152970500516 0.00000000000000000000
0.7300000000 0.22044574689271048684 0.00000000000000000000
0.7400000000 0.21571408156491336805 0.00000000000000000000
0.7500000000 0.21112241881474941296 0.00000000000000000000
0.7600000000 0.20666637658970549163 0.00000000000000000000
0.7700000000 0.20234170451321048523 0.00000000000000000000
0.7800000000 0.19814428084855653656 0.00000000000000000000
0.7900000000 0.19407010944167921163 0.00000000000000000000
0.8000000000 0.19011531665342204511 0.00000000000000000000
0.8100000000 0.18627614829086902581 0.00000000000000000000
0.8200000000 0.18254896654630273223 0.00000000000000000000
0.8300000000 0.17893024695143142089 0.00000000000000000000
0.8400000000 0.17541657535372431886 0.00000000000000000000
0.8500000000 0.17200464492081340984 0.00000000000000000000
0.8600000000 0.16869125317830774291 0.00000000000000000000
0.8700000000 0.16547329908564742396 0.00000000000000000000
0.8800000000 0.16234778015401274409 0.00000000000000000000
0.8900000000 0.15931178960978434334 0.00000000000000000000
0.9000000000 0.15636251360653621867 0.00000000000000000000
0.9100000000 0.15349722848805216757 0.00000000000000000000
0.9200000000 0.15071329810449135556 0.00000000000000000000
0.9300000000 0.14800817118341241807 0.00000000000000000000
0.9400000000 0.14537937875699163959 0.00000000000000000000
0.9500000000 0.14282453164654315692 0.00000000000000000000
0.9600000000 0.14034131800514917932 0.00000000000000000000
0.9700000000 0.13792750091878952512 0.00000000000000000000
0.9800000000 0.13558091606647912353 0.00000000000000000000
0.9900000000 0.13329946943932344250 0.00000000000000000000
1.0000000000 0.13108113511853894395 0.00000000000000000000
1.0100000000 0.12892395311206633624 0.00000000000000000000
1.0200000000 0.12682602724950084450 0.00000000000000000000
1.0300000000 0.12478552313502128124 0.00000000000000000000
1.0400000000 0.12280066615706237976 0.00000000000000000000
1.0500000000 0.12086973955472121722 0.00000000000000000000
1.0600000000 0.11899108253970812343 0.00000000000000000000
1.0700000000 0.11716308847307381480 0.00000000000000000000
1.0800000000 0.11538420309577517020 0.00000000000000000000
1.0900000000 0.11365292281205156832 0.00000000000000000000
1.1000000000 0.11196779302464539285 0.00000000000000000000
1.1100000000 0.11032740652076679366 0.00000000000000000000
1.1200000000 0.10873040190771111890 0.00000000000000000000
1.1300000000 0.10717546209702018267 0.00000000000000000000
1.1400000000 0.10566131283605578739 0.00000000000000000000
1.1500000000 0.10418672128584205439 0.00000000000000000000
1.1600000000 0.10275049464404364952 0.00000000000000000000
1.1700000000 0.10135147881189913999 0.00000000000000000000
1.1800000000 0.09998855710398789343 0.00000000000000000000
1.1900000000 0.09866064899968066126 0.00000000000000000000
1.2000000000 0.09736670893512640312 0.00000000000000000000
1.2100000000 0.09610572513466017486 0.00000000000000000000
1.2200000000 0.09487671848051457135 0.00000000000000000000
1.2300000000 0.09367874141973539515 0.00000000000000000000
1.2400000000 0.09251087690720991019 0.00000000000000000000
1.2500000000 0.09137223738375860327 0.00000000000000000000
1.2600000000 0.09026196378821407795 0.00000000000000000000
1.2700000000 0.08917922460248860206 0.00000000000000000000
1.2800000000 0.08812321492859764849 0.00000000000000000000
1.2900000000 0.08709315559666475082 0.00000000000000000000
1.3000000000 0.08608829230293603418 0.00000000000000000000
1.3100000000 0.08510789477685981597 0.00000000000000000000
1.3200000000 0.08415125597631556431 0.00000000000000000000
1.3300000000 0.08321769131008298348 0.00000000000000000000
1.3400000000 0.08230653788668090831 0.00000000000000000000
1.3500000000 0.08141715378872353692 0.00000000000000000000
1.3600000000 0.08054891737195446488 0.00000000000000000000
1.3700000000 0.07970122658815501082 0.00000000000000000000
1.3800000000 0.07887349833114108699 0.00000000000000000000
1.3900000000 0.07806516780508247766 0.00000000000000000000
1.4000000000 0.07727568791439641538 0.00000000000000000000
1.4100000000 0.07650452867450373284 0.00000000000000000000
1.4200000000 0.07575117664274193252 0.00000000000000000000
1.4300000000 0.07501513436875731355 0.00000000000000000000
1.4400000000 0.07429591986371893164 0.00000000000000000000
1.4500000000 0.07359306608771180869 0.00000000000000000000
1.4600000000 0.07290612045470221125 0.00000000000000000000
1.4700000000 0.07223464435445804688 0.00000000000000000000
1.4800000000 0.07157821269086539484 0.00000000000000000000
1.4900000000 0.07093641343606028882 0.00000000000000000000
1.5000000000 0.07030884719984589748 0.00000000000000000000
1.5100000000 0.06969512681386097475 0.00000000000000000000
1.5200000000 0.06909487692999721764 0.00000000000000000000
1.5300000000 0.06850773363256579263 0.00000000000000000000
1.5400000000 0.06793334406374608447 0.00000000000000000000
1.5500000000 0.06737136606184679355 0.00000000000000000000
1.5600000000 0.06682146781194558960 0.00000000000000000000
1.5700000000 0.06628332750846714638 0.00000000000000000000
1.5800000000 0.06575663302929316001 0.00000000000000000000
1.5900000000 0.06524108162099401254 0.00000000000000000000
1.6000000000 0.06473637959480565973 0.00000000000000000000
1.6100000000 0.06424224203296581559 0.00000000000000000000
1.6200000000 0.06375839250505763167 0.00000000000000000000
1.6300000000 0.06328456279400568318 0.00000000000000000000
1.6400000000 0.06282049263138836381 0.00000000000000000000
1.6500000000 0.06236592944174547404 0.00000000000000000000
1.6600000000 0.06192062809556058561 0.00000000000000000000
1.6700000000 0.06148435067061758241 0.00000000000000000000
1.6800000000 0.06105686622144457926 0.00000000000000000000
1.6900000000 0.06063795055655026717 0.00000000000000000000
1.7000000000 0.06022738602319217815 0.00000000000000000000
1.7100000000 0.05982496129940841761 0.00000000000000000000
1.7200000000 0.05943047119305917142 0.00000000000000000000
1.7300000000 0.05904371644763387050 0.00000000000000000000
1.7400000000 0.05866450355458927013 0.00000000000000000000
1.7500000000 0.05829264457198737870 0.00000000000000000000
1.7600000000 0.05792795694921674954 0.00000000000000000000
1.7700000000 0.05757026335758279323 0.00000000000000000000
1.7800000000 0.05721939152656478622 0.00000000000000000000
1.7900000000 0.05687517408553878495 0.00000000000000000000
1.8000000000 0.05653744841078023331 0.00000000000000000000
1.8100000000 0.05620605647756033579 0.00000000000000000000
1.8200000000 0.05588084471715863005 0.00000000000000000000
1.8300000000 0.05556166387862304656 0.00000000000000000000
1.8400000000 0.05524836889511214322 0.00000000000000000000
1.8500000000 0.05494081875465849779 0.00000000000000000000
1.8600000000 0.05463887637520301738 0.00000000000000000000
1.8700000000 0.05434240848375095079 0.00000000000000000000
1.8800000000 0.05405128549950821010 0.00000000000000000000
1.8900000000 0.05376538142085720423 0.00000000000000000000
1.9000000000 0.05348457371604422445 0.00000000000000000000
1.9100000000 0.05320874321744800683 0.00000000000000000000
1.9200000000 0.05293777401930646609 0.00000000000000000000
1.9300000000 0.05267155337878184906 0.00000000000000000000
1.9400000000 0.05240997162025189116 0.00000000000000000000
1.9500000000 0.05215292204271351068 0.00000000000000000000
1.9600000000 0.05190030083019491619 0.00000000000000000000
1.9700000000 0.05165200696507174505 0.00000000000000000000
1.9800000000 0.05140794214418735464 0.00000000000000000000
1.9900000000 0.05116801069768381338 0.00000000000000000000
2.0000000000 0.05093211951044838287 0.00000000000000000000
2.0100000000 0.05070017794608863010 0.00000000000000000000
2.0200000000 0.05047209777334942665 0.00000000000000000000
2.0300000000 0.05024779309488808937 0.00000000000000000000
2.0400000000 0.05002718027832878112 0.00000000000000000000
2.0500000000 0.04981017788951991321 0.00000000000000000000
2.0600000000 0.04959670662791600126 0.00000000000000000000
2.0700000000 0.04938668926401792308 0.00000000000000000000
2.0800000000 0.04918005057879764469 0.00000000000000000000
2.0900000000 0.04897671730504287585 0.00000000000000000000
2.1000000000 0.04877661807055597848 0.00000000000000000000
2.1100000000 0.04857968334314634318 0.00000000000000000000
2.1200000000 0.04838584537735403368 0.00000000000000000000
2.1300000000 0.04819503816284911868 0.00000000000000000000
2.1400000000 0.04800719737444859858 0.00000000000000000000
2.1500000000 0.04782226032369926022 0.00000000000000000000
2.1600000000 0.04764016591197062223 0.00000000000000000000
2.1700000000 0.04746085458501307641 0.00000000000000000000
2.1800000000 0.04728426828892755979 0.00000000000000000000
2.1900000000 0.04711035042750261886 0.00000000000000000000
2.2000000000 0.04693904582087390226 0.00000000000000000000
2.2100000000 0.04677030066546004200 0.00000000000000000000
2.2200000000 0.04660406249513635718 0.00000000000000000000
2.2300000000 0.04644028014360210982 0.00000000000000000000
2.2400000000 0.04627890370790439800 0.00000000000000000000
2.2500000000 0.04611988451308005749 0.00000000000000000000
2.2600000000 0.04596317507787884421 0.00000000000000000000
2.2700000000 0.04580872908153253015 0.00000000000000000000
2.2800000000 0.04565650133153647400 0.00000000000000000000
2.2900000000 0.04550644773240924285 0.00000000000000000000
2.3000000000 0.04535852525540033653 0.00000000000000000000
2.3100000000 0.04521269190911397090 0.00000000000000000000
2.3200000000 0.04506890671101913826 0.00000000000000000000
2.3300000000 0.04492712965981830731 0.00000000000000000000
2.3400000000 0.04478732170864680590 0.00000000000000000000
2.3500000000 0.04464944473907421496 0.00000000000000000000
2.3600000000 0.04451346153588586069 0.00000000000000000000
2.3700000000 0.04437933576261521296 0.00000000000000000000
2.3800000000 0.04424703193780530480 0.00000000000000000000
2.3900000000 0.04411651541197714882 0.00000000000000000000
2.4000000000 0.04398775234527838723 0.00000000000000000000
2.4100000000 0.04386070968579523083 0.00000000000000000000
2.4200000000 0.04373535514850370592 0.00000000000000000000
2.4300000000 0.04361165719484048214 0.00000000000000000000
2.4400000000 0.04348958501287410183 0.00000000000000000000
2.4500000000 0.04336910849805756391 0.00000000000000000000
2.4600000000 0.04325019823454346463 0.00000000000000000000
2.4700000000 0.04313282547704420239 0.00000000000000000000
2.4800000000 0.04301696213322070417 0.00000000000000000000
2.4900000000 0.04290258074658175741 0.00000000000000000000
2.5000000000 0.04278965447987951448 0.00000000000000000000
2.5100000000 0.04267815709898466203 0.00000000000000000000
2.5200000000 0.04256806295722583705 0.00000000000000000000
2.5300000000 0.04245934698018125064 0.00000000000000000000
2.5400000000 0.04235198465090470044 0.00000000000000000000
2.5500000000 0.04224595199557690250 0.00000000000000000000
2.5600000000 0.04214122556956358817 0.00000000000000000000
2.5700000000 0.04203778244387400970 0.00000000000000000000
2.5800000000 0.04193560019200315292 0.00000000000000000000
2.5900000000 0.04183465687714611747 0.00000000000000000000
2.6000000000 0.04173493103977568564 0.00000000000000000000
2.6100000000 0.04163640168556949350 0.00000000000000000000
2.6200000000 0.04153904827367779773 0.00000000000000000000
2.6300000000 0.04144285070532058995 0.00000000000000000000
2.6400000000 0.04134778931270377544 0.00000000000000000000
2.6500000000 0.04125384484824517334 0.00000000000000000000
2.6600000000 0.04116099847410219226 0.00000000000000000000
2.6700000000 0.04106923175198876064 0.00000000000000000000
2.6800000000 0.04097852663327615497 0.00000000000000000000
2.6900000000 0.04088886544936807393 0.00000000000000000000
2.7000000000 0.04080023090233967503 0.00000000000000000000
2.7100000000 0.04071260605583690295 0.00000000000000000000
2.7200000000 0.04062597432622364751 0.00000000000000000000
2.7300000000 0.04054031947397305352 0.00000000000000000000
2.7400000000 0.04045562559529295582 0.00000000000000000000
2.7500000000 0.04037187711398113749 0.00000000000000000000
2.7600000000 0.04028905877350046072 0.00000000000000000000
2.7700000000 0.04020715562927044961 0.00000000000000000000
2.7800000000 0.04012615304116656095 0.00000000000000000000
2.7900000000 0.04004603666622259805 0.00000000000000000000
2.8000000000 0.03996679245152948839 0.00000000000000000000
2.8100000000 0.03988840662732433956 0.00000000000000000000
2.8200000000 0.03981086570026535348 0.00000000000000000000
2.8300000000 0.03973415644688616660 0.00000000000000000000
2.8400000000 0.03965826590722456441 0.00000000000000000000
2.8500000000 0.03958318137862093522 0.00000000000000000000
2.8600000000 0.03950889040968096066 0.00000000000000000000
2.8700000000 0.03943538079439803251 0.00000000000000000000
2.8800000000 0.03936264056643116321 0.00000000000000000000
2.8900000000 0.03929065799353281124 0.00000000000000000000
2.9000000000 0.03921942157212363056 0.00000000000000000000
2.9100000000 0.03914892002200920373 0.00000000000000000000
2.9200000000 0.03907914228123423456 0.00000000000000000000
2.9300000000 0.03901007750107136213 0.00000000000000000000
2.9400000000 0.03894171504114025267 0.00000000000000000000
2.9500000000 0.03887404446465241026 0.00000000000000000000
2.9600000000 0.03880705553377980510 0.00000000000000000000
2.9700000000 0.03874073820514275374 0.00000000000000000000
2.9800000000 0.03867508262541311664 0.00000000000000000000
2.9900000000 0.03861007912703107170 0.00000000000000000000
3.0000000000 0.03854571822403128623 0.00000000000000000000
3.0100000000 0.03848199060797512921 0.00000000000000000000
3.0200000000 0.03841888714398697391 0.00000000000000000000
3.0300000000 0.03835639886689112127 0.00000000000000000000
3.0400000000 0.03829451697744559735 0.00000000000000000000
3.0500000000 0.03823323283867255395 0.00000000000000000000
3.0600000000 0.03817253797227928430 0.00000000000000000000
3.0700000000 0.03811242405517090148 0.00000000000000000000
3.0800000000 0.03805288291604934370 0.00000000000000000000
3.0900000000 0.03799390653209719360 0.00000000000000000000
3.1000000000 0.03793548702574486148 0.00000000000000000000
3.1100000000 0.03787761666151751028 0.00000000000000000000
3.1200000000 0.03782028784296050106 0.00000000000000000000
3.1300000000 0.03776349310964060429 0.00000000000000000000
3.1400000000 0.03770722513422092304 0.00000000000000000000
3.1500000000 0.03765147671960860504 0.00000000000000000000
3.1600000000 0.03759624079617158304 0.00000000000000000000
3.1700000000 0.03754151041902330233 0.00000000000000000000
3.1800000000 0.03748727876537457510 0.00000000000000000000
3.1900000000 0.03743353913194979316 0.00000000000000000000
3.2000000000 0.03738028493246380035 0.00000000000000000000
3.2100000000 0.03732750969516326900 0.00000000000000000000
3.2200000000 0.03727520706042394827 0.00000000000000000000
3.2300000000 0.03722337077840814912 0.00000000000000000000
3.2400000000 0.03717199470677737955 0.00000000000000000000
3.2500000000 0.03712107280845973467 0.00000000000000000000
3.2600000000 0.03707059914947102852 0.00000000000000000000
3.2700000000 0.03702056789678720428 0.00000000000000000000
3.2800000000 0.03697097331626781475 0.00000000000000000000
3.2900000000 0.03692180977062830410 0.00000000000000000000
3.3000000000 0.03687307171746023737 0.00000000000000000000
3.3100000000 0.03682475370729818703 0.00000000000000000000
3.3200000000 0.03677685038173202081 0.00000000000000000000
3.3300000000 0.03672935647156330002 0.00000000000000000000
3.3400000000 0.03668226679500496967 0.00000000000000000000
3.3500000000 0.03663557625592246680 0.00000000000000000000
3.3600000000 0.03658927984211637896 0.00000000000000000000
3.3700000000 0.03654337262364410616 0.00000000000000000000
3.3800000000 0.03649784975118121333 0.00000000000000000000
3.3900000000 0.03645270645441950341 0.00000000000000000000
3.4000000000 0.03640793804050263677 0.00000000000000000000
3.4100000000 0.03636353989249734020 0.00000000000000000000
3.4200000000 0.03631950746789937290 0.00000000000000000000
3.4300000000 0.03627583629717408276 0.00000000000000000000
3.4400000000 0.03623252198232920773 0.00000000000000000000
3.4500000000 0.03618956019552083125 0.00000000000000000000
3.4600000000 0.03614694667769053488 0.00000000000000000000
3.4700000000 0.03610467723723336658 0.00000000000000000000
3.4800000000 0.03606274774869518140 0.00000000000000000000
3.4900000000 0.03602115415150030503 0.00000000000000000000
3.5000000000 0.03597989244870612724 0.00000000000000000000
3.5100000000 0.03593895870578710933 0.00000000000000000000
3.5200000000 0.03589834904944423644 0.00000000000000000000
3.5300000000 0.03585805966644212833 0.00000000000000000000
3.5400000000 0.03581808680247071386 0.00000000000000000000
3.5500000000 0.03577842676103330788 0.00000000000000000000
3.5600000000 0.03573907590235778781 0.00000000000000000000
3.5700000000 0.03570003064233238932 0.00000000000000000000
3.5800000000 0.03566128745146472656 0.00000000000000000000
3.5900000000 0.03562284285386321803 0.00000000000000000000
3.6000000000 0.03558469342624099446 0.00000000000000000000
3.6100000000 0.03554683579694076917 0.00000000000000000000
3.6200000000 0.03550926664498186419 0.00000000000000000000
3.6300000000 0.03547198269912640867 0.00000000000000000000
3.6400000000 0.03543498073696701306 0.00000000000000000000
3.6500000000 0.03539825758403242900 0.00000000000000000000
3.6600000000 0.03536181011291430337 0.00000000000000000000
3.6700000000 0.03532563524241034980 0.00000000000000000000
3.6800000000 0.03528972993668751806 0.00000000000000000000
3.6900000000 0.03525409120446183070 0.00000000000000000000
3.7000000000 0.03521871609819594157 0.00000000000000000000
3.7100000000 0.03518360171331389591 0.00000000000000000000
3.7200000000 0.03514874518743161397 0.00000000000000000000
3.7300000000 0.03511414369960416670 0.00000000000000000000
3.7400000000 0.03507979446958876119 0.00000000000000000000
3.7500000000 0.03504569475712229765 0.00000000000000000000
3.7600000000 0.03501184186121527459 0.00000000000000000000
3.7700000000 0.03497823311945921082 0.00000000000000000000
3.7800000000 0.03494486590734850046 0.00000000000000000000
3.7900000000 0.03491173763761714482 0.00000000000000000000
3.8000000000 0.03487884575958789812 0.00000000000000000000
3.8100000000 0.03484618775853561001 0.00000000000000000000
3.8200000000 0.03481376115506311375 0.00000000000000000000
3.8300000000 0.03478156350449021494 0.00000000000000000000
3.8400000000 0.03474959239625480256 0.00000000000000000000
3.8500000000 0.03471784545332613076 0.00000000000000000000
3.8600000000 0.03468632033163004252 0.00000000000000000000
3.8700000000 0.03465501471948579520 0.00000000000000000000
3.8800000000 0.03462392633705407841 0.00000000000000000000
3.8900000000 0.03459305293579630763 0.00000000000000000000
3.9000000000 0.03456239229794431933 0.00000000000000000000
3.9100000000 0.03453194223598145263 0.00000000000000000000
3.9200000000 0.03450170059213254758 0.00000000000000000000
3.9300000000 0.03447166523786569098 0.00000000000000000000
3.9400000000 0.03444183407340260794 0.00000000000000000000
3.9500000000 0.03441220502723929542 0.00000000000000000000
3.9600000000 0.03438277605567555129 0.00000000000000000000
3.9700000000 0.03435354514235460649 0.00000000000000000000
3.9800000000 0.03432451029781070917 0.00000000000000000000
3.9900000000 0.03429566955902644404 0.00000000000000000000
4.0000000000 0.03426702098899779558 0.00000000000000000000
4.0100000000 0.03423856267630845385 0.00000000000000000000
4.0200000000 0.03421029273471189180 0.00000000000000000000
4.0300000000 0.03418220930272155428 0.00000000000000000000
4.0400000000 0.03415431054320890863 0.00000000000000000000
4.0500000000 0.03412659464300929479 0.00000000000000000000
4.0600000000 0.03409905981253533863 0.00000000000000000000
4.0700000000 0.03407170428539750551 0.00000000000000000000
4.0800000000 0.03404452631803232820 0.00000000000000000000
4.0900000000 0.03401752418933683131 0.00000000000000000000
4.1000000000 0.03399069620031099082 0.00000000000000000000
4.1100000000 0.03396404067370602936 0.00000000000000000000
4.1200000000 0.03393755595367983074 0.00000000000000000000
4.1300000000 0.03391124040545837742 0.00000000000000000000
4.1400000000 0.03388509241500410607 0.00000000000000000000
4.1500000000 0.03385911038868984896 0.00000000000000000000
4.1600000000 0.03383329275297923544 0.00000000000000000000
4.1700000000 0.03380763795411297762 0.00000000000000000000
4.1800000000 0.03378214445780058223 0.00000000000000000000
4.1900000000 0.03375681074891851569 0.00000000000000000000
4.2000000000 0.03373163533121277535 0.00000000000000000000
4.2100000000 0.03370661672700842743 0.00000000000000000000
4.2200000000 0.03368175347692281552 0.00000000000000000000
4.2300000000 0.03365704413958535424 0.00000000000000000000
4.2400000000 0.03363248729136156245 0.00000000000000000000
4.2500000000 0.03360808152608259908 0.00000000000000000000
4.2600000000 0.03358382545477944098 0.00000000000000000000
4.2700000000 0.03355971770542178628 0.00000000000000000000
4.2800000000 0.03353575692266218267 0.00000000000000000000
4.2900000000 0.03351194176758386101 0.00000000000000000000
4.3000000000 0.03348827091745393975 0.00000000000000000000
4.3100000000 0.03346474306548043176 0.00000000000000000000
4.3200000000 0.03344135692057420561 0.00000000000000000000
4.3300000000 0.03341811120711431909 0.00000000000000000000
4.3400000000 0.03339500466471827939 0.00000000000000000000
4.3500000000 0.03337203604801593226 0.00000000000000000000
4.3600000000 0.03334920412642756321 0.00000000000000000000
4.3700000000 0.03332650768394570390 0.00000000000000000000
4.3800000000 0.03330394551892095628 0.00000000000000000000
4.3900000000 0.03328151644385120289 0.00000000000000000000
4.4000000000 0.03325921928517515391 0.00000000000000000000
4.4100000000 0.03323705288306875311 0.00000000000000000000
4.4200000000 0.03321501609124538623 0.00000000000000000000
4.4300000000 0.03319310777676001689 0.00000000000000000000
4.4400000000 0.03317132681981573711 0.00000000000000000000
4.4500000000 0.03314967211357443266 0.00000000000000000000
4.4600000000 0.03312814256397046686 0.00000000000000000000
4.4700000000 0.03310673708952763250 0.00000000000000000000
4.4800000000 0.03308545462117860186 0.00000000000000000000
4.4900000000 0.03306429410208864411 0.00000000000000000000
4.5000000000 0.03304325448748112598 0.00000000000000000000
4.5100000000 0.03302233474446689132 0.00000000000000000000
4.5200000000 0.03300153385187575700 0.00000000000000000000
4.5300000000 0.03298085080009149905 0.00000000000000000000
4.5400000000 0.03296028459088911483 0.00000000000000000000
4.5500000000 0.03293983423727522147 0.00000000000000000000
4.5600000000 0.03291949876333065406 0.00000000000000000000
4.5700000000 0.03289927720405624173 0.00000000000000000000
4.5800000000 0.03287916860522077656 0.00000000000000000000
4.5900000000 0.03285917202321116809 0.00000000000000000000
4.6000000000 0.03283928652488625477 0.00000000000000000000
4.6100000000 0.03281951118743157980 0.00000000000000000000
4.6200000000 0.03279984509821757405 0.00000000000000000000
4.6300000000 0.03278028735465961241 0.00000000000000000000
4.6400000000 0.03276083706408054047 0.00000000000000000000
4.6500000000 0.03274149334357523422 0.00000000000000000000
4.6600000000 0.03272225531987766473 0.00000000000000000000
4.6700000000 0.03270312212922999590 0.00000000000000000000
4.6800000000 0.03268409291725343085 0.00000000000000000000
4.6900000000 0.03266516683882188243 0.00000000000000000000
4.7000000000 0.03264634305793714247 0.00000000000000000000
4.7100000000 0.03262762074760604258 0.00000000000000000000
4.7200000000 0.03260899908971996719 0.00000000000000000000
4.7300000000 0.03259047727493573354 0.00000000000000000000
4.7400000000 0.03257205450255924034 0.00000000000000000000
4.7500000000 0.03255372998042979638 0.00000000000000000000
4.7600000000 0.03253550292480730799 0.00000000000000000000
4.7700000000 0.03251737256026074330 0.00000000000000000000
4.7800000000 0.03249933811955851848 0.00000000000000000000
4.7900000000 0.03248139884356043838 0.00000000000000000000
4.8000000000 0.03246355398111158003 0.00000000000000000000
4.8100000000 0.03244580278893759856 0.00000000000000000000
4.8200000000 0.03242814453154198306 0.00000000000000000000
4.8300000000 0.03241057848110457523 0.00000000000000000000
4.8400000000 0.03239310391738162848 0.00000000000000000000
4.8500000000 0.03237572012760801116 0.00000000000000000000
4.8600000000 0.03235842640640027718 0.00000000000000000000
4.8700000000 0.03234122205566131864 0.00000000000000000000
4.8800000000 0.03232410638448694751 0.00000000000000000000
4.8900000000 0.03230707870907335855 0.00000000000000000000
4.9000000000 0.03229013835262632692 0.00000000000000000000
4.9100000000 0.03227328464527175200 0.00000000000000000000
4.9200000000 0.03225651692396745013 0.00000000000000000000
4.9300000000 0.03223983453241652253 0.00000000000000000000
4.9400000000 0.03222323682098165998 0.00000000000000000000
4.9500000000 0.03220672314660107116 0.00000000000000000000
4.9600000000 0.03219029287270553513 0.00000000000000000000
4.9700000000 0.03217394536913700115 0.00000000000000000000
4.9800000000 0.03215768001206771587 0.00000000000000000000
4.9900000000 0.03214149618392134894 0.00000000000000000000
5.0000000000 0.03212539327329468758 0.00000000000000000000
