0.1000000000 2.13400321516329505300 0.00000000000000000000
0.1100000000 2.07660709940140897345 0.00000000000000000000
0.1200000000 2.02043563393934189065 0.00000000000000000000
0.1300000000 1.96549357840268945630 0.00000000000000000000
0.1400000000 1.91178344150338164198 0.00000000000000000000
0.1500000000 1.85930554919689550175 0.00000000000000000000
0.1600000000 1.80805812277895472384 0.00000000000000000000
0.1700000000 1.75803736570990043475 0.00000000000000000000
0.1800000000 1.70923755791977782792 0.00000000000000000000
0.1900000000 1.66165115633566129461 0.00000000000000000000
0.2000000000 1.61526890038305026565 0.00000000000000000000
0.2100000000 1.57007992124330542083 0.00000000000000000000
0.2200000000 1.52607185369642239792 0.00000000000000000000
0.2300000000 1.48323094944049360677 0.00000000000000000000
0.2400000000 1.44154219085306922743 0.00000000000000000000
0.2500000000 1.40098940424265538951 0.00000000000000000000
0.2600000000 1.36155537172806528901 0.00000000000000000000
0.2700000000 1.32322194097684819880 0.00000000000000000000
0.2800000000 1.28597013212912703040 0.00000000000000000000
0.2900000000 1.24978024132808718250 0.00000000000000000000
0.3000000000 1.21463194037108745960 0.00000000000000000000
0.3100000000 1.18050437208460445859 0.00000000000000000000
0.3200000000 1.14737624111075375843 0.00000000000000000000
0.3300000000 1.11522589987201481421 0.00000000000000000000
0.3400000000 1.08403142955344167220 0.00000000000000000000
0.3500000000 1.05377071600758043246 0.00000000000000000000
0.3600000000 1.02442152054643154102 0.00000000000000000000
0.3700000000 0.99596154563690697525 0.00000000000000000000
0.3800000000 0.96836849556164972253 0.00000000000000000000
0.3900000000 0.94162013214585038590 0.00000000000000000000
0.4000000000 0.91569432568330744182 0.00000000000000000000
0.4100000000 0.89056910122170562794 0.00000000000000000000
0.4200000000 0.86622268038848027061 0.00000000000000000000
0.4300000000 0.84263351895510452128 0.00000000000000000000
0.4400000000 0.81978034034969093913 0.00000000000000000000
0.4500000000 0.79764216533595289071 0.00000000000000000000
0.4600000000 0.77619833808124882868 0.00000000000000000000
0.4700000000 0.75542854883814058997 0.00000000000000000000
0.4800000000 0.73531285346306707318 0.00000000000000000000
0.4900000000 0.71583168999268320665 0.00000000000000000000
0.5000000000 0.69696589249367668639 0.00000000000000000000
0.5100000000 0.67869670239560619951 0.00000000000000000000
0.5200000000 0.66100577750891131856 0.00000000000000000000
0.5300000000 0.64387519892201161564 0.00000000000000000000
0.5400000000 0.62728747596246459128 0.00000000000000000000
0.5500000000 0.61122554939782713923 0.00000000000000000000
0.5600000000 0.59567279304222586767 0.00000000000000000000
0.5700000000 0.58061301392494280016 0.00000000000000000000
0.5800000000 0.56603045116756023347 0.00000000000000000000
0.5900000000 0.55190977370664451307 0.00000000000000000000
0.6000000000 0.53823607698952991019 0.00000000000000000000
0.6100000000 0.52499487876160289002 0.00000000000000000000
0.6200000000 0.51217211405469131869 0.00000000000000000000
0.6300000000 0.49975412947771369332 0.00000000000000000000
0.6400000000 0.48772767690263507667 0.00000000000000000000
0.6500000000 0.47607990663112559337 0.00000000000000000000
0.6600000000 0.46479836012007763602 0.00000000000000000000
0.6700000000 0.45387096233729873340 0.00000000000000000000
0.6800000000 0.44328601381224430611 0.00000000000000000000
0.6900000000 0.43303218244075869503 0.00000000000000000000
0.7000000000 0.42309849509706554116 0.00000000000000000000
0.7100000000 0.41347432910114123583 0.00000000000000000000
0.7200000000 0.40414940358474532589 0.00000000000000000000
0.7300000000 0.39511377079489312658 0.00000000000000000000
0.7400000000 0.38635780736945724012 0.00000000000000000000
0.7500000000 0.37787220561578194200 0.00000000000000000000
0.7600000000 0.36964796481968326125 0.00000000000000000000
0.7700000000 0.36167638260902473801 0.00000000000000000000
0.7800000000 0.35394904639311192129 0.00000000000000000000
0.7900000000 0.34645782489648724312 0.00000000000000000000
0.8000000000 0.33919485980324076690 0.00000000000000000000
0.8100000000 0.33215255752576822168 0.00000000000000000000
0.8200000000 0.32532358110983944366 0.00000000000000000000
0.8300000000 0.31870084228605793930 0.00000000000000000000
0.8400000000 0.31227749367613838460 0.00000000000000000000
0.8500000000 0.30604692116087961473 0.00000000000000000000
0.8600000000 0.30000273641545932568 0.00000000000000000000
0.8700000000 0.29413876961637530627 0.00000000000000000000
0.8800000000 0.28844906232337108598 0.00000000000000000000
0.8900000000 0.28292786053863661078 0.00000000000000000000
0.9000000000 0.27756960794474944132 0.00000000000000000000
0.9100000000 0.27236893932205741287 0.00000000000000000000
0.9200000000 0.26732067414559740337 0.00000000000000000000
0.9300000000 0.26241981036078459999 0.00000000000000000000
0.9400000000 0.25766151833699851847 0.00000000000000000000
0.9500000000 0.25304113499742081350 0.00000000000000000000
0.9600000000 0.24855415812299358480 0.00000000000000000000
0.9700000000 0.24419624082855034830 0.00000000000000000000
0.9800000000 0.23996318620818457568 0.00000000000000000000
0.9900000000 0.23585094214708085536 0.00000000000000000000
1.0000000000 0.23185559629728005882 0.00000000000000000000
1.0100000000 0.22797337121262442605 0.00000000000000000000
1.0200000000 0.22420061964152543377 0.00000000000000000000
1.0300000000 0.22053381997301915729 0.00000000000000000000
1.0400000000 0.21696957183175410999 0.00000000000000000000
1.0500000000 0.21350459181974915102 0.00000000000000000000
1.0600000000 0.21013570940031270351 0.00000000000000000000
1.0700000000 0.20685986292058067271 0.00000000000000000000
1.0800000000 0.20367409576903136581 0.00000000000000000000
1.0900000000 0.20057555266404702987 0.00000000000000000000
1.1000000000 0.19756147606998392119 0.00000000000000000000
1.1100000000 0.19462920273692052575 0.00000000000000000000
1.1200000000 0.19177616036047698267 0.00000000000000000000
1.1300000000 0.18899986435805604668 0.00000000000000000000
1.1400000000 0.18629791475792076283 0.00000000000000000000
1.1500000000 0.18366799319764698373 0.00000000000000000000
1.1600000000 0.18110786002840698061 0.00000000000000000000
1.1700000000 0.17861535152177820951 0.00000000000000000000
1.1800000000 0.17618837717568924806 0.00000000000000000000
1.1900000000 0.17382491711629979858 0.00000000000000000000
1.2000000000 0.17152301959260563002 0.00000000000000000000
1.2100000000 0.16928079856068861675 0.00000000000000000000
1.2200000000 0.16709643135458360219 0.00000000000000000000
1.2300000000 0.16496815644082285512 0.00000000000000000000
1.2400000000 0.16289427125378000416 0.00000000000000000000
1.2500000000 0.16087313010905282540 0.00000000000000000000
1.2600000000 0.15890314219214354829 0.00000000000000000000
1.2700000000 0.15698276961984039546 0.00000000000000000000
1.2800000000 0.15511052557173224398 0.00000000000000000000
1.2900000000 0.15328497248937894559 0.00000000000000000000
1.3000000000 0.15150472034075060379 0.00000000000000000000
1.3100000000 0.14976842494761372082 0.00000000000000000000
1.3200000000 0.14807478637359283713 0.00000000000000000000
1.3300000000 0.14642254737076257354 0.00000000000000000000
1.3400000000 0.14481049188263633853 0.00000000000000000000
1.3500000000 0.14323744360152840249 0.00000000000000000000
1.3600000000 0.14170226457831605615 0.00000000000000000000
1.3700000000 0.14020385388270065197 0.00000000000000000000
1.3800000000 0.13874114631212619564 0.00000000000000000000
1.3900000000 0.13731311114758543157 0.00000000000000000000
1.4000000000 0.13591875095458169631 0.00000000000000000000
1.4100000000 0.13455710042762539236 0.00000000000000000000
1.4200000000 0.13322722527662891889 0.00000000000000000000
1.4300000000 0.13192822115368826874 0.00000000000000000000
1.4400000000 0.13065921261875437787 0.00000000000000000000
1.4500000000 0.12941935214275213095 0.00000000000000000000
1.4600000000 0.12820781914679102442 0.00000000000000000000
1.4700000000 0.12702381907610285627 0.00000000000000000000
1.4800000000 0.12586658250744836574 0.00000000000000000000
1.4900000000 0.12473536428874251736 0.00000000000000000000
1.5000000000 0.12362944270970645244 0.00000000000000000000
1.5100000000 0.12254811870240367444 0.00000000000000000000
1.5200000000 0.12149071507055080044 0.00000000000000000000
1.5300000000 0.12045657574652922361 0.00000000000000000000
1.5400000000 0.11944506507508656501 0.00000000000000000000
1.5500000000 0.11845556712272377331 0.00000000000000000000
1.5600000000 0.11748748501182348924 0.00000000000000000000
1.5700000000 0.11654024027860800106 0.00000000000000000000
1.5800000000 0.11561327225402956431 0.00000000000000000000
1.5900000000 0.11470603746675644974 0.00000000000000000000
1.6000000000 0.11381800906743486101 0.00000000000000000000
1.6100000000 0.11294867627342788929 0.00000000000000000000
1.6200000000 0.11209754383329199878 0.00000000000000000000
1.6300000000 0.11126413151024983073 0.00000000000000000000
1.6400000000 0.11044797358395169740 0.00000000000000000000
1.6500000000 0.10964861836987019328 0.00000000000000000000
1.6600000000 0.10886562775565504502 0.00000000000000000000
1.6700000000 0.10809857675383725828 0.00000000000000000000
1.6800000000 0.10734705307027403443 0.00000000000000000000
1.6900000000 0.10661065668775876469 0.00000000000000000000
1.7000000000 0.10588899946423183107 0.00000000000000000000
1.7100000000 0.10518170474506398360 0.00000000000000000000
1.7200000000 0.10448840698888749168 0.00000000000000000000
1.7300000000 0.10380875140648417043 0.00000000000000000000
1.7400000000 0.10314239361225265024 0.00000000000000000000
1.7500000000 0.10248899928778490431 0.00000000000000000000
1.7600000000 0.10184824385712180905 0.00000000000000000000
1.7700000000 0.10121981217325441704 0.00000000000000000000
1.7800000000 0.10060339821546261663 0.00000000000000000000
1.7900000000 0.09999870479709423166 0.00000000000000000000
1.8000000000 0.09940544328340913949 0.00000000000000000000
1.8100000000 0.09882333331912111773 0.00000000000000000000
1.8200000000 0.09825210256528192632 0.00000000000000000000
1.8300000000 0.09769148644517303137 0.00000000000000000000
1.8400000000 0.09714122789888378351 0.00000000000000000000
1.8500000000 0.09660107714624821540 0.00000000000000000000
1.8600000000 0.09607079145785610286 0.00000000000000000000
1.8700000000 0.09555013493383336665 0.00000000000000000000
1.8800000000 0.09503887829012271082 0.00000000000000000000
1.8900000000 0.09453679865198569288 0.00000000000000000000
1.9000000000 0.09404367935447963123 0.00000000000000000000
1.9100000000 0.09355930974964733748 0.00000000000000000000
1.9200000000 0.09308348502018568005 0.00000000000000000000
1.9300000000 0.09261600599936463396 0.00000000000000000000
1.9400000000 0.09215667899696769472 0.00000000000000000000
1.9500000000 0.09170531563104483697 0.00000000000000000000
1.9600000000 0.09126173266526943495 0.00000000000000000000
1.9700000000 0.09082575185169999843 0.00000000000000000000
1.9800000000 0.09039719977876013723 0.00000000000000000000
1.9900000000 0.08997590772424268746 0.00000000000000000000
2.0000000000 0.08956171151317471324 0.00000000000000000000
2.0100000000 0.08915445138035862915 0.00000000000000000000
2.0200000000 0.08875397183743603813 0.00000000000000000000
2.0300000000 0.08836012154430827881 0.00000000000000000000
2.0400000000 0.08797275318476599493 0.00000000000000000000
2.0500000000 0.08759172334617922051 0.00000000000000000000
2.0600000000 0.08721689240310302738 0.00000000000000000000
2.0700000000 0.08684812440467130912 0.00000000000000000000
2.0800000000 0.08648528696563698159 0.00000000000000000000
2.0900000000 0.08612825116093834887 0.00000000000000000000
2.1000000000 0.08577689142366776154 0.00000000000000000000
2.1100000000 0.08543108544632629919 0.00000000000000000000
2.1200000000 0.08509071408525066549 0.00000000000000000000
2.1300000000 0.08475566126810020473 0.00000000000000000000
2.1400000000 0.08442581390430639598 0.00000000000000000000
2.1500000000 0.08410106179837363582 0.00000000000000000000
2.1600000000 0.08378129756594322741 0.00000000000000000000
2.1700000000 0.08346641655251874070 0.00000000000000000000
2.1800000000 0.08315631675476764517 0.00000000000000000000
2.1900000000 0.08285089874430796864 0.00000000000000000000
2.2000000000 0.08255006559389803378 0.00000000000000000000
2.2100000000 0.08225372280594614449 0.00000000000000000000
2.2200000000 0.08196177824326379702 0.00000000000000000000
2.2300000000 0.08167414206198418680 0.00000000000000000000
2.2400000000 0.08139072664657694134 0.00000000000000000000
2.2500000000 0.08111144654688556832 0.00000000000000000000
2.2600000000 0.08083621841711806366 0.00000000000000000000
2.2700000000 0.08056496095673430780 0.00000000000000000000
2.2800000000 0.08029759485315414447 0.00000000000000000000
2.2900000000 0.08003404272623693139 0.00000000000000000000
2.3000000000 0.07977422907446655997 0.00000000000000000000
2.3100000000 0.07951808022278927801 0.00000000000000000000
2.3200000000 0.07926552427204699991 0.00000000000000000000
2.3300000000 0.07901649104995614459 0.00000000000000000000
2.3400000000 0.07877091206357669795 0.00000000000000000000
2.3500000000 0.07852872045323010253 0.00000000000000000000
2.3600000000 0.07828985094780910314 0.00000000000000000000
2.3700000000 0.07805423982144192585 0.00000000000000000000
2.3800000000 0.07782182485146207918 0.00000000000000000000
2.3900000000 0.07759254527764222753 0.00000000000000000000
2.4000000000 0.07736634176265150264 0.00000000000000000000
2.4100000000 0.07714315635369708990 0.00000000000000000000
2.4200000000 0.07692293244531143992 0.00000000000000000000
2.4300000000 0.07670561474324402718 0.00000000000000000000
2.4400000000 0.07649114922943123229 0.00000000000000000000
2.4500000000 0.07627948312800048036 0.00000000000000000000
2.4600000000 0.07607056487227896457 0.00000000000000000000
2.4700000000 0.07586434407277817260 0.00000000000000000000
2.4800000000 0.07566077148611582981 0.00000000000000000000
2.4900000000 0.07545979898485240256 0.00000000000000000000
2.5000000000 0.07526137952820843857 0.00000000000000000000
2.5100000000 0.07506546713363713985 0.00000000000000000000
2.5200000000 0.07487201684922359379 0.00000000000000000000
2.5300000000 0.07468098472688688982 0.00000000000000000000
2.5400000000 0.07449232779635601986 0.00000000000000000000
2.5500000000 0.07430600403989874592 0.00000000000000000000
2.5600000000 0.07412197236777891274 0.00000000000000000000
2.5700000000 0.07394019259441818315 0.00000000000000000000
2.5800000000 0.07376062541523990823 0.00000000000000000000
2.5900000000 0.07358323238417835421 0.00000000000000000000
2.6000000000 0.07340797589182486427 0.00000000000000000000
2.6100000000 0.07323481914419927019 0.00000000000000000000
2.6200000000 0.07306372614212036654 0.00000000000000000000
2.6300000000 0.07289466166116222168 0.00000000000000000000
2.6400000000 0.07272759123217611976 0.00000000000000000000
2.6500000000 0.07256248112235678949 0.00000000000000000000
2.6600000000 0.07239929831684648043 0.00000000000000000000
2.6700000000 0.07223801050084877051 0.00000000000000000000
2.6800000000 0.07207858604224400001 0.00000000000000000000
2.6900000000 0.07192099397468897093 0.00000000000000000000
2.7000000000 0.07176520398118486910 0.00000000000000000000
2.7100000000 0.07161118637810165444 0.00000000000000000000
2.7200000000 0.07145891209964347346 0.00000000000000000000
2.7300000000 0.07130835268274191008 0.00000000000000000000
2.7400000000 0.07115948025236425167 0.00000000000000000000
2.7500000000 0.07101226750722530734 0.00000000000000000000
2.7600000000 0.07086668770588941402 0.00000000000000000000
2.7700000000 0.07072271465325068174 0.00000000000000000000
2.7800000000 0.07058032268738237414 0.00000000000000000000
2.7900000000 0.07043948666674156034 0.00000000000000000000
2.8000000000 0.07030018195772089196 0.00000000000000000000
2.8100000000 0.07016238442253579233 0.00000000000000000000
2.8200000000 0.07002607040743737132 0.00000000000000000000
2.8300000000 0.06989121673124157330 0.00000000000000000000
2.8400000000 0.06975780067416630092 0.00000000000000000000
2.8500000000 0.06962579996696535711 0.00000000000000000000
2.8600000000 0.06949519278035180825 0.00000000000000000000
2.8700000000 0.06936595771470292771 0.00000000000000000000
2.8800000000 0.06923807379003694973 0.00000000000000000000
2.8900000000 0.06911152043625422292 0.00000000000000000000
2.9000000000 0.06898627748363708734 0.00000000000000000000
2.9100000000 0.06886232515359648476 0.00000000000000000000
2.9200000000 0.06873964404966390052 0.00000000000000000000
2.9300000000 0.06861821514871624395 0.00000000000000000000
2.9400000000 0.06849801979243058669 0.00000000000000000000
2.9500000000 0.06837903967896137580 0.00000000000000000000
2.9600000000 0.06826125685483087902 0.00000000000000000000
2.9700000000 0.06814465370703279290 0.00000000000000000000
2.9800000000 0.06802921295533601032 0.00000000000000000000
2.9900000000 0.06791491764478829740 0.00000000000000000000
3.0000000000 0.06780175113841123424 0.00000000000000000000
3.0100000000 0.06768969711008226975 0.00000000000000000000
3.0200000000 0.06757873953759735430 0.00000000000000000000
3.0300000000 0.06746886269591161056 0.00000000000000000000
3.0400000000 0.06736005115054917447 0.00000000000000000000
3.0500000000 0.06725228975118224817 0.00000000000000000000
3.0600000000 0.06714556362536903966 0.00000000000000000000
3.0700000000 0.06703985817245237955 0.00000000000000000000
3.0800000000 0.06693515905760855089 0.00000000000000000000
3.0900000000 0.06683145220604638781 0.00000000000000000000
3.1000000000 0.06672872379735170223 0.00000000000000000000
3.1100000000 0.06662696025996965588 0.00000000000000000000
3.1200000000 0.06652614826582749219 0.00000000000000000000
3.1300000000 0.06642627472508788600 0.00000000000000000000
3.1400000000 0.06632732678103214763 0.00000000000000000000
3.1500000000 0.06622929180506978430 0.00000000000000000000
3.1600000000 0.06613215739187024156 0.00000000000000000000
3.1700000000 0.06603591135461388262 0.00000000000000000000
3.1800000000 0.06594054172035802852 0.00000000000000000000
3.1900000000 0.06584603672551721243 0.00000000000000000000
3.2000000000 0.06575238481145137537 0.00000000000000000000
3.2100000000 0.06565957462016241974 0.00000000000000000000
3.2200000000 0.06556759499009359726 0.00000000000000000000
3.2300000000 0.06547643495202948305 0.00000000000000000000
3.2400000000 0.06538608372509620292 0.00000000000000000000
3.2500000000 0.06529653071285553001 0.00000000000000000000
3.2600000000 0.06520776549949261480 0.00000000000000000000
3.2700000000 0.06511977784609530862 0.00000000000000000000
3.2800000000 0.06503255768702087547 0.00000000000000000000
3.2900000000 0.06494609512634862136 0.00000000000000000000
3.3000000000 0.06486038043441655354 0.00000000000000000000
3.3100000000 0.06477540404443994648 0.00000000000000000000
3.3200000000 0.06469115654920830349 0.00000000000000000000
3.3300000000 0.06460762869786070006 0.00000000000000000000
3.3400000000 0.06452481139273476274 0.00000000000000000000
3.3500000000 0.06444269568629117095 0.00000000000000000000
3.3600000000 0.06436127277810764491 0.00000000000000000000
3.3700000000 0.06428053401194322447 0.00000000000000000000
3.3800000000 0.06420047087287054921 0.00000000000000000000
3.3900000000 0.06412107498447328080 0.00000000000000000000
3.4000000000 0.06404233810610944488 0.00000000000000000000
3.4100000000 0.06396425213023484990 0.00000000000000000000
3.4200000000 0.06388680907979055190 0.00000000000000000000
3.4300000000 0.06381000110564694072 0.00000000000000000000
3.4400000000 0.06373382048410820844 0.00000000000000000000
3.4500000000 0.06365825961447181547 0.00000000000000000000
3.4600000000 0.06358331101664312091 0.00000000000000000000
3.4700000000 0.06350896732880456641 0.00000000000000000000
3.4800000000 0.06343522130513634671 0.00000000000000000000
3.4900000000 0.06336206581358845569 0.00000000000000000000
3.5000000000 0.06328949383370179038 0.00000000000000000000
3.5100000000 0.06321749845447893756 0.00000000000000000000
3.5200000000 0.06314607287230145083 0.00000000000000000000
3.5300000000 0.06307521038889257747 0.00000000000000000000
3.5400000000 0.06300490440932669800 0.00000000000000000000
3.5500000000 0.06293514844008031572 0.00000000000000000000
3.5600000000 0.06286593608712824632 0.00000000000000000000
3.5700000000 0.06279726105407917869 0.00000000000000000000
3.5800000000 0.06272911714035329933 0.00000000000000000000
3.5900000000 0.06266149823939931585 0.00000000000000000000
3.6000000000 0.06259439833694986632 0.00000000000000000000
3.6100000000 0.06252781150931485676 0.00000000000000000000
3.6200000000 0.06246173192171183830 0.00000000000000000000
3.6300000000 0.06239615382663164789 0.00000000000000000000
3.6400000000 0.06233107156223977041 0.00000000000000000000
3.6500000000 0.06226647955081181240 0.00000000000000000000
3.6600000000 0.06220237229720174815 0.00000000000000000000
3.6700000000 0.06213874438734357658 0.00000000000000000000
3.6800000000 0.06207559048678397418 0.00000000000000000000
3.6900000000 0.06201290533924709580 0.00000000000000000000
3.7000000000 0.06195068376522805398 0.00000000000000000000
3.7100000000 0.06188892066061739416 0.00000000000000000000
3.7200000000 0.06182761099535383220 0.00000000000000000000
3.7300000000 0.06176674981210510118 0.00000000000000000000
3.7400000000 0.06170633222497646370 0.00000000000000000000
3.7500000000 0.06164635341824629272 0.00000000000000000000
3.7600000000 0.06158680864512736108 0.00000000000000000000
3.7700000000 0.06152769322655397138 0.00000000000000000000
3.7800000000 0.06146900254999442675 0.00000000000000000000
3.7900000000 0.06141073206828771835 0.00000000000000000000
3.8000000000 0.06135287729850363858 0.00000000000000000000
3.8100000000 0.06129543382082706243 0.00000000000000000000
3.8200000000 0.06123839727746391987 0.00000000000000000000
3.8300000000 0.06118176337157059386 0.00000000000000000000
3.8400000000 0.06112552786620414208 0.00000000000000000000
3.8500000000 0.06106968658329405691 0.00000000000000000000
3.8600000000 0.06101423540263499479 0.00000000000000000000
3.8700000000 0.06095917026089901075 0.00000000000000000000
3.8800000000 0.06090448715066879709 0.00000000000000000000
3.8900000000 0.06085018211948903244 0.00000000000000000000
3.9000000000 0.06079625126893740961 0.00000000000000000000
3.9100000000 0.06074269075371389881 0.00000000000000000000
3.9200000000 0.06068949678074841980 0.00000000000000000000
3.9300000000 0.06063666560832515345 0.00000000000000000000
3.9400000000 0.06058419354522543571 0.00000000000000000000
3.9500000000 0.06053207694988667342 0.00000000000000000000
3.9600000000 0.06048031222957801767 0.00000000000000000000
3.9700000000 0.06042889583959196870 0.00000000000000000000
3.9800000000 0.06037782428245212774 0.00000000000000000000
3.9900000000 0.06032709410713586740 0.00000000000000000000
4.0000000000 0.06027670190831267011 0.00000000000000000000
4.0100000000 0.06022664432559672598 0.00000000000000000000
4.0200000000 0.06017691804281382478 0.00000000000000000000
4.0300000000 0.06012751978728304164 0.00000000000000000000
4.0400000000 0.06007844632911175237 0.00000000000000000000
4.0500000000 0.06002969448050374246 0.00000000000000000000
4.0600000000 0.05998126109508149228 0.00000000000000000000
4.0700000000 0.05993314306722025836 0.00000000000000000000
4.0800000000 0.05988533733139586590 0.00000000000000000000
4.0900000000 0.05983784086154390891 0.00000000000000000000
4.1000000000 0.05979065067043186354 0.00000000000000000000
4.1100000000 0.05974376380904197759 0.00000000000000000000
4.1200000000 0.05969717736596692748 0.00000000000000000000
4.1300000000 0.05965088846681607798 0.00000000000000000000
4.1400000000 0.05960489427363281634 0.00000000000000000000
4.1500000000 0.05955919198432296086 0.00000000000000000000
4.1600000000 0.05951377883209373054 0.00000000000000000000
4.1700000000 0.05946865208490303284 0.00000000000000000000
4.1800000000 0.05942380904491904869 0.00000000000000000000
4.1900000000 0.05937924704798964309 0.00000000000000000000
4.2000000000 0.05933496346312111536 0.00000000000000000000
4.2100000000 0.05929095569196789206 0.00000000000000000000
4.2200000000 0.05924722116832970703 0.00000000000000000000
4.2300000000 0.05920375735765887742 0.00000000000000000000
4.2400000000 0.05916056175657689181 0.00000000000000000000
4.2500000000 0.05911763189239922084 0.00000000000000000000
4.2600000000 0.05907496532266841988 0.00000000000000000000
4.2700000000 0.05903255963469634937 0.00000000000000000000
4.2800000000 0.05899041244511431942 0.00000000000000000000
4.2900000000 0.05894852139943112385 0.00000000000000000000
4.3000000000 0.05890688417159926915 0.00000000000000000000
4.3100000000 0.05886549846358869742 0.00000000000000000000
4.3200000000 0.05882436200496801021 0.00000000000000000000
4.3300000000 0.05878347255249367215 0.00000000000000000000
4.3400000000 0.05874282788970599384 0.00000000000000000000
4.3500000000 0.05870242582653201896 0.00000000000000000000
4.3600000000 0.05866226419889587762 0.00000000000000000000
4.3700000000 0.05862234086833614105 0.00000000000000000000
4.3800000000 0.05858265372162899803 0.00000000000000000000
4.3900000000 0.05854320067041880737 0.00000000000000000000
4.4000000000 0.05850397965085494395 0.00000000000000000000
4.4100000000 0.05846498862323443874 0.00000000000000000000
4.4200000000 0.05842622557165159936 0.00000000000000000000
4.4300000000 0.05838768850365291807 0.00000000000000000000
4.4400000000 0.05834937544989846070 0.00000000000000000000
4.4500000000 0.05831128446382880665 0.00000000000000000000
4.4600000000 0.05827341362133765801 0.00000000000000000000
4.4700000000 0.05823576102045037450 0.00000000000000000000
4.4800000000 0.05819832478100760154 0.00000000000000000000
4.4900000000 0.05816110304435425510 0.00000000000000000000
4.5000000000 0.05812409397303427289 0.00000000000000000000
4.5100000000 0.05808729575048997285 0.00000000000000000000
4.5200000000 0.05805070658076659507 0.00000000000000000000
4.5300000000 0.05801432468822237398 0.00000000000000000000
4.5400000000 0.05797814831724242696 0.00000000000000000000
4.5500000000 0.05794217573195840909 0.00000000000000000000
4.5600000000 0.05790640521597237994 0.00000000000000000000
4.5700000000 0.05787083507208515276 0.00000000000000000000
4.5800000000 0.05783546362202951485 0.00000000000000000000
4.5900000000 0.05780028920620774308 0.00000000000000000000
4.6000000000 0.05776531018343319251 0.00000000000000000000
4.6100000000 0.05773052493067634683 0.00000000000000000000
4.6200000000 0.05769593184281528869 0.00000000000000000000
4.6300000000 0.05766152933238964662 0.00000000000000000000
4.6400000000 0.05762731582935932961 0.00000000000000000000
4.6500000000 0.05759328978086630801 0.00000000000000000000
4.6600000000 0.05755944965100114746 0.00000000000000000000
4.6700000000 0.05752579392057280416 0.00000000000000000000
4.6800000000 0.05749232108688197979 0.00000000000000000000
4.6900000000 0.05745902966349886176 0.00000000000000000000
4.7000000000 0.05742591818004387505 0.00000000000000000000
4.7100000000 0.05739298518197172988 0.00000000000000000000
4.7200000000 0.05736022923035976467 0.00000000000000000000
4.7300000000 0.05732764890169873839 0.00000000000000000000
4.7400000000 0.05729524278768780010 0.00000000000000000000
4.7500000000 0.05726300949503197735 0.00000000000000000000
4.7600000000 0.05723094764524323114 0.00000000000000000000
4.7700000000 0.05719905587444500811 0.00000000000000000000
4.7800000000 0.05716733283317903397 0.00000000000000000000
4.7900000000 0.05713577718621573598 0.00000000000000000000
4.8000000000 0.05710438761236765609 0.00000000000000000000
4.8100000000 0.05707316280430555638 0.00000000000000000000
4.8200000000 0.05704210146837742496 0.00000000000000000000
4.8300000000 0.05701120232443059738 0.00000000000000000000
4.8400000000 0.05698046410563598063 0.00000000000000000000
4.8500000000 0.05694988555831567711 0.00000000000000000000
4.8600000000 0.05691946544177322459 0.00000000000000000000
4.8700000000 0.05688920252812580680 0.00000000000000000000
4.8800000000 0.05685909560213982250 0.00000000000000000000
4.8900000000 0.05682914346106845982 0.00000000000000000000
4.9000000000 0.05679934491449195599 0.00000000000000000000
4.9100000000 0.05676969878416050080 0.00000000000000000000
4.9200000000 0.05674020390383893719 0.00000000000000000000
4.9300000000 0.05671085911915462602 0.00000000000000000000
4.9400000000 0.05668166328744674715 0.00000000000000000000
4.9500000000 0.05665261527761865368 0.00000000000000000000
4.9600000000 0.05662371396999187761 0.00000000000000000000
4.9700000000 0.05659495825616290415 0.00000000000000000000
4.9800000000 0.05656634703886127824 0.00000000000000000000
4.9900000000 0.05653787923181081976 0.00000000000000000000
5.0000000000 0.05650955375959222649 0.00000000000000000000
