0.1000000000 1.57272947601242685245 0.00000000000000000000
0.1100000000 1.52745234573077515172 0.00000000000000000000
0.1200000000 1.48319427964573335998 0.00000000000000000000
0.1300000000 1.43995831446886457528 0.00000000000000000000
0.1400000000 1.39774557453809356034 0.00000000000000000000
0.1500000000 1.35655533413879325622 0.00000000000000000000
0.1600000000 1.31638508817803279172 0.00000000000000000000
0.1700000000 1.27723063013933124665 0.00000000000000000000
0.1800000000 1.23908613622035379542 0.00000000000000000000
0.1900000000 1.20194425455133879765 0.00000000000000000000
0.2000000000 1.16579619840617620952 0.00000000000000000000
0.2100000000 1.13063184234888614021 0.00000000000000000000
0.2200000000 1.09643982030368203340 0.00000000000000000000
0.2300000000 1.06320762459438844516 0.00000000000000000000
0.2400000000 1.03092170506636238159 0.00000000000000000000
0.2500000000 0.99956756747883712677 0.00000000000000000000
0.2600000000 0.96912987043543430410 0.00000000000000000000
0.2700000000 0.93959252020339545375 0.00000000000000000000
0.2800000000 0.91093876285586350416 0.00000000000000000000
0.2900000000 0.88315127325462472463 0.00000000000000000000
0.3000000000 0.85621224047160104931 0.00000000000000000000
0.3100000000 0.83010344932486423986 0.00000000000000000000
0.3200000000 0.80480635777804376829 0.00000000000000000000
0.3300000000 0.78030217001998636306 0.00000000000000000000
0.3400000000 0.75657190510387795079 0.00000000000000000000
0.3500000000 0.73359646108146414623 0.00000000000000000000
0.3600000000 0.71135667461831753045 0.00000000000000000000
0.3700000000 0.68983337612035755537 0.00000000000000000000
0.3800000000 0.66900744044012239176 0.00000000000000000000
0.3900000000 0.64885983326387886017 0.00000000000000000000
0.4000000000 0.62937165330782784967 0.00000000000000000000
0.4100000000 0.61052417047379381465 0.00000000000000000000
0.4200000000 0.59229886013227728281 0.00000000000000000000
0.4300000000 0.57467743371402424390 0.00000000000000000000
0.4400000000 0.55764186580074726063 0.00000000000000000000
0.4500000000 0.54117441791177611776 0.00000000000000000000
0.4600000000 0.52525765918659306219 0.00000000000000000000
0.4700000000 0.50987448416389191674 0.00000000000000000000
0.4800000000 0.49500812785625419865 0.00000000000000000000
0.4900000000 0.48064217831626010469 0.00000000000000000000
0.5000000000 0.46676058688499116878 0.00000000000000000000
0.5100000000 0.45334767630790284709 0.00000000000000000000
0.5200000000 0.44038814689603594799 0.00000000000000000000
0.5300000000 0.42786708090289260475 0.00000000000000000000
0.5400000000 0.41576994527907512600 0.00000000000000000000
0.5500000000 0.40408259295826332025 0.00000000000000000000
0.5600000000 0.39279126281938087084 0.00000000000000000000
0.5700000000 0.38188257846100676085 0.00000000000000000000
0.5800000000 0.37134354591534046719 0.00000000000000000000
0.5900000000 0.36116155042044895129 0.00000000000000000000
0.6000000000 0.35132435236106124288 0.00000000000000000000
0.6100000000 0.34182008248007983431 0.00000000000000000000
0.6200000000 0.33263723645511367177 0.00000000000000000000
0.6300000000 0.32376466892681071696 0.00000000000000000000
0.6400000000 0.31519158705864930292 0.00000000000000000000
0.6500000000 0.30690754370104467164 0.00000000000000000000
0.6600000000 0.29890243022622736691 0.00000000000000000000
0.6700000000 0.29116646909435045520 0.00000000000000000000
0.6800000000 0.28369020620563289992 0.00000000000000000000
0.6900000000 0.27646450308807379859 0.00000000000000000000
0.7000000000 0.26948052896539109735 0.00000000000000000000
0.7100000000 0.26272975274524890121 0.00000000000000000000
0.7200000000 0.25620393496368659703 0.00000000000000000000
0.7300000000 0.24989511971769740040 0.00000000000000000000
0.7400000000 0.24379562661437223503 0.00000000000000000000
0.7500000000 0.23789804276169784769 0.00000000000000000000
0.7600000000 0.23219521482312058258 0.00000000000000000000
0.7700000000 0.22668024115515761352 0.00000000000000000000
0.7800000000 0.22134646404485902593 0.00000000000000000000
0.7900000000 0.21618746206164607404 0.00000000000000000000
0.8000000000 0.21119704253588852949 0.00000000000000000000
0.8100000000 0.20636923417476196740 0.00000000000000000000
0.8200000000 0.20169827982420088230 0.00000000000000000000
0.8300000000 0.19717862938412925033 0.00000000000000000000
0.8400000000 0.19280493288294137111 0.00000000000000000000
0.8500000000 0.18857203371572822670 0.00000000000000000000
0.8600000000 0.18447496204982824497 0.00000000000000000000
0.8700000000 0.18050892840010668294 0.00000000000000000000
0.8800000000 0.17666931737565860772 0.00000000000000000000
0.8900000000 0.17295168159863053003 0.00000000000000000000
0.9000000000 0.16935173579534204547 0.00000000000000000000
0.9100000000 0.16586535105917243893 0.00000000000000000000
0.9200000000 0.16248854928413164478 0.00000000000000000000
0.9300000000 0.15921749776761268125 0.00000000000000000000
0.9400000000 0.15604850398039599169 0.00000000000000000000
0.9500000000 0.15297801050157969205 0.00000000000000000000
0.9600000000 0.15000259011587271929 0.00000000000000000000
0.9700000000 0.14711894107038128721 0.00000000000000000000
0.9800000000 0.14432388248779265405 0.00000000000000000000
0.9900000000 0.14161434993287413953 0.00000000000000000000
1.0000000000 0.13898739112820029939 0.00000000000000000000
1.0100000000 0.13644016181759499595 0.00000000000000000000
1.0200000000 0.13396992177073807628 0.00000000000000000000
1.0300000000 0.13157403092680333700 0.00000000000000000000
1.0400000000 0.12924994567491768227 0.00000000000000000000
1.0500000000 0.12699521526497117851 0.00000000000000000000
1.0600000000 0.12480747834663055706 0.00000000000000000000
1.0700000000 0.12268445963256351117 0.00000000000000000000
1.0800000000 0.12062396668203254069 0.00000000000000000000
1.0900000000 0.11862388680129509755 0.00000000000000000000
1.1000000000 0.11668218405709661345 0.00000000000000000000
1.1100000000 0.11479689639969993531 0.00000000000000000000
1.1200000000 0.11296613289190460261 0.00000000000000000000
1.1300000000 0.11118807104059028057 0.00000000000000000000
1.1400000000 0.10946095422734605784 0.00000000000000000000
1.1500000000 0.10778308923489898774 0.00000000000000000000
1.1600000000 0.10615284386600587485 0.00000000000000000000
1.1700000000 0.10456864465168962119 0.00000000000000000000
1.1800000000 0.10302897464564739205 0.00000000000000000000
1.1900000000 0.10153237130184486481 0.00000000000000000000
1.2000000000 0.10007742443231300300 0.00000000000000000000
1.2100000000 0.09866277424230435189 0.00000000000000000000
1.2200000000 0.09728710943999514804 0.00000000000000000000
1.2300000000 0.09594916541805180443 0.00000000000000000000
1.2400000000 0.09464772250441567947 0.00000000000000000000
1.2500000000 0.09338160427978538236 0.00000000000000000000
1.2600000000 0.09214967595929765554 0.00000000000000000000
1.2700000000 0.09095084283607131337 0.00000000000000000000
1.2800000000 0.08978404878425348679 0.00000000000000000000
1.2900000000 0.08864827481937299913 0.00000000000000000000
1.3000000000 0.08754253771383027627 0.00000000000000000000
1.3100000000 0.08646588866544950569 0.00000000000000000000
1.3200000000 0.08541741201705840836 0.00000000000000000000
1.3300000000 0.08439622402518806576 0.00000000000000000000
1.3400000000 0.08340147167598874201 0.00000000000000000000
1.3500000000 0.08243233154657783612 0.00000000000000000000
1.3600000000 0.08148800871005709712 0.00000000000000000000
1.3700000000 0.08056773568254534112 0.00000000000000000000
1.3800000000 0.07967077141057532508 0.00000000000000000000
1.3900000000 0.07879640029733034345 0.00000000000000000000
1.4000000000 0.07794393126619796053 0.00000000000000000000
1.4100000000 0.07711269686020098824 0.00000000000000000000
1.4200000000 0.07630205237591548839 0.00000000000000000000
1.4300000000 0.07551137503053714783 0.00000000000000000000
1.4400000000 0.07474006316080418488 0.00000000000000000000
1.4500000000 0.07398753545254242725 0.00000000000000000000
1.4600000000 0.07325323019963252136 0.00000000000000000000
1.4700000000 0.07253660459126153037 0.00000000000000000000
1.4800000000 0.07183713402634933631 0.00000000000000000000
1.4900000000 0.07115431145408671054 0.00000000000000000000
1.5000000000 0.07048764673958256288 0.00000000000000000000
1.5100000000 0.06983666605361217583 0.00000000000000000000
1.5200000000 0.06920091128555429238 0.00000000000000000000
1.5300000000 0.06857993947858882777 0.00000000000000000000
1.5400000000 0.06797332228630181827 0.00000000000000000000
1.5500000000 0.06738064544984581627 0.00000000000000000000
1.5600000000 0.06680150829486924957 0.00000000000000000000
1.5700000000 0.06623552324743085806 0.00000000000000000000
1.5800000000 0.06568231536816354632 0.00000000000000000000
1.5900000000 0.06514152190397214104 0.00000000000000000000
1.6000000000 0.06461279185658842794 0.00000000000000000000
1.6100000000 0.06409578556731185262 0.00000000000000000000
1.6200000000 0.06359017431732563730 0.00000000000000000000
1.6300000000 0.06309563994296042699 0.00000000000000000000
1.6400000000 0.06261187446534059731 0.00000000000000000000
1.6500000000 0.06213857973384080691 0.00000000000000000000
1.6600000000 0.06167546708283191959 0.00000000000000000000
1.6700000000 0.06122225700117810837 0.00000000000000000000
1.6800000000 0.06077867881401471245 0.00000000000000000000
1.6900000000 0.06034447037631172212 0.00000000000000000000
1.7000000000 0.05991937777777810170 0.00000000000000000000
1.7100000000 0.05950315505866224375 0.00000000000000000000
1.7200000000 0.05909556393602756474 0.00000000000000000000
1.7300000000 0.05869637354010800306 0.00000000000000000000
1.7400000000 0.05830536016033718155 0.00000000000000000000
1.7500000000 0.05792230700069920385 0.00000000000000000000
1.7600000000 0.05754700394402301883 0.00000000000000000000
1.7700000000 0.05717924732489385736 0.00000000000000000000
1.7800000000 0.05681883971083744045 0.00000000000000000000
1.7900000000 0.05646558969146959345 0.00000000000000000000
1.8000000000 0.05611931167530018194 0.00000000000000000000
1.8100000000 0.05577982569390256551 0.00000000000000000000
1.8200000000 0.05544695721316421355 0.00000000000000000000
1.8300000000 0.05512053695135427783 0.00000000000000000000
1.8400000000 0.05480040070373928124 0.00000000000000000000
1.8500000000 0.05448638917350999422 0.00000000000000000000
1.8600000000 0.05417834780876733258 0.00000000000000000000
1.8700000000 0.05387612664534962431 0.00000000000000000000
1.8800000000 0.05357958015527143625 0.00000000000000000000
1.8900000000 0.05328856710056679991 0.00000000000000000000
1.9000000000 0.05300295039233016842 0.00000000000000000000
1.9100000000 0.05272259695476331359 0.00000000000000000000
1.9200000000 0.05244737759403451938 0.00000000000000000000
1.9300000000 0.05217716687177536422 0.00000000000000000000
1.9400000000 0.05191184298303646444 0.00000000000000000000
1.9500000000 0.05165128763853805288 0.00000000000000000000
1.9600000000 0.05139538595105624941 0.00000000000000000000
1.9700000000 0.05114402632578515795 0.00000000000000000000
1.9800000000 0.05089710035453638703 0.00000000000000000000
1.9900000000 0.05065450271362226947 0.00000000000000000000
2.0000000000 0.05041613106529628519 0.00000000000000000000
2.0100000000 0.05018188596261238116 0.00000000000000000000
2.0200000000 0.04995167075758023822 0.00000000000000000000
2.0300000000 0.04972539151249402711 0.00000000000000000000
2.0400000000 0.04950295691431723377 0.00000000000000000000
2.0500000000 0.04928427819201148391 0.00000000000000000000
2.0600000000 0.04906926903670423556 0.00000000000000000000
2.0700000000 0.04885784552458619090 0.00000000000000000000
2.0800000000 0.04864992604244378765 0.00000000000000000000
2.0900000000 0.04844543121572711386 0.00000000000000000000
2.1000000000 0.04824428383906364387 0.00000000000000000000
2.1100000000 0.04804640880912682682 0.00000000000000000000
2.1200000000 0.04785173305977608732 0.00000000000000000000
2.1300000000 0.04766018549938550591 0.00000000000000000000
2.1400000000 0.04747169695027912001 0.00000000000000000000
2.1500000000 0.04728620009020418485 0.00000000000000000000
2.1600000000 0.04710362939576129976 0.00000000000000000000
2.1700000000 0.04692392108772541065 0.00000000000000000000
2.1800000000 0.04674701307818994456 0.00000000000000000000
2.1900000000 0.04657284491946726834 0.00000000000000000000
2.2000000000 0.04640135775468449270 0.00000000000000000000
2.2100000000 0.04623249427001261541 0.00000000000000000000
2.2200000000 0.04606619864847299323 0.00000000000000000000
2.2300000000 0.04590241652526383387 0.00000000000000000000
2.2400000000 0.04574109494455271679 0.00000000000000000000
2.2500000000 0.04558218231768539769 0.00000000000000000000
2.2600000000 0.04542562838275789050 0.00000000000000000000
2.2700000000 0.04527138416550760547 0.00000000000000000000
2.2800000000 0.04511940194147446431 0.00000000000000000000
2.2900000000 0.04496963519938778492 0.00000000000000000000
2.3000000000 0.04482203860573868992 0.00000000000000000000
2.3100000000 0.04467656797049347067 0.00000000000000000000
2.3200000000 0.04453318021391017983 0.00000000000000000000
2.3300000000 0.04439183333441996948 0.00000000000000000000
2.3400000000 0.04425248637753619735 0.00000000000000000000
2.3500000000 0.04411509940575443489 0.00000000000000000000
2.3600000000 0.04397963346941285989 0.00000000000000000000
2.3700000000 0.04384605057847475867 0.00000000000000000000
2.3800000000 0.04371431367520790118 0.00000000000000000000
2.3900000000 0.04358438660772295803 0.00000000000000000000
2.4000000000 0.04345623410434848455 0.00000000000000000000
2.4100000000 0.04332982174880839477 0.00000000000000000000
2.4200000000 0.04320511595617874956 0.00000000000000000000
2.4300000000 0.04308208394959437554 0.00000000000000000000
2.4400000000 0.04296069373768268695 0.00000000000000000000
2.4500000000 0.04284091409269718403 0.00000000000000000000
2.4600000000 0.04272271452933022046 0.00000000000000000000
2.4700000000 0.04260606528417923422 0.00000000000000000000
2.4800000000 0.04249093729584665913 0.00000000000000000000
2.4900000000 0.04237730218565168017 0.00000000000000000000
2.5000000000 0.04226513223893278021 0.00000000000000000000
2.5100000000 0.04215440038692310626 0.00000000000000000000
2.5200000000 0.04204508018917581941 0.00000000000000000000
2.5300000000 0.04193714581652732698 0.00000000000000000000
2.5400000000 0.04183057203457475615 0.00000000000000000000
2.5500000000 0.04172533418765334012 0.00000000000000000000
2.5600000000 0.04162140818329813224 0.00000000000000000000
2.5700000000 0.04151877047717136837 0.00000000000000000000
2.5800000000 0.04141739805844353584 0.00000000000000000000
2.5900000000 0.04131726843561003837 0.00000000000000000000
2.6000000000 0.04121835962273234094 0.00000000000000000000
2.6100000000 0.04112065012608735054 0.00000000000000000000
2.6200000000 0.04102411893121290370 0.00000000000000000000
2.6300000000 0.04092874549033604509 0.00000000000000000000
2.6400000000 0.04083450971017361930 0.00000000000000000000
2.6500000000 0.04074139194008977866 0.00000000000000000000
2.6600000000 0.04064937296060107397 0.00000000000000000000
2.6700000000 0.04055843397221934460 0.00000000000000000000
2.6800000000 0.04046855658461757932 0.00000000000000000000
2.6900000000 0.04037972280611235032 0.00000000000000000000
2.7000000000 0.04029191503345147529 0.00000000000000000000
2.7100000000 0.04020511604189541677 0.00000000000000000000
2.7200000000 0.04011930897558586145 0.00000000000000000000
2.7300000000 0.04003447733819080062 0.00000000000000000000
2.7400000000 0.03995060498381847874 0.00000000000000000000
2.7500000000 0.03986767610818934410 0.00000000000000000000
2.7600000000 0.03978567524006149797 0.00000000000000000000
2.7700000000 0.03970458723289876923 0.00000000000000000000
2.7800000000 0.03962439725677551622 0.00000000000000000000
2.7900000000 0.03954509079050951004 0.00000000000000000000
2.8000000000 0.03946665361401701516 0.00000000000000000000
2.8100000000 0.03938907180088186549 0.00000000000000000000
2.8200000000 0.03931233171113496239 0.00000000000000000000
2.8300000000 0.03923641998423175320 0.00000000000000000000
2.8400000000 0.03916132353222864099 0.00000000000000000000
2.8500000000 0.03908702953314716760 0.00000000000000000000
2.8600000000 0.03901352542452259098 0.00000000000000000000
2.8700000000 0.03894079889713008419 0.00000000000000000000
2.8800000000 0.03886883788888376851 0.00000000000000000000
2.8900000000 0.03879763057890406319 0.00000000000000000000
2.9000000000 0.03872716538174574702 0.00000000000000000000
2.9100000000 0.03865743094178494127 0.00000000000000000000
2.9200000000 0.03858841612775831126 0.00000000000000000000
2.9300000000 0.03852011002745010099 0.00000000000000000000
2.9400000000 0.03845250194252335108 0.00000000000000000000
2.9500000000 0.03838558138349029702 0.00000000000000000000
2.9600000000 0.03831933806481765958 0.00000000000000000000
2.9700000000 0.03825376190016441941 0.00000000000000000000
2.9800000000 0.03818884299774447100 0.00000000000000000000
2.9900000000 0.03812457165581587676 0.00000000000000000000
3.0000000000 0.03806093835828723571 0.00000000000000000000
3.0100000000 0.03799793377044222153 0.00000000000000000000
3.0200000000 0.03793554873477661404 0.00000000000000000000
3.0300000000 0.03787377426694417404 0.00000000000000000000
3.0400000000 0.03781260155181025151 0.00000000000000000000
3.0500000000 0.03775202193960752045 0.00000000000000000000
3.0600000000 0.03769202694219309091 0.00000000000000000000
3.0700000000 0.03763260822940205780 0.00000000000000000000
3.0800000000 0.03757375762549611947 0.00000000000000000000
3.0900000000 0.03751546710570428239 0.00000000000000000000
3.1000000000 0.03745772879285232809 0.00000000000000000000
3.1100000000 0.03740053495407913431 0.00000000000000000000
3.1200000000 0.03734387799763694282 0.00000000000000000000
3.1300000000 0.03728775046977426955 0.00000000000000000000
3.1400000000 0.03723214505169674532 0.00000000000000000000
3.1500000000 0.03717705455660657438 0.00000000000000000000
3.1600000000 0.03712247192681596836 0.00000000000000000000
3.1700000000 0.03706839023093433383 0.00000000000000000000
3.1800000000 0.03701480266112563977 0.00000000000000000000
3.1900000000 0.03696170253043454257 0.00000000000000000000
3.2000000000 0.03690908327017986684 0.00000000000000000000
3.2100000000 0.03685693842741324944 0.00000000000000000000
3.2200000000 0.03680526166243999059 0.00000000000000000000
3.2300000000 0.03675404674640267433 0.00000000000000000000
3.2400000000 0.03670328755892332540 0.00000000000000000000
3.2500000000 0.03665297808580501165 0.00000000000000000000
3.2600000000 0.03660311241678784744 0.00000000000000000000
3.2700000000 0.03655368474336297135 0.00000000000000000000
3.2800000000 0.03650468935663684494 0.00000000000000000000
3.2900000000 0.03645612064524946655 0.00000000000000000000
3.3000000000 0.03640797309334259380 0.00000000000000000000
3.3100000000 0.03636024127857691995 0.00000000000000000000
3.3200000000 0.03631291987019753115 0.00000000000000000000
3.3300000000 0.03626600362714525738 0.00000000000000000000
3.3400000000 0.03621948739621408397 0.00000000000000000000
3.3500000000 0.03617336611025211840 0.00000000000000000000
3.3600000000 0.03612763478640548809 0.00000000000000000000
3.3700000000 0.03608228852440406587 0.00000000000000000000
3.3800000000 0.03603732250488748262 0.00000000000000000000
3.3900000000 0.03599273198777176719 0.00000000000000000000
3.4000000000 0.03594851231065242930 0.00000000000000000000
3.4100000000 0.03590465888724751753 0.00000000000000000000
3.4200000000 0.03586116720587473328 0.00000000000000000000
3.4300000000 0.03581803282796602872 0.00000000000000000000
3.4400000000 0.03577525138661536569 0.00000000000000000000
3.4500000000 0.03573281858516081516 0.00000000000000000000
3.4600000000 0.03569073019579918626 0.00000000000000000000
3.4700000000 0.03564898205823334443 0.00000000000000000000
3.4800000000 0.03560757007834890187 0.00000000000000000000
3.4900000000 0.03556649022692330575 0.00000000000000000000
3.5000000000 0.03552573853836275830 0.00000000000000000000
3.5100000000 0.03548531110946862716 0.00000000000000000000
3.5200000000 0.03544520409823218032 0.00000000000000000000
3.5300000000 0.03540541372265555015 0.00000000000000000000
3.5400000000 0.03536593625960035570 0.00000000000000000000
3.5500000000 0.03532676804366175621 0.00000000000000000000
3.5600000000 0.03528790546606756090 0.00000000000000000000
3.5700000000 0.03524934497360235341 0.00000000000000000000
3.5800000000 0.03521108306755549311 0.00000000000000000000
3.5900000000 0.03517311630269211176 0.00000000000000000000
3.6000000000 0.03513544128624741802 0.00000000000000000000
3.6100000000 0.03509805467694319253 0.00000000000000000000
3.6200000000 0.03506095318402535632 0.00000000000000000000
3.6300000000 0.03502413356632337604 0.00000000000000000000
3.6400000000 0.03498759263132959763 0.00000000000000000000
3.6500000000 0.03495132723429944521 0.00000000000000000000
3.6600000000 0.03491533427737038286 0.00000000000000000000
3.6700000000 0.03487961070870064517 0.00000000000000000000
3.6800000000 0.03484415352162581470 0.00000000000000000000
3.6900000000 0.03480895975383493240 0.00000000000000000000
3.7000000000 0.03477402648656239409 0.00000000000000000000
3.7100000000 0.03473935084379896343 0.00000000000000000000
3.7200000000 0.03470492999151875840 0.00000000000000000000
3.7300000000 0.03467076113692234979 0.00000000000000000000
3.7400000000 0.03463684152769706814 0.00000000000000000000
3.7500000000 0.03460316845129188246 0.00000000000000000000
3.7600000000 0.03456973923420814804 0.00000000000000000000
3.7700000000 0.03453655124130505794 0.00000000000000000000
3.7800000000 0.03450360187511995053 0.00000000000000000000
3.7900000000 0.03447088857520211325 0.00000000000000000000
3.8000000000 0.03443840881746176863 0.00000000000000000000
3.8100000000 0.03440616011353093279 0.00000000000000000000
3.8200000000 0.03437414001013917170 0.00000000000000000000
3.8300000000 0.03434234608850093851 0.00000000000000000000
3.8400000000 0.03431077596371637922 0.00000000000000000000
3.8500000000 0.03427942728418383739 0.00000000000000000000
3.8600000000 0.03424829773102525121 0.00000000000000000000
3.8700000000 0.03421738501752205619 0.00000000000000000000
3.8800000000 0.03418668688856366100 0.00000000000000000000
3.8900000000 0.03415620112010667869 0.00000000000000000000
3.9000000000 0.03412592551864492008 0.00000000000000000000
3.9100000000 0.03409585792069041305 0.00000000000000000000
3.9200000000 0.03406599619226471226 0.00000000000000000000
3.9300000000 0.03403633822840049922 0.00000000000000000000
3.9400000000 0.03400688195265289676 0.00000000000000000000
3.9500000000 0.03397762531662092828 0.00000000000000000000
3.9600000000 0.03394856629947804599 0.00000000000000000000
3.9700000000 0.03391970290751239459 0.00000000000000000000
3.9800000000 0.03389103317367560958 0.00000000000000000000
3.9900000000 0.03386255515714145514 0.00000000000000000000
4.0000000000 0.03383426694287184483 0.00000000000000000000
4.0100000000 0.03380616664119256293 0.00000000000000000000
4.0200000000 0.03377825238737637570 0.00000000000000000000
4.0300000000 0.03375052234123485789 0.00000000000000000000
4.0400000000 0.03372297468671800469 0.00000000000000000000
4.0500000000 0.03369560763152106009 0.00000000000000000000
4.0600000000 0.03366841940670003280 0.00000000000000000000
4.0700000000 0.03364140826629346409 0.00000000000000000000
4.0800000000 0.03361457248695204347 0.00000000000000000000
4.0900000000 0.03358791036757540621 0.00000000000000000000
4.1000000000 0.03356142022895567539 0.00000000000000000000
4.1100000000 0.03353510041342744330 0.00000000000000000000
4.1200000000 0.03350894928452517046 0.00000000000000000000
4.1300000000 0.03348296522664623992 0.00000000000000000000
4.1400000000 0.03345714664472114463 0.00000000000000000000
4.1500000000 0.03343149196388917055 0.00000000000000000000
4.1600000000 0.03340599962918056748 0.00000000000000000000
4.1700000000 0.03338066810520465277 0.00000000000000000000
4.1800000000 0.03335549587584354242 0.00000000000000000000
4.1900000000 0.03333048144395180795 0.00000000000000000000
4.2000000000 0.03330562333106139306 0.00000000000000000000
4.2100000000 0.03328092007709216454 0.00000000000000000000
4.2200000000 0.03325637024006819487 0.00000000000000000000
4.2300000000 0.03323197239583828427 0.00000000000000000000
4.2400000000 0.03320772513780246432 0.00000000000000000000
4.2500000000 0.03318362707664335165 0.00000000000000000000
4.2600000000 0.03315967684006197735 0.00000000000000000000
4.2700000000 0.03313587307251884828 0.00000000000000000000
4.2800000000 0.03311221443497955330 0.00000000000000000000
4.2900000000 0.03308869960466495619 0.00000000000000000000
4.3000000000 0.03306532727480573225 0.00000000000000000000
4.3100000000 0.03304209615440188014 0.00000000000000000000
4.3200000000 0.03301900496798557821 0.00000000000000000000
4.3300000000 0.03299605245538943243 0.00000000000000000000
4.3400000000 0.03297323737151768713 0.00000000000000000000
4.3500000000 0.03295055848612259142 0.00000000000000000000
4.3600000000 0.03292801458358371458 0.00000000000000000000
4.3700000000 0.03290560446269214651 0.00000000000000000000
4.3800000000 0.03288332693643763321 0.00000000000000000000
4.3900000000 0.03286118083179995208 0.00000000000000000000
4.4000000000 0.03283916498954382590 0.00000000000000000000
4.4100000000 0.03281727826401741044 0.00000000000000000000
4.4200000000 0.03279551952295424455 0.00000000000000000000
4.4300000000 0.03277388764727885012 0.00000000000000000000
4.4400000000 0.03275238153091525328 0.00000000000000000000
4.4500000000 0.03273100008059929428 0.00000000000000000000
4.4600000000 0.03270974221569399043 0.00000000000000000000
4.4700000000 0.03268860686800794529 0.00000000000000000000
4.4800000000 0.03266759298161705377 0.00000000000000000000
4.4900000000 0.03264669951268930198 0.00000000000000000000
4.5000000000 0.03262592542931209982 0.00000000000000000000
4.5100000000 0.03260526971132324259 0.00000000000000000000
4.5200000000 0.03258473135014409300 0.00000000000000000000
4.5300000000 0.03256430934861614251 0.00000000000000000000
4.5400000000 0.03254400272083978612 0.00000000000000000000
4.5500000000 0.03252381049201637925 0.00000000000000000000
4.5600000000 0.03250373169829223058 0.00000000000000000000
4.5700000000 0.03248376538660606438 0.00000000000000000000
4.5800000000 0.03246391061453823140 0.00000000000000000000
4.5900000000 0.03244416645016303530 0.00000000000000000000
4.6000000000 0.03242453197190297426 0.00000000000000000000
4.6100000000 0.03240500626838599407 0.00000000000000000000
4.6200000000 0.03238558843830446204 0.00000000000000000000
4.6300000000 0.03236627759027691648 0.00000000000000000000
4.6400000000 0.03234707284271205741 0.00000000000000000000
4.6500000000 0.03232797332367455534 0.00000000000000000000
4.6600000000 0.03230897817075361472 0.00000000000000000000
4.6700000000 0.03229008653093338316 0.00000000000000000000
4.6800000000 0.03227129756046519249 0.00000000000000000000
4.6900000000 0.03225261042474258238 0.00000000000000000000
4.7000000000 0.03223402429817758680 0.00000000000000000000
4.7100000000 0.03221553836407971966 0.00000000000000000000
4.7200000000 0.03219715181453611935 0.00000000000000000000
4.7300000000 0.03217886385029434387 0.00000000000000000000
4.7400000000 0.03216067368064653292 0.00000000000000000000
4.7500000000 0.03214258052331595006 0.00000000000000000000
4.7600000000 0.03212458360434447546 0.00000000000000000000
4.7700000000 0.03210668215798290204 0.00000000000000000000
4.7800000000 0.03208887542658219599 0.00000000000000000000
4.7900000000 0.03207116266048688075 0.00000000000000000000
4.8000000000 0.03205354311792987798 0.00000000000000000000
4.8100000000 0.03203601606492904180 0.00000000000000000000
4.8200000000 0.03201858077518565660 0.00000000000000000000
4.8300000000 0.03200123652998387164 0.00000000000000000000
4.8400000000 0.03198398261809225901 0.00000000000000000000
4.8500000000 0.03196681833566662745 0.00000000000000000000
4.8600000000 0.03194974298615439745 0.00000000000000000000
4.8700000000 0.03193275588020075967 0.00000000000000000000
4.8800000000 0.03191585633555545087 0.00000000000000000000
4.8900000000 0.03189904367698207649 0.00000000000000000000
4.9000000000 0.03188231723616783558 0.00000000000000000000
4.9100000000 0.03186567635163535528 0.00000000000000000000
4.9200000000 0.03184912036865532314 0.00000000000000000000
4.9300000000 0.03183264863916088205 0.00000000000000000000
4.9400000000 0.03181626052166323937 0.00000000000000000000
4.9500000000 0.03179995538116796305 0.00000000000000000000
4.9600000000 0.03178373258909353988 0.00000000000000000000
4.9700000000 0.03176759152319058588 0.00000000000000000000
4.9800000000 0.03175153156746206989 0.00000000000000000000
4.9900000000 0.03173555211208536897 0.00000000000000000000
5.0000000000 0.03171965255333485806 0.00000000000000000000
