0.1000000000 1.57727527225051344928 0.00000000000000000000
0.1100000000 1.53237893204480735143 0.00000000000000000000
0.1200000000 1.48848850940824273259 0.00000000000000000000
0.1300000000 1.44560714272439394534 0.00000000000000000000
0.1400000000 1.40373606540800710540 0.00000000000000000000
0.1500000000 1.36287466755428154919 0.00000000000000000000
0.1600000000 1.32302056610979557050 0.00000000000000000000
0.1700000000 1.28416968247746710041 0.00000000000000000000
0.1800000000 1.24631632643982137587 0.00000000000000000000
0.1900000000 1.20945328527796469587 0.00000000000000000000
0.2000000000 1.17357191697643892248 0.00000000000000000000
0.2100000000 1.13866224643451974252 0.00000000000000000000
0.2200000000 1.10471306365023047569 0.00000000000000000000
0.2300000000 1.07171202290194433893 0.00000000000000000000
0.2400000000 1.03964574202136628145 0.00000000000000000000
0.2500000000 1.00849990092843611045 0.00000000000000000000
0.2600000000 0.97825933868083014833 0.00000000000000000000
0.2700000000 0.94890814837602477372 0.00000000000000000000
0.2800000000 0.92042976933025610897 0.00000000000000000000
0.2900000000 0.89280707604433606761 0.00000000000000000000
0.3000000000 0.86602246354964906860 0.00000000000000000000
0.3100000000 0.84005792880743790363 0.00000000000000000000
0.3200000000 0.81489514790968364810 0.00000000000000000000
0.3300000000 0.79051554889972364126 0.00000000000000000000
0.3400000000 0.76690038009469030378 0.00000000000000000000
0.3500000000 0.74403077384957927443 0.00000000000000000000
0.3600000000 0.72188780575410260720 0.00000000000000000000
0.3700000000 0.70045254929851719083 0.00000000000000000000
0.3800000000 0.67970612608341818284 0.00000000000000000000
0.3900000000 0.65962975168138437976 0.00000000000000000000
0.4000000000 0.64020477728562341646 0.00000000000000000000
0.4100000000 0.62141272730282870462 0.00000000000000000000
0.4200000000 0.60323533306472243432 0.00000000000000000000
0.4300000000 0.58565456284571026924 0.00000000000000000000
0.4400000000 0.56865264838311002649 0.00000000000000000000
0.4500000000 0.55221210810207899122 0.00000000000000000000
0.4600000000 0.53631576724999419081 0.00000000000000000000
0.4700000000 0.52094677514514420302 0.00000000000000000000
0.4800000000 0.50608861974250707316 0.00000000000000000000
0.4900000000 0.49172513971546788492 0.00000000000000000000
0.5000000000 0.47784053424698957890 0.00000000000000000000
0.5100000000 0.46441937071717304120 0.00000000000000000000
0.5200000000 0.45144659046666901769 0.00000000000000000000
0.5300000000 0.43890751280727702266 0.00000000000000000000
0.5400000000 0.42678783744241083342 0.00000000000000000000
0.5500000000 0.41507364545121738786 0.00000000000000000000
0.5600000000 0.40375139898105022462 0.00000000000000000000
0.5700000000 0.39280793978392153365 0.00000000000000000000
0.5800000000 0.38223048672353776567 0.00000000000000000000
0.5900000000 0.37200663237072223444 0.00000000000000000000
0.6000000000 0.36212433879641037215 0.00000000000000000000
0.6100000000 0.35257193266312530922 0.00000000000000000000
0.6200000000 0.34333809970786849375 0.00000000000000000000
0.6300000000 0.33441187870178507024 0.00000000000000000000
0.6400000000 0.32578265496472713636 0.00000000000000000000
0.6500000000 0.31744015350603072001 0.00000000000000000000
0.6600000000 0.30937443185642771182 0.00000000000000000000
0.6700000000 0.30157587264995805443 0.00000000000000000000
0.6800000000 0.29403517600916145858 0.00000000000000000000
0.6900000000 0.28674335178157356330 0.00000000000000000000
0.7000000000 0.27969171167070394635 0.00000000000000000000
0.7100000000 0.27287186130014512431 0.00000000000000000000
0.7200000000 0.26627569224532809944 0.00000000000000000000
0.7300000000 0.25989537406361523653 0.00000000000000000000
0.7400000000 0.25372334634986087876 0.00000000000000000000
0.7500000000 0.24775231084138807369 0.00000000000000000000
0.7600000000 0.24197522359335851827 0.00000000000000000000
0.7700000000 0.23638528724281271387 0.00000000000000000000
0.7800000000 0.23097594337722321400 0.00000000000000000000
0.7900000000 0.22574086502114013020 0.00000000000000000000
0.8000000000 0.22067394925254416038 0.00000000000000000000
0.8100000000 0.21576930995863105589 0.00000000000000000000
0.8200000000 0.21102127073914633826 0.00000000000000000000
0.8300000000 0.20642435796387587077 0.00000000000000000000
0.8400000000 0.20197329398959740221 0.00000000000000000000
0.8500000000 0.19766299054056096773 0.00000000000000000000
0.8600000000 0.19348854225551254116 0.00000000000000000000
0.8700000000 0.18944522040335406987 0.00000000000000000000
0.8800000000 0.18552846676863846143 0.00000000000000000000
0.8900000000 0.18173388770740062093 0.00000000000000000000
0.9000000000 0.17805724837308894992 0.00000000000000000000
0.9100000000 0.17449446711190502723 0.00000000000000000000
0.9200000000 0.17104161002621454113 0.00000000000000000000
0.9300000000 0.16769488570434731844 0.00000000000000000000
0.9400000000 0.16445064011470678089 0.00000000000000000000
0.9500000000 0.16130535166171677819 0.00000000000000000000
0.9600000000 0.15825562640099419265 0.00000000000000000000
0.9700000000 0.15529819341077893968 0.00000000000000000000
0.9800000000 0.15242990031632505654 0.00000000000000000000
0.9900000000 0.14964770896440604542 0.00000000000000000000
1.0000000000 0.14694869124404305594 0.00000000000000000000
1.0100000000 0.14433002505006226057 0.00000000000000000000
1.0200000000 0.14178899038628114959 0.00000000000000000000
1.0300000000 0.13932296560405305064 0.00000000000000000000
1.0400000000 0.13692942377301547952 0.00000000000000000000
1.0500000000 0.13460592918004365970 0.00000000000000000000
1.0600000000 0.13235013395292713478 0.00000000000000000000
1.0700000000 0.13015977480488508111 0.00000000000000000000
1.0800000000 0.12803266989646122642 0.00000000000000000000
1.0900000000 0.12596671581108298543 0.00000000000000000000
1.1000000000 0.12395988464070735458 0.00000000000000000000
1.1100000000 0.12201022117807842904 0.00000000000000000000
1.1200000000 0.12011584021209388562 0.00000000000000000000
1.1300000000 0.11827492392291205636 0.00000000000000000000
1.1400000000 0.11648571937344370797 0.00000000000000000000
1.1500000000 0.11474653609398215159 0.00000000000000000000
1.1600000000 0.11305574375675925269 0.00000000000000000000
1.1700000000 0.11141176993737621215 0.00000000000000000000
1.1800000000 0.10981309795999026624 0.00000000000000000000
1.1900000000 0.10825826482339961920 0.00000000000000000000
1.2000000000 0.10674585920507211056 0.00000000000000000000
1.2100000000 0.10527451954038195836 0.00000000000000000000
1.2200000000 0.10384293217432795375 0.00000000000000000000
1.2300000000 0.10244982958308274101 0.00000000000000000000
1.2400000000 0.10109398866286214980 0.00000000000000000000
1.2500000000 0.09977422908360486509 0.00000000000000000000
1.2600000000 0.09848941170510963627 0.00000000000000000000
1.2700000000 0.09723843705326294662 0.00000000000000000000
1.2800000000 0.09602024385418633790 0.00000000000000000000
1.2900000000 0.09483380762406908027 0.00000000000000000000
1.3000000000 0.09367813931264253047 0.00000000000000000000
1.3100000000 0.09255228399825722596 0.00000000000000000000
1.3200000000 0.09145531963261088748 0.00000000000000000000
1.3300000000 0.09038635583325582701 0.00000000000000000000
1.3400000000 0.08934453272205433727 0.00000000000000000000
1.3500000000 0.08832901980784473028 0.00000000000000000000
1.3600000000 0.08733901491162369968 0.00000000000000000000
1.3700000000 0.08637374313261472758 0.00000000000000000000
1.3800000000 0.08543245585366333883 0.00000000000000000000
1.3900000000 0.08451442978443721166 0.00000000000000000000
1.4000000000 0.08361896604098684183 0.00000000000000000000
1.4100000000 0.08274538926025809538 0.00000000000000000000
1.4200000000 0.08189304674821425156 0.00000000000000000000
1.4300000000 0.08106130766026832524 0.00000000000000000000
1.4400000000 0.08024956221277013135 0.00000000000000000000
1.4500000000 0.07945722092435926476 0.00000000000000000000
1.4600000000 0.07868371388601652638 0.00000000000000000000
1.4700000000 0.07792849005870486345 0.00000000000000000000
1.4800000000 0.07719101659753653533 0.00000000000000000000
1.4900000000 0.07647077820143322047 0.00000000000000000000
1.5000000000 0.07576727648728442954 0.00000000000000000000
1.5100000000 0.07508002938767296963 0.00000000000000000000
1.5200000000 0.07440857057122807205 0.00000000000000000000
1.5300000000 0.07375244888474916105 0.00000000000000000000
1.5400000000 0.07311122781624773692 0.00000000000000000000
1.5500000000 0.07248448497809494018 0.00000000000000000000
1.5600000000 0.07187181160949786263 0.00000000000000000000
1.5700000000 0.07127281209755667590 0.00000000000000000000
1.5800000000 0.07068710351617879528 0.00000000000000000000
1.5900000000 0.07011431518216151848 0.00000000000000000000
1.6000000000 0.06955408822778171019 0.00000000000000000000
1.6100000000 0.06900607518924606332 0.00000000000000000000
1.6200000000 0.06846993961039571364 0.00000000000000000000
1.6300000000 0.06794535566107516578 0.00000000000000000000
1.6400000000 0.06743200776959666631 0.00000000000000000000
1.6500000000 0.06692959026875795747 0.00000000000000000000
1.6600000000 0.06643780705489643612 0.00000000000000000000
1.6700000000 0.06595637125946292312 0.00000000000000000000
1.6800000000 0.06548500493265735356 0.00000000000000000000
1.6900000000 0.06502343873863694612 0.00000000000000000000
1.7000000000 0.06457141166187359282 0.00000000000000000000
1.7100000000 0.06412867072422168135 0.00000000000000000000
1.7200000000 0.06369497071228992502 0.00000000000000000000
1.7300000000 0.06327007391472318221 0.00000000000000000000
1.7400000000 0.06285374986901456906 0.00000000000000000000
1.7500000000 0.06244577511748655718 0.00000000000000000000
1.7600000000 0.06204593297208836622 0.00000000000000000000
1.7700000000 0.06165401328767811107 0.00000000000000000000
1.7800000000 0.06126981224346415150 0.00000000000000000000
1.7900000000 0.06089313213229712723 0.00000000000000000000
1.8000000000 0.06052378115751694959 0.00000000000000000000
1.8100000000 0.06016157323706701476 0.00000000000000000000
1.8200000000 0.05980632781459849223 0.00000000000000000000
1.8300000000 0.05945786967731053058 0.00000000000000000000
1.8400000000 0.05911602878025832425 0.00000000000000000000
1.8500000000 0.05878064007690111947 0.00000000000000000000
1.8600000000 0.05845154335564342607 0.00000000000000000000
1.8700000000 0.05812858308215248376 0.00000000000000000000
1.8800000000 0.05781160824723193675 0.00000000000000000000
1.8900000000 0.05750047222004781716 0.00000000000000000000
1.9000000000 0.05719503260650106446 0.00000000000000000000
1.9100000000 0.05689515111256292917 0.00000000000000000000
1.9200000000 0.05660069341238205265 0.00000000000000000000
1.9300000000 0.05631152902098951474 0.00000000000000000000
1.9400000000 0.05602753117143146472 0.00000000000000000000
1.9500000000 0.05574857669616475886 0.00000000000000000000
1.9600000000 0.05547454591255722434 0.00000000000000000000
1.9700000000 0.05520532251234626375 0.00000000000000000000
1.9800000000 0.05494079345490213845 0.00000000000000000000
1.9900000000 0.05468084886416463980 0.00000000000000000000
2.0000000000 0.05442538192911298284 0.00000000000000000000
2.0100000000 0.05417428880764164900 0.00000000000000000000
2.0200000000 0.05392746853371894328 0.00000000000000000000
2.0300000000 0.05368482292770582198 0.00000000000000000000
2.0400000000 0.05344625650972457259 0.00000000000000000000
2.0500000000 0.05321167641596036280 0.00000000000000000000
2.0600000000 0.05298099231779598850 0.00000000000000000000
2.0700000000 0.05275411634367391939 0.00000000000000000000
2.0800000000 0.05253096300358685300 0.00000000000000000000
2.0900000000 0.05231144911610412923 0.00000000000000000000
2.1000000000 0.05209549373784264775 0.00000000000000000000
2.1100000000 0.05188301809529182601 0.00000000000000000000
2.1200000000 0.05167394551891291155 0.00000000000000000000
2.1300000000 0.05146820137942732798 0.00000000000000000000
2.1400000000 0.05126571302621896892 0.00000000000000000000
2.1500000000 0.05106640972777443110 0.00000000000000000000
2.1600000000 0.05087022261408591373 0.00000000000000000000
2.1700000000 0.05067708462095443095 0.00000000000000000000
2.1800000000 0.05048693043611716946 0.00000000000000000000
2.1900000000 0.05029969644714210597 0.00000000000000000000
2.2000000000 0.05011532069102451331 0.00000000000000000000
2.2100000000 0.04993374280542481336 0.00000000000000000000
2.2200000000 0.04975490398149148841 0.00000000000000000000
2.2300000000 0.04957874691821566315 0.00000000000000000000
2.2400000000 0.04940521577825802979 0.00000000000000000000
2.2500000000 0.04923425614520537258 0.00000000000000000000
2.2600000000 0.04906581498219679538 0.00000000000000000000
2.2700000000 0.04889984059188345195 0.00000000000000000000
2.2800000000 0.04873628257766528249 0.00000000000000000000
2.2900000000 0.04857509180616770977 0.00000000000000000000
2.3000000000 0.04841622037091233843 0.00000000000000000000
2.3100000000 0.04825962155714288299 0.00000000000000000000
2.3200000000 0.04810524980776308135 0.00000000000000000000
2.3300000000 0.04795306069035299573 0.00000000000000000000
2.3400000000 0.04780301086522324716 0.00000000000000000000
2.3500000000 0.04765505805447431409 0.00000000000000000000
2.3600000000 0.04750916101202583980 0.00000000000000000000
2.3700000000 0.04736527949458206599 0.00000000000000000000
2.3800000000 0.04722337423350393693 0.00000000000000000000
2.3900000000 0.04708340690755465074 0.00000000000000000000
2.4000000000 0.04694534011649235949 0.00000000000000000000
2.4100000000 0.04680913735547850146 0.00000000000000000000
2.4200000000 0.04667476299027637637 0.00000000000000000000
2.4300000000 0.04654218223321231890 0.00000000000000000000
2.4400000000 0.04641136111987656521 0.00000000000000000000
2.4500000000 0.04628226648653439856 0.00000000000000000000
2.4600000000 0.04615486594822924143 0.00000000000000000000
2.4700000000 0.04602912787755171486 0.00000000000000000000
2.4800000000 0.04590502138405300192 0.00000000000000000000
2.4900000000 0.04578251629428226055 0.00000000000000000000
2.5000000000 0.04566158313242610345 0.00000000000000000000
2.5100000000 0.04554219310153226341 0.00000000000000000000
2.5200000000 0.04542431806529639848 0.00000000000000000000
2.5300000000 0.04530793053039504359 0.00000000000000000000
2.5400000000 0.04519300362934638993 0.00000000000000000000
2.5500000000 0.04507951110388096205 0.00000000000000000000
2.5600000000 0.04496742728880742668 0.00000000000000000000
2.5700000000 0.04485672709635575572 0.00000000000000000000
2.5800000000 0.04474738600098369934 0.00000000000000000000
2.5900000000 0.04463938002463067184 0.00000000000000000000
2.6000000000 0.04453268572240474260 0.00000000000000000000
2.6100000000 0.04442728016868958268 0.00000000000000000000
2.6200000000 0.04432314094365735063 0.00000000000000000000
2.6300000000 0.04422024612017460415 0.00000000000000000000
2.6400000000 0.04411857425108911546 0.00000000000000000000
2.6500000000 0.04401810435688480877 0.00000000000000000000
2.6600000000 0.04391881591369414112 0.00000000000000000000
2.6700000000 0.04382068884165474937 0.00000000000000000000
2.6800000000 0.04372370349360277936 0.00000000000000000000
2.6900000000 0.04362784064408883195 0.00000000000000000000
2.7000000000 0.04353308147870791484 0.00000000000000000000
2.7100000000 0.04343940758373516370 0.00000000000000000000
2.7200000000 0.04334680093605410706 0.00000000000000000000
2.7300000000 0.04325524389337149361 0.00000000000000000000
2.7400000000 0.04316471918470925900 0.00000000000000000000
2.7500000000 0.04307520990116334852 0.00000000000000000000
2.7600000000 0.04298669948692305370 0.00000000000000000000
2.7700000000 0.04289917173054223071 0.00000000000000000000
2.7800000000 0.04281261075645365760 0.00000000000000000000
2.7900000000 0.04272700101672118056 0.00000000000000000000
2.8000000000 0.04264232728301980274 0.00000000000000000000
2.8100000000 0.04255857463883884473 0.00000000000000000000
2.8200000000 0.04247572847190089762 0.00000000000000000000
2.8300000000 0.04239377446678834621 0.00000000000000000000
2.8400000000 0.04231269859777478382 0.00000000000000000000
2.8500000000 0.04223248712184982101 0.00000000000000000000
2.8600000000 0.04215312657193790585 0.00000000000000000000
2.8700000000 0.04207460375029901251 0.00000000000000000000
2.8800000000 0.04199690572211026846 0.00000000000000000000
2.8900000000 0.04192001980922144266 0.00000000000000000000
2.9000000000 0.04184393358407818148 0.00000000000000000000
2.9100000000 0.04176863486380975182 0.00000000000000000000
2.9200000000 0.04169411170447546305 0.00000000000000000000
2.9300000000 0.04162035239546513915 0.00000000000000000000
2.9400000000 0.04154734545404874940 0.00000000000000000000
2.9500000000 0.04147507962007209587 0.00000000000000000000
2.9600000000 0.04140354385079215299 0.00000000000000000000
2.9700000000 0.04133272731585072024 0.00000000000000000000
2.9800000000 0.04126261939237885895 0.00000000000000000000
2.9900000000 0.04119320966023189839 0.00000000000000000000
3.0000000000 0.04112448789734872434 0.00000000000000000000
3.0100000000 0.04105644407523257461 0.00000000000000000000
3.0200000000 0.04098906835454992764 0.00000000000000000000
3.0300000000 0.04092235108084383427 0.00000000000000000000
3.0400000000 0.04085628278035848687 0.00000000000000000000
3.0500000000 0.04079085415597183406 0.00000000000000000000
3.0600000000 0.04072605608323340981 0.00000000000000000000
3.0700000000 0.04066187960650322758 0.00000000000000000000
3.0800000000 0.04059831593519071941 0.00000000000000000000
3.0900000000 0.04053535644008926520 0.00000000000000000000
3.1000000000 0.04047299264980434852 0.00000000000000000000
3.1100000000 0.04041121624727270212 0.00000000000000000000
3.1200000000 0.04035001906636872387 0.00000000000000000000
3.1300000000 0.04028939308859865592 0.00000000000000000000
3.1400000000 0.04022933043987574758 0.00000000000000000000
3.1500000000 0.04016982338737819236 0.00000000000000000000
3.1600000000 0.04011086433648518995 0.00000000000000000000
3.1700000000 0.04005244582778908630 0.00000000000000000000
3.1800000000 0.03999456053418277285 0.00000000000000000000
3.1900000000 0.03993720125801875770 0.00000000000000000000
3.2000000000 0.03988036092833932567 0.00000000000000000000
3.2100000000 0.03982403259817388769 0.00000000000000000000
3.2200000000 0.03976820944190419954 0.00000000000000000000
3.2300000000 0.03971288475269375839 0.00000000000000000000
3.2400000000 0.03965805193997894162 0.00000000000000000000
3.2500000000 0.03960370452702394878 0.00000000000000000000
3.2600000000 0.03954983614853251062 0.00000000000000000000
3.2700000000 0.03949644054831922407 0.00000000000000000000
3.2800000000 0.03944351157703666899 0.00000000000000000000
3.2900000000 0.03939104318995740456 0.00000000000000000000
3.3000000000 0.03933902944480930503 0.00000000000000000000
3.3100000000 0.03928746449966231263 0.00000000000000000000
3.3200000000 0.03923634261086689223 0.00000000000000000000
3.3300000000 0.03918565813104032958 0.00000000000000000000
3.3400000000 0.03913540550710171290 0.00000000000000000000
3.3500000000 0.03908557927835286383 0.00000000000000000000
3.3600000000 0.03903617407460530098 0.00000000000000000000
3.3700000000 0.03898718461435072419 0.00000000000000000000
3.3800000000 0.03893860570297447143 0.00000000000000000000
3.3900000000 0.03889043223101133068 0.00000000000000000000
3.4000000000 0.03884265917244186100 0.00000000000000000000
3.4100000000 0.03879528158302749524 0.00000000000000000000
3.4200000000 0.03874829459868588816 0.00000000000000000000
3.4300000000 0.03870169343390256894 0.00000000000000000000
3.4400000000 0.03865547338017964740 0.00000000000000000000
3.4500000000 0.03860962980452024157 0.00000000000000000000
3.4600000000 0.03856415814794780100 0.00000000000000000000
3.4700000000 0.03851905392405889639 0.00000000000000000000
3.4800000000 0.03847431271760924643 0.00000000000000000000
3.4900000000 0.03842993018313199671 0.00000000000000000000
3.5000000000 0.03838590204358694608 0.00000000000000000000
3.5100000000 0.03834222408904072732 0.00000000000000000000
3.5200000000 0.03829889217537668644 0.00000000000000000000
3.5300000000 0.03825590222303274640 0.00000000000000000000
3.5400000000 0.03821325021576947589 0.00000000000000000000
3.5500000000 0.03817093219946364469 0.00000000000000000000
3.5600000000 0.03812894428092998556 0.00000000000000000000
3.5700000000 0.03808728262676857462 0.00000000000000000000
3.5800000000 0.03804594346223771212 0.00000000000000000000
3.5900000000 0.03800492307015209542 0.00000000000000000000
3.6000000000 0.03796421778980443168 0.00000000000000000000
3.6100000000 0.03792382401591132962 0.00000000000000000000
3.6200000000 0.03788373819758236033 0.00000000000000000000
3.6300000000 0.03784395683731121840 0.00000000000000000000
3.6400000000 0.03780447648998862265 0.00000000000000000000
3.6500000000 0.03776529376193736576 0.00000000000000000000
3.6600000000 0.03772640530996750063 0.00000000000000000000
3.6700000000 0.03768780784045231563 0.00000000000000000000
3.6800000000 0.03764949810842396077 0.00000000000000000000
3.6900000000 0.03761147291668830162 0.00000000000000000000
3.7000000000 0.03757372911495943102 0.00000000000000000000
3.7100000000 0.03753626359901129916 0.00000000000000000000
3.7200000000 0.03749907330984889736 0.00000000000000000000
3.7300000000 0.03746215523289553317 0.00000000000000000000
3.7400000000 0.03742550639719845890 0.00000000000000000000
3.7500000000 0.03738912387465054971 0.00000000000000000000
3.7600000000 0.03735300477922830903 0.00000000000000000000
3.7700000000 0.03731714626624587500 0.00000000000000000000
3.7800000000 0.03728154553162536800 0.00000000000000000000
3.7900000000 0.03724619981118095641 0.00000000000000000000
3.8000000000 0.03721110637991886794 0.00000000000000000000
3.8100000000 0.03717626255135182689 0.00000000000000000000
3.8200000000 0.03714166567682677944 0.00000000000000000000
3.8300000000 0.03710731314486757915 0.00000000000000000000
3.8400000000 0.03707320238053028738 0.00000000000000000000
3.8500000000 0.03703933084477210175 0.00000000000000000000
3.8600000000 0.03700569603383274675 0.00000000000000000000
3.8700000000 0.03697229547862918714 0.00000000000000000000
3.8800000000 0.03693912674416145736 0.00000000000000000000
3.8900000000 0.03690618742893168880 0.00000000000000000000
3.9000000000 0.03687347516437394085 0.00000000000000000000
3.9100000000 0.03684098761429598773 0.00000000000000000000
3.9200000000 0.03680872247433233935 0.00000000000000000000
3.9300000000 0.03677667747140732357 0.00000000000000000000
3.9400000000 0.03674485036321026993 0.00000000000000000000
3.9500000000 0.03671323893767984570 0.00000000000000000000
3.9600000000 0.03668184101249939710 0.00000000000000000000
3.9700000000 0.03665065443460165107 0.00000000000000000000
3.9800000000 0.03661967707968376284 0.00000000000000000000
3.9900000000 0.03658890685173146751 0.00000000000000000000
4.0000000000 0.03655834168255277933 0.00000000000000000000
4.0100000000 0.03652797953132036479 0.00000000000000000000
4.0200000000 0.03649781838412339413 0.00000000000000000000
4.0300000000 0.03646785625352791382 0.00000000000000000000
4.0400000000 0.03643809117814530985 0.00000000000000000000
4.0500000000 0.03640852122220966658 0.00000000000000000000
4.0600000000 0.03637914447516290423 0.00000000000000000000
4.0700000000 0.03634995905124790289 0.00000000000000000000
4.0800000000 0.03632096308910971044 0.00000000000000000000
4.0900000000 0.03629215475140373792 0.00000000000000000000
4.1000000000 0.03626353222441229540 0.00000000000000000000
4.1100000000 0.03623509371766723414 0.00000000000000000000
4.1200000000 0.03620683746358104027 0.00000000000000000000
4.1300000000 0.03617876171708379884 0.00000000000000000000
4.1400000000 0.03615086475526748527 0.00000000000000000000
4.1500000000 0.03612314487703686960 0.00000000000000000000
4.1600000000 0.03609560040276701964 0.00000000000000000000
4.1700000000 0.03606822967396683399 0.00000000000000000000
4.1800000000 0.03604103105294943765 0.00000000000000000000
4.1900000000 0.03601400292250786506 0.00000000000000000000
4.2000000000 0.03598714368559755711 0.00000000000000000000
4.2100000000 0.03596045176502447177 0.00000000000000000000
4.2200000000 0.03593392560313819761 0.00000000000000000000
4.2300000000 0.03590756366153199930 0.00000000000000000000
4.2400000000 0.03588136442074717908 0.00000000000000000000
4.2500000000 0.03585532637998360694 0.00000000000000000000
4.2600000000 0.03582944805681483741 0.00000000000000000000
4.2700000000 0.03580372798690921454 0.00000000000000000000
4.2800000000 0.03577816472375511953 0.00000000000000000000
4.2900000000 0.03575275683839187341 0.00000000000000000000
4.3000000000 0.03572750291914505300 0.00000000000000000000
4.3100000000 0.03570240157136692072 0.00000000000000000000
4.3200000000 0.03567745141718087210 0.00000000000000000000
4.3300000000 0.03565265109523143433 0.00000000000000000000
4.3400000000 0.03562799926043754006 0.00000000000000000000
4.3500000000 0.03560349458375099141 0.00000000000000000000
4.3600000000 0.03557913575191914285 0.00000000000000000000
4.3700000000 0.03555492146725118541 0.00000000000000000000
4.3800000000 0.03553085044738930193 0.00000000000000000000
4.3900000000 0.03550692142508326404 0.00000000000000000000
4.4000000000 0.03548313314796915779 0.00000000000000000000
4.4100000000 0.03545948437835201583 0.00000000000000000000
4.4200000000 0.03543597389299228684 0.00000000000000000000
4.4300000000 0.03541260048289582990 0.00000000000000000000
4.4400000000 0.03538936295310755181 0.00000000000000000000
4.4500000000 0.03536626012250888157 0.00000000000000000000
4.4600000000 0.03534329082361827024 0.00000000000000000000
4.4700000000 0.03532045390239563210 0.00000000000000000000
4.4800000000 0.03529774821804958218 0.00000000000000000000
4.4900000000 0.03527517264284852488 0.00000000000000000000
4.5000000000 0.03525272606193445568 0.00000000000000000000
4.5100000000 0.03523040737314037801 0.00000000000000000000
4.5200000000 0.03520821548681024593 0.00000000000000000000
4.5300000000 0.03518614932562259129 0.00000000000000000000
4.5400000000 0.03516420782441672527 0.00000000000000000000
4.5500000000 0.03514238993002179873 0.00000000000000000000
4.5600000000 0.03512069460108901975 0.00000000000000000000
4.5700000000 0.03509912080792644551 0.00000000000000000000
4.5800000000 0.03507766753233663992 0.00000000000000000000
4.5900000000 0.03505633376745699581 0.00000000000000000000
4.6000000000 0.03503511851760262447 0.00000000000000000000
4.6100000000 0.03501402079811200690 0.00000000000000000000
4.6200000000 0.03499303963519495575 0.00000000000000000000
4.6300000000 0.03497217406578332494 0.00000000000000000000
4.6400000000 0.03495142313738421741 0.00000000000000000000
4.6500000000 0.03493078590793490673 0.00000000000000000000
4.6600000000 0.03491026144566124895 0.00000000000000000000
4.6700000000 0.03488984882893753775 0.00000000000000000000
4.6800000000 0.03486954714614863560 0.00000000000000000000
4.6900000000 0.03484935549555528977 0.00000000000000000000
4.7000000000 0.03482927298516011461 0.00000000000000000000
4.7100000000 0.03480929873257703616 0.00000000000000000000
4.7200000000 0.03478943186490236067 0.00000000000000000000
4.7300000000 0.03476967151858746663 0.00000000000000000000
4.7400000000 0.03475001683931460555 0.00000000000000000000
4.7500000000 0.03473046698187342435 0.00000000000000000000
4.7600000000 0.03471102111004025631 0.00000000000000000000
4.7700000000 0.03469167839645932727 0.00000000000000000000
4.7800000000 0.03467243802252540502 0.00000000000000000000
4.7900000000 0.03465329917826863448 0.00000000000000000000
4.8000000000 0.03463426106224078843 0.00000000000000000000
4.8100000000 0.03461532288140423130 0.00000000000000000000
4.8200000000 0.03459648385102133405 0.00000000000000000000
4.8300000000 0.03457774319454659517 0.00000000000000000000
4.8400000000 0.03455910014352012866 0.00000000000000000000
4.8500000000 0.03454055393746267855 0.00000000000000000000
4.8600000000 0.03452210382377225023 0.00000000000000000000
4.8700000000 0.03450374905762283034 0.00000000000000000000
4.8800000000 0.03448548890186397403 0.00000000000000000000
4.8900000000 0.03446732262692246695 0.00000000000000000000
4.9000000000 0.03444924951070502117 0.00000000000000000000
4.9100000000 0.03443126883850304576 0.00000000000000000000
4.9200000000 0.03441337990289839582 0.00000000000000000000
4.9300000000 0.03439558200367069662 0.00000000000000000000
4.9400000000 0.03437787444770613876 0.00000000000000000000
4.9500000000 0.03436025654890752234 0.00000000000000000000
4.9600000000 0.03434272762810606366 0.00000000000000000000
4.9700000000 0.03432528701297370838 0.00000000000000000000
4.9800000000 0.03430793403793762353 0.00000000000000000000
4.9900000000 0.03429066804409564712 0.00000000000000000000
5.0000000000 0.03427348837913270219 0.00000000000000000000
