0.1000000000 1.57727527222834940090 0.00000000000000000000
0.1100000000 1.53237893202109254354 0.00000000000000000000
0.1200000000 1.48848850938313215231 0.00000000000000000000
0.1300000000 1.44560714269804391208 0.00000000000000000000
0.1400000000 1.40373606538057504878 0.00000000000000000000
0.1500000000 1.36287466752592356656 0.00000000000000000000
0.1600000000 1.32302056608066331833 0.00000000000000000000
0.1700000000 1.28416968244770957064 0.00000000000000000000
0.1800000000 1.24631632640958178726 0.00000000000000000000
0.1900000000 1.20945328524737916176 0.00000000000000000000
0.2000000000 1.17357191694563733897 0.00000000000000000000
0.2100000000 1.13866224640362401210 0.00000000000000000000
0.2200000000 1.10471306361935361906 0.00000000000000000000
0.2300000000 1.07171202287119093910 0.00000000000000000000
0.2400000000 1.03964574199083314987 0.00000000000000000000
0.2500000000 1.00849990089821051065 0.00000000000000000000
0.2600000000 0.97825933865099012898 0.00000000000000000000
0.2700000000 0.94890814834664005684 0.00000000000000000000
0.2800000000 0.92042976930138831193 0.00000000000000000000
0.2900000000 0.89280707601603792600 0.00000000000000000000
0.3000000000 0.86602246352196654566 0.00000000000000000000
0.3100000000 0.84005792878040896898 0.00000000000000000000
0.3200000000 0.81489514788333972106 0.00000000000000000000
0.3300000000 0.79051554887408859162 0.00000000000000000000
0.3400000000 0.76690038006978422658 0.00000000000000000000
0.3500000000 0.74403077382541482621 0.00000000000000000000
0.3600000000 0.72188780573068844770 0.00000000000000000000
0.3700000000 0.70045254927585620663 0.00000000000000000000
0.3800000000 0.67970612606151104007 0.00000000000000000000
0.3900000000 0.65962975166022597140 0.00000000000000000000
0.4000000000 0.64020477726520763628 0.00000000000000000000
0.4100000000 0.62141272728314500551 0.00000000000000000000
0.4200000000 0.60323533304575915892 0.00000000000000000000
0.4300000000 0.58565456282745265160 0.00000000000000000000
0.4400000000 0.56865264836554274552 0.00000000000000000000
0.4500000000 0.55221210808518372826 0.00000000000000000000
0.4600000000 0.53631576723375240512 0.00000000000000000000
0.4700000000 0.52094677512953757592 0.00000000000000000000
0.4800000000 0.50608861972751462144 0.00000000000000000000
0.4900000000 0.49172513970106934700 0.00000000000000000000
0.5000000000 0.47784053423316380504 0.00000000000000000000
0.5100000000 0.46441937070389865960 0.00000000000000000000
0.5200000000 0.45144659045392687702 0.00000000000000000000
0.5300000000 0.43890751279504514049 0.00000000000000000000
0.5400000000 0.42678783743066850409 0.00000000000000000000
0.5500000000 0.41507364543994473838 0.00000000000000000000
0.5600000000 0.40375139897022771507 0.00000000000000000000
0.5700000000 0.39280793977352984614 0.00000000000000000000
0.5800000000 0.38223048671355713823 0.00000000000000000000
0.5900000000 0.37200663236113562515 0.00000000000000000000
0.6000000000 0.36212433878720051705 0.00000000000000000000
0.6100000000 0.35257193265427355655 0.00000000000000000000
0.6200000000 0.34333809969935968898 0.00000000000000000000
0.6300000000 0.33441187869360444740 0.00000000000000000000
0.6400000000 0.32578265495685682085 0.00000000000000000000
0.6500000000 0.31744015349845872143 0.00000000000000000000
0.6600000000 0.30937443184913993033 0.00000000000000000000
0.6700000000 0.30157587264293972407 0.00000000000000000000
0.6800000000 0.29403517600239975627 0.00000000000000000000
0.6900000000 0.28674335177505805294 0.00000000000000000000
0.7000000000 0.27969171166442285958 0.00000000000000000000
0.7100000000 0.27287186129408680380 0.00000000000000000000
0.7200000000 0.26627569223948244215 0.00000000000000000000
0.7300000000 0.25989537405797263903 0.00000000000000000000
0.7400000000 0.25372334634441073842 0.00000000000000000000
0.7500000000 0.24775231083612275773 0.00000000000000000000
0.7600000000 0.24197522358826897837 0.00000000000000000000
0.7700000000 0.23638528723789273278 0.00000000000000000000
0.7800000000 0.23097594337246130092 0.00000000000000000000
0.7900000000 0.22574086501653176096 0.00000000000000000000
0.8000000000 0.22067394924808250711 0.00000000000000000000
0.8100000000 0.21576930995430909643 0.00000000000000000000
0.8200000000 0.21102127073495408061 0.00000000000000000000
0.8300000000 0.20642435795981134428 0.00000000000000000000
0.8400000000 0.20197329398565783132 0.00000000000000000000
0.8500000000 0.19766299053673838659 0.00000000000000000000
0.8600000000 0.19348854225180470157 0.00000000000000000000
0.8700000000 0.18944522039974945327 0.00000000000000000000
0.8800000000 0.18552846676513862212 0.00000000000000000000
0.8900000000 0.18173388770399340197 0.00000000000000000000
0.9000000000 0.17805724836977779302 0.00000000000000000000
0.9100000000 0.17449446710868452004 0.00000000000000000000
0.9200000000 0.17104161002307974315 0.00000000000000000000
0.9300000000 0.16769488570130006155 0.00000000000000000000
0.9400000000 0.16445064011172763618 0.00000000000000000000
0.9500000000 0.16130535165882253779 0.00000000000000000000
0.9600000000 0.15825562639818099853 0.00000000000000000000
0.9700000000 0.15529819340801626071 0.00000000000000000000
0.9800000000 0.15242990031362435577 0.00000000000000000000
0.9900000000 0.14964770896178983262 0.00000000000000000000
1.0000000000 0.14694869124148887685 0.00000000000000000000
1.0100000000 0.14433002504757178053 0.00000000000000000000
1.0200000000 0.14178899038384287778 0.00000000000000000000
1.0300000000 0.13932296560167833910 0.00000000000000000000
1.0400000000 0.13692942377068795246 0.00000000000000000000
1.0500000000 0.13460592917777469690 0.00000000000000000000
1.0600000000 0.13235013395070763242 0.00000000000000000000
1.0700000000 0.13015977480271151423 0.00000000000000000000
1.0800000000 0.12803266989433709222 0.00000000000000000000
1.0900000000 0.12596671580900439813 0.00000000000000000000
1.1000000000 0.12395988463867053941 0.00000000000000000000
1.1100000000 0.12201022117608370521 0.00000000000000000000
1.1200000000 0.12011584021013872736 0.00000000000000000000
1.1300000000 0.11827492392099631102 0.00000000000000000000
1.1400000000 0.11648571937156720901 0.00000000000000000000
1.1500000000 0.11474653609214108263 0.00000000000000000000
1.1600000000 0.11305574375495469619 0.00000000000000000000
1.1700000000 0.11141176993560449049 0.00000000000000000000
1.1800000000 0.10981309795825269782 0.00000000000000000000
1.1900000000 0.10825826482169491338 0.00000000000000000000
1.2000000000 0.10674585920339749179 0.00000000000000000000
1.2100000000 0.10527451953873831481 0.00000000000000000000
1.2200000000 0.10384293217271346743 0.00000000000000000000
1.2300000000 0.10244982958149731478 0.00000000000000000000
1.2400000000 0.10109398866130284156 0.00000000000000000000
1.2500000000 0.09977422908207321528 0.00000000000000000000
1.2600000000 0.09848941170360349384 0.00000000000000000000
1.2700000000 0.09723843705178211727 0.00000000000000000000
1.2800000000 0.09602024385272978080 0.00000000000000000000
1.2900000000 0.09483380762263551866 0.00000000000000000000
1.3000000000 0.09367813931123118720 0.00000000000000000000
1.3100000000 0.09255228399686811491 0.00000000000000000000
1.3200000000 0.09145531963124298169 0.00000000000000000000
1.3300000000 0.09038635583190922362 0.00000000000000000000
1.3400000000 0.08934453272072812036 0.00000000000000000000
1.3500000000 0.08832901980653802554 0.00000000000000000000
1.3600000000 0.08733901491033574382 0.00000000000000000000
1.3700000000 0.08637374313134515980 0.00000000000000000000
1.3800000000 0.08543245585241174278 0.00000000000000000000
1.3900000000 0.08451442978320328203 0.00000000000000000000
1.4000000000 0.08361896603976941289 0.00000000000000000000
1.4100000000 0.08274538925905744469 0.00000000000000000000
1.4200000000 0.08189304674702961584 0.00000000000000000000
1.4300000000 0.08106130765909894120 0.00000000000000000000
1.4400000000 0.08024956221161634595 0.00000000000000000000
1.4500000000 0.07945722092322063390 0.00000000000000000000
1.4600000000 0.07868371388489116269 0.00000000000000000000
1.4700000000 0.07792849005759340530 0.00000000000000000000
1.4800000000 0.07719101659643864966 0.00000000000000000000
1.4900000000 0.07647077820034833828 0.00000000000000000000
1.5000000000 0.07576727648621228717 0.00000000000000000000
1.5100000000 0.07508002938661373360 0.00000000000000000000
1.5200000000 0.07440857057018059051 0.00000000000000000000
1.5300000000 0.07375244888371340624 0.00000000000000000000
1.5400000000 0.07311122781522348679 0.00000000000000000000
1.5500000000 0.07248448497708176452 0.00000000000000000000
1.5600000000 0.07187181160849559491 0.00000000000000000000
1.5700000000 0.07127281209656513572 0.00000000000000000000
1.5800000000 0.07068710351519720547 0.00000000000000000000
1.5900000000 0.07011431518119033701 0.00000000000000000000
1.6000000000 0.06955408822682017378 0.00000000000000000000
1.6100000000 0.06900607518829407483 0.00000000000000000000
1.6200000000 0.06846993960945259305 0.00000000000000000000
1.6300000000 0.06794535566014114902 0.00000000000000000000
1.6400000000 0.06743200776867130930 0.00000000000000000000
1.6500000000 0.06692959026784188470 0.00000000000000000000
1.6600000000 0.06643780705398795450 0.00000000000000000000
1.6700000000 0.06595637125856318450 0.00000000000000000000
1.6800000000 0.06548500493176524773 0.00000000000000000000
1.6900000000 0.06502343873775261185 0.00000000000000000000
1.7000000000 0.06457141166099678031 0.00000000000000000000
1.7100000000 0.06412867072335234897 0.00000000000000000000
1.7200000000 0.06369497071142754541 0.00000000000000000000
1.7300000000 0.06327007391386803292 0.00000000000000000000
1.7400000000 0.06285374986816630316 0.00000000000000000000
1.7500000000 0.06244577511664483466 0.00000000000000000000
1.7600000000 0.06204593297125376994 0.00000000000000000000
1.7700000000 0.06165401328684971816 0.00000000000000000000
1.7800000000 0.06126981224264163584 0.00000000000000000000
1.7900000000 0.06089313213148064147 0.00000000000000000000
1.8000000000 0.06052378115670662556 0.00000000000000000000
1.8100000000 0.06016157323626227654 0.00000000000000000000
1.8200000000 0.05980632781379962432 0.00000000000000000000
1.8300000000 0.05945786967651724847 0.00000000000000000000
1.8400000000 0.05911602877947035733 0.00000000000000000000
1.8500000000 0.05878064007611861347 0.00000000000000000000
1.8600000000 0.05845154335486598546 0.00000000000000000000
1.8700000000 0.05812858308137999058 0.00000000000000000000
1.8800000000 0.05781160824646493224 0.00000000000000000000
1.8900000000 0.05750047221928526048 0.00000000000000000000
1.9000000000 0.05719503260574325398 0.00000000000000000000
1.9100000000 0.05689515111180987877 0.00000000000000000000
1.9200000000 0.05660069341163339457 0.00000000000000000000
1.9300000000 0.05631152902024517265 0.00000000000000000000
1.9400000000 0.05602753117069171618 0.00000000000000000000
1.9500000000 0.05574857669542912508 0.00000000000000000000
1.9600000000 0.05547454591182599676 0.00000000000000000000
1.9700000000 0.05520532251161897053 0.00000000000000000000
1.9800000000 0.05494079345417895305 0.00000000000000000000
1.9900000000 0.05468084886344535406 0.00000000000000000000
2.0000000000 0.05442538192839751349 0.00000000000000000000
2.0100000000 0.05417428880692992665 0.00000000000000000000
2.0200000000 0.05392746853301088467 0.00000000000000000000
2.0300000000 0.05368482292700148262 0.00000000000000000000
2.0400000000 0.05344625650902386227 0.00000000000000000000
2.0500000000 0.05321167641526311498 0.00000000000000000000
2.0600000000 0.05298099231710223095 0.00000000000000000000
2.0700000000 0.05275411634298337454 0.00000000000000000000
2.0800000000 0.05253096300289968046 0.00000000000000000000
2.0900000000 0.05231144911541994041 0.00000000000000000000
2.1000000000 0.05209549373716180348 0.00000000000000000000
2.1100000000 0.05188301809461417363 0.00000000000000000000
2.1200000000 0.05167394551823817350 0.00000000000000000000
2.1300000000 0.05146820137875556672 0.00000000000000000000
2.1400000000 0.05126571302555021914 0.00000000000000000000
2.1500000000 0.05106640972710855403 0.00000000000000000000
2.1600000000 0.05087022261342283996 0.00000000000000000000
2.1700000000 0.05067708462029411887 0.00000000000000000000
2.1800000000 0.05048693043545948028 0.00000000000000000000
2.1900000000 0.05029969644648728255 0.00000000000000000000
2.2000000000 0.05011532069037231280 0.00000000000000000000
2.2100000000 0.04993374280477499288 0.00000000000000000000
2.2200000000 0.04975490398084429083 0.00000000000000000000
2.2300000000 0.04957874691757096358 0.00000000000000000000
2.2400000000 0.04940521577761577271 0.00000000000000000000
2.2500000000 0.04923425614456562044 0.00000000000000000000
2.2600000000 0.04906581498155950655 0.00000000000000000000
2.2700000000 0.04889984059124830723 0.00000000000000000000
2.2800000000 0.04873628257703252475 0.00000000000000000000
2.2900000000 0.04857509180553720718 0.00000000000000000000
2.3000000000 0.04841622037028396608 0.00000000000000000000
2.3100000000 0.04825962155651668944 0.00000000000000000000
2.3200000000 0.04810524980713922621 0.00000000000000000000
2.3300000000 0.04795306068973108349 0.00000000000000000000
2.3400000000 0.04780301086460340965 0.00000000000000000000
2.3500000000 0.04765505805385644028 0.00000000000000000000
2.3600000000 0.04750916101141007541 0.00000000000000000000
2.3700000000 0.04736527949396837633 0.00000000000000000000
2.3800000000 0.04722337423289221098 0.00000000000000000000
2.3900000000 0.04708340690694486075 0.00000000000000000000
2.4000000000 0.04694534011588454708 0.00000000000000000000
2.4100000000 0.04680913735487239602 0.00000000000000000000
2.4200000000 0.04667476298967211668 0.00000000000000000000
2.4300000000 0.04654218223260987719 0.00000000000000000000
2.4400000000 0.04641136111927592067 0.00000000000000000000
2.4500000000 0.04628226648593543324 0.00000000000000000000
2.4600000000 0.04615486594763218431 0.00000000000000000000
2.4700000000 0.04602912787695628144 0.00000000000000000000
2.4800000000 0.04590502138345926852 0.00000000000000000000
2.4900000000 0.04578251629369011616 0.00000000000000000000
2.5000000000 0.04566158313183560358 0.00000000000000000000
2.5100000000 0.04554219310094338724 0.00000000000000000000
2.5200000000 0.04542431806470912520 0.00000000000000000000
2.5300000000 0.04530793052980933155 0.00000000000000000000
2.5400000000 0.04519300362876231547 0.00000000000000000000
2.5500000000 0.04507951110329835170 0.00000000000000000000
2.5600000000 0.04496742728822631513 0.00000000000000000000
2.5700000000 0.04485672709577606665 0.00000000000000000000
2.5800000000 0.04474738600040556458 0.00000000000000000000
2.5900000000 0.04463938002405406363 0.00000000000000000000
2.6000000000 0.04453268572182943197 0.00000000000000000000
2.6100000000 0.04442728016811575004 0.00000000000000000000
2.6200000000 0.04432314094308491964 0.00000000000000000000
2.6300000000 0.04422024611960347767 0.00000000000000000000
2.6400000000 0.04411857425051935594 0.00000000000000000000
2.6500000000 0.04401810435631639540 0.00000000000000000000
2.6600000000 0.04391881591312704614 0.00000000000000000000
2.6700000000 0.04382068884108895890 0.00000000000000000000
2.6800000000 0.04372370349303835585 0.00000000000000000000
2.6900000000 0.04362784064352547009 0.00000000000000000000
2.7000000000 0.04353308147814603096 0.00000000000000000000
2.7100000000 0.04343940758317445250 0.00000000000000000000
2.7200000000 0.04334680093549455465 0.00000000000000000000
2.7300000000 0.04325524389281314858 0.00000000000000000000
2.7400000000 0.04316471918415212133 0.00000000000000000000
2.7500000000 0.04307520990060739047 0.00000000000000000000
2.7600000000 0.04298669948636833077 0.00000000000000000000
2.7700000000 0.04289917172998859718 0.00000000000000000000
2.7800000000 0.04281261075590137022 0.00000000000000000000
2.7900000000 0.04272700101616988544 0.00000000000000000000
2.8000000000 0.04264232728246955539 0.00000000000000000000
2.8100000000 0.04255857463828983250 0.00000000000000000000
2.8200000000 0.04247572847135290541 0.00000000000000000000
2.8300000000 0.04239377446624156137 0.00000000000000000000
2.8400000000 0.04231269859722885940 0.00000000000000000000
2.8500000000 0.04223248712130502069 0.00000000000000000000
2.8600000000 0.04215312657139413249 0.00000000000000000000
2.8700000000 0.04207460374975626610 0.00000000000000000000
2.8800000000 0.04199690572156854207 0.00000000000000000000
2.8900000000 0.04192001980868077793 0.00000000000000000000
2.9000000000 0.04184393358353850900 0.00000000000000000000
2.9100000000 0.04176863486327105079 0.00000000000000000000
2.9200000000 0.04169411170393772653 0.00000000000000000000
2.9300000000 0.04162035239492836713 0.00000000000000000000
2.9400000000 0.04154734545351297659 0.00000000000000000000
2.9500000000 0.04147507961953719735 0.00000000000000000000
2.9600000000 0.04140354385025830919 0.00000000000000000000
2.9700000000 0.04133272731531772298 0.00000000000000000000
2.9800000000 0.04126261939184670824 0.00000000000000000000
2.9900000000 0.04119320965970063586 0.00000000000000000000
3.0000000000 0.04112448789681840550 0.00000000000000000000
3.0100000000 0.04105644407470301210 0.00000000000000000000
3.0200000000 0.04098906835402140597 0.00000000000000000000
3.0300000000 0.04092235108031622159 0.00000000000000000000
3.0400000000 0.04085628277983172074 0.00000000000000000000
3.0500000000 0.04079085415544585203 0.00000000000000000000
3.0600000000 0.04072605608270831595 0.00000000000000000000
3.0700000000 0.04066187960597895251 0.00000000000000000000
3.0800000000 0.04059831593466719374 0.00000000000000000000
3.0900000000 0.04053535643956659301 0.00000000000000000000
3.1000000000 0.04047299264928253676 0.00000000000000000000
3.1100000000 0.04041121624675166751 0.00000000000000000000
3.1200000000 0.04035001906584852194 0.00000000000000000000
3.1300000000 0.04028939308807921726 0.00000000000000000000
3.1400000000 0.04022933043935707220 0.00000000000000000000
3.1500000000 0.04016982338686031495 0.00000000000000000000
3.1600000000 0.04011086433596812439 0.00000000000000000000
3.1700000000 0.04005244582727269381 0.00000000000000000000
3.1800000000 0.03999456053366710895 0.00000000000000000000
3.1900000000 0.03993720125750387789 0.00000000000000000000
3.2000000000 0.03988036092782514669 0.00000000000000000000
3.2100000000 0.03982403259766047199 0.00000000000000000000
3.2200000000 0.03976820944139154018 0.00000000000000000000
3.2300000000 0.03971288475218177905 0.00000000000000000000
3.2400000000 0.03965805193946764923 0.00000000000000000000
3.2500000000 0.03960370452651344741 0.00000000000000000000
3.2600000000 0.03954983614802267539 0.00000000000000000000
3.2700000000 0.03949644054781004110 0.00000000000000000000
3.2800000000 0.03944351157652820072 0.00000000000000000000
3.2900000000 0.03939104318944963712 0.00000000000000000000
3.3000000000 0.03933902944430213433 0.00000000000000000000
3.3100000000 0.03928746449915582889 0.00000000000000000000
3.3200000000 0.03923634261036103299 0.00000000000000000000
3.3300000000 0.03918565813053519892 0.00000000000000000000
3.3400000000 0.03913540550659719980 0.00000000000000000000
3.3500000000 0.03908557927784906544 0.00000000000000000000
3.3600000000 0.03903617407410215484 0.00000000000000000000
3.3700000000 0.03898718461384817480 0.00000000000000000000
3.3800000000 0.03893860570247257430 0.00000000000000000000
3.3900000000 0.03889043223051006498 0.00000000000000000000
3.4000000000 0.03884265917194117818 0.00000000000000000000
3.4100000000 0.03879528158252738834 0.00000000000000000000
3.4200000000 0.03874829459818640576 0.00000000000000000000
3.4300000000 0.03870169343340374574 0.00000000000000000000
3.4400000000 0.03865547337968137931 0.00000000000000000000
3.4500000000 0.03860962980402257716 0.00000000000000000000
3.4600000000 0.03856415814745073334 0.00000000000000000000
3.4700000000 0.03851905392356247404 0.00000000000000000000
3.4800000000 0.03847431271711330286 0.00000000000000000000
3.4900000000 0.03842993018263664295 0.00000000000000000000
3.5000000000 0.03838590204309211967 0.00000000000000000000
3.5100000000 0.03834222408854656011 0.00000000000000000000
3.5200000000 0.03829889217488298414 0.00000000000000000000
3.5300000000 0.03825590222253966166 0.00000000000000000000
3.5400000000 0.03821325021527689769 0.00000000000000000000
3.5500000000 0.03817093219897161466 0.00000000000000000000
3.5600000000 0.03812894428043850370 0.00000000000000000000
3.5700000000 0.03808728262627762706 0.00000000000000000000
3.5800000000 0.03804594346174734742 0.00000000000000000000
3.5900000000 0.03800492306966220951 0.00000000000000000000
3.6000000000 0.03796421778931507313 0.00000000000000000000
3.6100000000 0.03792382401542249148 0.00000000000000000000
3.6200000000 0.03788373819709408424 0.00000000000000000000
3.6300000000 0.03784395683682344885 0.00000000000000000000
3.6400000000 0.03780447648950135964 0.00000000000000000000
3.6500000000 0.03776529376145061623 0.00000000000000000000
3.6600000000 0.03772640530948123683 0.00000000000000000000
3.6700000000 0.03768780783996659306 0.00000000000000000000
3.6800000000 0.03764949810793863372 0.00000000000000000000
3.6900000000 0.03761147291620350885 0.00000000000000000000
3.7000000000 0.03757372911447506847 0.00000000000000000000
3.7100000000 0.03753626359852750560 0.00000000000000000000
3.7200000000 0.03749907330936553401 0.00000000000000000000
3.7300000000 0.03746215523241262779 0.00000000000000000000
3.7400000000 0.03742550639671610863 0.00000000000000000000
3.7500000000 0.03738912387416865740 0.00000000000000000000
3.7600000000 0.03735300477874688163 0.00000000000000000000
3.7700000000 0.03731714626576488475 0.00000000000000000000
3.7800000000 0.03728154553114482878 0.00000000000000000000
3.7900000000 0.03724619981070086128 0.00000000000000000000
3.8000000000 0.03721110637943925853 0.00000000000000000000
3.8100000000 0.03717626255087264769 0.00000000000000000000
3.8200000000 0.03714166567634803739 0.00000000000000000000
3.8300000000 0.03710731314438926037 0.00000000000000000000
3.8400000000 0.03707320238005243351 0.00000000000000000000
3.8500000000 0.03703933084429471279 0.00000000000000000000
3.8600000000 0.03700569603335577412 0.00000000000000000000
3.8700000000 0.03697229547815267248 0.00000000000000000000
3.8800000000 0.03693912674368535209 0.00000000000000000000
3.8900000000 0.03690618742845599293 0.00000000000000000000
3.9000000000 0.03687347516389868907 0.00000000000000000000
3.9100000000 0.03684098761382118004 0.00000000000000000000
3.9200000000 0.03680872247385792717 0.00000000000000000000
3.9300000000 0.03677667747093334855 0.00000000000000000000
3.9400000000 0.03674485036273663491 0.00000000000000000000
3.9500000000 0.03671323893720668252 0.00000000000000000000
3.9600000000 0.03668184101202661557 0.00000000000000000000
3.9700000000 0.03665065443412925117 0.00000000000000000000
3.9800000000 0.03661967707921177928 0.00000000000000000000
3.9900000000 0.03658890685125990722 0.00000000000000000000
4.0000000000 0.03655834168208157986 0.00000000000000000000
4.0100000000 0.03652797953084956778 0.00000000000000000000
4.0200000000 0.03649781838365300651 0.00000000000000000000
4.0300000000 0.03646785625305792172 0.00000000000000000000
4.0400000000 0.03643809117767567857 0.00000000000000000000
4.0500000000 0.03640852122174043082 0.00000000000000000000
4.0600000000 0.03637914447469401541 0.00000000000000000000
4.0700000000 0.03634995905077940959 0.00000000000000000000
4.0800000000 0.03632096308864155715 0.00000000000000000000
4.0900000000 0.03629215475093600790 0.00000000000000000000
4.1000000000 0.03626353222394489845 0.00000000000000000000
4.1100000000 0.03623509371720021882 0.00000000000000000000
4.1200000000 0.03620683746311435802 0.00000000000000000000
4.1300000000 0.03617876171661748436 0.00000000000000000000
4.1400000000 0.03615086475480153855 0.00000000000000000000
4.1500000000 0.03612314487657129064 0.00000000000000000000
4.1600000000 0.03609560040230176681 0.00000000000000000000
4.1700000000 0.03606822967350197667 0.00000000000000000000
4.1800000000 0.03604103105248493422 0.00000000000000000000
4.1900000000 0.03601400292204368081 0.00000000000000000000
4.2000000000 0.03598714368513372674 0.00000000000000000000
4.2100000000 0.03596045176456097447 0.00000000000000000000
4.2200000000 0.03593392560267504726 0.00000000000000000000
4.2300000000 0.03590756366106919589 0.00000000000000000000
4.2400000000 0.03588136442028471568 0.00000000000000000000
4.2500000000 0.03585532637952147661 0.00000000000000000000
4.2600000000 0.03582944805635304014 0.00000000000000000000
4.2700000000 0.03580372798644771565 0.00000000000000000000
4.2800000000 0.03577816472329398839 0.00000000000000000000
4.2900000000 0.03575275683793106840 0.00000000000000000000
4.3000000000 0.03572750291868457412 0.00000000000000000000
4.3100000000 0.03570240157090672634 0.00000000000000000000
4.3200000000 0.03567745141672103160 0.00000000000000000000
4.3300000000 0.03565265109477190608 0.00000000000000000000
4.3400000000 0.03562799925997833100 0.00000000000000000000
4.3500000000 0.03560349458329208766 0.00000000000000000000
4.3600000000 0.03557913575146058605 0.00000000000000000000
4.3700000000 0.03555492146679290616 0.00000000000000000000
4.3800000000 0.03553085044693136269 0.00000000000000000000
4.3900000000 0.03550692142462562317 0.00000000000000000000
4.4000000000 0.03548313314751182224 0.00000000000000000000
4.4100000000 0.03545948437789497171 0.00000000000000000000
4.4200000000 0.03543597389253557578 0.00000000000000000000
4.4300000000 0.03541260048243941722 0.00000000000000000000
4.4400000000 0.03538936295265143056 0.00000000000000000000
4.4500000000 0.03536626012205304481 0.00000000000000000000
4.4600000000 0.03534329082316271797 0.00000000000000000000
4.4700000000 0.03532045390194039902 0.00000000000000000000
4.4800000000 0.03529774821759463360 0.00000000000000000000
4.4900000000 0.03527517264239389549 0.00000000000000000000
4.5000000000 0.03525272606148010385 0.00000000000000000000
4.5100000000 0.03523040737268629680 0.00000000000000000000
4.5200000000 0.03520821548635644227 0.00000000000000000000
4.5300000000 0.03518614932516908600 0.00000000000000000000
4.5400000000 0.03516420782396349753 0.00000000000000000000
4.5500000000 0.03514238992956883467 0.00000000000000000000
4.5600000000 0.03512069460063635407 0.00000000000000000000
4.5700000000 0.03509912080747408514 0.00000000000000000000
4.5800000000 0.03507766753188453629 0.00000000000000000000
4.5900000000 0.03505633376700518361 0.00000000000000000000
4.6000000000 0.03503511851715106901 0.00000000000000000000
4.6100000000 0.03501402079766070818 0.00000000000000000000
4.6200000000 0.03499303963474391377 0.00000000000000000000
4.6300000000 0.03497217406533260214 0.00000000000000000000
4.6400000000 0.03495142313693373748 0.00000000000000000000
4.6500000000 0.03493078590748467660 0.00000000000000000000
4.6600000000 0.03491026144521129637 0.00000000000000000000
4.6700000000 0.03488984882848786273 0.00000000000000000000
4.6800000000 0.03486954714569923813 0.00000000000000000000
4.6900000000 0.03484935549510612823 0.00000000000000000000
4.7000000000 0.03482927298471118899 0.00000000000000000000
4.7100000000 0.03480929873212838116 0.00000000000000000000
4.7200000000 0.03478943186445394159 0.00000000000000000000
4.7300000000 0.03476967151813931817 0.00000000000000000000
4.7400000000 0.03475001683886672077 0.00000000000000000000
4.7500000000 0.03473046698142580324 0.00000000000000000000
4.7600000000 0.03471102110959289194 0.00000000000000000000
4.7700000000 0.03469167839601219189 0.00000000000000000000
4.7800000000 0.03467243802207851944 0.00000000000000000000
4.7900000000 0.03465329917782197788 0.00000000000000000000
4.8000000000 0.03463426106179438857 0.00000000000000000000
4.8100000000 0.03461532288095808124 0.00000000000000000000
4.8200000000 0.03459648385057542685 0.00000000000000000000
4.8300000000 0.03457774319410094471 0.00000000000000000000
4.8400000000 0.03455910014307468636 0.00000000000000000000
4.8500000000 0.03454055393701752075 0.00000000000000000000
4.8600000000 0.03452210382332730060 0.00000000000000000000
4.8700000000 0.03450374905717811663 0.00000000000000000000
4.8800000000 0.03448548890141950318 0.00000000000000000000
4.8900000000 0.03446732262647823203 0.00000000000000000000
4.9000000000 0.03444924951026102217 0.00000000000000000000
4.9100000000 0.03443126883805928268 0.00000000000000000000
4.9200000000 0.03441337990245482703 0.00000000000000000000
4.9300000000 0.03439558200322739845 0.00000000000000000000
4.9400000000 0.03437787444726304181 0.00000000000000000000
4.9500000000 0.03436025654846468214 0.00000000000000000000
4.9600000000 0.03434272762766341774 0.00000000000000000000
4.9700000000 0.03432528701253129144 0.00000000000000000000
4.9800000000 0.03430793403749544945 0.00000000000000000000
4.9900000000 0.03429066804365369509 0.00000000000000000000
5.0000000000 0.03427348837869094444 0.00000000000000000000
