0.1000000000 1.57784065005696549910 0.00000000000000000000
0.1100000000 1.53299213764183472897 0.00000000000000000000
0.1200000000 1.48914814283806662409 0.00000000000000000000
0.1300000000 1.44631184226038778107 0.00000000000000000000
0.1400000000 1.40448450433155680450 0.00000000000000000000
0.1500000000 1.36366555083331975062 0.00000000000000000000
0.1600000000 1.32385262705650985637 0.00000000000000000000
0.1700000000 1.28504167945649627747 0.00000000000000000000
0.1800000000 1.24722703969090376042 0.00000000000000000000
0.1900000000 1.21040151390877115389 0.00000000000000000000
0.2000000000 1.17455647617252512127 0.00000000000000000000
0.2100000000 1.13968196492427176203 0.00000000000000000000
0.2200000000 1.10576678145363405115 0.00000000000000000000
0.2300000000 1.07279858938321259743 0.00000000000000000000
0.2400000000 1.04076401425712639082 0.00000000000000000000
0.2500000000 1.00964874239547763857 0.00000000000000000000
0.2600000000 0.97943761826047237573 0.00000000000000000000
0.2700000000 0.95011473966606596608 0.00000000000000000000
0.2800000000 0.92166355025025836767 0.00000000000000000000
0.2900000000 0.89406692871572246428 0.00000000000000000000
0.3000000000 0.86730727442870192423 0.00000000000000000000
0.3100000000 0.84136658904677763537 0.00000000000000000000
0.3200000000 0.81622655392210052838 0.00000000000000000000
0.3300000000 0.79186860309728268614 0.00000000000000000000
0.3400000000 0.76827399177573263422 0.00000000000000000000
0.3500000000 0.74542386020653039758 0.00000000000000000000
0.3600000000 0.72329929297578010594 0.00000000000000000000
0.3700000000 0.70188137374179737638 0.00000000000000000000
0.3800000000 0.68115123549063849584 0.00000000000000000000
0.3900000000 0.66109010642160104254 0.00000000000000000000
0.4000000000 0.64167935159974909265 0.00000000000000000000
0.4100000000 0.62290051053470818498 0.00000000000000000000
0.4200000000 0.60473533086227870825 0.00000000000000000000
0.4300000000 0.58716579831835502556 0.00000000000000000000
0.4400000000 0.57017416320366076654 0.00000000000000000000
0.4500000000 0.55374296354338325976 0.00000000000000000000
0.4600000000 0.53785504514832349621 0.00000000000000000000
0.4700000000 0.52249357878418034584 0.00000000000000000000
0.4800000000 0.50764207465334088010 0.00000000000000000000
0.4900000000 0.49328439438953042284 0.00000000000000000000
0.5000000000 0.47940476076015209328 0.00000000000000000000
0.5100000000 0.46598776526444607438 0.00000000000000000000
0.5200000000 0.45301837380797599364 0.00000000000000000000
0.5300000000 0.44048193062567342349 0.00000000000000000000
0.5400000000 0.42836416061692000889 0.00000000000000000000
0.5500000000 0.41665117024706338489 0.00000000000000000000
0.5600000000 0.40532944716063767920 0.00000000000000000000
0.5700000000 0.39438585864231573419 0.00000000000000000000
0.5800000000 0.38380764905253633712 0.00000000000000000000
0.5900000000 0.37358243635585441922 0.00000000000000000000
0.6000000000 0.36369820785135181795 0.00000000000000000000
0.6100000000 0.35414331520612246651 0.00000000000000000000
0.6200000000 0.34490646888479586929 0.00000000000000000000
0.6300000000 0.33597673206044537109 0.00000000000000000000
0.6400000000 0.32734351408492745605 0.00000000000000000000
0.6500000000 0.31899656358990119420 0.00000000000000000000
0.6600000000 0.31092596128327965044 0.00000000000000000000
0.6700000000 0.30312211249985993033 0.00000000000000000000
0.6800000000 0.29557573955920823927 0.00000000000000000000
0.6900000000 0.28827787397866011521 0.00000000000000000000
0.7000000000 0.28121984858440007837 0.00000000000000000000
0.7100000000 0.27439328955906383545 0.00000000000000000000
0.7200000000 0.26779010846018530545 0.00000000000000000000
0.7300000000 0.26140249423992806266 0.00000000000000000000
0.7400000000 0.25522290529307600782 0.00000000000000000000
0.7500000000 0.24924406155697820253 0.00000000000000000000
0.7600000000 0.24345893668424281597 0.00000000000000000000
0.7700000000 0.23786075030626774307 0.00000000000000000000
0.7800000000 0.23244296040322237618 0.00000000000000000000
0.7900000000 0.22719925579394659176 0.00000000000000000000
0.8000000000 0.22212354875711937119 0.00000000000000000000
0.8100000000 0.21720996779334617033 0.00000000000000000000
0.8200000000 0.21245285053604914816 0.00000000000000000000
0.8300000000 0.20784673681767520947 0.00000000000000000000
0.8400000000 0.20338636189635628249 0.00000000000000000000
0.8500000000 0.19906664984696617604 0.00000000000000000000
0.8600000000 0.19488270711948207925 0.00000000000000000000
0.8700000000 0.19082981626662354202 0.00000000000000000000
0.8800000000 0.18690342984184932229 0.00000000000000000000
0.8900000000 0.18309916446812507518 0.00000000000000000000
0.9000000000 0.17941279507718346786 0.00000000000000000000
0.9100000000 0.17584024931841649164 0.00000000000000000000
0.9200000000 0.17237760213604913506 0.00000000000000000000
0.9300000000 0.16902107051288517425 0.00000000000000000000
0.9400000000 0.16576700837833455160 0.00000000000000000000
0.9500000000 0.16261190167841077514 0.00000000000000000000
0.9600000000 0.15955236360484192915 0.00000000000000000000
0.9700000000 0.15658512998033008445 0.00000000000000000000
0.9800000000 0.15370705479692331474 0.00000000000000000000
0.9900000000 0.15091510590413609316 0.00000000000000000000
1.0000000000 0.14820636084038221747 0.00000000000000000000
1.0100000000 0.14557800281656174679 0.00000000000000000000
1.0200000000 0.14302731682795918888 0.00000000000000000000
1.0300000000 0.14055168590154884511 0.00000000000000000000
1.0400000000 0.13814858748591066218 0.00000000000000000000
1.0500000000 0.13581558995955861358 0.00000000000000000000
1.0600000000 0.13355034926671680018 0.00000000000000000000
1.0700000000 0.13135060567354381322 0.00000000000000000000
1.0800000000 0.12921418064132270120 0.00000000000000000000
1.0900000000 0.12713897381301580980 0.00000000000000000000
1.1000000000 0.12512296010961493353 0.00000000000000000000
1.1100000000 0.12316418693275105189 0.00000000000000000000
1.1200000000 0.12126077147011611601 0.00000000000000000000
1.1300000000 0.11941089810029438534 0.00000000000000000000
1.1400000000 0.11761281589365718547 0.00000000000000000000
1.1500000000 0.11586483620609448753 0.00000000000000000000
1.1600000000 0.11416533036235217147 0.00000000000000000000
1.1700000000 0.11251272742592194342 0.00000000000000000000
1.1800000000 0.11090551205241644395 0.00000000000000000000
1.1900000000 0.10934222242350043197 0.00000000000000000000
1.2000000000 0.10782144825852151004 0.00000000000000000000
1.2100000000 0.10634182890101394336 0.00000000000000000000
1.2200000000 0.10490205147743243697 0.00000000000000000000
1.2300000000 0.10350084912543863758 0.00000000000000000000
1.2400000000 0.10213699928923089533 0.00000000000000000000
1.2500000000 0.10080932207942856771 0.00000000000000000000
1.2600000000 0.09951667869516282738 0.00000000000000000000
1.2700000000 0.09825796990601494418 0.00000000000000000000
1.2800000000 0.09703213459161424970 0.00000000000000000000
1.2900000000 0.09583814833671824851 0.00000000000000000000
1.3000000000 0.09467502207969051564 0.00000000000000000000
1.3100000000 0.09354180081236584954 0.00000000000000000000
1.3200000000 0.09243756232936642392 0.00000000000000000000
1.3300000000 0.09136141602497663272 0.00000000000000000000
1.3400000000 0.09031250173578650453 0.00000000000000000000
1.3500000000 0.08928998862734582875 0.00000000000000000000
1.3600000000 0.08829307412315619275 0.00000000000000000000
1.3700000000 0.08732098287436988737 0.00000000000000000000
1.3800000000 0.08637296576864501862 0.00000000000000000000
1.3900000000 0.08544829897664854568 0.00000000000000000000
1.4000000000 0.08454628303475679452 0.00000000000000000000
1.4100000000 0.08366624196255628698 0.00000000000000000000
1.4200000000 0.08280752241381303391 0.00000000000000000000
1.4300000000 0.08196949285960911102 0.00000000000000000000
1.4400000000 0.08115154280240174933 0.00000000000000000000
1.4500000000 0.08035308201981664067 0.00000000000000000000
1.4600000000 0.07957353983702027123 0.00000000000000000000
1.4700000000 0.07881236442656371077 0.00000000000000000000
1.4800000000 0.07806902213463463858 0.00000000000000000000
1.4900000000 0.07734299683269499348 0.00000000000000000000
1.5000000000 0.07663378929352067381 0.00000000000000000000
1.5100000000 0.07594091659069338029 0.00000000000000000000
1.5200000000 0.07526391152064107470 0.00000000000000000000
1.5300000000 0.07460232204634782704 0.00000000000000000000
1.5400000000 0.07395571076189615123 0.00000000000000000000
1.5500000000 0.07332365437703683431 0.00000000000000000000
1.5600000000 0.07270574322099990217 0.00000000000000000000
1.5700000000 0.07210158076481597289 0.00000000000000000000
1.5800000000 0.07151078316142178704 0.00000000000000000000
1.5900000000 0.07093297880286357493 0.00000000000000000000
1.6000000000 0.07036780789393969060 0.00000000000000000000
1.6100000000 0.06981492204164424509 0.00000000000000000000
1.6200000000 0.06927398385980323980 0.00000000000000000000
1.6300000000 0.06874466658831711319 0.00000000000000000000
1.6400000000 0.06822665372644613757 0.00000000000000000000
1.6500000000 0.06771963867959614192 0.00000000000000000000
1.6600000000 0.06722332441908575318 0.00000000000000000000
1.6700000000 0.06673742315440059358 0.00000000000000000000
1.6800000000 0.06626165601744705980 0.00000000000000000000
1.6900000000 0.06579575275834757819 0.00000000000000000000
1.7000000000 0.06533945145234193452 0.00000000000000000000
1.7100000000 0.06489249821735708357 0.00000000000000000000
1.7200000000 0.06445464694184858956 0.00000000000000000000
1.7300000000 0.06402565902251593222 0.00000000000000000000
1.7400000000 0.06360530311151288418 0.00000000000000000000
1.7500000000 0.06319335487280040853 0.00000000000000000000
1.7600000000 0.06278959674727989382 0.00000000000000000000
1.7700000000 0.06239381772638840501 0.00000000000000000000
1.7800000000 0.06200581313382434734 0.00000000000000000000
1.7900000000 0.06162538441509781556 0.00000000000000000000
1.8000000000 0.06125233893461267537 0.00000000000000000000
1.8100000000 0.06088648977999293332 0.00000000000000000000
1.8200000000 0.06052765557337991958 0.00000000000000000000
1.8300000000 0.06017566028943956147 0.00000000000000000000
1.8400000000 0.05983033307982653370 0.00000000000000000000
1.8500000000 0.05949150810386265309 0.00000000000000000000
1.8600000000 0.05915902436519464291 0.00000000000000000000
1.8700000000 0.05883272555421383693 0.00000000000000000000
1.8800000000 0.05851245989601427944 0.00000000000000000000
1.8900000000 0.05819808000368794504 0.00000000000000000000
1.9000000000 0.05788944273675724478 0.00000000000000000000
1.9100000000 0.05758640906455393671 0.00000000000000000000
1.9200000000 0.05728884393435953321 0.00000000000000000000
1.9300000000 0.05699661614413208816 0.00000000000000000000
1.9400000000 0.05670959821964986769 0.00000000000000000000
1.9500000000 0.05642766629590794530 0.00000000000000000000
1.9600000000 0.05615070000261346977 0.00000000000000000000
1.9700000000 0.05587858235362372361 0.00000000000000000000
1.9800000000 0.05561119964018845091 0.00000000000000000000
1.9900000000 0.05534844132785349952 0.00000000000000000000
2.0000000000 0.05509019995689191929 0.00000000000000000000
2.0100000000 0.05483637104613393876 0.00000000000000000000
2.0200000000 0.05458685300007524999 0.00000000000000000000
2.0300000000 0.05434154701913867375 0.00000000000000000000
2.0400000000 0.05410035701297785660 0.00000000000000000000
2.0500000000 0.05386318951671689725 0.00000000000000000000
2.0600000000 0.05362995361000913452 0.00000000000000000000
2.0700000000 0.05340056083882585569 0.00000000000000000000
2.0800000000 0.05317492513986679659 0.00000000000000000000
2.0900000000 0.05295296276750479508 0.00000000000000000000
2.1000000000 0.05273459222316907030 0.00000000000000000000
2.1100000000 0.05251973418708263952 0.00000000000000000000
2.1200000000 0.05230831145227078649 0.00000000000000000000
2.1300000000 0.05210024886075487888 0.00000000000000000000
2.1400000000 0.05189547324185891930 0.00000000000000000000
2.1500000000 0.05169391335255274500 0.00000000000000000000
2.1600000000 0.05149549981975538870 0.00000000000000000000
2.1700000000 0.05130016508453714291 0.00000000000000000000
2.1800000000 0.05110784334814598429 0.00000000000000000000
2.1900000000 0.05091847051979858652 0.00000000000000000000
2.2000000000 0.05073198416617191731 0.00000000000000000000
2.2100000000 0.05054832346253823605 0.00000000000000000000
2.2200000000 0.05036742914548199973 0.00000000000000000000
2.2300000000 0.05018924346714678797 0.00000000000000000000
2.2400000000 0.05001371015095955330 0.00000000000000000000
2.2500000000 0.04984077434877765694 0.00000000000000000000
2.2600000000 0.04967038259941086720 0.00000000000000000000
2.2700000000 0.04950248278847278749 0.00000000000000000000
2.2800000000 0.04933702410951275319 0.00000000000000000000
2.2900000000 0.04917395702638577976 0.00000000000000000000
2.3000000000 0.04901323323681838762 0.00000000000000000000
2.3100000000 0.04885480563712650548 0.00000000000000000000
2.3200000000 0.04869862828805161109 0.00000000000000000000
2.3300000000 0.04854465638167038133 0.00000000000000000000
2.3400000000 0.04839284620934636294 0.00000000000000000000
2.3500000000 0.04824315513068518774 0.00000000000000000000
2.3600000000 0.04809554154346176030 0.00000000000000000000
2.3700000000 0.04794996485448370371 0.00000000000000000000
2.3800000000 0.04780638545136269707 0.00000000000000000000
2.3900000000 0.04766476467516054388 0.00000000000000000000
2.4000000000 0.04752506479388112631 0.00000000000000000000
2.4100000000 0.04738724897678229381 0.00000000000000000000
2.4200000000 0.04725128126947578111 0.00000000000000000000
2.4300000000 0.04711712656979363811 0.00000000000000000000
2.4400000000 0.04698475060439152862 0.00000000000000000000
2.4500000000 0.04685411990606706822 0.00000000000000000000
2.4600000000 0.04672520179177112182 0.00000000000000000000
2.4700000000 0.04659796434128179315 0.00000000000000000000
2.4800000000 0.04647237637652926884 0.00000000000000000000
2.4900000000 0.04634840744154220676 0.00000000000000000000
2.5000000000 0.04622602778299871734 0.00000000000000000000
2.5100000000 0.04610520833136338287 0.00000000000000000000
2.5200000000 0.04598592068258638976 0.00000000000000000000
2.5300000000 0.04586813708035208936 0.00000000000000000000
2.5400000000 0.04575183039885513669 0.00000000000000000000
2.5500000000 0.04563697412608886533 0.00000000000000000000
2.5600000000 0.04552354234762931440 0.00000000000000000000
2.5700000000 0.04541150973089783105 0.00000000000000000000
2.5800000000 0.04530085150988797521 0.00000000000000000000
2.5900000000 0.04519154347034118335 0.00000000000000000000
2.6000000000 0.04508356193535747319 0.00000000000000000000
2.6100000000 0.04497688375142578493 0.00000000000000000000
2.6200000000 0.04487148627486284291 0.00000000000000000000
2.6300000000 0.04476734735864539017 0.00000000000000000000
2.6400000000 0.04466444533962465879 0.00000000000000000000
2.6500000000 0.04456275902611013529 0.00000000000000000000
2.6600000000 0.04446226768581133110 0.00000000000000000000
2.6700000000 0.04436295103412753182 0.00000000000000000000
2.6800000000 0.04426478922277096717 0.00000000000000000000
2.6900000000 0.04416776282871752446 0.00000000000000000000
2.7000000000 0.04407185284347163445 0.00000000000000000000
2.7100000000 0.04397704066263551786 0.00000000000000000000
2.7200000000 0.04388330807577654064 0.00000000000000000000
2.7300000000 0.04379063725657839079 0.00000000000000000000
2.7400000000 0.04369901075327232293 0.00000000000000000000
2.7500000000 0.04360841147933573053 0.00000000000000000000
2.7600000000 0.04351882270445281420 0.00000000000000000000
2.7700000000 0.04343022804572713169 0.00000000000000000000
2.7800000000 0.04334261145913952118 0.00000000000000000000
2.7900000000 0.04325595723124364689 0.00000000000000000000
2.8000000000 0.04317024997109205481 0.00000000000000000000
2.8100000000 0.04308547460238459220 0.00000000000000000000
2.8200000000 0.04300161635583409081 0.00000000000000000000
2.8300000000 0.04291866076174179201 0.00000000000000000000
2.8400000000 0.04283659364277640075 0.00000000000000000000
2.8500000000 0.04275540110694995427 0.00000000000000000000
2.8600000000 0.04267506954078616188 0.00000000000000000000
2.8700000000 0.04259558560267366623 0.00000000000000000000
2.8800000000 0.04251693621639981296 0.00000000000000000000
2.8900000000 0.04243910856485922506 0.00000000000000000000
2.9000000000 0.04236209008393166525 0.00000000000000000000
2.9100000000 0.04228586845652502341 0.00000000000000000000
2.9200000000 0.04221043160677729472 0.00000000000000000000
2.9300000000 0.04213576769441396835 0.00000000000000000000
2.9400000000 0.04206186510925536554 0.00000000000000000000
2.9500000000 0.04198871246587052020 0.00000000000000000000
2.9600000000 0.04191629859837195382 0.00000000000000000000
2.9700000000 0.04184461255534883267 0.00000000000000000000
2.9800000000 0.04177364359493260931 0.00000000000000000000
2.9900000000 0.04170338117999322636 0.00000000000000000000
3.0000000000 0.04163381497346047011 0.00000000000000000000
3.0100000000 0.04156493483376820508 0.00000000000000000000
3.0200000000 0.04149673081041604233 0.00000000000000000000
3.0300000000 0.04142919313964763678 0.00000000000000000000
3.0400000000 0.04136231224024021491 0.00000000000000000000
3.0500000000 0.04129607870940268932 0.00000000000000000000
3.0600000000 0.04123048331877966766 0.00000000000000000000
3.0700000000 0.04116551701055782414 0.00000000000000000000
3.0800000000 0.04110117089367238546 0.00000000000000000000
3.0900000000 0.04103743624010902646 0.00000000000000000000
3.1000000000 0.04097430448130227887 0.00000000000000000000
3.1100000000 0.04091176720462291749 0.00000000000000000000
3.1200000000 0.04084981614995579491 0.00000000000000000000
3.1300000000 0.04078844320636306614 0.00000000000000000000
3.1400000000 0.04072764040883194991 0.00000000000000000000
3.1500000000 0.04066739993510381374 0.00000000000000000000
3.1600000000 0.04060771410258225828 0.00000000000000000000
3.1700000000 0.04054857536531908391 0.00000000000000000000
3.1800000000 0.04048997631107423278 0.00000000000000000000
3.1900000000 0.04043190965844931095 0.00000000000000000000
3.2000000000 0.04037436825409195656 0.00000000000000000000
3.2100000000 0.04031734506996807049 0.00000000000000000000
3.2200000000 0.04026083320070272115 0.00000000000000000000
3.2300000000 0.04020482586098479694 0.00000000000000000000
3.2400000000 0.04014931638303584349 0.00000000000000000000
3.2500000000 0.04009429821414044887 0.00000000000000000000
3.2600000000 0.04003976491423575507 0.00000000000000000000
3.2700000000 0.03998571015356127550 0.00000000000000000000
3.2800000000 0.03993212771036298153 0.00000000000000000000
3.2900000000 0.03987901146865454466 0.00000000000000000000
3.3000000000 0.03982635541603173762 0.00000000000000000000
3.3100000000 0.03977415364153858574 0.00000000000000000000
3.3200000000 0.03972240033358553912 0.00000000000000000000
3.3300000000 0.03967108977791621027 0.00000000000000000000
3.3400000000 0.03962021635562251731 0.00000000000000000000
3.3500000000 0.03956977454120745585 0.00000000000000000000
3.3600000000 0.03951975890069252262 0.00000000000000000000
3.3700000000 0.03947016408977060964 0.00000000000000000000
3.3800000000 0.03942098485200139224 0.00000000000000000000
3.3900000000 0.03937221601704973817 0.00000000000000000000
3.4000000000 0.03932385249896402923 0.00000000000000000000
3.4100000000 0.03927588929449558897 0.00000000000000000000
3.4200000000 0.03922832148145682929 0.00000000000000000000
3.4300000000 0.03918114421711655498 0.00000000000000000000
3.4400000000 0.03913435273663337655 0.00000000000000000000
3.4500000000 0.03908794235152387303 0.00000000000000000000
3.4600000000 0.03904190844816723960 0.00000000000000000000
3.4700000000 0.03899624648634264501 0.00000000000000000000
3.4800000000 0.03895095199780085338 0.00000000000000000000
3.4900000000 0.03890602058486804238 0.00000000000000000000
3.5000000000 0.03886144791908081181 0.00000000000000000000
3.5100000000 0.03881722973985276409 0.00000000000000000000
3.5200000000 0.03877336185317023509 0.00000000000000000000
3.5300000000 0.03872984013031784828 0.00000000000000000000
3.5400000000 0.03868666050663230327 0.00000000000000000000
3.5500000000 0.03864381898028437790 0.00000000000000000000
3.5600000000 0.03860131161108705522 0.00000000000000000000
3.5700000000 0.03855913451933148245 0.00000000000000000000
3.5800000000 0.03851728388464703556 0.00000000000000000000
3.5900000000 0.03847575594488806400 0.00000000000000000000
3.6000000000 0.03843454699504399164 0.00000000000000000000
3.6100000000 0.03839365338617369006 0.00000000000000000000
3.6200000000 0.03835307152436336076 0.00000000000000000000
3.6300000000 0.03831279786970629569 0.00000000000000000000
3.6400000000 0.03827282893530621621 0.00000000000000000000
3.6500000000 0.03823316128630055433 0.00000000000000000000
3.6600000000 0.03819379153890616746 0.00000000000000000000
3.6700000000 0.03815471635948466944 0.00000000000000000000
3.6800000000 0.03811593246362809939 0.00000000000000000000
3.6900000000 0.03807743661526481055 0.00000000000000000000
3.7000000000 0.03803922562578333777 0.00000000000000000000
3.7100000000 0.03800129635317538168 0.00000000000000000000
3.7200000000 0.03796364570119749315 0.00000000000000000000
3.7300000000 0.03792627061854954296 0.00000000000000000000
3.7400000000 0.03788916809807121172 0.00000000000000000000
3.7500000000 0.03785233517595509856 0.00000000000000000000
3.7600000000 0.03781576893097642750 0.00000000000000000000
3.7700000000 0.03777946648373856769 0.00000000000000000000
3.7800000000 0.03774342499593490163 0.00000000000000000000
3.7900000000 0.03770764166962521646 0.00000000000000000000
3.8000000000 0.03767211374652772865 0.00000000000000000000
3.8100000000 0.03763683850732543051 0.00000000000000000000
3.8200000000 0.03760181327098715415 0.00000000000000000000
3.8300000000 0.03756703539410148618 0.00000000000000000000
3.8400000000 0.03753250227022585095 0.00000000000000000000
3.8500000000 0.03749821132924766737 0.00000000000000000000
3.8600000000 0.03746416003675917539 0.00000000000000000000
3.8700000000 0.03743034589344428759 0.00000000000000000000
3.8800000000 0.03739676643447914506 0.00000000000000000000
3.8900000000 0.03736341922894292206 0.00000000000000000000
3.9000000000 0.03733030187924222393 0.00000000000000000000
3.9100000000 0.03729741202054590726 0.00000000000000000000
3.9200000000 0.03726474732023188352 0.00000000000000000000
3.9300000000 0.03723230547734437956 0.00000000000000000000
3.9400000000 0.03720008422206250859 0.00000000000000000000
3.9500000000 0.03716808131517904124 0.00000000000000000000
3.9600000000 0.03713629454758981402 0.00000000000000000000
3.9700000000 0.03710472173979269955 0.00000000000000000000
3.9800000000 0.03707336074139673532 0.00000000000000000000
3.9900000000 0.03704220943064154281 0.00000000000000000000
4.0000000000 0.03701126571392442804 0.00000000000000000000
4.0100000000 0.03698052752533847326 0.00000000000000000000
4.0200000000 0.03694999282621882347 0.00000000000000000000
4.0300000000 0.03691965960469747315 0.00000000000000000000
4.0400000000 0.03688952587526726778 0.00000000000000000000
4.0500000000 0.03685958967835421818 0.00000000000000000000
4.0600000000 0.03682984907989758638 0.00000000000000000000
4.0700000000 0.03680030217093815947 0.00000000000000000000
4.0800000000 0.03677094706721517614 0.00000000000000000000
4.0900000000 0.03674178190876958849 0.00000000000000000000
4.1000000000 0.03671280485955594891 0.00000000000000000000
4.1100000000 0.03668401410706122884 0.00000000000000000000
4.1200000000 0.03665540786193072220 0.00000000000000000000
4.1300000000 0.03662698435760136650 0.00000000000000000000
4.1400000000 0.03659874184994170443 0.00000000000000000000
4.1500000000 0.03657067861689836108 0.00000000000000000000
4.1600000000 0.03654279295814969603 0.00000000000000000000
4.1700000000 0.03651508319476554076 0.00000000000000000000
4.1800000000 0.03648754766887319506 0.00000000000000000000
4.1900000000 0.03646018474332986953 0.00000000000000000000
4.2000000000 0.03643299280140085972 0.00000000000000000000
4.2100000000 0.03640597024644404850 0.00000000000000000000
4.2200000000 0.03637911550159991791 0.00000000000000000000
4.2300000000 0.03635242700948707745 0.00000000000000000000
4.2400000000 0.03632590323190398873 0.00000000000000000000
4.2500000000 0.03629954264953545728 0.00000000000000000000
4.2600000000 0.03627334376166461982 0.00000000000000000000
4.2700000000 0.03624730508589056599 0.00000000000000000000
4.2800000000 0.03622142515785042177 0.00000000000000000000
4.2900000000 0.03619570253094683138 0.00000000000000000000
4.3000000000 0.03617013577608058084 0.00000000000000000000
4.3100000000 0.03614472348138719066 0.00000000000000000000
4.3200000000 0.03611946425197897631 0.00000000000000000000
4.3300000000 0.03609435670969149412 0.00000000000000000000
4.3400000000 0.03606939949283420599 0.00000000000000000000
4.3500000000 0.03604459125594614011 0.00000000000000000000
4.3600000000 0.03601993066955512524 0.00000000000000000000
4.3700000000 0.03599541641994200014 0.00000000000000000000
4.3800000000 0.03597104720890841739 0.00000000000000000000
4.3900000000 0.03594682175354898396 0.00000000000000000000
4.4000000000 0.03592273878602745413 0.00000000000000000000
4.4100000000 0.03589879705335644738 0.00000000000000000000
4.4200000000 0.03587499531718153084 0.00000000000000000000
4.4300000000 0.03585133235356845194 0.00000000000000000000
4.4400000000 0.03582780695279473571 0.00000000000000000000
4.4500000000 0.03580441791914409227 0.00000000000000000000
4.4600000000 0.03578116407070510568 0.00000000000000000000
4.4700000000 0.03575804423917276070 0.00000000000000000000
4.4800000000 0.03573505726965388318 0.00000000000000000000
4.4900000000 0.03571220202047539760 0.00000000000000000000
4.5000000000 0.03568947736299638712 0.00000000000000000000
4.5100000000 0.03566688218142261696 0.00000000000000000000
4.5200000000 0.03564441537262527659 0.00000000000000000000
4.5300000000 0.03562207584596155385 0.00000000000000000000
4.5400000000 0.03559986252309903232 0.00000000000000000000
4.5500000000 0.03557777433784288512 0.00000000000000000000
4.5600000000 0.03555581023596582346 0.00000000000000000000
4.5700000000 0.03553396917504093866 0.00000000000000000000
4.5800000000 0.03551225012427739608 0.00000000000000000000
4.5900000000 0.03549065206435867564 0.00000000000000000000
4.6000000000 0.03546917398728378218 0.00000000000000000000
4.6100000000 0.03544781489621085663 0.00000000000000000000
4.6200000000 0.03542657380530328526 0.00000000000000000000
4.6300000000 0.03540544973957884117 0.00000000000000000000
4.6400000000 0.03538444173476056748 0.00000000000000000000
4.6500000000 0.03536354883713048458 0.00000000000000000000
4.6600000000 0.03534277010338601061 0.00000000000000000000
4.6700000000 0.03532210460049792916 0.00000000000000000000
4.6800000000 0.03530155140557145188 0.00000000000000000000
4.6900000000 0.03528110960570882138 0.00000000000000000000
4.7000000000 0.03526077829787504364 0.00000000000000000000
4.7100000000 0.03524055658876459191 0.00000000000000000000
4.7200000000 0.03522044359467119828 0.00000000000000000000
4.7300000000 0.03520043844135960220 0.00000000000000000000
4.7400000000 0.03518054026393870742 0.00000000000000000000
4.7500000000 0.03516074820673752155 0.00000000000000000000
4.7600000000 0.03514106142318280945 0.00000000000000000000
4.7700000000 0.03512147907567839816 0.00000000000000000000
4.7800000000 0.03510200033548670911 0.00000000000000000000
4.7900000000 0.03508262438261233740 0.00000000000000000000
4.8000000000 0.03506335040568672040 0.00000000000000000000
4.8100000000 0.03504417760185554037 0.00000000000000000000
4.8200000000 0.03502510517666707762 0.00000000000000000000
4.8300000000 0.03500613234396297846 0.00000000000000000000
4.8400000000 0.03498725832577027212 0.00000000000000000000
4.8500000000 0.03496848235219530976 0.00000000000000000000
4.8600000000 0.03494980366131894556 0.00000000000000000000
4.8700000000 0.03493122149909413249 0.00000000000000000000
4.8800000000 0.03491273511924408712 0.00000000000000000000
4.8900000000 0.03489434378316306345 0.00000000000000000000
4.9000000000 0.03487604675981754998 0.00000000000000000000
4.9100000000 0.03485784332565009663 0.00000000000000000000
4.9200000000 0.03483973276448363438 0.00000000000000000000
4.9300000000 0.03482171436742798054 0.00000000000000000000
4.9400000000 0.03480378743278735726 0.00000000000000000000
4.9500000000 0.03478595126596918663 0.00000000000000000000
4.9600000000 0.03476820517939503002 0.00000000000000000000
4.9700000000 0.03475054849241177024 0.00000000000000000000
4.9800000000 0.03473298053120512513 0.00000000000000000000
4.9900000000 0.03471550062871364695 0.00000000000000000000
5.0000000000 0.03469810812454483806 0.00000000000000000000
