0.1000000000 1.05238122400710998328 0.00000000000000000000
0.1100000000 1.02247294098368990412 0.00000000000000000000
0.1200000000 0.99322335815774387413 0.00000000000000000000
0.1300000000 0.96463472243303860498 0.00000000000000000000
0.1400000000 0.93670807628821539659 0.00000000000000000000
0.1500000000 0.90944329500600451510 0.00000000000000000000
0.1600000000 0.88283912902033923054 0.00000000000000000000
0.1700000000 0.85689325075457756231 0.00000000000000000000
0.1800000000 0.83160230530818779471 0.00000000000000000000
0.1900000000 0.80696196434485178983 0.00000000000000000000
0.2000000000 0.78296698254114305282 0.00000000000000000000
0.2100000000 0.75961125597070189297 0.00000000000000000000
0.2200000000 0.73688788182297826346 0.00000000000000000000
0.2300000000 0.71478921888689250785 0.00000000000000000000
0.2400000000 0.69330694826682304210 0.00000000000000000000
0.2500000000 0.67243213383991762289 0.00000000000000000000
0.2600000000 0.65215528200851136109 0.00000000000000000000
0.2700000000 0.63246640034828749410 0.00000000000000000000
0.2800000000 0.61335505480059571148 0.00000000000000000000
0.2900000000 0.59481042510508597143 0.00000000000000000000
0.3000000000 0.57682135821567370737 0.00000000000000000000
0.3100000000 0.55937641948809380121 0.00000000000000000000
0.3200000000 0.54246394147033427657 0.00000000000000000000
0.3300000000 0.52607207016763934959 0.00000000000000000000
0.3400000000 0.51018880869112559484 0.00000000000000000000
0.3500000000 0.49480205823323447634 0.00000000000000000000
0.3600000000 0.47989965634401932082 0.00000000000000000000
0.3700000000 0.46546941250968021375 0.00000000000000000000
0.3800000000 0.45149914105877353432 0.00000000000000000000
0.3900000000 0.43797669144230250149 0.00000000000000000000
0.4000000000 0.42488997595150179709 0.00000000000000000000
0.4100000000 0.41222699495181386320 0.00000000000000000000
0.4200000000 0.39997585972347132754 0.00000000000000000000
0.4300000000 0.38812481300850121269 0.00000000000000000000
0.4400000000 0.37666224737106529519 0.00000000000000000000
0.4500000000 0.36557672148309755533 0.00000000000000000000
0.4600000000 0.35485697445042074794 0.00000000000000000000
0.4700000000 0.34449193829613106166 0.00000000000000000000
0.4800000000 0.33447074871828341713 0.00000000000000000000
0.4900000000 0.32478275423795216481 0.00000000000000000000
0.5000000000 0.31541752385179022689 0.00000000000000000000
0.5100000000 0.30636485330046198117 0.00000000000000000000
0.5200000000 0.29761477006085457209 0.00000000000000000000
0.5300000000 0.28915753716605463453 0.00000000000000000000
0.5400000000 0.28098365595267604800 0.00000000000000000000
0.5500000000 0.27308386783050619950 0.00000000000000000000
0.5600000000 0.26544915516456657478 0.00000000000000000000
0.5700000000 0.25807074135473728749 0.00000000000000000000
0.5800000000 0.25094009019310598019 0.00000000000000000000
0.5900000000 0.24404890457417369176 0.00000000000000000000
0.6000000000 0.23738912462819997118 0.00000000000000000000
0.6100000000 0.23095292534307984567 0.00000000000000000000
0.6200000000 0.22473271373554318253 0.00000000000000000000
0.6300000000 0.21872112562790482770 0.00000000000000000000
0.6400000000 0.21291102208228165904 0.00000000000000000000
0.6500000000 0.20729548554006962946 0.00000000000000000000
0.6600000000 0.20186781571052425654 0.00000000000000000000
0.6700000000 0.19662152524858098057 0.00000000000000000000
0.6800000000 0.19155033525854495147 0.00000000000000000000
0.6900000000 0.18664817065696817644 0.00000000000000000000
0.7000000000 0.18190915542497101964 0.00000000000000000000
0.7100000000 0.17732760777734696278 0.00000000000000000000
0.7200000000 0.17289803527313168940 0.00000000000000000000
0.7300000000 0.16861512988980889571 0.00000000000000000000
0.7400000000 0.16447376308101316345 0.00000000000000000000
0.7500000000 0.16046898083545615976 0.00000000000000000000
0.7600000000 0.15659599875282440018 0.00000000000000000000
0.7700000000 0.15285019715059894319 0.00000000000000000000
0.7800000000 0.14922711621405712612 0.00000000000000000000
0.7900000000 0.14572245120022200848 0.00000000000000000000
0.8000000000 0.14233204770508889325 0.00000000000000000000
0.8100000000 0.13905189700223297145 0.00000000000000000000
0.8200000000 0.13587813145969443451 0.00000000000000000000
0.8300000000 0.13280702004103009384 0.00000000000000000000
0.8400000000 0.12983496389542326099 0.00000000000000000000
0.8500000000 0.12695849204092057860 0.00000000000000000000
0.8600000000 0.12417425714404881076 0.00000000000000000000
0.8700000000 0.12147903139837877562 0.00000000000000000000
0.8800000000 0.11886970250398938564 0.00000000000000000000
0.8900000000 0.11634326974919541320 0.00000000000000000000
0.9000000000 0.11389684019539597637 0.00000000000000000000
0.9100000000 0.11152762496548508653 0.00000000000000000000
0.9200000000 0.10923293563584632326 0.00000000000000000000
0.9300000000 0.10701018073156703947 0.00000000000000000000
0.9400000000 0.10485686232430752041 0.00000000000000000000
0.9500000000 0.10277057273180478791 0.00000000000000000000
0.9600000000 0.10074899131801084984 0.00000000000000000000
0.9700000000 0.09878988139239489041 0.00000000000000000000
0.9800000000 0.09689108720690159382 0.00000000000000000000
0.9900000000 0.09505053104896574179 0.00000000000000000000
1.0000000000 0.09326621042896188207 0.00000000000000000000
1.0100000000 0.09153619535911274030 0.00000000000000000000
1.0200000000 0.08985862572377063817 0.00000000000000000000
1.0300000000 0.08823170873770107281 0.00000000000000000000
1.0400000000 0.08665371648990213838 0.00000000000000000000
1.0500000000 0.08512298357197575771 0.00000000000000000000
1.0600000000 0.08363790478818769469 0.00000000000000000000
1.0700000000 0.08219693294512213366 0.00000000000000000000
1.0800000000 0.08079857671874038361 0.00000000000000000000
1.0900000000 0.07944139859667569137 0.00000000000000000000
1.1000000000 0.07812401289353633482 0.00000000000000000000
1.1100000000 0.07684508383704562184 0.00000000000000000000
1.1200000000 0.07560332372288913749 0.00000000000000000000
1.1300000000 0.07439749113609649134 0.00000000000000000000
1.1400000000 0.07322638923689081536 0.00000000000000000000
1.1500000000 0.07208886410892559327 0.00000000000000000000
1.1600000000 0.07098380316789028310 0.00000000000000000000
1.1700000000 0.06991013362847375845 0.00000000000000000000
1.1800000000 0.06886682102776565950 0.00000000000000000000
1.1900000000 0.06785286780317452415 0.00000000000000000000
1.2000000000 0.06686731192300350568 0.00000000000000000000
1.2100000000 0.06590922556788035569 0.00000000000000000000
1.2200000000 0.06497771386125894555 0.00000000000000000000
1.2300000000 0.06407191364728559435 0.00000000000000000000
1.2400000000 0.06319099231435540420 0.00000000000000000000
1.2500000000 0.06233414666272189125 0.00000000000000000000
1.2600000000 0.06150060181460002828 0.00000000000000000000
1.2700000000 0.06068961016521585983 0.00000000000000000000
1.2800000000 0.05990045037331899469 0.00000000000000000000
1.2900000000 0.05913242638973651571 0.00000000000000000000
1.3000000000 0.05838486652255160669 0.00000000000000000000
1.3100000000 0.05765712253757485084 0.00000000000000000000
1.3200000000 0.05694856879279625028 0.00000000000000000000
1.3300000000 0.05625860140556094430 0.00000000000000000000
1.3400000000 0.05558663745124822059 0.00000000000000000000
1.3500000000 0.05493211419227168879 0.00000000000000000000
1.3600000000 0.05429448833627273374 0.00000000000000000000
1.3700000000 0.05367323532240213940 0.00000000000000000000
1.3800000000 0.05306784863463038376 0.00000000000000000000
1.3900000000 0.05247783914107130576 0.00000000000000000000
1.4000000000 0.05190273445832498111 0.00000000000000000000
1.4100000000 0.05134207833989516689 0.00000000000000000000
1.4200000000 0.05079543008776378488 0.00000000000000000000
1.4300000000 0.05026236398624039925 0.00000000000000000000
1.4400000000 0.04974246875723270511 0.00000000000000000000
1.4500000000 0.04923534703612463675 0.00000000000000000000
1.4600000000 0.04874061486746868177 0.00000000000000000000
1.4700000000 0.04825790121973477786 0.00000000000000000000
1.4800000000 0.04778684751838553624 0.00000000000000000000
1.4900000000 0.04732710719656914311 0.00000000000000000000
1.5000000000 0.04687834526276190433 0.00000000000000000000
1.5100000000 0.04644023788469721359 0.00000000000000000000
1.5200000000 0.04601247198896433327 0.00000000000000000000
1.5300000000 0.04559474487566680945 0.00000000000000000000
1.5400000000 0.04518676384756415559 0.00000000000000000000
1.5500000000 0.04478824585313519874 0.00000000000000000000
1.5600000000 0.04439891714303419168 0.00000000000000000000
1.5700000000 0.04401851293941162063 0.00000000000000000000
1.5800000000 0.04364677711761609513 0.00000000000000000000
1.5900000000 0.04328346189979108416 0.00000000000000000000
1.6000000000 0.04292832755991393689 0.00000000000000000000
1.6100000000 0.04258114213983231477 0.00000000000000000000
1.6200000000 0.04224168117587851629 0.00000000000000000000
1.6300000000 0.04190972743565014175 0.00000000000000000000
1.6400000000 0.04158507066456780532 0.00000000000000000000
1.6500000000 0.04126750734183590175 0.00000000000000000000
1.6600000000 0.04095684044543951297 0.00000000000000000000
1.6700000000 0.04065287922583740027 0.00000000000000000000
1.6800000000 0.04035543898800963286 0.00000000000000000000
1.6900000000 0.04006434088154312012 0.00000000000000000000
1.7000000000 0.03977941169844935454 0.00000000000000000000
1.7100000000 0.03950048367841089286 0.00000000000000000000
1.7200000000 0.03922739432117935965 0.00000000000000000000
1.7300000000 0.03895998620584751465 0.00000000000000000000
1.7400000000 0.03869810681673041541 0.00000000000000000000
1.7500000000 0.03844160837561233501 0.00000000000000000000
1.7600000000 0.03819034768010420855 0.00000000000000000000
1.7700000000 0.03794418594788862009 0.00000000000000000000
1.7800000000 0.03770298866662365189 0.00000000000000000000
1.7900000000 0.03746662544929105221 0.00000000000000000000
1.8000000000 0.03723496989478197738 0.00000000000000000000
1.8100000000 0.03700789945352232074 0.00000000000000000000
1.8200000000 0.03678529529794587888 0.00000000000000000000
1.8300000000 0.03656704219763164815 0.00000000000000000000
1.8400000000 0.03635302839892846222 0.00000000000000000000
1.8500000000 0.03614314550890167232 0.00000000000000000000
1.8600000000 0.03593728838343108328 0.00000000000000000000
1.8700000000 0.03573535501931141695 0.00000000000000000000
1.8800000000 0.03553724645020115563 0.00000000000000000000
1.8900000000 0.03534286664627464547 0.00000000000000000000
1.9000000000 0.03515212241744145039 0.00000000000000000000
1.9100000000 0.03496492331999605935 0.00000000000000000000
1.9200000000 0.03478118156657176996 0.00000000000000000000
1.9300000000 0.03460081193927601328 0.00000000000000000000
1.9400000000 0.03442373170588565456 0.00000000000000000000
1.9500000000 0.03424986053899099075 0.00000000000000000000
1.9600000000 0.03407912043797797080 0.00000000000000000000
1.9700000000 0.03391143565374339641 0.00000000000000000000
1.9800000000 0.03374673261604140689 0.00000000000000000000
1.9900000000 0.03358493986336358317 0.00000000000000000000
2.0000000000 0.03342598797526263182 0.00000000000000000000
2.0100000000 0.03326980950702253248 0.00000000000000000000
2.0200000000 0.03311633892659644751 0.00000000000000000000
2.0300000000 0.03296551255372388856 0.00000000000000000000
2.0400000000 0.03281726850114938254 0.00000000000000000000
2.0500000000 0.03267154661786516451 0.00000000000000000000
2.0600000000 0.03252828843430331102 0.00000000000000000000
2.0700000000 0.03238743710940782117 0.00000000000000000000
2.0800000000 0.03224893737951647216 0.00000000000000000000
2.0900000000 0.03211273550898743889 0.00000000000000000000
2.1000000000 0.03197877924250713821 0.00000000000000000000
2.1100000000 0.03184701775901759013 0.00000000000000000000
2.1200000000 0.03171740162720756984 0.00000000000000000000
2.1300000000 0.03158988276250747351 0.00000000000000000000
2.1400000000 0.03146441438553482933 0.00000000000000000000
2.1500000000 0.03134095098194065315 0.00000000000000000000
2.1600000000 0.03121944826360223413 0.00000000000000000000
2.1700000000 0.03109986313111881909 0.00000000000000000000
2.1800000000 0.03098215363755774804 0.00000000000000000000
2.1900000000 0.03086627895341363670 0.00000000000000000000
2.2000000000 0.03075219933272930681 0.00000000000000000000
2.2100000000 0.03063987608034542467 0.00000000000000000000
2.2200000000 0.03052927152023075796 0.00000000000000000000
2.2300000000 0.03042034896486206508 0.00000000000000000000
2.2400000000 0.03031307268561035315 0.00000000000000000000
2.2500000000 0.03020740788410300123 0.00000000000000000000
2.2600000000 0.03010332066452311300 0.00000000000000000000
2.2700000000 0.03000077800681655305 0.00000000000000000000
2.2800000000 0.02989974774077307565 0.00000000000000000000
2.2900000000 0.02980019852095074778 0.00000000000000000000
2.3000000000 0.02970209980241592801 0.00000000000000000000
2.3100000000 0.02960542181726747574 0.00000000000000000000
2.3200000000 0.02951013555192124119 0.00000000000000000000
2.3300000000 0.02941621272512653235 0.00000000000000000000
2.3400000000 0.02932362576668774701 0.00000000000000000000
2.3500000000 0.02923234779687143917 0.00000000000000000000
2.3600000000 0.02914235260646968334 0.00000000000000000000
2.3700000000 0.02905361463750056467 0.00000000000000000000
2.3800000000 0.02896610896452384357 0.00000000000000000000
2.3900000000 0.02887981127654856706 0.00000000000000000000
2.4000000000 0.02879469785951410676 0.00000000000000000000
2.4100000000 0.02871074557932488600 0.00000000000000000000
2.4200000000 0.02862793186542002266 0.00000000000000000000
2.4300000000 0.02854623469485747037 0.00000000000000000000
2.4400000000 0.02846563257689973744 0.00000000000000000000
2.4500000000 0.02838610453807908010 0.00000000000000000000
2.4600000000 0.02830763010772994678 0.00000000000000000000
2.4700000000 0.02823018930397058410 0.00000000000000000000
2.4800000000 0.02815376262011999239 0.00000000000000000000
2.4900000000 0.02807833101153452138 0.00000000000000000000
2.5000000000 0.02800387588285119592 0.00000000000000000000
2.5100000000 0.02793037907562347794 0.00000000000000000000
2.5200000000 0.02785782285633618682 0.00000000000000000000
2.5300000000 0.02778618990478726181 0.00000000000000000000
2.5400000000 0.02771546330282537163 0.00000000000000000000
2.5500000000 0.02764562652342859514 0.00000000000000000000
2.5600000000 0.02757666342011631452 0.00000000000000000000
2.5700000000 0.02750855821668039131 0.00000000000000000000
2.5800000000 0.02744129549722806524 0.00000000000000000000
2.5900000000 0.02737486019652326727 0.00000000000000000000
2.6000000000 0.02730923759061889763 0.00000000000000000000
2.6100000000 0.02724441328776943186 0.00000000000000000000
2.6200000000 0.02718037321961478889 0.00000000000000000000
2.6300000000 0.02711710363262759965 0.00000000000000000000
2.6400000000 0.02705459107981411301 0.00000000000000000000
2.6500000000 0.02699282241266020427 0.00000000000000000000
2.6600000000 0.02693178477331708426 0.00000000000000000000
2.6700000000 0.02687146558701563812 0.00000000000000000000
2.6800000000 0.02681185255470439066 0.00000000000000000000
2.6900000000 0.02675293364590352468 0.00000000000000000000
2.7000000000 0.02669469709176650399 0.00000000000000000000
2.7100000000 0.02663713137834507541 0.00000000000000000000
2.7200000000 0.02658022524004978807 0.00000000000000000000
2.7300000000 0.02652396765329885150 0.00000000000000000000
2.7400000000 0.02646834783035215480 0.00000000000000000000
2.7500000000 0.02641335521332134964 0.00000000000000000000
2.7600000000 0.02635897946835353764 0.00000000000000000000
2.7700000000 0.02630521047998005124 0.00000000000000000000
2.7800000000 0.02625203834562802457 0.00000000000000000000
2.7900000000 0.02619945337028720123 0.00000000000000000000
2.8000000000 0.02614744606132891891 0.00000000000000000000
2.8100000000 0.02609600712347152907 0.00000000000000000000
2.8200000000 0.02604512745388825115 0.00000000000000000000
2.8300000000 0.02599479813745206661 0.00000000000000000000
2.8400000000 0.02594501044211530369 0.00000000000000000000
2.8500000000 0.02589575581441734206 0.00000000000000000000
2.8600000000 0.02584702587511860175 0.00000000000000000000
2.8700000000 0.02579881241495567135 0.00000000000000000000
2.8800000000 0.02575110739051413369 0.00000000000000000000
2.8900000000 0.02570390292021593193 0.00000000000000000000
2.9000000000 0.02565719128041738309 0.00000000000000000000
2.9100000000 0.02561096490161384950 0.00000000000000000000
2.9200000000 0.02556521636474991949 0.00000000000000000000
2.9300000000 0.02551993839762892874 0.00000000000000000000
2.9400000000 0.02547512387142163159 0.00000000000000000000
2.9500000000 0.02543076579726900183 0.00000000000000000000
2.9600000000 0.02538685732297729994 0.00000000000000000000
2.9700000000 0.02534339172980324892 0.00000000000000000000
2.9800000000 0.02530036242932415941 0.00000000000000000000
2.9900000000 0.02525776296039363225 0.00000000000000000000
3.0000000000 0.02521558698617873059 0.00000000000000000000
3.0100000000 0.02517382829127505495 0.00000000000000000000
3.0200000000 0.02513248077890010979 0.00000000000000000000
3.0300000000 0.02509153846815990324 0.00000000000000000000
3.0400000000 0.02505099549138939397 0.00000000000000000000
3.0500000000 0.02501084609156108834 0.00000000000000000000
3.0600000000 0.02497108461976401544 0.00000000000000000000
3.0700000000 0.02493170553274713999 0.00000000000000000000
3.0800000000 0.02489270339052782055 0.00000000000000000000
3.0900000000 0.02485407285406259631 0.00000000000000000000
3.1000000000 0.02481580868297815143 0.00000000000000000000
3.1100000000 0.02477790573336150284 0.00000000000000000000
3.1200000000 0.02474035895560701415 0.00000000000000000000
3.1300000000 0.02470316339231887204 0.00000000000000000000
3.1400000000 0.02466631417626769657 0.00000000000000000000
3.1500000000 0.02462980652839897797 0.00000000000000000000
3.1600000000 0.02459363575589310763 0.00000000000000000000
3.1700000000 0.02455779725027354421 0.00000000000000000000
3.1800000000 0.02452228648556466217 0.00000000000000000000
3.1900000000 0.02448709901649448809 0.00000000000000000000
3.2000000000 0.02445223047674412870 0.00000000000000000000
3.2100000000 0.02441767657724020629 0.00000000000000000000
3.2200000000 0.02438343310449057541 0.00000000000000000000
3.2300000000 0.02434949591896162779 0.00000000000000000000
3.2400000000 0.02431586095349582907 0.00000000000000000000
3.2500000000 0.02428252421176891121 0.00000000000000000000
3.2600000000 0.02424948176678447601 0.00000000000000000000
3.2700000000 0.02421672975940672781 0.00000000000000000000
3.2800000000 0.02418426439692861543 0.00000000000000000000
3.2900000000 0.02415208195167535543 0.00000000000000000000
3.3000000000 0.02412017875964208094 0.00000000000000000000
3.3100000000 0.02408855121916455080 0.00000000000000000000
3.3200000000 0.02405719578962266236 0.00000000000000000000
3.3300000000 0.02402610899017458904 0.00000000000000000000
3.3400000000 0.02399528739852197640 0.00000000000000000000
3.3500000000 0.02396472764970502059 0.00000000000000000000
3.3600000000 0.02393442643492606214 0.00000000000000000000
3.3700000000 0.02390438050040153556 0.00000000000000000000
3.3800000000 0.02387458664624129978 0.00000000000000000000
3.3900000000 0.02384504172535446484 0.00000000000000000000
3.4000000000 0.02381574264238166261 0.00000000000000000000
3.4100000000 0.02378668635265162451 0.00000000000000000000
3.4200000000 0.02375786986116339497 0.00000000000000000000
3.4300000000 0.02372929022159169649 0.00000000000000000000
3.4400000000 0.02370094453531577591 0.00000000000000000000
3.4500000000 0.02367282995047107624 0.00000000000000000000
3.4600000000 0.02364494366102324469 0.00000000000000000000
3.4700000000 0.02361728290586253762 0.00000000000000000000
3.4800000000 0.02358984496792026347 0.00000000000000000000
3.4900000000 0.02356262717330527209 0.00000000000000000000
3.5000000000 0.02353562689046036910 0.00000000000000000000
3.5100000000 0.02350884152933730917 0.00000000000000000000
3.5200000000 0.02348226854059199536 0.00000000000000000000
3.5300000000 0.02345590541479674815 0.00000000000000000000
3.5400000000 0.02342974968167118449 0.00000000000000000000
3.5500000000 0.02340379890933015281 0.00000000000000000000
3.5600000000 0.02337805070354885204 0.00000000000000000000
3.5700000000 0.02335250270704450348 0.00000000000000000000
3.5800000000 0.02332715259877356229 0.00000000000000000000
3.5900000000 0.02330199809324563776 0.00000000000000000000
3.6000000000 0.02327703693985156905 0.00000000000000000000
3.6100000000 0.02325226692220768929 0.00000000000000000000
3.6200000000 0.02322768585751319378 0.00000000000000000000
3.6300000000 0.02320329159592290913 0.00000000000000000000
3.6400000000 0.02317908201993308312 0.00000000000000000000
3.6500000000 0.02315505504378134391 0.00000000000000000000
3.6600000000 0.02313120861285867386 0.00000000000000000000
3.6700000000 0.02310754070313563585 0.00000000000000000000
3.6800000000 0.02308404932059993780 0.00000000000000000000
3.6900000000 0.02306073250070672653 0.00000000000000000000
3.7000000000 0.02303758830784046960 0.00000000000000000000
3.7100000000 0.02301461483478877898 0.00000000000000000000
3.7200000000 0.02299181020222703861 0.00000000000000000000
3.7300000000 0.02296917255821473783 0.00000000000000000000
3.7400000000 0.02294670007770189396 0.00000000000000000000
3.7500000000 0.02292439096204615737 0.00000000000000000000
3.7600000000 0.02290224343854050174 0.00000000000000000000
3.7700000000 0.02288025575995045885 0.00000000000000000000
3.7800000000 0.02285842620406131412 0.00000000000000000000
3.7900000000 0.02283675307323490208 0.00000000000000000000
3.8000000000 0.02281523469397542594 0.00000000000000000000
3.8100000000 0.02279386941650446766 0.00000000000000000000
3.8200000000 0.02277265561434503593 0.00000000000000000000
3.8300000000 0.02275159168391399644 0.00000000000000000000
3.8400000000 0.02273067604412294315 0.00000000000000000000
3.8500000000 0.02270990713598745186 0.00000000000000000000
3.8600000000 0.02268928342224430655 0.00000000000000000000
3.8700000000 0.02266880338697653541 0.00000000000000000000
3.8800000000 0.02264846553524609007 0.00000000000000000000
3.8900000000 0.02262826839273426524 0.00000000000000000000
3.9000000000 0.02260821050538896343 0.00000000000000000000
3.9100000000 0.02258829043907949544 0.00000000000000000000
3.9200000000 0.02256850677925818435 0.00000000000000000000
3.9300000000 0.02254885813062890501 0.00000000000000000000
3.9400000000 0.02252934311682202109 0.00000000000000000000
3.9500000000 0.02250996038007615010 0.00000000000000000000
3.9600000000 0.02249070858092605193 0.00000000000000000000
3.9700000000 0.02247158639789686649 0.00000000000000000000
3.9800000000 0.02245259252720415918 0.00000000000000000000
3.9900000000 0.02243372568246035370 0.00000000000000000000
4.0000000000 0.02241498459438646257 0.00000000000000000000
4.0100000000 0.02239636801052989276 0.00000000000000000000
4.0200000000 0.02237787469498748669 0.00000000000000000000
4.0300000000 0.02235950342813396510 0.00000000000000000000
4.0400000000 0.02234125300635600442 0.00000000000000000000
4.0500000000 0.02232312224179114693 0.00000000000000000000
4.0600000000 0.02230510996207201932 0.00000000000000000000
4.0700000000 0.02228721501007487754 0.00000000000000000000
4.0800000000 0.02226943624367408794 0.00000000000000000000
4.0900000000 0.02225177253550022702 0.00000000000000000000
4.1000000000 0.02223422277270353450 0.00000000000000000000
4.1100000000 0.02221678585672139800 0.00000000000000000000
4.1200000000 0.02219946070305074681 0.00000000000000000000
4.1300000000 0.02218224624102416859 0.00000000000000000000
4.1400000000 0.02216514141359100451 0.00000000000000000000
4.1500000000 0.02214814517710173014 0.00000000000000000000
4.1600000000 0.02213125650109704773 0.00000000000000000000
4.1700000000 0.02211447436810078451 0.00000000000000000000
4.1800000000 0.02209779777341638884 0.00000000000000000000
4.1900000000 0.02208122572492744046 0.00000000000000000000
4.2000000000 0.02206475724290195978 0.00000000000000000000
4.2100000000 0.02204839135980008608 0.00000000000000000000
4.2200000000 0.02203212712008559976 0.00000000000000000000
4.2300000000 0.02201596358004052206 0.00000000000000000000
4.2400000000 0.02199989980758363523 0.00000000000000000000
4.2500000000 0.02198393488209188576 0.00000000000000000000
4.2600000000 0.02196806789422523984 0.00000000000000000000
4.2700000000 0.02195229794575473056 0.00000000000000000000
4.2800000000 0.02193662414939353753 0.00000000000000000000
4.2900000000 0.02192104562863130685 0.00000000000000000000
4.3000000000 0.02190556151757125716 0.00000000000000000000
4.3100000000 0.02189017096077034916 0.00000000000000000000
4.3200000000 0.02187487311308219246 0.00000000000000000000
4.3300000000 0.02185966713950302648 0.00000000000000000000
4.3400000000 0.02184455221502000152 0.00000000000000000000
4.3500000000 0.02182952752446287378 0.00000000000000000000
4.3600000000 0.02181459226235741081 0.00000000000000000000
4.3700000000 0.02179974563278215885 0.00000000000000000000
4.3800000000 0.02178498684922742026 0.00000000000000000000
4.3900000000 0.02177031513445678440 0.00000000000000000000
4.4000000000 0.02175572972037085120 0.00000000000000000000
4.4100000000 0.02174122984787384832 0.00000000000000000000
4.4200000000 0.02172681476674198989 0.00000000000000000000
4.4300000000 0.02171248373549465246 0.00000000000000000000
4.4400000000 0.02169823602126731352 0.00000000000000000000
4.4500000000 0.02168407089968703641 0.00000000000000000000
4.4600000000 0.02166998765475008568 0.00000000000000000000
4.4700000000 0.02165598557870139843 0.00000000000000000000
4.4800000000 0.02164206397191617212 0.00000000000000000000
4.4900000000 0.02162822214278391220 0.00000000000000000000
4.5000000000 0.02161445940759390213 0.00000000000000000000
4.5100000000 0.02160077509042284197 0.00000000000000000000
4.5200000000 0.02158716852302457537 0.00000000000000000000
4.5300000000 0.02157363904472124963 0.00000000000000000000
4.5400000000 0.02156018600229679671 0.00000000000000000000
4.5500000000 0.02154680874989192349 0.00000000000000000000
4.5600000000 0.02153350664890099977 0.00000000000000000000
4.5700000000 0.02152027906787028558 0.00000000000000000000
4.5800000000 0.02150712538239873961 0.00000000000000000000
4.5900000000 0.02149404497503926842 0.00000000000000000000
4.6000000000 0.02148103723520277189 0.00000000000000000000
4.6100000000 0.02146810155906310816 0.00000000000000000000
4.6200000000 0.02145523734946363711 0.00000000000000000000
4.6300000000 0.02144244401582575885 0.00000000000000000000
4.6400000000 0.02142972097405833679 0.00000000000000000000
4.6500000000 0.02141706764646904987 0.00000000000000000000
4.6600000000 0.02140448346167734411 0.00000000000000000000
4.6700000000 0.02139196785452797400 0.00000000000000000000
4.6800000000 0.02137952026600694125 0.00000000000000000000
4.6900000000 0.02136714014315828705 0.00000000000000000000
4.7000000000 0.02135482693900206744 0.00000000000000000000
4.7100000000 0.02134258011245418474 0.00000000000000000000
4.7200000000 0.02133039912824705175 0.00000000000000000000
4.7300000000 0.02131828345685177206 0.00000000000000000000
4.7400000000 0.02130623257440121196 0.00000000000000000000
4.7500000000 0.02129424596261508817 0.00000000000000000000
4.7600000000 0.02128232310872523597 0.00000000000000000000
4.7700000000 0.02127046350540273689 0.00000000000000000000
4.7800000000 0.02125866665068619141 0.00000000000000000000
4.7900000000 0.02124693204791064383 0.00000000000000000000
4.8000000000 0.02123525920563825581 0.00000000000000000000
4.8100000000 0.02122364763758950029 0.00000000000000000000
4.8200000000 0.02121209686257581953 0.00000000000000000000
4.8300000000 0.02120060640443311231 0.00000000000000000000
4.8400000000 0.02118917579195647716 0.00000000000000000000
4.8500000000 0.02117780455883581936 0.00000000000000000000
4.8600000000 0.02116649224359237746 0.00000000000000000000
4.8700000000 0.02115523838951644670 0.00000000000000000000
4.8800000000 0.02114404254460586913 0.00000000000000000000
4.8900000000 0.02113290426150562368 0.00000000000000000000
4.9000000000 0.02112182309744829733 0.00000000000000000000
4.9100000000 0.02111079861419532314 0.00000000000000000000
4.9200000000 0.02109983037797942551 0.00000000000000000000
4.9300000000 0.02108891795944751318 0.00000000000000000000
4.9400000000 0.02107806093360504313 0.00000000000000000000
4.9500000000 0.02106725887976043654 0.00000000000000000000
4.9600000000 0.02105651138147121917 0.00000000000000000000
4.9700000000 0.02104581802649017896 0.00000000000000000000
4.9800000000 0.02103517840671280045 0.00000000000000000000
4.9900000000 0.02102459211812547635 0.00000000000000000000
5.0000000000 0.02101405876075417706 0.00000000000000000000
