0.1000000000 2.10240057657087087151 0.00000000000000000000
0.1100000000 2.04253408082190990314 0.00000000000000000000
0.1200000000 1.98401999675385343203 0.00000000000000000000
0.1300000000 1.92686241026954729882 0.00000000000000000000
0.1400000000 1.87106280011628856030 0.00000000000000000000
0.1500000000 1.81662012354707602668 0.00000000000000000000
0.1600000000 1.76353091396515693212 0.00000000000000000000
0.1700000000 1.71178938900528554434 0.00000000000000000000
0.1800000000 1.66138756746311488932 0.00000000000000000000
0.1900000000 1.61231539347334251744 0.00000000000000000000
0.2000000000 1.56456086635528612838 0.00000000000000000000
0.2100000000 1.51811017458854746742 0.00000000000000000000
0.2200000000 1.47294783244789084797 0.00000000000000000000
0.2300000000 1.42905681791179994811 0.00000000000000000000
0.2400000000 1.38641871055959553516 0.00000000000000000000
0.2500000000 1.34501382828375448675 0.00000000000000000000
0.2600000000 1.30482136176354912571 0.00000000000000000000
0.2700000000 1.26581950577004098690 0.00000000000000000000
0.2800000000 1.22798558649763789319 0.00000000000000000000
0.2900000000 1.19129618424135275134 0.00000000000000000000
0.3000000000 1.15572725085915672949 0.00000000000000000000
0.3100000000 1.12125422157361986919 0.00000000000000000000
0.3200000000 1.08785212077485193838 0.00000000000000000000
0.3300000000 1.05549566158654450909 0.00000000000000000000
0.3400000000 1.02415933904785272368 0.00000000000000000000
0.3500000000 0.99381751684559060944 0.00000000000000000000
0.3600000000 0.96444450760355382446 0.00000000000000000000
0.3700000000 0.93601464679873891406 0.00000000000000000000
0.3800000000 0.90850236042821241877 0.00000000000000000000
0.3900000000 0.88188222659563031414 0.00000000000000000000
0.4000000000 0.85612903122359618191 0.00000000000000000000
0.4100000000 0.83121781812767914221 0.00000000000000000000
0.4200000000 0.80712393371070056958 0.00000000000000000000
0.4300000000 0.78382306655252875771 0.00000000000000000000
0.4400000000 0.76129128218172215092 0.00000000000000000000
0.4500000000 0.73950505332169336192 0.00000000000000000000
0.4600000000 0.71844128590620726094 0.00000000000000000000
0.4700000000 0.69807734115762243299 0.00000000000000000000
0.4800000000 0.67839105401692645358 0.00000000000000000000
0.4900000000 0.65936074820776624517 0.00000000000000000000
0.5000000000 0.64096524820788780552 0.00000000000000000000
0.5100000000 0.62318388839104632559 0.00000000000000000000
0.5200000000 0.60599651959093048248 0.00000000000000000000
0.5300000000 0.58938351332628435841 0.00000000000000000000
0.5400000000 0.57332576391349721057 0.00000000000000000000
0.5500000000 0.55780468867974042357 0.00000000000000000000
0.5600000000 0.54280222647637066391 0.00000000000000000000
0.5700000000 0.52830083467913169226 0.00000000000000000000
0.5800000000 0.51428348484860275658 0.00000000000000000000
0.5900000000 0.50073365721167983899 0.00000000000000000000
0.6000000000 0.48763533411257703465 0.00000000000000000000
0.6100000000 0.47497299257001240891 0.00000000000000000000
0.6200000000 0.46273159606601105276 0.00000000000000000000
0.6300000000 0.45089658568101875780 0.00000000000000000000
0.6400000000 0.43945387067991831254 0.00000000000000000000
0.6500000000 0.42838981864404507283 0.00000000000000000000
0.6600000000 0.41769124523531370174 0.00000000000000000000
0.6700000000 0.40734540367031968344 0.00000000000000000000
0.6800000000 0.39733997397446657596 0.00000000000000000000
0.6900000000 0.38766305207900247920 0.00000000000000000000
0.7000000000 0.37830313881718657942 0.00000000000000000000
0.7100000000 0.36924912886970906456 0.00000000000000000000
0.7200000000 0.36049029970377766130 0.00000000000000000000
0.7300000000 0.35201630054517363266 0.00000000000000000000
0.7400000000 0.34381714141781760663 0.00000000000000000000
0.7500000000 0.33588318228102220786 0.00000000000000000000
0.7600000000 0.32820512229073273147 0.00000000000000000000
0.7700000000 0.32077398920745175959 0.00000000000000000000
0.7800000000 0.31358112897022083487 0.00000000000000000000
0.7900000000 0.30661819545323265590 0.00000000000000000000
0.8000000000 0.29987714041889196315 0.00000000000000000000
0.8100000000 0.29335020367874925507 0.00000000000000000000
0.8200000000 0.28702990347167073315 0.00000000000000000000
0.8300000000 0.28090902706660275667 0.00000000000000000000
0.8400000000 0.27498062159559438777 0.00000000000000000000
0.8500000000 0.26923798512122160131 0.00000000000000000000
0.8600000000 0.26367465794123140510 0.00000000000000000000
0.8700000000 0.25828441413188912845 0.00000000000000000000
0.8800000000 0.25306125333060935922 0.00000000000000000000
0.8900000000 0.24799939275744031786 0.00000000000000000000
0.9000000000 0.24309325947410356794 0.00000000000000000000
0.9100000000 0.23833748287872200122 0.00000000000000000000
0.9200000000 0.23372688743353903229 0.00000000000000000000
0.9300000000 0.22925648562265302233 0.00000000000000000000
0.9400000000 0.22492147113617355636 0.00000000000000000000
0.9500000000 0.22071721227675039634 0.00000000000000000000
0.9600000000 0.21663924558434610734 0.00000000000000000000
0.9700000000 0.21268326967477169109 0.00000000000000000000
0.9800000000 0.20884513928692846618 0.00000000000000000000
0.9900000000 0.20512085953429054497 0.00000000000000000000
1.0000000000 0.20150658035623958408 0.00000000000000000000
1.0100000000 0.19799859115980106283 0.00000000000000000000
1.0200000000 0.19459331565390827756 0.00000000000000000000
1.0300000000 0.19128730686765069158 0.00000000000000000000
1.0400000000 0.18807724234174874600 0.00000000000000000000
1.0500000000 0.18495991949710433033 0.00000000000000000000
1.0600000000 0.18193225116977812528 0.00000000000000000000
1.0700000000 0.17899126130848899696 0.00000000000000000000
1.0800000000 0.17613408082963533108 0.00000000000000000000
1.0900000000 0.17335794362459641671 0.00000000000000000000
1.1000000000 0.17066018271451571797 0.00000000000000000000
1.1100000000 0.16803822654757019639 0.00000000000000000000
1.1200000000 0.16548959543400285077 0.00000000000000000000
1.1300000000 0.16301189811421948339 0.00000000000000000000
1.1400000000 0.16060282845537729446 0.00000000000000000000
1.1500000000 0.15826016227200370712 0.00000000000000000000
1.1600000000 0.15598175426626040285 0.00000000000000000000
1.1700000000 0.15376553508368331902 0.00000000000000000000
1.1800000000 0.15160950848016696568 0.00000000000000000000
1.1900000000 0.14951174859629579039 0.00000000000000000000
1.2000000000 0.14747039733505362680 0.00000000000000000000
1.2100000000 0.14548366183915403815 0.00000000000000000000
1.2200000000 0.14354981206435174501 0.00000000000000000000
1.2300000000 0.14166717844516268920 0.00000000000000000000
1.2400000000 0.13983414964957102677 0.00000000000000000000
1.2500000000 0.13804917041939454569 0.00000000000000000000
1.2600000000 0.13631073949310110183 0.00000000000000000000
1.2700000000 0.13461740760798024397 0.00000000000000000000
1.2800000000 0.13296777557863750929 0.00000000000000000000
1.2900000000 0.13136049244896641497 0.00000000000000000000
1.3000000000 0.12979425371474673234 0.00000000000000000000
1.3100000000 0.12826779961422424270 0.00000000000000000000
1.3200000000 0.12677991348402803395 0.00000000000000000000
1.3300000000 0.12532942017794826417 0.00000000000000000000
1.3400000000 0.12391518454614920686 0.00000000000000000000
1.3500000000 0.12253610997246873471 0.00000000000000000000
1.3600000000 0.12119113696759840904 0.00000000000000000000
1.3700000000 0.11987924181595543960 0.00000000000000000000
1.3800000000 0.11859943527417322884 0.00000000000000000000
1.3900000000 0.11735076131922454745 0.00000000000000000000
1.4000000000 0.11613229594422315449 0.00000000000000000000
1.4100000000 0.11494314600007506100 0.00000000000000000000
1.4200000000 0.11378244808118687104 0.00000000000000000000
1.4300000000 0.11264936745351836200 0.00000000000000000000
1.4400000000 0.11154309702332013132 0.00000000000000000000
1.4500000000 0.11046285634499189432 0.00000000000000000000
1.4600000000 0.10940789066651866734 0.00000000000000000000
1.4700000000 0.10837747001102107647 0.00000000000000000000
1.4800000000 0.10737088829302630921 0.00000000000000000000
1.4900000000 0.10638746246808628015 0.00000000000000000000
1.5000000000 0.10542653171445404148 0.00000000000000000000
1.5100000000 0.10448745664556782775 0.00000000000000000000
1.5200000000 0.10356961855213768497 0.00000000000000000000
1.5300000000 0.10267241867268545041 0.00000000000000000000
1.5400000000 0.10179527749141889514 0.00000000000000000000
1.5500000000 0.10093763406239553149 0.00000000000000000000
1.5600000000 0.10009894535892979728 0.00000000000000000000
1.5700000000 0.09927868564728226097 0.00000000000000000000
1.5800000000 0.09847634588366346864 0.00000000000000000000
1.5900000000 0.09769143313367806281 0.00000000000000000000
1.6000000000 0.09692347001330357814 0.00000000000000000000
1.6100000000 0.09617199415059743406 0.00000000000000000000
1.6200000000 0.09543655766730506362 0.00000000000000000000
1.6300000000 0.09471672667962362235 0.00000000000000000000
1.6400000000 0.09401208081735201727 0.00000000000000000000
1.6500000000 0.09332221276074575966 0.00000000000000000000
1.6600000000 0.09264672779436719519 0.00000000000000000000
1.6700000000 0.09198524337729395428 0.00000000000000000000
1.6800000000 0.09133738872904872963 0.00000000000000000000
1.6900000000 0.09070280443064343556 0.00000000000000000000
1.7000000000 0.09008114204016463844 0.00000000000000000000
1.7100000000 0.08947206372233040828 0.00000000000000000000
1.7200000000 0.08887524189149909049 0.00000000000000000000
1.7300000000 0.08829035886759956098 0.00000000000000000000
1.7400000000 0.08771710654449911548 0.00000000000000000000
1.7500000000 0.08715518607033223564 0.00000000000000000000
1.7600000000 0.08660430753933182069 0.00000000000000000000
1.7700000000 0.08606418969473074443 0.00000000000000000000
1.7800000000 0.08553455964230442798 0.00000000000000000000
1.7900000000 0.08501515257416134008 0.00000000000000000000
1.8000000000 0.08450571150238718465 0.00000000000000000000
1.8100000000 0.08400598700216937997 0.00000000000000000000
1.8200000000 0.08351573696404740454 0.00000000000000000000
1.8300000000 0.08303472635494457688 0.00000000000000000000
1.8400000000 0.08256272698765047824 0.00000000000000000000
1.8500000000 0.08209951729843180390 0.00000000000000000000
1.8600000000 0.08164488213248044524 0.00000000000000000000
1.8700000000 0.08119861253688744063 0.00000000000000000000
1.8800000000 0.08076050556087693844 0.00000000000000000000
1.8900000000 0.08033036406302215826 0.00000000000000000000
1.9000000000 0.07990799652518325302 0.00000000000000000000
1.9100000000 0.07949321687292204563 0.00000000000000000000
1.9200000000 0.07908584430214610217 0.00000000000000000000
1.9300000000 0.07868570311176244225 0.00000000000000000000
1.9400000000 0.07829262254210486716 0.00000000000000000000
1.9500000000 0.07790643661893754957 0.00000000000000000000
1.9600000000 0.07752698400281446411 0.00000000000000000000
1.9700000000 0.07715410784361105556 0.00000000000000000000
1.9800000000 0.07678765564003049715 0.00000000000000000000
1.9900000000 0.07642747910390572386 0.00000000000000000000
2.0000000000 0.07607343402912059016 0.00000000000000000000
2.0100000000 0.07572538016498420177 0.00000000000000000000
2.0200000000 0.07538318109389446908 0.00000000000000000000
2.0300000000 0.07504670411313563161 0.00000000000000000000
2.0400000000 0.07471582012066216305 0.00000000000000000000
2.0500000000 0.07439040350472171659 0.00000000000000000000
2.0600000000 0.07407033203717899861 0.00000000000000000000
2.0700000000 0.07375548677041461609 0.00000000000000000000
2.0800000000 0.07344575193765620624 0.00000000000000000000
2.0900000000 0.07314101485663603019 0.00000000000000000000
2.1000000000 0.07284116583644113796 0.00000000000000000000
2.1100000000 0.07254609808745096644 0.00000000000000000000
2.1200000000 0.07225570763425157028 0.00000000000000000000
2.1300000000 0.07196989323141701755 0.00000000000000000000
2.1400000000 0.07168855628205982045 0.00000000000000000000
2.1500000000 0.07141160075905102211 0.00000000000000000000
2.1600000000 0.07113893312881712505 0.00000000000000000000
2.1700000000 0.07087046227761949202 0.00000000000000000000
2.1800000000 0.07060609944023489570 0.00000000000000000000
2.1900000000 0.07034575813094819108 0.00000000000000000000
2.2000000000 0.07008935407677692464 0.00000000000000000000
2.2100000000 0.06983680515285443924 0.00000000000000000000
2.2200000000 0.06958803131988784696 0.00000000000000000000
2.2300000000 0.06934295456362811472 0.00000000000000000000
2.2400000000 0.06910149883627700329 0.00000000000000000000
2.2500000000 0.06886358999976417705 0.00000000000000000000
2.2600000000 0.06862915577083206209 0.00000000000000000000
2.2700000000 0.06839812566786498960 0.00000000000000000000
2.2800000000 0.06817043095940227004 0.00000000000000000000
2.2900000000 0.06794600461427940941 0.00000000000000000000
2.3000000000 0.06772478125333918075 0.00000000000000000000
2.3100000000 0.06750669710266100909 0.00000000000000000000
2.3200000000 0.06729168994825732164 0.00000000000000000000
2.3300000000 0.06707969909218372551 0.00000000000000000000
2.3400000000 0.06687066531002050507 0.00000000000000000000
2.3500000000 0.06666453080967454925 0.00000000000000000000
2.3600000000 0.06646123919145885406 0.00000000000000000000
2.3700000000 0.06626073540940739803 0.00000000000000000000
2.3800000000 0.06606296573378227233 0.00000000000000000000
2.3900000000 0.06586787771473541497 0.00000000000000000000
2.4000000000 0.06567542014708392661 0.00000000000000000000
2.4100000000 0.06548554303616267724 0.00000000000000000000
2.4200000000 0.06529819756472146630 0.00000000000000000000
2.4300000000 0.06511333606082615744 0.00000000000000000000
2.4400000000 0.06493091196673508869 0.00000000000000000000
2.4500000000 0.06475087980871939430 0.00000000000000000000
2.4600000000 0.06457319516779010116 0.00000000000000000000
2.4700000000 0.06439781465131019789 0.00000000000000000000
2.4800000000 0.06422469586545660747 0.00000000000000000000
2.4900000000 0.06405379738850618121 0.00000000000000000000
2.5000000000 0.06388507874492195537 0.00000000000000000000
2.5100000000 0.06371850038020711315 0.00000000000000000000
2.5200000000 0.06355402363650759778 0.00000000000000000000
2.5300000000 0.06339161072893724491 0.00000000000000000000
2.5400000000 0.06323122472260084281 0.00000000000000000000
2.5500000000 0.06307282951029509477 0.00000000000000000000
2.5600000000 0.06291638979086169869 0.00000000000000000000
2.5700000000 0.06276187104817847195 0.00000000000000000000
2.5800000000 0.06260923953075890613 0.00000000000000000000
2.5900000000 0.06245846223195079122 0.00000000000000000000
2.6000000000 0.06230950687070549443 0.00000000000000000000
2.6100000000 0.06216234187290785307 0.00000000000000000000
2.6200000000 0.06201693635324157655 0.00000000000000000000
2.6300000000 0.06187326009758020717 0.00000000000000000000
2.6400000000 0.06173128354588149069 0.00000000000000000000
2.6500000000 0.06159097777557263897 0.00000000000000000000
2.6600000000 0.06145231448541066399 0.00000000000000000000
2.6700000000 0.06131526597979952697 0.00000000000000000000
2.6800000000 0.06117980515355722626 0.00000000000000000000
2.6900000000 0.06104590547710989773 0.00000000000000000000
2.7000000000 0.06091354098210618323 0.00000000000000000000
2.7100000000 0.06078268624743681653 0.00000000000000000000
2.7200000000 0.06065331638564638861 0.00000000000000000000
2.7300000000 0.06052540702972528802 0.00000000000000000000
2.7400000000 0.06039893432027076958 0.00000000000000000000
2.7500000000 0.06027387489300610468 0.00000000000000000000
2.7600000000 0.06015020586664533014 0.00000000000000000000
2.7700000000 0.06002790483109503306 0.00000000000000000000
2.7800000000 0.05990694983598068846 0.00000000000000000000
2.7900000000 0.05978731937948992409 0.00000000000000000000
2.8000000000 0.05966899239752161688 0.00000000000000000000
2.8100000000 0.05955194825313323004 0.00000000000000000000
2.8200000000 0.05943616672627408115 0.00000000000000000000
2.8300000000 0.05932162800379987833 0.00000000000000000000
2.8400000000 0.05920831266975759566 0.00000000000000000000
2.8500000000 0.05909620169593433892 0.00000000000000000000
2.8600000000 0.05898527643265927961 0.00000000000000000000
2.8700000000 0.05887551859985596520 0.00000000000000000000
2.8800000000 0.05876691027833207820 0.00000000000000000000
2.8900000000 0.05865943390130427121 0.00000000000000000000
2.9000000000 0.05855307224614848816 0.00000000000000000000
2.9100000000 0.05844780842636955465 0.00000000000000000000
2.9200000000 0.05834362588378469439 0.00000000000000000000
2.9300000000 0.05824050838091276994 0.00000000000000000000
2.9400000000 0.05813843999356580611 0.00000000000000000000
2.9500000000 0.05803740510363365052 0.00000000000000000000
2.9600000000 0.05793738839206022395 0.00000000000000000000
2.9700000000 0.05783837483200130608 0.00000000000000000000
2.9800000000 0.05774034968216185115 0.00000000000000000000
2.9900000000 0.05764329848030681769 0.00000000000000000000
3.0000000000 0.05754720703694034961 0.00000000000000000000
3.0100000000 0.05745206142914700137 0.00000000000000000000
3.0200000000 0.05735784799459527072 0.00000000000000000000
3.0300000000 0.05726455332569008183 0.00000000000000000000
3.0400000000 0.05717216426388050526 0.00000000000000000000
3.0500000000 0.05708066789410996128 0.00000000000000000000
3.0600000000 0.05699005153940877449 0.00000000000000000000
3.0700000000 0.05690030275562356354 0.00000000000000000000
3.0800000000 0.05681140932628185591 0.00000000000000000000
3.0900000000 0.05672335925758509312 0.00000000000000000000
3.1000000000 0.05663614077352798620 0.00000000000000000000
3.1100000000 0.05654974231114101579 0.00000000000000000000
3.1200000000 0.05646415251585202438 0.00000000000000000000
3.1300000000 0.05637936023696361876 0.00000000000000000000
3.1400000000 0.05629535452324355843 0.00000000000000000000
3.1500000000 0.05621212461862382798 0.00000000000000000000
3.1600000000 0.05612965995800804631 0.00000000000000000000
3.1700000000 0.05604795016317985767 0.00000000000000000000
3.1800000000 0.05596698503881476772 0.00000000000000000000
3.1900000000 0.05588675456858850643 0.00000000000000000000
3.2000000000 0.05580724891138053034 0.00000000000000000000
3.2100000000 0.05572845839757111647 0.00000000000000000000
3.2200000000 0.05565037352542763494 0.00000000000000000000
3.2300000000 0.05557298495757984069 0.00000000000000000000
3.2400000000 0.05549628351757929928 0.00000000000000000000
3.2500000000 0.05542026018654226671 0.00000000000000000000
3.2600000000 0.05534490609987360171 0.00000000000000000000
3.2700000000 0.05527021254406919853 0.00000000000000000000
3.2800000000 0.05519617095359496267 0.00000000000000000000
3.2900000000 0.05512277290783994949 0.00000000000000000000
3.3000000000 0.05505001012814250694 0.00000000000000000000
3.3100000000 0.05497787447488656359 0.00000000000000000000
3.3200000000 0.05490635794466696556 0.00000000000000000000
3.3300000000 0.05483545266752141295 0.00000000000000000000
3.3400000000 0.05476515090422719861 0.00000000000000000000
3.3500000000 0.05469544504366270765 0.00000000000000000000
3.3600000000 0.05462632760022872319 0.00000000000000000000
3.3700000000 0.05455779121133093323 0.00000000000000000000
3.3800000000 0.05448982863492150136 0.00000000000000000000
3.3900000000 0.05442243274709586409 0.00000000000000000000
3.4000000000 0.05435559653974741945 0.00000000000000000000
3.4100000000 0.05428931311827384087 0.00000000000000000000
3.4200000000 0.05422357569933814597 0.00000000000000000000
3.4300000000 0.05415837760867997508 0.00000000000000000000
3.4400000000 0.05409371227897666334 0.00000000000000000000
3.4500000000 0.05402957324775452957 0.00000000000000000000
3.4600000000 0.05396595415534567036 0.00000000000000000000
3.4700000000 0.05390284874289211214 0.00000000000000000000
3.4800000000 0.05384025085039557262 0.00000000000000000000
3.4900000000 0.05377815441480997272 0.00000000000000000000
3.5000000000 0.05371655346817669902 0.00000000000000000000
3.5100000000 0.05365544213580367150 0.00000000000000000000
3.5200000000 0.05359481463448233229 0.00000000000000000000
3.5300000000 0.05353466527074622616 0.00000000000000000000
3.5400000000 0.05347498843916758532 0.00000000000000000000
3.5500000000 0.05341577862069110672 0.00000000000000000000
3.5600000000 0.05335703038100584467 0.00000000000000000000
3.5700000000 0.05329873836895195754 0.00000000000000000000
3.5800000000 0.05324089731496185057 0.00000000000000000000
3.5900000000 0.05318350202953740780 0.00000000000000000000
3.6000000000 0.05312654740175823398 0.00000000000000000000
3.6100000000 0.05307002839782354320 0.00000000000000000000
3.6200000000 0.05301394005962607042 0.00000000000000000000
3.6300000000 0.05295827750335526524 0.00000000000000000000
3.6400000000 0.05290303591813225181 0.00000000000000000000
3.6500000000 0.05284821056467359918 0.00000000000000000000
3.6600000000 0.05279379677398262499 0.00000000000000000000
3.6700000000 0.05273978994607095294 0.00000000000000000000
3.6800000000 0.05268618554870489051 0.00000000000000000000
3.6900000000 0.05263297911618052688 0.00000000000000000000
3.7000000000 0.05258016624812348466 0.00000000000000000000
3.7100000000 0.05252774260831416520 0.00000000000000000000
3.7200000000 0.05247570392353819585 0.00000000000000000000
3.7300000000 0.05242404598246131614 0.00000000000000000000
3.7400000000 0.05237276463452680830 0.00000000000000000000
3.7500000000 0.05232185578887667970 0.00000000000000000000
3.7600000000 0.05227131541329535502 0.00000000000000000000
3.7700000000 0.05222113953317494145 0.00000000000000000000
3.7800000000 0.05217132423050240692 0.00000000000000000000
3.7900000000 0.05212186564286686030 0.00000000000000000000
3.8000000000 0.05207275996248861283 0.00000000000000000000
3.8100000000 0.05202400343526671772 0.00000000000000000000
3.8200000000 0.05197559235984695186 0.00000000000000000000
3.8300000000 0.05192752308670867123 0.00000000000000000000
3.8400000000 0.05187979201726983930 0.00000000000000000000
3.8500000000 0.05183239560301106802 0.00000000000000000000
3.8600000000 0.05178533034461644396 0.00000000000000000000
3.8700000000 0.05173859279113220827 0.00000000000000000000
3.8800000000 0.05169217953914230501 0.00000000000000000000
3.8900000000 0.05164608723196071477 0.00000000000000000000
3.9000000000 0.05160031255883945622 0.00000000000000000000
3.9100000000 0.05155485225419279005 0.00000000000000000000
3.9200000000 0.05150970309683657739 0.00000000000000000000
3.9300000000 0.05146486190924313281 0.00000000000000000000
3.9400000000 0.05142032555681053801 0.00000000000000000000
3.9500000000 0.05137609094714602753 0.00000000000000000000
3.9600000000 0.05133215502936459146 0.00000000000000000000
3.9700000000 0.05128851479339998493 0.00000000000000000000
3.9800000000 0.05124516726933026761 0.00000000000000000000
3.9900000000 0.05120210952671608307 0.00000000000000000000
4.0000000000 0.05115933867395125456 0.00000000000000000000
4.0100000000 0.05111685185762741834 0.00000000000000000000
4.0200000000 0.05107464626190987705 0.00000000000000000000
4.0300000000 0.05103271910792490929 0.00000000000000000000
4.0400000000 0.05099106765316090834 0.00000000000000000000
4.0500000000 0.05094968919087905501 0.00000000000000000000
4.0600000000 0.05090858104953573104 0.00000000000000000000
4.0700000000 0.05086774059221710331 0.00000000000000000000
4.0800000000 0.05082716521608295762 0.00000000000000000000
4.0900000000 0.05078685235182157920 0.00000000000000000000
4.1000000000 0.05074679946311560358 0.00000000000000000000
4.1100000000 0.05070700404611696438 0.00000000000000000000
4.1200000000 0.05066746362893240208 0.00000000000000000000
4.1300000000 0.05062817577111846518 0.00000000000000000000
4.1400000000 0.05058913806318543482 0.00000000000000000000
4.1500000000 0.05055034812611174794 0.00000000000000000000
4.1600000000 0.05051180361086586579 0.00000000000000000000
4.1700000000 0.05047350219793821091 0.00000000000000000000
4.1800000000 0.05043544159688164580 0.00000000000000000000
4.1900000000 0.05039761954585945253 0.00000000000000000000
4.2000000000 0.05036003381120304073 0.00000000000000000000
4.2100000000 0.05032268218697683732 0.00000000000000000000
4.2200000000 0.05028556249455092692 0.00000000000000000000
4.2300000000 0.05024867258218286559 0.00000000000000000000
4.2400000000 0.05021201032460525376 0.00000000000000000000
4.2500000000 0.05017557362262239917 0.00000000000000000000
4.2600000000 0.05013936040271314842 0.00000000000000000000
4.2700000000 0.05010336861664162894 0.00000000000000000000
4.2800000000 0.05006759624107474244 0.00000000000000000000
4.2900000000 0.05003204127720622951 0.00000000000000000000
4.3000000000 0.04999670175038795766 0.00000000000000000000
4.3100000000 0.04996157570976743345 0.00000000000000000000
4.3200000000 0.04992666122793223277 0.00000000000000000000
4.3300000000 0.04989195640055989894 0.00000000000000000000
4.3400000000 0.04985745934607502955 0.00000000000000000000
4.3500000000 0.04982316820531176166 0.00000000000000000000
4.3600000000 0.04978908114118235639 0.00000000000000000000
4.3700000000 0.04975519633835177175 0.00000000000000000000
4.3800000000 0.04972151200291776568 0.00000000000000000000
4.3900000000 0.04968802636209653650 0.00000000000000000000
4.4000000000 0.04965473766391427513 0.00000000000000000000
4.4100000000 0.04962164417690315826 0.00000000000000000000
4.4200000000 0.04958874418980393356 0.00000000000000000000
4.4300000000 0.04955603601127217539 0.00000000000000000000
4.4400000000 0.04952351796959107016 0.00000000000000000000
4.4500000000 0.04949118841238767108 0.00000000000000000000
4.4600000000 0.04945904570635547420 0.00000000000000000000
4.4700000000 0.04942708823698046400 0.00000000000000000000
4.4800000000 0.04939531440827280712 0.00000000000000000000
4.4900000000 0.04936372264250250136 0.00000000000000000000
4.5000000000 0.04933231137993944471 0.00000000000000000000
4.5100000000 0.04930107907859899302 0.00000000000000000000
4.5200000000 0.04927002421399002269 0.00000000000000000000
4.5300000000 0.04923914527886878029 0.00000000000000000000
4.5400000000 0.04920844078299614621 0.00000000000000000000
4.5500000000 0.04917790925289907550 0.00000000000000000000
4.5600000000 0.04914754923163611872 0.00000000000000000000
4.5700000000 0.04911735927856674538 0.00000000000000000000
4.5800000000 0.04908733796912442826 0.00000000000000000000
4.5900000000 0.04905748389459393261 0.00000000000000000000
4.6000000000 0.04902779566189142957 0.00000000000000000000
4.6100000000 0.04899827189334927946 0.00000000000000000000
4.6200000000 0.04896891122650347261 0.00000000000000000000
4.6300000000 0.04893971231388511561 0.00000000000000000000
4.6400000000 0.04891067382281506781 0.00000000000000000000
4.6500000000 0.04888179443520190848 0.00000000000000000000
4.6600000000 0.04885307284734341504 0.00000000000000000000
4.6700000000 0.04882450776973094875 0.00000000000000000000
4.6800000000 0.04879609792685748321 0.00000000000000000000
4.6900000000 0.04876784205702808239 0.00000000000000000000
4.7000000000 0.04873973891217401461 0.00000000000000000000
4.7100000000 0.04871178725766941303 0.00000000000000000000
4.7200000000 0.04868398587215135714 0.00000000000000000000
4.7300000000 0.04865633354734231336 0.00000000000000000000
4.7400000000 0.04862882908787576758 0.00000000000000000000
4.7500000000 0.04860147131112448060 0.00000000000000000000
4.7600000000 0.04857425904703145669 0.00000000000000000000
4.7700000000 0.04854719113794381258 0.00000000000000000000
4.7800000000 0.04852026643844871423 0.00000000000000000000
4.7900000000 0.04849348381521272761 0.00000000000000000000
4.8000000000 0.04846684214682273756 0.00000000000000000000
4.8100000000 0.04844034032363050274 0.00000000000000000000
4.8200000000 0.04841397724759823051 0.00000000000000000000
4.8300000000 0.04838775183214783643 0.00000000000000000000
4.8400000000 0.04836166300201198698 0.00000000000000000000
4.8500000000 0.04833570969308721016 0.00000000000000000000
4.8600000000 0.04830989085228994812 0.00000000000000000000
4.8700000000 0.04828420543741408777 0.00000000000000000000
4.8800000000 0.04825865241699125313 0.00000000000000000000
4.8900000000 0.04823323077015298499 0.00000000000000000000
4.9000000000 0.04820793948649515492 0.00000000000000000000
4.9100000000 0.04818277756594434302 0.00000000000000000000
4.9200000000 0.04815774401862596421 0.00000000000000000000
4.9300000000 0.04813283786473529502 0.00000000000000000000
4.9400000000 0.04810805813440956896 0.00000000000000000000
4.9500000000 0.04808340386760222990 0.00000000000000000000
4.9600000000 0.04805887411395942665 0.00000000000000000000
4.9700000000 0.04803446793269785381 0.00000000000000000000
4.9800000000 0.04801018439248493780 0.00000000000000000000
4.9900000000 0.04798602257132035531 0.00000000000000000000
5.0000000000 0.04796198155641982763 0.00000000000000000000
