0.1000000000 1.57795685181336797775 0.00000000000000000000
0.1100000000 1.53311797207289957079 0.00000000000000000000
0.1200000000 1.48928329921134450231 0.00000000000000000000
0.1300000000 1.44645602085259605829 0.00000000000000000000
0.1400000000 1.40463741567611255512 0.00000000000000000000
0.1500000000 1.36382691492827534674 0.00000000000000000000
0.1600000000 1.32402217255135989937 0.00000000000000000000
0.1700000000 1.28521914283512561639 0.00000000000000000000
0.1800000000 1.24741216446644309634 0.00000000000000000000
0.1900000000 1.21059404984439256125 0.00000000000000000000
0.2000000000 1.17475617854031910703 0.00000000000000000000
0.2100000000 1.13988859381235463353 0.00000000000000000000
0.2200000000 1.10598010112961708806 0.00000000000000000000
0.2300000000 1.07301836772017300525 0.00000000000000000000
0.2400000000 1.04099002222631176195 0.00000000000000000000
0.2500000000 1.00988075362817419922 0.00000000000000000000
0.2600000000 0.97967540867982627617 0.00000000000000000000
0.2700000000 0.95035808718818359786 0.00000000000000000000
0.2800000000 0.92191223455262105713 0.00000000000000000000
0.2900000000 0.89432073106988396738 0.00000000000000000000
0.3000000000 0.86756597759334053155 0.00000000000000000000
0.3100000000 0.84162997721648868943 0.00000000000000000000
0.3200000000 0.81649441272680989279 0.00000000000000000000
0.3300000000 0.79214071964682186699 0.00000000000000000000
0.3400000000 0.76855015474392862629 0.00000000000000000000
0.3500000000 0.74570385994912391503 0.00000000000000000000
0.3600000000 0.72358292167654247873 0.00000000000000000000
0.3700000000 0.70216842558140257768 0.00000000000000000000
0.3800000000 0.68144150683307547212 0.00000000000000000000
0.3900000000 0.66138339601324125372 0.00000000000000000000
0.4000000000 0.64197546077653067087 0.00000000000000000000
0.4100000000 0.62319924343330701522 0.00000000000000000000
0.4200000000 0.60503649463152686661 0.00000000000000000000
0.4300000000 0.58746920332760677042 0.00000000000000000000
0.4400000000 0.57047962324521783728 0.00000000000000000000
0.4500000000 0.55405029602650301968 0.00000000000000000000
0.4600000000 0.53816407128273191507 0.00000000000000000000
0.4700000000 0.52280412375137863545 0.00000000000000000000
0.4800000000 0.50795396776435908226 0.00000000000000000000
0.4900000000 0.49359746922809100145 0.00000000000000000000
0.5000000000 0.47971885531051455809 0.00000000000000000000
0.5100000000 0.46630272202346567667 0.00000000000000000000
0.5200000000 0.45333403988114978622 0.00000000000000000000
0.5300000000 0.44079815780715303486 0.00000000000000000000
0.5400000000 0.42868080545365805367 0.00000000000000000000
0.5500000000 0.41696809408741375425 0.00000000000000000000
0.5600000000 0.40564651618786479181 0.00000000000000000000
0.5700000000 0.39470294389356885834 0.00000000000000000000
0.5800000000 0.38412462642394751278 0.00000000000000000000
0.5900000000 0.37389918659446874649 0.00000000000000000000
0.6000000000 0.36401461653466310464 0.00000000000000000000
0.6100000000 0.35445927271002536374 0.00000000000000000000
0.6200000000 0.34522187034077783663 0.00000000000000000000
0.6300000000 0.33629147730285580131 0.00000000000000000000
0.6400000000 0.32765750758917300267 0.00000000000000000000
0.6500000000 0.31930971440239075410 0.00000000000000000000
0.6600000000 0.31123818294394067774 0.00000000000000000000
0.6700000000 0.30343332295801350718 0.00000000000000000000
0.6800000000 0.29588586108358794213 0.00000000000000000000
0.6900000000 0.28858683306229515608 0.00000000000000000000
0.7000000000 0.28152757584507642763 0.00000000000000000000
0.7100000000 0.27469971963602479725 0.00000000000000000000
0.7200000000 0.26809517990771236651 0.00000000000000000000
0.7300000000 0.26170614941839670520 0.00000000000000000000
0.7400000000 0.25552509025802300213 0.00000000000000000000
0.7500000000 0.24954472594671883723 0.00000000000000000000
0.7600000000 0.24375803360651124296 0.00000000000000000000
0.7700000000 0.23815823622429707629 0.00000000000000000000
0.7800000000 0.23273879502171701539 0.00000000000000000000
0.7900000000 0.22749340194526276870 0.00000000000000000000
0.8000000000 0.22241597228804116382 0.00000000000000000000
0.8100000000 0.21750063745270734050 0.00000000000000000000
0.8200000000 0.21274173786352568172 0.00000000000000000000
0.8300000000 0.20813381603395061936 0.00000000000000000000
0.8400000000 0.20367160979490395167 0.00000000000000000000
0.8500000000 0.19935004568761263699 0.00000000000000000000
0.8600000000 0.19516423252395870280 0.00000000000000000000
0.8700000000 0.19110945511620147652 0.00000000000000000000
0.8800000000 0.18718116817719993028 0.00000000000000000000
0.8900000000 0.18337499039153870584 0.00000000000000000000
0.9000000000 0.17968669865717842860 0.00000000000000000000
0.9100000000 0.17611222249683952668 0.00000000000000000000
0.9200000000 0.17264763863773915920 0.00000000000000000000
0.9300000000 0.16928916575788208188 0.00000000000000000000
0.9400000000 0.16603315939670121315 0.00000000000000000000
0.9500000000 0.16287610702770399795 0.00000000000000000000
0.9600000000 0.15981462329016699053 0.00000000000000000000
0.9700000000 0.15684544537707170719 0.00000000000000000000
0.9800000000 0.15396542857601194787 0.00000000000000000000
0.9900000000 0.15117154195972001829 0.00000000000000000000
1.0000000000 0.14846086422231768998 0.00000000000000000000
1.0100000000 0.14583057966028109553 0.00000000000000000000
1.0200000000 0.14327797429006458585 0.00000000000000000000
1.0300000000 0.14080043210072346049 0.00000000000000000000
1.0400000000 0.13839543144144819675 0.00000000000000000000
1.0500000000 0.13606054153426325182 0.00000000000000000000
1.0600000000 0.13379341911198514015 0.00000000000000000000
1.0700000000 0.13159180517666396737 0.00000000000000000000
1.0800000000 0.12945352187499511998 0.00000000000000000000
1.0900000000 0.12737646948698688742 0.00000000000000000000
1.1000000000 0.12535862352441889955 0.00000000000000000000
1.1100000000 0.12339803193546368398 0.00000000000000000000
1.1200000000 0.12149281241209584914 0.00000000000000000000
1.1300000000 0.11964114979680839923 0.00000000000000000000
1.1400000000 0.11784129358537601129 0.00000000000000000000
1.1500000000 0.11609155552235758679 0.00000000000000000000
1.1600000000 0.11439030728618924948 0.00000000000000000000
1.1700000000 0.11273597826071625472 0.00000000000000000000
1.1800000000 0.11112705339020777229 0.00000000000000000000
1.1900000000 0.10956207111483390326 0.00000000000000000000
1.2000000000 0.10803962138379291646 0.00000000000000000000
1.2100000000 0.10655834374327320668 0.00000000000000000000
1.2200000000 0.10511692549657036810 0.00000000000000000000
1.2300000000 0.10371409993371626113 0.00000000000000000000
1.2400000000 0.10234864462809124819 0.00000000000000000000
1.2500000000 0.10101937979755824804 0.00000000000000000000
1.2600000000 0.09972516672772241408 0.00000000000000000000
1.2700000000 0.09846490625502409000 0.00000000000000000000
1.2800000000 0.09723753730742433488 0.00000000000000000000
1.2900000000 0.09604203550053211358 0.00000000000000000000
1.3000000000 0.09487741178708954115 0.00000000000000000000
1.3100000000 0.09374271115779542196 0.00000000000000000000
1.3200000000 0.09263701139154235931 0.00000000000000000000
1.3300000000 0.09155942185317156312 0.00000000000000000000
1.3400000000 0.09050908233696160210 0.00000000000000000000
1.3500000000 0.08948516195408029450 0.00000000000000000000
1.3600000000 0.08848685806234898865 0.00000000000000000000
1.3700000000 0.08751339523667375775 0.00000000000000000000
1.3800000000 0.08656402427860263038 0.00000000000000000000
1.3900000000 0.08563802126349333299 0.00000000000000000000
1.4000000000 0.08473468662385021111 0.00000000000000000000
1.4100000000 0.08385334426743375202 0.00000000000000000000
1.4200000000 0.08299334072880877600 0.00000000000000000000
1.4300000000 0.08215404435302144093 0.00000000000000000000
1.4400000000 0.08133484451019389050 0.00000000000000000000
1.4500000000 0.08053515083981042932 0.00000000000000000000
1.4600000000 0.07975439252355832898 0.00000000000000000000
1.4700000000 0.07899201758562528208 0.00000000000000000000
1.4800000000 0.07824749221937891963 0.00000000000000000000
1.4900000000 0.07752030013940722220 0.00000000000000000000
1.5000000000 0.07680994195794331458 0.00000000000000000000
1.5100000000 0.07611593458471975493 0.00000000000000000000
1.5200000000 0.07543781064935597969 0.00000000000000000000
1.5300000000 0.07477511794539529189 0.00000000000000000000
1.5400000000 0.07412741889515547800 0.00000000000000000000
1.5500000000 0.07349429003458812781 0.00000000000000000000
1.5600000000 0.07287532151737191599 0.00000000000000000000
1.5700000000 0.07227011663749180470 0.00000000000000000000
1.5800000000 0.07167829136958947522 0.00000000000000000000
1.5900000000 0.07109947392640207642 0.00000000000000000000
1.6000000000 0.07053330433262244847 0.00000000000000000000
1.6100000000 0.06997943401454964629 0.00000000000000000000
1.6200000000 0.06943752540491913983 0.00000000000000000000
1.6300000000 0.06890725156232735404 0.00000000000000000000
1.6400000000 0.06838829580468956670 0.00000000000000000000
1.6500000000 0.06788035135618307458 0.00000000000000000000
1.6600000000 0.06738312100717321063 0.00000000000000000000
1.6700000000 0.06689631678659936631 0.00000000000000000000
1.6800000000 0.06641965964636586950 0.00000000000000000000
1.6900000000 0.06595287915726213979 0.00000000000000000000
1.7000000000 0.06549571321597423557 0.00000000000000000000
1.7100000000 0.06504790776276596354 0.00000000000000000000
1.7200000000 0.06460921650941903183 0.00000000000000000000
1.7300000000 0.06417940067703920004 0.00000000000000000000
1.7400000000 0.06375822874335641821 0.00000000000000000000
1.7500000000 0.06334547619915259498 0.00000000000000000000
1.7600000000 0.06294092531347170172 0.00000000000000000000
1.7700000000 0.06254436490728129683 0.00000000000000000000
1.7800000000 0.06215559013526000126 0.00000000000000000000
1.7900000000 0.06177440227540539897 0.00000000000000000000
1.8000000000 0.06140060852616766041 0.00000000000000000000
1.8100000000 0.06103402181082252798 0.00000000000000000000
1.8200000000 0.06067446058881351134 0.00000000000000000000
1.8300000000 0.06032174867379488242 0.00000000000000000000
1.8400000000 0.05997571505813346221 0.00000000000000000000
1.8500000000 0.05963619374361436160 0.00000000000000000000
1.8600000000 0.05930302357812995695 0.00000000000000000000
1.8700000000 0.05897604809812126425 0.00000000000000000000
1.8800000000 0.05865511537655708485 0.00000000000000000000
1.8900000000 0.05834007787624788388 0.00000000000000000000
1.9000000000 0.05803079230829293750 0.00000000000000000000
1.9100000000 0.05772711949547259386 0.00000000000000000000
1.9200000000 0.05742892424039502952 0.00000000000000000000
1.9300000000 0.05713607519823593606 0.00000000000000000000
1.9400000000 0.05684844475388406426 0.00000000000000000000
1.9500000000 0.05656590890334144139 0.00000000000000000000
1.9600000000 0.05628834713922127586 0.00000000000000000000
1.9700000000 0.05601564234018376054 0.00000000000000000000
1.9800000000 0.05574768066417898349 0.00000000000000000000
1.9900000000 0.05548435144534343000 0.00000000000000000000
2.0000000000 0.05522554709442801385 0.00000000000000000000
2.0100000000 0.05497116300262158695 0.00000000000000000000
2.0200000000 0.05472109744864918357 0.00000000000000000000
2.0300000000 0.05447525150902671892 0.00000000000000000000
2.0400000000 0.05423352897135389622 0.00000000000000000000
2.0500000000 0.05399583625054086428 0.00000000000000000000
2.0600000000 0.05376208230785751302 0.00000000000000000000
2.0700000000 0.05353217857270640284 0.00000000000000000000
2.0800000000 0.05330603886702132976 0.00000000000000000000
2.0900000000 0.05308357933219550601 0.00000000000000000000
2.1000000000 0.05286471835844981648 0.00000000000000000000
2.1100000000 0.05264937651655606649 0.00000000000000000000
2.1200000000 0.05243747649182507048 0.00000000000000000000
2.1300000000 0.05222894302028655011 0.00000000000000000000
2.1400000000 0.05202370282697695025 0.00000000000000000000
2.1500000000 0.05182168456626307096 0.00000000000000000000
2.1600000000 0.05162281876412971870 0.00000000000000000000
2.1700000000 0.05142703776236019764 0.00000000000000000000
2.1800000000 0.05123427566454554632 0.00000000000000000000
2.1900000000 0.05104446828385485885 0.00000000000000000000
2.2000000000 0.05085755309250872269 0.00000000000000000000
2.2100000000 0.05067346917289158176 0.00000000000000000000
2.2200000000 0.05049215717025166972 0.00000000000000000000
2.2300000000 0.05031355924692636206 0.00000000000000000000
2.2400000000 0.05013761903804635212 0.00000000000000000000
2.2500000000 0.04996428160866150242 0.00000000000000000000
2.2600000000 0.04979349341224408032 0.00000000000000000000
2.2700000000 0.04962520225051864076 0.00000000000000000000
2.2800000000 0.04945935723457348804 0.00000000000000000000
2.2900000000 0.04929590874721068161 0.00000000000000000000
2.3000000000 0.04913480840649048220 0.00000000000000000000
2.3100000000 0.04897600903043022175 0.00000000000000000000
2.3200000000 0.04881946460281916256 0.00000000000000000000
2.3300000000 0.04866513024010776789 0.00000000000000000000
2.3400000000 0.04851296215933990907 0.00000000000000000000
2.3500000000 0.04836291764708770813 0.00000000000000000000
2.3600000000 0.04821495502935826266 0.00000000000000000000
2.3700000000 0.04806903364243830801 0.00000000000000000000
2.3800000000 0.04792511380464477971 0.00000000000000000000
2.3900000000 0.04778315678895205670 0.00000000000000000000
2.4000000000 0.04764312479646480580 0.00000000000000000000
2.4100000000 0.04750498093070926880 0.00000000000000000000
2.4200000000 0.04736868917271583324 0.00000000000000000000
2.4300000000 0.04723421435686486064 0.00000000000000000000
2.4400000000 0.04710152214747301280 0.00000000000000000000
2.4500000000 0.04697057901609288932 0.00000000000000000000
2.4600000000 0.04684135221950330719 0.00000000000000000000
2.4700000000 0.04671380977836977338 0.00000000000000000000
2.4800000000 0.04658792045654716607 0.00000000000000000000
2.4900000000 0.04646365374101128071 0.00000000000000000000
2.5000000000 0.04634097982239115954 0.00000000000000000000
2.5100000000 0.04621986957608878455 0.00000000000000000000
2.5200000000 0.04610029454396148696 0.00000000000000000000
2.5300000000 0.04598222691655353550 0.00000000000000000000
2.5400000000 0.04586563951585583693 0.00000000000000000000
2.5500000000 0.04575050577857778938 0.00000000000000000000
2.5600000000 0.04563679973991521810 0.00000000000000000000
2.5700000000 0.04552449601779714333 0.00000000000000000000
2.5800000000 0.04541356979759652440 0.00000000000000000000
2.5900000000 0.04530399681729130323 0.00000000000000000000
2.6000000000 0.04519575335305839325 0.00000000000000000000
2.6100000000 0.04508881620529121143 0.00000000000000000000
2.6200000000 0.04498316268502147719 0.00000000000000000000
2.6300000000 0.04487877060073825614 0.00000000000000000000
2.6400000000 0.04477561824558728282 0.00000000000000000000
2.6500000000 0.04467368438494160460 0.00000000000000000000
2.6600000000 0.04457294824432814218 0.00000000000000000000
2.6700000000 0.04447338949770495570 0.00000000000000000000
2.6800000000 0.04437498825606987080 0.00000000000000000000
2.6900000000 0.04427772505639906292 0.00000000000000000000
2.7000000000 0.04418158085089731596 0.00000000000000000000
2.7100000000 0.04408653699655667307 0.00000000000000000000
2.7200000000 0.04399257524500898436 0.00000000000000000000
2.7300000000 0.04389967773266589823 0.00000000000000000000
2.7400000000 0.04380782697113788648 0.00000000000000000000
2.7500000000 0.04371700583792025030 0.00000000000000000000
2.7600000000 0.04362719756734265153 0.00000000000000000000
2.7700000000 0.04353838574176917275 0.00000000000000000000
2.7800000000 0.04345055428304615136 0.00000000000000000000
2.7900000000 0.04336368744418561683 0.00000000000000000000
2.8000000000 0.04327776980128011236 0.00000000000000000000
2.8100000000 0.04319278624564148322 0.00000000000000000000
2.8200000000 0.04310872197615493728 0.00000000000000000000
2.8300000000 0.04302556249184445042 0.00000000000000000000
2.8400000000 0.04294329358464130109 0.00000000000000000000
2.8500000000 0.04286190133235059929 0.00000000000000000000
2.8600000000 0.04278137209180878087 0.00000000000000000000
2.8700000000 0.04270169249222798002 0.00000000000000000000
2.8800000000 0.04262284942871984866 0.00000000000000000000
2.8900000000 0.04254483005599506151 0.00000000000000000000
2.9000000000 0.04246762178223189438 0.00000000000000000000
2.9100000000 0.04239121226310988561 0.00000000000000000000
2.9200000000 0.04231558939600364028 0.00000000000000000000
2.9300000000 0.04224074131433123991 0.00000000000000000000
2.9400000000 0.04216665638205269878 0.00000000000000000000
2.9500000000 0.04209332318831614933 0.00000000000000000000
2.9600000000 0.04202073054224426257 0.00000000000000000000
2.9700000000 0.04194886746785857212 0.00000000000000000000
2.9800000000 0.04187772319913845437 0.00000000000000000000
2.9900000000 0.04180728717520902638 0.00000000000000000000
3.0000000000 0.04173754903565446428 0.00000000000000000000
3.0100000000 0.04166849861595537524 0.00000000000000000000
3.0200000000 0.04160012594304339506 0.00000000000000000000
3.0300000000 0.04153242123097129063 0.00000000000000000000
3.0400000000 0.04146537487669647165 0.00000000000000000000
3.0500000000 0.04139897745597168055 0.00000000000000000000
3.0600000000 0.04133321971934238170 0.00000000000000000000
3.0700000000 0.04126809258824633980 0.00000000000000000000
3.0800000000 0.04120358715121377052 0.00000000000000000000
3.0900000000 0.04113969466016307447 0.00000000000000000000
3.1000000000 0.04107640652679233478 0.00000000000000000000
3.1100000000 0.04101371431906108284 0.00000000000000000000
3.1200000000 0.04095160975776198503 0.00000000000000000000
3.1300000000 0.04089008471317792659 0.00000000000000000000
3.1400000000 0.04082913120182452699 0.00000000000000000000
3.1500000000 0.04076874138327291064 0.00000000000000000000
3.1600000000 0.04070890755705258018 0.00000000000000000000
3.1700000000 0.04064962215963167924 0.00000000000000000000
3.1800000000 0.04059087776147211890 0.00000000000000000000
3.1900000000 0.04053266706415719484 0.00000000000000000000
3.2000000000 0.04047498289759075829 0.00000000000000000000
3.2100000000 0.04041781821726528334 0.00000000000000000000
3.2200000000 0.04036116610159687368 0.00000000000000000000
3.2300000000 0.04030501974932552967 0.00000000000000000000
3.2400000000 0.04024937247697901732 0.00000000000000000000
3.2500000000 0.04019421771639868773 0.00000000000000000000
3.2600000000 0.04013954901232453382 0.00000000000000000000
3.2700000000 0.04008536002003989379 0.00000000000000000000
3.2800000000 0.04003164450307227645 0.00000000000000000000
3.2900000000 0.03997839633094921186 0.00000000000000000000
3.3000000000 0.03992560947700884988 0.00000000000000000000
3.3100000000 0.03987327801626204538 0.00000000000000000000
3.3200000000 0.03982139612330621442 0.00000000000000000000
3.3300000000 0.03976995807028818608 0.00000000000000000000
3.3400000000 0.03971895822491575134 0.00000000000000000000
3.3500000000 0.03966839104851591080 0.00000000000000000000
3.3600000000 0.03961825109413933538 0.00000000000000000000
3.3700000000 0.03956853300470878493 0.00000000000000000000
3.3800000000 0.03951923151121160965 0.00000000000000000000
3.3900000000 0.03947034143093380854 0.00000000000000000000
3.4000000000 0.03942185766573579747 0.00000000000000000000
3.4100000000 0.03937377520036778461 0.00000000000000000000
3.4200000000 0.03932608910082467657 0.00000000000000000000
3.4300000000 0.03927879451273835060 0.00000000000000000000
3.4400000000 0.03923188665980727879 0.00000000000000000000
3.4500000000 0.03918536084226256072 0.00000000000000000000
3.4600000000 0.03913921243536831740 0.00000000000000000000
3.4700000000 0.03909343688795676591 0.00000000000000000000
3.4800000000 0.03904802972099676722 0.00000000000000000000
3.4900000000 0.03900298652619447332 0.00000000000000000000
3.5000000000 0.03895830296462558795 0.00000000000000000000
3.5100000000 0.03891397476539940059 0.00000000000000000000
3.5200000000 0.03886999772435137390 0.00000000000000000000
3.5300000000 0.03882636770276618604 0.00000000000000000000
3.5400000000 0.03878308062612910445 0.00000000000000000000
3.5500000000 0.03874013248290492095 0.00000000000000000000
3.5600000000 0.03869751932334368483 0.00000000000000000000
3.5700000000 0.03865523725831456620 0.00000000000000000000
3.5800000000 0.03861328245816318672 0.00000000000000000000
3.5900000000 0.03857165115159569974 0.00000000000000000000
3.6000000000 0.03853033962458698308 0.00000000000000000000
3.6100000000 0.03848934421931227146 0.00000000000000000000
3.6200000000 0.03844866133310349821 0.00000000000000000000
3.6300000000 0.03840828741742595420 0.00000000000000000000
3.6400000000 0.03836821897688007937 0.00000000000000000000
3.6500000000 0.03832845256822230845 0.00000000000000000000
3.6600000000 0.03828898479940854443 0.00000000000000000000
3.6700000000 0.03824981232865818509 0.00000000000000000000
3.6800000000 0.03821093186353687055 0.00000000000000000000
3.6900000000 0.03817234016006097741 0.00000000000000000000
3.7000000000 0.03813403402181914786 0.00000000000000000000
3.7100000000 0.03809601029911387909 0.00000000000000000000
3.7200000000 0.03805826588812077221 0.00000000000000000000
3.7300000000 0.03802079773006546842 0.00000000000000000000
3.7400000000 0.03798360281041861242 0.00000000000000000000
3.7500000000 0.03794667815810668504 0.00000000000000000000
3.7600000000 0.03791002084474013462 0.00000000000000000000
3.7700000000 0.03787362798385750934 0.00000000000000000000
3.7800000000 0.03783749673018498710 0.00000000000000000000
3.7900000000 0.03780162427891201743 0.00000000000000000000
3.8000000000 0.03776600786498130607 0.00000000000000000000
3.8100000000 0.03773064476239328807 0.00000000000000000000
3.8200000000 0.03769553228352596347 0.00000000000000000000
3.8300000000 0.03766066777846761859 0.00000000000000000000
3.8400000000 0.03762604863436375818 0.00000000000000000000
3.8500000000 0.03759167227477724915 0.00000000000000000000
3.8600000000 0.03755753615906159276 0.00000000000000000000
3.8700000000 0.03752363778174650638 0.00000000000000000000
3.8800000000 0.03748997467193662669 0.00000000000000000000
3.8900000000 0.03745654439272164821 0.00000000000000000000
3.9000000000 0.03742334454059908361 0.00000000000000000000
3.9100000000 0.03739037274490750185 0.00000000000000000000
3.9200000000 0.03735762666727236725 0.00000000000000000000
3.9300000000 0.03732510400106222453 0.00000000000000000000
3.9400000000 0.03729280247085552807 0.00000000000000000000
3.9500000000 0.03726071983191865666 0.00000000000000000000
3.9600000000 0.03722885386969380928 0.00000000000000000000
3.9700000000 0.03719720239929701772 0.00000000000000000000
3.9800000000 0.03716576326502631089 0.00000000000000000000
3.9900000000 0.03713453433987926045 0.00000000000000000000
4.0000000000 0.03710351352507978984 0.00000000000000000000
4.0100000000 0.03707269874961510031 0.00000000000000000000
4.0200000000 0.03704208796978031293 0.00000000000000000000
4.0300000000 0.03701167916873272790 0.00000000000000000000
4.0400000000 0.03698147035605466731 0.00000000000000000000
4.0500000000 0.03695145956732466541 0.00000000000000000000
4.0600000000 0.03692164486369672871 0.00000000000000000000
4.0700000000 0.03689202433148775634 0.00000000000000000000
4.0800000000 0.03686259608177294700 0.00000000000000000000
4.0900000000 0.03683335824998889424 0.00000000000000000000
4.1000000000 0.03680430899554389818 0.00000000000000000000
4.1100000000 0.03677544650143647897 0.00000000000000000000
4.1200000000 0.03674676897387971902 0.00000000000000000000
4.1300000000 0.03671827464193425788 0.00000000000000000000
4.1400000000 0.03668996175714715063 0.00000000000000000000
4.1500000000 0.03666182859319767201 0.00000000000000000000
4.1600000000 0.03663387344554991376 0.00000000000000000000
4.1700000000 0.03660609463111185596 0.00000000000000000000
4.1800000000 0.03657849048790056540 0.00000000000000000000
4.1900000000 0.03655105937471386096 0.00000000000000000000
4.2000000000 0.03652379967080763429 0.00000000000000000000
4.2100000000 0.03649670977557971374 0.00000000000000000000
4.2200000000 0.03646978810825896034 0.00000000000000000000
4.2300000000 0.03644303310760049069 0.00000000000000000000
4.2400000000 0.03641644323158599317 0.00000000000000000000
4.2500000000 0.03639001695713001833 0.00000000000000000000
4.2600000000 0.03636375277979131404 0.00000000000000000000
4.2700000000 0.03633764921348948268 0.00000000000000000000
4.2800000000 0.03631170479022647474 0.00000000000000000000
4.2900000000 0.03628591805981373764 0.00000000000000000000
4.3000000000 0.03626028758960350706 0.00000000000000000000
4.3100000000 0.03623481196422551759 0.00000000000000000000
4.3200000000 0.03620948978532800844 0.00000000000000000000
4.3300000000 0.03618431967132343385 0.00000000000000000000
4.3400000000 0.03615930025713922497 0.00000000000000000000
4.3500000000 0.03613443019397186845 0.00000000000000000000
4.3600000000 0.03610970814904639059 0.00000000000000000000
4.3700000000 0.03608513280537958834 0.00000000000000000000
4.3800000000 0.03606070286154729188 0.00000000000000000000
4.3900000000 0.03603641703145610276 0.00000000000000000000
4.4000000000 0.03601227404411887212 0.00000000000000000000
4.4100000000 0.03598827264343407162 0.00000000000000000000
4.4200000000 0.03596441158796918197 0.00000000000000000000
4.4300000000 0.03594068965074754402 0.00000000000000000000
4.4400000000 0.03591710561903928289 0.00000000000000000000
4.4500000000 0.03589365829415544495 0.00000000000000000000
4.4600000000 0.03587034649124584695 0.00000000000000000000
4.4700000000 0.03584716903910057512 0.00000000000000000000
4.4800000000 0.03582412477995458588 0.00000000000000000000
4.4900000000 0.03580121256929573448 0.00000000000000000000
4.5000000000 0.03577843127567605086 0.00000000000000000000
4.5100000000 0.03575577978052633249 0.00000000000000000000
4.5200000000 0.03573325697797385958 0.00000000000000000000
4.5300000000 0.03571086177466293449 0.00000000000000000000
4.5400000000 0.03568859308957887666 0.00000000000000000000
4.5500000000 0.03566644985387423111 0.00000000000000000000
4.5600000000 0.03564443101069919573 0.00000000000000000000
4.5700000000 0.03562253551503318655 0.00000000000000000000
4.5800000000 0.03560076233352067743 0.00000000000000000000
4.5900000000 0.03557911044430900338 0.00000000000000000000
4.6000000000 0.03555757883688877991 0.00000000000000000000
4.6100000000 0.03553616651193763215 0.00000000000000000000
4.6200000000 0.03551487248116573514 0.00000000000000000000
4.6300000000 0.03549369576716429608 0.00000000000000000000
4.6400000000 0.03547263540325647918 0.00000000000000000000
4.6500000000 0.03545169043335079373 0.00000000000000000000
4.6600000000 0.03543085991179661942 0.00000000000000000000
4.6700000000 0.03541014290324248637 0.00000000000000000000
4.6800000000 0.03538953848249629108 0.00000000000000000000
4.6900000000 0.03536904573438793414 0.00000000000000000000
4.7000000000 0.03534866375363426849 0.00000000000000000000
4.7100000000 0.03532839164470608084 0.00000000000000000000
4.7200000000 0.03530822852169713394 0.00000000000000000000
4.7300000000 0.03528817350819550558 0.00000000000000000000
4.7400000000 0.03526822573715684972 0.00000000000000000000
4.7500000000 0.03524838435077982252 0.00000000000000000000
4.7600000000 0.03522864850038329859 0.00000000000000000000
4.7700000000 0.03520901734628557184 0.00000000000000000000
4.7800000000 0.03518949005768557542 0.00000000000000000000
4.7900000000 0.03517006581254593367 0.00000000000000000000
4.8000000000 0.03515074379747772787 0.00000000000000000000
4.8100000000 0.03513152320762736452 0.00000000000000000000
4.8200000000 0.03511240324656480366 0.00000000000000000000
4.8300000000 0.03509338312617392430 0.00000000000000000000
4.8400000000 0.03507446206654418752 0.00000000000000000000
4.8500000000 0.03505563929586458932 0.00000000000000000000
4.8600000000 0.03503691405031853640 0.00000000000000000000
4.8700000000 0.03501828557398084518 0.00000000000000000000
4.8800000000 0.03499975311871615646 0.00000000000000000000
4.8900000000 0.03498131594407904998 0.00000000000000000000
4.9000000000 0.03496297331721526236 0.00000000000000000000
4.9100000000 0.03494472451276509073 0.00000000000000000000
4.9200000000 0.03492656881276766379 0.00000000000000000000
4.9300000000 0.03490850550656700302 0.00000000000000000000
4.9400000000 0.03489053389071933992 0.00000000000000000000
4.9500000000 0.03487265326890223033 0.00000000000000000000
4.9600000000 0.03485486295182425170 0.00000000000000000000
4.9700000000 0.03483716225713674730 0.00000000000000000000
4.9800000000 0.03481955050934698592 0.00000000000000000000
4.9900000000 0.03480202703973183515 0.00000000000000000000
5.0000000000 0.03478459118625348845 0.00000000000000000000
