0.1000000000 3.36572255702788281084 0.00000000000000000000
0.1100000000 3.23186922085894323686 0.00000000000000000000
0.1200000000 3.10264907982931470443 0.00000000000000000000
0.1300000000 2.97822014216652108942 0.00000000000000000000
0.1400000000 2.85869106497313074655 0.00000000000000000000
0.1500000000 2.74412071687590009006 0.00000000000000000000
0.1600000000 2.63451955880114052633 0.00000000000000000000
0.1700000000 2.52985266064871217040 0.00000000000000000000
0.1800000000 2.43004406207698808728 0.00000000000000000000
0.1900000000 2.33498211536550615008 0.00000000000000000000
0.2000000000 2.24452542137350219420 0.00000000000000000000
0.2100000000 2.15850898288095471855 0.00000000000000000000
0.2200000000 2.07675024469184021925 0.00000000000000000000
0.2300000000 1.99905475558921774670 0.00000000000000000000
0.2400000000 1.92522126202511545401 0.00000000000000000000
0.2500000000 1.85504611736566071833 0.00000000000000000000
0.2600000000 1.78832695634552218955 0.00000000000000000000
0.2700000000 1.72486563785077828825 0.00000000000000000000
0.2800000000 1.66447049865905105648 0.00000000000000000000
0.2900000000 1.60695798677112300368 0.00000000000000000000
0.3000000000 1.55215375722207649112 0.00000000000000000000
0.3100000000 1.49989331815171311746 0.00000000000000000000
0.3200000000 1.45002231295957617618 0.00000000000000000000
0.3300000000 1.40239651787817409812 0.00000000000000000000
0.3400000000 1.35688162519272603745 0.00000000000000000000
0.3500000000 1.31335287209769413508 0.00000000000000000000
0.3600000000 1.27169456486269183415 0.00000000000000000000
0.3700000000 1.23179953827100896468 0.00000000000000000000
0.3800000000 1.19356858158960177363 0.00000000000000000000
0.3900000000 1.15690985481172448068 0.00000000000000000000
0.4000000000 1.12173831261712253493 0.00000000000000000000
0.4100000000 1.08797514835914910236 0.00000000000000000000
0.4200000000 1.05554726630000050847 0.00000000000000000000
0.4300000000 1.02438678713629860439 0.00000000000000000000
0.4400000000 0.99443058944381501618 0.00000000000000000000
0.4500000000 0.96561988788556651908 0.00000000000000000000
0.4600000000 0.93789984774793844213 0.00000000000000000000
0.4700000000 0.91121923448776143140 0.00000000000000000000
0.4800000000 0.88553009639846269607 0.00000000000000000000
0.4900000000 0.86078747816103251544 0.00000000000000000000
0.5000000000 0.83694916287537901578 0.00000000000000000000
0.5100000000 0.81397544012166778149 0.00000000000000000000
0.5200000000 0.79182889764254349441 0.00000000000000000000
0.5300000000 0.77047423433682205030 0.00000000000000000000
0.5400000000 0.74987809239201486111 0.00000000000000000000
0.5500000000 0.73000890654086558751 0.00000000000000000000
0.5600000000 0.71083676859423194916 0.00000000000000000000
0.5700000000 0.69233330557118188953 0.00000000000000000000
0.5800000000 0.67447156991134804560 0.00000000000000000000
0.5900000000 0.65722594041066950687 0.00000000000000000000
0.6000000000 0.64057203266764894956 0.00000000000000000000
0.6100000000 0.62448661796162863169 0.00000000000000000000
0.6200000000 0.60894754960743213701 0.00000000000000000000
0.6300000000 0.59393369594147304991 0.00000000000000000000
0.6400000000 0.57942487919409990660 0.00000000000000000000
0.6500000000 0.56540181959182700400 0.00000000000000000000
0.6600000000 0.55184608411209779000 0.00000000000000000000
0.6700000000 0.53874003938314163342 0.00000000000000000000
0.6800000000 0.52606680828312868403 0.00000000000000000000
0.6900000000 0.51381022984717106272 0.00000000000000000000
0.7000000000 0.50195482213825803885 0.00000000000000000000
0.7100000000 0.49048574778001091667 0.00000000000000000000
0.7200000000 0.47938878188570394068 0.00000000000000000000
0.7300000000 0.46865028214983966981 0.00000000000000000000
0.7400000000 0.45825716089651424845 0.00000000000000000000
0.7500000000 0.44819685890312987997 0.00000000000000000000
0.7600000000 0.43845732083919669586 0.00000000000000000000
0.7700000000 0.42902697217859125933 0.00000000000000000000
0.7800000000 0.41989469745965896097 0.00000000000000000000
0.7900000000 0.41104981978166571510 0.00000000000000000000
0.8000000000 0.40248208143865976671 0.00000000000000000000
0.8100000000 0.39418162560208203082 0.00000000000000000000
0.8200000000 0.38613897897322269070 0.00000000000000000000
0.8300000000 0.37834503533479074688 0.00000000000000000000
0.8400000000 0.37079103993793965932 0.00000000000000000000
0.8500000000 0.36346857466742737985 0.00000000000000000000
0.8600000000 0.35636954393318792667 0.00000000000000000000
0.8700000000 0.34948616124156262064 0.00000000000000000000
0.8800000000 0.34281093640333804018 0.00000000000000000000
0.8900000000 0.33633666334010425825 0.00000000000000000000
0.9000000000 0.33005640845327532951 0.00000000000000000000
0.9100000000 0.32396349952342029521 0.00000000000000000000
0.9200000000 0.31805151510983731278 0.00000000000000000000
0.9300000000 0.31231427442341819223 0.00000000000000000000
0.9400000000 0.30674582764663033130 0.00000000000000000000
0.9500000000 0.30134044667791498595 0.00000000000000000000
0.9600000000 0.29609261627787447635 0.00000000000000000000
0.9700000000 0.29099702559770940224 0.00000000000000000000
0.9800000000 0.28604856007017864794 0.00000000000000000000
0.9900000000 0.28124229364610731086 0.00000000000000000000
1.0000000000 0.27657348135890447161 0.00000000000000000000
1.0100000000 0.27203755220322262121 0.00000000000000000000
1.0200000000 0.26763010231099870762 0.00000000000000000000
1.0300000000 0.26334688841128933712 0.00000000000000000000
1.0400000000 0.25918382156380909143 0.00000000000000000000
1.0500000000 0.25513696115021256006 0.00000000000000000000
1.0600000000 0.25120250911334812693 0.00000000000000000000
1.0700000000 0.24737680443320012036 0.00000000000000000000
1.0800000000 0.24365631782900742941 0.00000000000000000000
1.0900000000 0.24003764667767146790 0.00000000000000000000
1.1000000000 0.23651751013911270771 0.00000000000000000000
1.1100000000 0.23309274447949240860 0.00000000000000000000
1.1200000000 0.22976029858389893090 0.00000000000000000000
1.1300000000 0.22651722965038484370 0.00000000000000000000
1.1400000000 0.22336069905760000398 0.00000000000000000000
1.1500000000 0.22028796839867106905 0.00000000000000000000
1.1600000000 0.21729639567432526559 0.00000000000000000000
1.1700000000 0.21438343163850728801 0.00000000000000000000
1.1800000000 0.21154661629015839019 0.00000000000000000000
1.1900000000 0.20878357550499920814 0.00000000000000000000
1.2000000000 0.20609201780147715088 0.00000000000000000000
1.2100000000 0.20346973123534331518 0.00000000000000000000
1.2200000000 0.20091458041746201868 0.00000000000000000000
1.2300000000 0.19842450364977196053 0.00000000000000000000
1.2400000000 0.19599751017455047108 0.00000000000000000000
1.2500000000 0.19363167753226548373 0.00000000000000000000
1.2600000000 0.19132514902355093889 0.00000000000000000000
1.2700000000 0.18907613127107528173 0.00000000000000000000
1.2800000000 0.18688289187712253669 0.00000000000000000000
1.2900000000 0.18474375717306418254 0.00000000000000000000
1.3000000000 0.18265711005688098356 0.00000000000000000000
1.3100000000 0.18062138791517859393 0.00000000000000000000
1.3200000000 0.17863508062628560835 0.00000000000000000000
1.3300000000 0.17669672864104615795 0.00000000000000000000
1.3400000000 0.17480492113825085720 0.00000000000000000000
1.3500000000 0.17295829425158323889 0.00000000000000000000
1.3600000000 0.17115552936527625438 0.00000000000000000000
1.3700000000 0.16939535147560849659 0.00000000000000000000
1.3800000000 0.16767652761563431318 0.00000000000000000000
1.3900000000 0.16599786534060201326 0.00000000000000000000
1.4000000000 0.16435821127155011978 0.00000000000000000000
1.4100000000 0.16275644969481778412 0.00000000000000000000
1.4200000000 0.16119150121518055485 0.00000000000000000000
1.4300000000 0.15966232146044620488 0.00000000000000000000
1.4400000000 0.15816789983547577259 0.00000000000000000000
1.4500000000 0.15670725832365364760 0.00000000000000000000
1.4600000000 0.15527945033387904883 0.00000000000000000000
1.4700000000 0.15388355959127303363 0.00000000000000000000
1.4800000000 0.15251869906989182213 0.00000000000000000000
1.4900000000 0.15118400996571459971 0.00000000000000000000
1.5000000000 0.14987866070836633470 0.00000000000000000000
1.5100000000 0.14860184600998035953 0.00000000000000000000
1.5200000000 0.14735278594977332944 0.00000000000000000000
1.5300000000 0.14613072509290198076 0.00000000000000000000
1.5400000000 0.14493493164224197089 0.00000000000000000000
1.5500000000 0.14376469662179883202 0.00000000000000000000
1.5600000000 0.14261933309049956708 0.00000000000000000000
1.5700000000 0.14149817538517828197 0.00000000000000000000
1.5800000000 0.14040057839159642006 0.00000000000000000000
1.5900000000 0.13932591684241585339 0.00000000000000000000
1.6000000000 0.13827358464104649860 0.00000000000000000000
1.6100000000 0.13724299421038874125 0.00000000000000000000
1.6200000000 0.13623357586546885889 0.00000000000000000000
1.6300000000 0.13524477720906113998 0.00000000000000000000
1.6400000000 0.13427606254938420638 0.00000000000000000000
1.6500000000 0.13332691233903504191 0.00000000000000000000
1.6600000000 0.13239682263431798437 0.00000000000000000000
1.6700000000 0.13148530457419699280 0.00000000000000000000
1.6800000000 0.13059188387810446996 0.00000000000000000000
1.6900000000 0.12971610036188743753 0.00000000000000000000
1.7000000000 0.12885750747117702408 0.00000000000000000000
1.7100000000 0.12801567183154821672 0.00000000000000000000
1.7200000000 0.12719017281478045556 0.00000000000000000000
1.7300000000 0.12638060212064572418 0.00000000000000000000
1.7400000000 0.12558656337359946908 0.00000000000000000000
1.7500000000 0.12480767173383718049 0.00000000000000000000
1.7600000000 0.12404355352214198327 0.00000000000000000000
1.7700000000 0.12329384585801966834 0.00000000000000000000
1.7800000000 0.12255819631061137809 0.00000000000000000000
1.7900000000 0.12183626256190301096 0.00000000000000000000
1.8000000000 0.12112771208176781323 0.00000000000000000000
1.8100000000 0.12043222181439318386 0.00000000000000000000
1.8200000000 0.11974947787567535862 0.00000000000000000000
1.8300000000 0.11907917526115878448 0.00000000000000000000
1.8400000000 0.11842101756412878877 0.00000000000000000000
1.8500000000 0.11777471670349511090 0.00000000000000000000
1.8600000000 0.11713999266107054387 0.00000000000000000000
1.8700000000 0.11651657322793267102 0.00000000000000000000
1.8800000000 0.11590419375949496950 0.00000000000000000000
1.8900000000 0.11530259693900322959 0.00000000000000000000
1.9000000000 0.11471153254911253816 0.00000000000000000000
1.9100000000 0.11413075725127065640 0.00000000000000000000
1.9200000000 0.11356003437261288913 0.00000000000000000000
1.9300000000 0.11299913370008952962 0.00000000000000000000
1.9400000000 0.11244783128156857210 0.00000000000000000000
1.9500000000 0.11190590923365742460 0.00000000000000000000
1.9600000000 0.11137315555599604233 0.00000000000000000000
1.9700000000 0.11084936395178902890 0.00000000000000000000
1.9800000000 0.11033433365435384166 0.00000000000000000000
1.9900000000 0.10982786925946028123 0.00000000000000000000
2.0000000000 0.10932978056326027316 0.00000000000000000000
2.0100000000 0.10883988240560053817 0.00000000000000000000
2.0200000000 0.10835799451853063424 0.00000000000000000000
2.0300000000 0.10788394137981903442 0.00000000000000000000
2.0400000000 0.10741755207129154159 0.00000000000000000000
2.0500000000 0.10695866014183279258 0.00000000000000000000
2.0600000000 0.10650710347487511720 0.00000000000000000000
2.0700000000 0.10606272416022098637 0.00000000000000000000
2.0800000000 0.10562536837004056489 0.00000000000000000000
2.0900000000 0.10519488623890416168 0.00000000000000000000
2.1000000000 0.10477113174770229242 0.00000000000000000000
2.1100000000 0.10435396261132041940 0.00000000000000000000
2.1200000000 0.10394324016993194970 0.00000000000000000000
2.1300000000 0.10353882928378746464 0.00000000000000000000
2.1400000000 0.10314059823138077565 0.00000000000000000000
2.1500000000 0.10274841861086457528 0.00000000000000000000
2.1600000000 0.10236216524461429211 0.00000000000000000000
2.1700000000 0.10198171608682510270 0.00000000000000000000
2.1800000000 0.10160695213403637960 0.00000000000000000000
2.1900000000 0.10123775733848897063 0.00000000000000000000
2.2000000000 0.10087401852421107318 0.00000000000000000000
2.2100000000 0.10051562530574305321 0.00000000000000000000
2.2200000000 0.10016247000941390366 0.00000000000000000000
2.2300000000 0.09981444759707279457 0.00000000000000000000
2.2400000000 0.09947145559220368916 0.00000000000000000000
2.2500000000 0.09913339400833570680 0.00000000000000000000
2.2600000000 0.09880016527967332152 0.00000000000000000000
2.2700000000 0.09847167419386616827 0.00000000000000000000
2.2800000000 0.09814782782686257145 0.00000000000000000000
2.2900000000 0.09782853547975411956 0.00000000000000000000
2.3000000000 0.09751370861756322728 0.00000000000000000000
2.3100000000 0.09720326080990056294 0.00000000000000000000
2.3200000000 0.09689710767342968323 0.00000000000000000000
2.3300000000 0.09659516681608464050 0.00000000000000000000
2.3400000000 0.09629735778297338067 0.00000000000000000000
2.3500000000 0.09600360200392137056 0.00000000000000000000
2.3600000000 0.09571382274259160328 0.00000000000000000000
2.3700000000 0.09542794504713841830 0.00000000000000000000
2.3800000000 0.09514589570233882021 0.00000000000000000000
2.3900000000 0.09486760318315042018 0.00000000000000000000
2.4000000000 0.09459299760966287385 0.00000000000000000000
2.4100000000 0.09432201070337757620 0.00000000000000000000
2.4200000000 0.09405457574479163252 0.00000000000000000000
2.4300000000 0.09379062753223003923 0.00000000000000000000
2.4400000000 0.09353010234189401695 0.00000000000000000000
2.4500000000 0.09327293788908233574 0.00000000000000000000
2.4600000000 0.09301907329054794060 0.00000000000000000000
2.4700000000 0.09276844902795747250 0.00000000000000000000
2.4800000000 0.09252100691241339769 0.00000000000000000000
2.4900000000 0.09227669005000802005 0.00000000000000000000
2.5000000000 0.09203544280837304414 0.00000000000000000000
2.5100000000 0.09179721078420162439 0.00000000000000000000
2.5200000000 0.09156194077169962919 0.00000000000000000000
2.5300000000 0.09132958073194707982 0.00000000000000000000
2.5400000000 0.09110007976313705402 0.00000000000000000000
2.5500000000 0.09087338807166443766 0.00000000000000000000
2.5600000000 0.09064945694403722665 0.00000000000000000000
2.5700000000 0.09042823871958995119 0.00000000000000000000
2.5800000000 0.09020968676396369512 0.00000000000000000000
2.5900000000 0.08999375544334130284 0.00000000000000000000
2.6000000000 0.08978040009940636834 0.00000000000000000000
2.6100000000 0.08956957702500439877 0.00000000000000000000
2.6200000000 0.08936124344048693158 0.00000000000000000000
2.6300000000 0.08915535747071796913 0.00000000000000000000
2.6400000000 0.08895187812271686256 0.00000000000000000000
2.6500000000 0.08875076526392806919 0.00000000000000000000
2.6600000000 0.08855197960108689148 0.00000000000000000000
2.6700000000 0.08835548265967413384 0.00000000000000000000
2.6800000000 0.08816123676393312902 0.00000000000000000000
2.6900000000 0.08796920501743717147 0.00000000000000000000
2.7000000000 0.08777935128418985766 0.00000000000000000000
2.7100000000 0.08759164017024019533 0.00000000000000000000
2.7200000000 0.08740603700579969992 0.00000000000000000000
2.7300000000 0.08722250782784513046 0.00000000000000000000
2.7400000000 0.08704101936319136312 0.00000000000000000000
2.7500000000 0.08686153901202343930 0.00000000000000000000
2.7600000000 0.08668403483187084313 0.00000000000000000000
2.7700000000 0.08650847552201165747 0.00000000000000000000
2.7800000000 0.08633483040829634247 0.00000000000000000000
2.7900000000 0.08616306942837677341 0.00000000000000000000
2.8000000000 0.08599316311732572993 0.00000000000000000000
2.8100000000 0.08582508259364214631 0.00000000000000000000
2.8200000000 0.08565879954562566345 0.00000000000000000000
2.8300000000 0.08549428621810989393 0.00000000000000000000
2.8400000000 0.08533151539954707265 0.00000000000000000000
2.8500000000 0.08517046040943107577 0.00000000000000000000
2.8600000000 0.08501109508604931531 0.00000000000000000000
2.8700000000 0.08485339377455615451 0.00000000000000000000
2.8800000000 0.08469733131535561732 0.00000000000000000000
2.8900000000 0.08454288303278632843 0.00000000000000000000
2.9000000000 0.08439002472409971867 0.00000000000000000000
2.9100000000 0.08423873264872315525 0.00000000000000000000
2.9200000000 0.08408898351779903191 0.00000000000000000000
2.9300000000 0.08394075448399303252 0.00000000000000000000
2.9400000000 0.08379402313156367188 0.00000000000000000000
2.9500000000 0.08364876746668470364 0.00000000000000000000
2.9600000000 0.08350496590801614882 0.00000000000000000000
2.9700000000 0.08336259727751174631 0.00000000000000000000
2.9800000000 0.08322164079146221471 0.00000000000000000000
2.9900000000 0.08308207605176214094 0.00000000000000000000
3.0000000000 0.08294388303740075907 0.00000000000000000000
3.0100000000 0.08280704209616165934 0.00000000000000000000
3.0200000000 0.08267153393653438320 0.00000000000000000000
3.0300000000 0.08253733961982695488 0.00000000000000000000
3.0400000000 0.08240444055247381216 0.00000000000000000000
3.0500000000 0.08227281847853566699 0.00000000000000000000
3.0600000000 0.08214245547238699374 0.00000000000000000000
3.0700000000 0.08201333393158040386 0.00000000000000000000
3.0800000000 0.08188543656989126507 0.00000000000000000000
3.0900000000 0.08175874641052899294 0.00000000000000000000
3.1000000000 0.08163324677951809549 0.00000000000000000000
3.1100000000 0.08150892129923963114 0.00000000000000000000
3.1200000000 0.08138575388212992978 0.00000000000000000000
3.1300000000 0.08126372872453190010 0.00000000000000000000
3.1400000000 0.08114283030069784075 0.00000000000000000000
3.1500000000 0.08102304335693381876 0.00000000000000000000
3.1600000000 0.08090435290588868233 0.00000000000000000000
3.1700000000 0.08078674422097635588 0.00000000000000000000
3.1800000000 0.08067020283093682964 0.00000000000000000000
3.1900000000 0.08055471451452207721 0.00000000000000000000
3.2000000000 0.08044026529531245195 0.00000000000000000000
3.2100000000 0.08032684143665445864 0.00000000000000000000
3.2200000000 0.08021442943671909520 0.00000000000000000000
3.2300000000 0.08010301602367672635 0.00000000000000000000
3.2400000000 0.07999258815098678199 0.00000000000000000000
3.2500000000 0.07988313299279629909 0.00000000000000000000
3.2600000000 0.07977463793944823689 0.00000000000000000000
3.2700000000 0.07966709059309445840 0.00000000000000000000
3.2800000000 0.07956047876340938130 0.00000000000000000000
3.2900000000 0.07945479046340563067 0.00000000000000000000
3.3000000000 0.07935001390534600352 0.00000000000000000000
3.3100000000 0.07924613749674841445 0.00000000000000000000
3.3200000000 0.07914314983648579327 0.00000000000000000000
3.3300000000 0.07904103971097299619 0.00000000000000000000
3.3400000000 0.07893979609044307622 0.00000000000000000000
3.3500000000 0.07883940812530838838 0.00000000000000000000
3.3600000000 0.07873986514260306047 0.00000000000000000000
3.3700000000 0.07864115664250959092 0.00000000000000000000
3.3800000000 0.07854327229496098350 0.00000000000000000000
3.3900000000 0.07844620193632199923 0.00000000000000000000
3.4000000000 0.07834993556614393284 0.00000000000000000000
3.4100000000 0.07825446334399373260 0.00000000000000000000
3.4200000000 0.07815977558635327227 0.00000000000000000000
3.4300000000 0.07806586276358773446 0.00000000000000000000
3.4400000000 0.07797271549698320259 0.00000000000000000000
3.4500000000 0.07788032455584897873 0.00000000000000000000
3.4600000000 0.07778868085468408633 0.00000000000000000000
3.4700000000 0.07769777545040686129 0.00000000000000000000
3.4800000000 0.07760759953964702085 0.00000000000000000000
3.4900000000 0.07751814445609429838 0.00000000000000000000
3.5000000000 0.07742940166790858447 0.00000000000000000000
3.5100000000 0.07734136277518414981 0.00000000000000000000
3.5200000000 0.07725401950747122493 0.00000000000000000000
3.5300000000 0.07716736372135073185 0.00000000000000000000
3.5400000000 0.07708138739806105755 0.00000000000000000000
3.5500000000 0.07699608264117714651 0.00000000000000000000
3.5600000000 0.07691144167434005308 0.00000000000000000000
3.5700000000 0.07682745683903334510 0.00000000000000000000
3.5800000000 0.07674412059241064732 0.00000000000000000000
3.5900000000 0.07666142550516630294 0.00000000000000000000
3.6000000000 0.07657936425945370551 0.00000000000000000000
3.6100000000 0.07649792964684731800 0.00000000000000000000
3.6200000000 0.07641711456634789346 0.00000000000000000000
3.6300000000 0.07633691202242999518 0.00000000000000000000
3.6400000000 0.07625731512313109473 0.00000000000000000000
3.6500000000 0.07617831707818102649 0.00000000000000000000
3.6600000000 0.07609991119717003649 0.00000000000000000000
3.6700000000 0.07602209088775541135 0.00000000000000000000
3.6800000000 0.07594484965390688180 0.00000000000000000000
3.6900000000 0.07586818109418673461 0.00000000000000000000
3.7000000000 0.07579207890006690873 0.00000000000000000000
3.7100000000 0.07571653685428068881 0.00000000000000000000
3.7200000000 0.07564154882920856582 0.00000000000000000000
3.7300000000 0.07556710878529672437 0.00000000000000000000
3.7400000000 0.07549321076950929466 0.00000000000000000000
3.7500000000 0.07541984891381152412 0.00000000000000000000
3.7600000000 0.07534701743368392435 0.00000000000000000000
3.7700000000 0.07527471062666683810 0.00000000000000000000
3.7800000000 0.07520292287093553740 0.00000000000000000000
3.7900000000 0.07513164862390246668 0.00000000000000000000
3.8000000000 0.07506088242084939244 0.00000000000000000000
3.8100000000 0.07499061887358635103 0.00000000000000000000
3.8200000000 0.07492085266913786623 0.00000000000000000000
3.8300000000 0.07485157856845513213 0.00000000000000000000
3.8400000000 0.07478279140515504964 0.00000000000000000000
3.8500000000 0.07471448608428257754 0.00000000000000000000
3.8600000000 0.07464665758109990945 0.00000000000000000000
3.8700000000 0.07457930093989831311 0.00000000000000000000
3.8800000000 0.07451241127283358967 0.00000000000000000000
3.8900000000 0.07444598375878497265 0.00000000000000000000
3.9000000000 0.07438001364223639778 0.00000000000000000000
3.9100000000 0.07431449623217958877 0.00000000000000000000
3.9200000000 0.07424942690103905618 0.00000000000000000000
3.9300000000 0.07418480108361723280 0.00000000000000000000
3.9400000000 0.07412061427606118913 0.00000000000000000000
3.9500000000 0.07405686203484886099 0.00000000000000000000
3.9600000000 0.07399353997579485864 0.00000000000000000000
3.9700000000 0.07393064377307632939 0.00000000000000000000
3.9800000000 0.07386816915827615349 0.00000000000000000000
3.9900000000 0.07380611191944581873 0.00000000000000000000
4.0000000000 0.07374446790018587827 0.00000000000000000000
4.0100000000 0.07368323299874368626 0.00000000000000000000
4.0200000000 0.07362240316712907739 0.00000000000000000000
4.0300000000 0.07356197441024579786 0.00000000000000000000
4.0400000000 0.07350194278504043610 0.00000000000000000000
4.0500000000 0.07344230439966692447 0.00000000000000000000
4.0600000000 0.07338305541266725018 0.00000000000000000000
4.0700000000 0.07332419203216689052 0.00000000000000000000
4.0800000000 0.07326571051508586063 0.00000000000000000000
4.0900000000 0.07320760716636456888 0.00000000000000000000
4.1000000000 0.07314987833820413288 0.00000000000000000000
4.1100000000 0.07309252042932046223 0.00000000000000000000
4.1200000000 0.07303552988421253833 0.00000000000000000000
4.1300000000 0.07297890319244421109 0.00000000000000000000
4.1400000000 0.07292263688793948484 0.00000000000000000000
4.1500000000 0.07286672754828997511 0.00000000000000000000
4.1600000000 0.07281117179407646522 0.00000000000000000000
4.1700000000 0.07275596628820137080 0.00000000000000000000
4.1800000000 0.07270110773523481840 0.00000000000000000000
4.1900000000 0.07264659288077149335 0.00000000000000000000
4.2000000000 0.07259241851079992203 0.00000000000000000000
4.2100000000 0.07253858145108312006 0.00000000000000000000
4.2200000000 0.07248507856655009296 0.00000000000000000000
4.2300000000 0.07243190676069849454 0.00000000000000000000
4.2400000000 0.07237906297500855402 0.00000000000000000000
4.2500000000 0.07232654418836631516 0.00000000000000000000
4.2600000000 0.07227434741649854666 0.00000000000000000000
4.2700000000 0.07222246971141717264 0.00000000000000000000
4.2800000000 0.07217090816087304295 0.00000000000000000000
4.2900000000 0.07211965988782055581 0.00000000000000000000
4.3000000000 0.07206872204989073216 0.00000000000000000000
4.3100000000 0.07201809183887457333 0.00000000000000000000
4.3200000000 0.07196776648021420419 0.00000000000000000000
4.3300000000 0.07191774323250475776 0.00000000000000000000
4.3400000000 0.07186801938700282388 0.00000000000000000000
4.3500000000 0.07181859226714620847 0.00000000000000000000
4.3600000000 0.07176945922807895228 0.00000000000000000000
4.3700000000 0.07172061765618721607 0.00000000000000000000
4.3800000000 0.07167206496864206300 0.00000000000000000000
4.3900000000 0.07162379861295022077 0.00000000000000000000
4.4000000000 0.07157581606651246264 0.00000000000000000000
4.4100000000 0.07152811483619053723 0.00000000000000000000
4.4200000000 0.07148069245787988524 0.00000000000000000000
4.4300000000 0.07143354649609152951 0.00000000000000000000
4.4400000000 0.07138667454353990471 0.00000000000000000000
4.4500000000 0.07134007422073773697 0.00000000000000000000
4.4600000000 0.07129374317559843133 0.00000000000000000000
4.4700000000 0.07124767908304499575 0.00000000000000000000
4.4800000000 0.07120187964462529329 0.00000000000000000000
4.4900000000 0.07115634258813387236 0.00000000000000000000
4.5000000000 0.07111106566724059719 0.00000000000000000000
4.5100000000 0.07106604666112489865 0.00000000000000000000
4.5200000000 0.07102128337411653392 0.00000000000000000000
4.5300000000 0.07097677363534232731 0.00000000000000000000
4.5400000000 0.07093251529837872604 0.00000000000000000000
4.5500000000 0.07088850624091017072 0.00000000000000000000
4.5600000000 0.07084474436439271161 0.00000000000000000000
4.5700000000 0.07080122759372420305 0.00000000000000000000
4.5800000000 0.07075795387691907745 0.00000000000000000000
4.5900000000 0.07071492118478844846 0.00000000000000000000
4.6000000000 0.07067212751062591780 0.00000000000000000000
4.6100000000 0.07062957086989858635 0.00000000000000000000
4.6200000000 0.07058724929994249220 0.00000000000000000000
4.6300000000 0.07054516085966375250 0.00000000000000000000
4.6400000000 0.07050330362924363270 0.00000000000000000000
4.6500000000 0.07046167570984965267 0.00000000000000000000
4.6600000000 0.07042027522335025935 0.00000000000000000000
4.6700000000 0.07037910031203467587 0.00000000000000000000
4.6800000000 0.07033814913833702498 0.00000000000000000000
4.6900000000 0.07029741988456500446 0.00000000000000000000
4.7000000000 0.07025691075263289231 0.00000000000000000000
4.7100000000 0.07021661996379867376 0.00000000000000000000
4.7200000000 0.07017654575840580333 0.00000000000000000000
4.7300000000 0.07013668639562839480 0.00000000000000000000
4.7400000000 0.07009704015322089365 0.00000000000000000000
4.7500000000 0.07005760532727173251 0.00000000000000000000
4.7600000000 0.07001838023196070571 0.00000000000000000000
4.7700000000 0.06997936319932028526 0.00000000000000000000
4.7800000000 0.06994055257900035072 0.00000000000000000000
4.7900000000 0.06990194673803724890 0.00000000000000000000
4.8000000000 0.06986354406062592060 0.00000000000000000000
4.8100000000 0.06982534294789566331 0.00000000000000000000
4.8200000000 0.06978734181768964095 0.00000000000000000000
4.8300000000 0.06974953910434748827 0.00000000000000000000
4.8400000000 0.06971193325849152356 0.00000000000000000000
4.8500000000 0.06967452274681611157 0.00000000000000000000
4.8600000000 0.06963730605188046818 0.00000000000000000000
4.8700000000 0.06960028167190422665 0.00000000000000000000
4.8800000000 0.06956344812056677873 0.00000000000000000000
4.8900000000 0.06952680392680915533 0.00000000000000000000
4.9000000000 0.06949034763463889097 0.00000000000000000000
4.9100000000 0.06945407780293849642 0.00000000000000000000
4.9200000000 0.06941799300527598526 0.00000000000000000000
4.9300000000 0.06938209182971906419 0.00000000000000000000
4.9400000000 0.06934637287865154376 0.00000000000000000000
4.9500000000 0.06931083476859271897 0.00000000000000000000
4.9600000000 0.06927547613001959481 0.00000000000000000000
4.9700000000 0.06924029560719158205 0.00000000000000000000
4.9800000000 0.06920529185797794081 0.00000000000000000000
4.9900000000 0.06917046355368784705 0.00000000000000000000
5.0000000000 0.06913580937890258238 0.00000000000000000000
