0.1000000000 1.51244599574614668747 0.00000000000000000000
0.1100000000 1.42981732626125968011 0.00000000000000000000
0.1200000000 1.35354724180898555730 0.00000000000000000000
0.1300000000 1.28314577962886211537 0.00000000000000000000
0.1400000000 1.21813209412916712004 0.00000000000000000000
0.1500000000 1.15804356396975460797 0.00000000000000000000
0.1600000000 1.10244223036624267031 0.00000000000000000000
0.1700000000 1.05091891524089109389 0.00000000000000000000
0.1800000000 1.00309542895644820959 0.00000000000000000000
0.1900000000 0.95862528107899269703 0.00000000000000000000
0.2000000000 0.91719327472001577206 0.00000000000000000000
0.2100000000 0.87851431274090208134 0.00000000000000000000
0.2200000000 0.84233168504710176361 0.00000000000000000000
0.2300000000 0.80841504851543433130 0.00000000000000000000
0.2400000000 0.77655825937696998373 0.00000000000000000000
0.2500000000 0.74657717414795377042 0.00000000000000000000
0.2600000000 0.71830749983342445653 0.00000000000000000000
0.2700000000 0.69160274654234399350 0.00000000000000000000
0.2800000000 0.66633231481116506068 0.00000000000000000000
0.2900000000 0.64237973465474740298 0.00000000000000000000
0.3000000000 0.61964106250885275795 0.00000000000000000000
0.3100000000 0.59802343478678077204 0.00000000000000000000
0.3200000000 0.57744377189791085137 0.00000000000000000000
0.3300000000 0.55782762358627324684 0.00000000000000000000
0.3400000000 0.53910814481009416976 0.00000000000000000000
0.3500000000 0.52122519069197581487 0.00000000000000000000
0.3600000000 0.50412451901997523684 0.00000000000000000000
0.3700000000 0.48775708914945442585 0.00000000000000000000
0.3800000000 0.47207844678325455723 0.00000000000000000000
0.3900000000 0.45704818488000159560 0.00000000000000000000
0.4000000000 0.44262947177832873136 0.00000000000000000000
0.4100000000 0.42878863847549147925 0.00000000000000000000
0.4200000000 0.41549481782762143212 0.00000000000000000000
0.4300000000 0.40271962922433096610 0.00000000000000000000
0.4400000000 0.39043690302031175410 0.00000000000000000000
0.4500000000 0.37862243967525172073 0.00000000000000000000
0.4600000000 0.36725379915911143813 0.00000000000000000000
0.4700000000 0.35631011672403356538 0.00000000000000000000
0.4800000000 0.34577194162965646518 0.00000000000000000000
0.4900000000 0.33562109583951621472 0.00000000000000000000
0.5000000000 0.32584055008695383959 0.00000000000000000000
0.5100000000 0.31641431504415523657 0.00000000000000000000
0.5200000000 0.30732734562218561036 0.00000000000000000000
0.5300000000 0.29856545668759221224 0.00000000000000000000
0.5400000000 0.29011524870628258022 0.00000000000000000000
0.5500000000 0.28196404202184577326 0.00000000000000000000
0.5600000000 0.27409981864659366257 0.00000000000000000000
0.5700000000 0.26651117059248075059 0.00000000000000000000
0.5800000000 0.25918725389845692630 0.00000000000000000000
0.5900000000 0.25211774762313066134 0.00000000000000000000
0.6000000000 0.24529281716917555878 0.00000000000000000000
0.6100000000 0.23870308139035897876 0.00000000000000000000
0.6200000000 0.23233958300541965314 0.00000000000000000000
0.6300000000 0.22619376190641435342 0.00000000000000000000
0.6400000000 0.22025743100412092934 0.00000000000000000000
0.6500000000 0.21452275430068740159 0.00000000000000000000
0.6600000000 0.20898222692079479468 0.00000000000000000000
0.6700000000 0.20362865686828957035 0.00000000000000000000
0.6800000000 0.19845514830600327616 0.00000000000000000000
0.6900000000 0.19345508618309528726 0.00000000000000000000
0.7000000000 0.18862212205737716175 0.00000000000000000000
0.7100000000 0.18395016097988406423 0.00000000000000000000
0.7200000000 0.17943334932630039535 0.00000000000000000000
0.7300000000 0.17506606347464986895 0.00000000000000000000
0.7400000000 0.17084289924162274210 0.00000000000000000000
0.7500000000 0.16675866200103464654 0.00000000000000000000
0.7600000000 0.16280835741749885570 0.00000000000000000000
0.7700000000 0.15898718273684064872 0.00000000000000000000
0.7800000000 0.15529051858190587310 0.00000000000000000000
0.7900000000 0.15171392120874807596 0.00000000000000000000
0.8000000000 0.14825311518350592355 0.00000000000000000000
0.8100000000 0.14490398644506000125 0.00000000000000000000
0.8200000000 0.14166257572258464381 0.00000000000000000000
0.8300000000 0.13852507228062194145 0.00000000000000000000
0.8400000000 0.13548780796738463250 0.00000000000000000000
0.8500000000 0.13254725154469018666 0.00000000000000000000
0.8600000000 0.12970000328016167979 0.00000000000000000000
0.8700000000 0.12694278978441594918 0.00000000000000000000
0.8800000000 0.12427245907768925959 0.00000000000000000000
0.8900000000 0.12168597587184243336 0.00000000000000000000
0.9000000000 0.11918041705509672956 0.00000000000000000000
0.9100000000 0.11675296736796714203 0.00000000000000000000
0.9200000000 0.11440091525990037091 0.00000000000000000000
0.9300000000 0.11212164891700936165 0.00000000000000000000
0.9400000000 0.10991265245211280510 0.00000000000000000000
0.9500000000 0.10777150224902712350 0.00000000000000000000
0.9600000000 0.10569586345347171952 0.00000000000000000000
0.9700000000 0.10368348660392520677 0.00000000000000000000
0.9800000000 0.10173220439558111616 0.00000000000000000000
0.9900000000 0.09983992857184191549 0.00000000000000000000
1.0000000000 0.09800464693721373799 0.00000000000000000000
1.0100000000 0.09622442048718231333 0.00000000000000000000
1.0200000000 0.09449738064887611144 0.00000000000000000000
1.0300000000 0.09282172662848506284 0.00000000000000000000
1.0400000000 0.09119572286165900099 0.00000000000000000000
1.0500000000 0.08961769656152243635 0.00000000000000000000
1.0600000000 0.08808603536097607545 0.00000000000000000000
1.0700000000 0.08659918504542732376 0.00000000000000000000
1.0800000000 0.08515564737228188685 0.00000000000000000000
1.0900000000 0.08375397797382581888 0.00000000000000000000
1.1000000000 0.08239278434021735098 0.00000000000000000000
1.1100000000 0.08107072387942787506 0.00000000000000000000
1.1200000000 0.07978650205118270611 0.00000000000000000000
1.1300000000 0.07853887057203594313 0.00000000000000000000
1.1400000000 0.07732662568878956311 0.00000000000000000000
1.1500000000 0.07614860651770392896 0.00000000000000000000
1.1600000000 0.07500369344691411311 0.00000000000000000000
1.1700000000 0.07389080659964077091 0.00000000000000000000
1.1800000000 0.07280890435590312015 0.00000000000000000000
1.1900000000 0.07175698193046549378 0.00000000000000000000
1.2000000000 0.07073407000486604812 0.00000000000000000000
1.2100000000 0.06973923341150418953 0.00000000000000000000
1.2200000000 0.06877156986773663716 0.00000000000000000000
1.2300000000 0.06783020875813969286 0.00000000000000000000
1.2400000000 0.06691430996305682000 0.00000000000000000000
1.2500000000 0.06602306273166855255 0.00000000000000000000
1.2600000000 0.06515568459790066491 0.00000000000000000000
1.2700000000 0.06431142033752962339 0.00000000000000000000
1.2800000000 0.06348954096489903276 0.00000000000000000000
1.2900000000 0.06268934276774054681 0.00000000000000000000
1.3000000000 0.06191014637864538511 0.00000000000000000000
1.3100000000 0.06115129588177993514 0.00000000000000000000
1.3200000000 0.06041215795348504197 0.00000000000000000000
1.3300000000 0.05969212103548505316 0.00000000000000000000
1.3400000000 0.05899059453942843284 0.00000000000000000000
1.3500000000 0.05830700808157582293 0.00000000000000000000
1.3600000000 0.05764081074647465358 0.00000000000000000000
1.3700000000 0.05699147037850241237 0.00000000000000000000
1.3800000000 0.05635847290020937900 0.00000000000000000000
1.3900000000 0.05574132165644275078 0.00000000000000000000
1.4000000000 0.05513953678323368218 0.00000000000000000000
1.4100000000 0.05455265460052549642 0.00000000000000000000
1.4200000000 0.05398022702780154447 0.00000000000000000000
1.4300000000 0.05342182102175160180 0.00000000000000000000
1.4400000000 0.05287701803510475723 0.00000000000000000000
1.4500000000 0.05234541349584101444 0.00000000000000000000
1.4600000000 0.05182661630597031055 0.00000000000000000000
1.4700000000 0.05132024835914991701 0.00000000000000000000
1.4800000000 0.05082594407639341033 0.00000000000000000000
1.4900000000 0.05034334995918693378 0.00000000000000000000
1.5000000000 0.04987212415934451359 0.00000000000000000000
1.5100000000 0.04941193606494897334 0.00000000000000000000
1.5200000000 0.04896246590175932362 0.00000000000000000000
1.5300000000 0.04852340434950541681 0.00000000000000000000
1.5400000000 0.04809445217247308724 0.00000000000000000000
1.5500000000 0.04767531986385092208 0.00000000000000000000
1.5600000000 0.04726572730329697825 0.00000000000000000000
1.5700000000 0.04686540342722567143 0.00000000000000000000
1.5800000000 0.04647408591131515360 0.00000000000000000000
1.5900000000 0.04609152086478317950 0.00000000000000000000
1.6000000000 0.04571746253596380843 0.00000000000000000000
1.6100000000 0.04535167302875635353 0.00000000000000000000
1.6200000000 0.04499392202953828024 0.00000000000000000000
1.6300000000 0.04464398654412761458 0.00000000000000000000
1.6400000000 0.04430165064442470602 0.00000000000000000000
1.6500000000 0.04396670522434913131 0.00000000000000000000
1.6600000000 0.04363894776472519027 0.00000000000000000000
1.6700000000 0.04331818210677914477 0.00000000000000000000
1.6800000000 0.04300421823390294940 0.00000000000000000000
1.6900000000 0.04269687206138943203 0.00000000000000000000
1.7000000000 0.04239596523381988086 0.00000000000000000000
1.7100000000 0.04210132492982158331 0.00000000000000000000
1.7200000000 0.04181278367391495082 0.00000000000000000000
1.7300000000 0.04153017915517492886 0.00000000000000000000
1.7400000000 0.04125335405245605241 0.00000000000000000000
1.7500000000 0.04098215586592957732 0.00000000000000000000
1.7600000000 0.04071643675469088092 0.00000000000000000000
1.7700000000 0.04045605338021351916 0.00000000000000000000
1.7800000000 0.04020086675542553639 0.00000000000000000000
1.7900000000 0.03995074209919657893 0.00000000000000000000
1.8000000000 0.03970554869603445253 0.00000000000000000000
1.8100000000 0.03946515976079091603 0.00000000000000000000
1.8200000000 0.03922945230819541856 0.00000000000000000000
1.8300000000 0.03899830702702693219 0.00000000000000000000
1.8400000000 0.03877160815876049688 0.00000000000000000000
1.8500000000 0.03854924338051136240 0.00000000000000000000
1.8600000000 0.03833110369212251733 0.00000000000000000000
1.8700000000 0.03811708330724056931 0.00000000000000000000
1.8800000000 0.03790707954822929160 0.00000000000000000000
1.8900000000 0.03770099274477800577 0.00000000000000000000
1.9000000000 0.03749872613607178190 0.00000000000000000000
1.9100000000 0.03730018577638706534 0.00000000000000000000
1.9200000000 0.03710528044398788555 0.00000000000000000000
1.9300000000 0.03691392155319912771 0.00000000000000000000
1.9400000000 0.03672602306954464435 0.00000000000000000000
1.9500000000 0.03654150142782964378 0.00000000000000000000
1.9600000000 0.03636027545306568659 0.00000000000000000000
1.9700000000 0.03618226628413201418 0.00000000000000000000
1.9800000000 0.03600739730006866784 0.00000000000000000000
1.9900000000 0.03583559404891401012 0.00000000000000000000
2.0000000000 0.03566678417898425796 0.00000000000000000000
2.0100000000 0.03550089737251414107 0.00000000000000000000
2.0200000000 0.03533786528156514228 0.00000000000000000000
2.0300000000 0.03517762146612574831 0.00000000000000000000
2.0400000000 0.03502010133431961852 0.00000000000000000000
2.0500000000 0.03486524208464752278 0.00000000000000000000
2.0600000000 0.03471298265018884360 0.00000000000000000000
2.0700000000 0.03456326364469301110 0.00000000000000000000
2.0800000000 0.03441602731048829661 0.00000000000000000000
2.0900000000 0.03427121746815288417 0.00000000000000000000
2.1000000000 0.03412877946787025440 0.00000000000000000000
2.1100000000 0.03398866014242384742 0.00000000000000000000
2.1200000000 0.03385080776176007528 0.00000000000000000000
2.1300000000 0.03371517198907202084 0.00000000000000000000
2.1400000000 0.03358170383834421097 0.00000000000000000000
2.1500000000 0.03345035563331050232 0.00000000000000000000
2.1600000000 0.03332108096777214312 0.00000000000000000000
2.1700000000 0.03319383466722930498 0.00000000000000000000
2.1800000000 0.03306857275177953887 0.00000000000000000000
2.1900000000 0.03294525240023725432 0.00000000000000000000
2.2000000000 0.03282383191543355311 0.00000000000000000000
2.2100000000 0.03270427069065229980 0.00000000000000000000
2.2200000000 0.03258652917716423070 0.00000000000000000000
2.2300000000 0.03247056885282086774 0.00000000000000000000
2.2400000000 0.03235635219166953930 0.00000000000000000000
2.2500000000 0.03224384263455579852 0.00000000000000000000
2.2600000000 0.03213300456067777477 0.00000000000000000000
2.2700000000 0.03202380326005924149 0.00000000000000000000
2.2800000000 0.03191620490691147310 0.00000000000000000000
2.2900000000 0.03181017653384933530 0.00000000000000000000
2.3000000000 0.03170568600693676742 0.00000000000000000000
2.3100000000 0.03160270200152900250 0.00000000000000000000
2.3200000000 0.03150119397888753725 0.00000000000000000000
2.3300000000 0.03140113216353814657 0.00000000000000000000
2.3400000000 0.03130248752134923845 0.00000000000000000000
2.3500000000 0.03120523173830422672 0.00000000000000000000
2.3600000000 0.03110933719994443333 0.00000000000000000000
2.3700000000 0.03101477697146199503 0.00000000000000000000
2.3800000000 0.03092152477841543859 0.00000000000000000000
2.3900000000 0.03082955498805381792 0.00000000000000000000
2.4000000000 0.03073884259122229914 0.00000000000000000000
2.4100000000 0.03064936318483488242 0.00000000000000000000
2.4200000000 0.03056109295489022049 0.00000000000000000000
2.4300000000 0.03047400866001748199 0.00000000000000000000
2.4400000000 0.03038808761552946186 0.00000000000000000000
2.4500000000 0.03030330767797054931 0.00000000000000000000
2.4600000000 0.03021964723013843140 0.00000000000000000000
2.4700000000 0.03013708516656891240 0.00000000000000000000
2.4800000000 0.03005560087946290010 0.00000000000000000000
2.4900000000 0.02997517424504595254 0.00000000000000000000
2.5000000000 0.02989578561034247559 0.00000000000000000000
2.5100000000 0.02981741578035290025 0.00000000000000000000
2.5200000000 0.02974004600561958034 0.00000000000000000000
2.5300000000 0.02966365797016868103 0.00000000000000000000
2.5400000000 0.02958823377981687625 0.00000000000000000000
2.5500000000 0.02951375595082869965 0.00000000000000000000
2.5600000000 0.02944020739891550081 0.00000000000000000000
2.5700000000 0.02936757142856403352 0.00000000000000000000
2.5800000000 0.02929583172268184973 0.00000000000000000000
2.5900000000 0.02922497233255328536 0.00000000000000000000
2.6000000000 0.02915497766809215657 0.00000000000000000000
2.6100000000 0.02908583248838464766 0.00000000000000000000
2.6200000000 0.02901752189251003561 0.00000000000000000000
2.6300000000 0.02895003131063312446 0.00000000000000000000
2.6400000000 0.02888334649535811288 0.00000000000000000000
2.6500000000 0.02881745351333529423 0.00000000000000000000
2.6600000000 0.02875233873711353916 0.00000000000000000000
2.6700000000 0.02868798883723061924 0.00000000000000000000
2.6800000000 0.02862439077453260081 0.00000000000000000000
2.6900000000 0.02856153179271677875 0.00000000000000000000
2.7000000000 0.02849939941108911579 0.00000000000000000000
2.7100000000 0.02843798141753190942 0.00000000000000000000
2.7200000000 0.02837726586167177087 0.00000000000000000000
2.7300000000 0.02831724104824627844 0.00000000000000000000
2.7400000000 0.02825789553065661749 0.00000000000000000000
2.7500000000 0.02819921810470748386 0.00000000000000000000
2.7600000000 0.02814119780252329062 0.00000000000000000000
2.7700000000 0.02808382388663663298 0.00000000000000000000
2.7800000000 0.02802708584424516702 0.00000000000000000000
2.7900000000 0.02797097338162883584 0.00000000000000000000
2.8000000000 0.02791547641872602070 0.00000000000000000000
2.8100000000 0.02786058508386009269 0.00000000000000000000
2.8200000000 0.02780628970861414098 0.00000000000000000000
2.8300000000 0.02775258082284856945 0.00000000000000000000
2.8400000000 0.02769944914985710688 0.00000000000000000000
2.8500000000 0.02764688560165751499 0.00000000000000000000
2.8600000000 0.02759488127441197397 0.00000000000000000000
2.8700000000 0.02754342744397380097 0.00000000000000000000
2.8800000000 0.02749251556155713622 0.00000000000000000000
2.8900000000 0.02744213724952465627 0.00000000000000000000
2.9000000000 0.02739228429729094472 0.00000000000000000000
2.9100000000 0.02734294865733722518 0.00000000000000000000
2.9200000000 0.02729412244133424051 0.00000000000000000000
2.9300000000 0.02724579791637088411 0.00000000000000000000
2.9400000000 0.02719796750128412183 0.00000000000000000000
2.9500000000 0.02715062376308810532 0.00000000000000000000
2.9600000000 0.02710375941349892071 0.00000000000000000000
2.9700000000 0.02705736730555277636 0.00000000000000000000
2.9800000000 0.02701144043031475026 0.00000000000000000000
2.9900000000 0.02696597191367426996 0.00000000000000000000
3.0000000000 0.02692095501322673903 0.00000000000000000000
3.0100000000 0.02687638311523708398 0.00000000000000000000
3.0200000000 0.02683224973168368832 0.00000000000000000000
3.0300000000 0.02678854849738031979 0.00000000000000000000
3.0400000000 0.02674527316717342090 0.00000000000000000000
3.0500000000 0.02670241761321252155 0.00000000000000000000
3.0600000000 0.02665997582229235122 0.00000000000000000000
3.0700000000 0.02661794189326416316 0.00000000000000000000
3.0800000000 0.02657631003451333199 0.00000000000000000000
3.0900000000 0.02653507456150326280 0.00000000000000000000
3.1000000000 0.02649422989438231235 0.00000000000000000000
3.1100000000 0.02645377055565164767 0.00000000000000000000
3.1200000000 0.02641369116789418769 0.00000000000000000000
3.1300000000 0.02637398645155981589 0.00000000000000000000
3.1400000000 0.02633465122280914672 0.00000000000000000000
3.1500000000 0.02629568039140996530 0.00000000000000000000
3.1600000000 0.02625706895868873750 0.00000000000000000000
3.1700000000 0.02621881201553277405 0.00000000000000000000
3.1800000000 0.02618090474044320812 0.00000000000000000000
3.1900000000 0.02614334239763645845 0.00000000000000000000
3.2000000000 0.02610612033519386921 0.00000000000000000000
3.2100000000 0.02606923398325690019 0.00000000000000000000
3.2200000000 0.02603267885226750317 0.00000000000000000000
3.2300000000 0.02599645053125246297 0.00000000000000000000
3.2400000000 0.02596054468614922284 0.00000000000000000000
3.2500000000 0.02592495705817437351 0.00000000000000000000
3.2600000000 0.02588968346223118056 0.00000000000000000000
3.2700000000 0.02585471978535650722 0.00000000000000000000
3.2800000000 0.02582006198520580414 0.00000000000000000000
3.2900000000 0.02578570608857481961 0.00000000000000000000
3.3000000000 0.02575164818995747881 0.00000000000000000000
3.3100000000 0.02571788445013870050 0.00000000000000000000
3.3200000000 0.02568441109482042309 0.00000000000000000000
3.3300000000 0.02565122441328201303 0.00000000000000000000
3.3400000000 0.02561832075707207862 0.00000000000000000000
3.3500000000 0.02558569653873118271 0.00000000000000000000
3.3600000000 0.02555334823054623145 0.00000000000000000000
3.3700000000 0.02552127236333297938 0.00000000000000000000
3.3800000000 0.02548946552524919418 0.00000000000000000000
3.3900000000 0.02545792436063399125 0.00000000000000000000
3.4000000000 0.02542664556887596142 0.00000000000000000000
3.4100000000 0.02539562590330748243 0.00000000000000000000
3.4200000000 0.02536486217012444422 0.00000000000000000000
3.4300000000 0.02533435122733177988 0.00000000000000000000
3.4400000000 0.02530408998371367138 0.00000000000000000000
3.4500000000 0.02527407539782685481 0.00000000000000000000
3.4600000000 0.02524430447701834709 0.00000000000000000000
3.4700000000 0.02521477427646466596 0.00000000000000000000
3.4800000000 0.02518548189823412858 0.00000000000000000000
3.4900000000 0.02515642449037028966 0.00000000000000000000
3.5000000000 0.02512759924599598099 0.00000000000000000000
3.5100000000 0.02509900340243856678 0.00000000000000000000
3.5200000000 0.02507063424037426699 0.00000000000000000000
3.5300000000 0.02504248908299262777 0.00000000000000000000
3.5400000000 0.02501456529517885954 0.00000000000000000000
3.5500000000 0.02498686028271606893 0.00000000000000000000
3.5600000000 0.02495937149150355069 0.00000000000000000000
3.5700000000 0.02493209640679474454 0.00000000000000000000
3.5800000000 0.02490503255244987807 0.00000000000000000000
3.5900000000 0.02487817749020729621 0.00000000000000000000
3.6000000000 0.02485152881896953922 0.00000000000000000000
3.6100000000 0.02482508417410591792 0.00000000000000000000
3.6200000000 0.02479884122677031635 0.00000000000000000000
3.6300000000 0.02477279768323376735 0.00000000000000000000
3.6400000000 0.02474695128423207505 0.00000000000000000000
3.6500000000 0.02472129980432739849 0.00000000000000000000
3.6600000000 0.02469584105128373383 0.00000000000000000000
3.6700000000 0.02467057286545588229 0.00000000000000000000
3.6800000000 0.02464549311919226118 0.00000000000000000000
3.6900000000 0.02462059971624963942 0.00000000000000000000
3.7000000000 0.02459589059122126511 0.00000000000000000000
3.7100000000 0.02457136370897684483 0.00000000000000000000
3.7200000000 0.02454701706411473172 0.00000000000000000000
3.7300000000 0.02452284868042558380 0.00000000000000000000
3.7400000000 0.02449885661036762738 0.00000000000000000000
3.7500000000 0.02447503893455277649 0.00000000000000000000
3.7600000000 0.02445139376124410777 0.00000000000000000000
3.7700000000 0.02442791922586323369 0.00000000000000000000
3.7800000000 0.02440461349050850742 0.00000000000000000000
3.7900000000 0.02438147474348342780 0.00000000000000000000
3.8000000000 0.02435850119883443618 0.00000000000000000000
3.8100000000 0.02433569109589861848 0.00000000000000000000
3.8200000000 0.02431304269886066377 0.00000000000000000000
3.8300000000 0.02429055429631932217 0.00000000000000000000
3.8400000000 0.02426822420086224147 0.00000000000000000000
3.8500000000 0.02424605074865008453 0.00000000000000000000
3.8600000000 0.02422403229900882068 0.00000000000000000000
3.8700000000 0.02420216723403056588 0.00000000000000000000
3.8800000000 0.02418045395818245805 0.00000000000000000000
3.8900000000 0.02415889089792347746 0.00000000000000000000
3.9000000000 0.02413747650132906999 0.00000000000000000000
3.9100000000 0.02411620923772337874 0.00000000000000000000
3.9200000000 0.02409508759731880320 0.00000000000000000000
3.9300000000 0.02407411009086275755 0.00000000000000000000
3.9400000000 0.02405327524929180838 0.00000000000000000000
3.9500000000 0.02403258162339224832 0.00000000000000000000
3.9600000000 0.02401202778346783751 0.00000000000000000000
3.9700000000 0.02399161231901389760 0.00000000000000000000
3.9800000000 0.02397133383839793186 0.00000000000000000000
3.9900000000 0.02395119096854651797 0.00000000000000000000
4.0000000000 0.02393118235463850135 0.00000000000000000000
4.0100000000 0.02391130665980396169 0.00000000000000000000
4.0200000000 0.02389156256482913993 0.00000000000000000000
4.0300000000 0.02387194876786747494 0.00000000000000000000
4.0400000000 0.02385246398415546976 0.00000000000000000000
4.0500000000 0.02383310694573502128 0.00000000000000000000
4.0600000000 0.02381387640118042687 0.00000000000000000000
4.0700000000 0.02379477111533074424 0.00000000000000000000
4.0800000000 0.02377578986902765049 0.00000000000000000000
4.0900000000 0.02375693145885792584 0.00000000000000000000
4.1000000000 0.02373819469690121794 0.00000000000000000000
4.1100000000 0.02371957841048214291 0.00000000000000000000
4.1200000000 0.02370108144192748650 0.00000000000000000000
4.1300000000 0.02368270264832789476 0.00000000000000000000
4.1400000000 0.02366444090130412348 0.00000000000000000000
4.1500000000 0.02364629508677733999 0.00000000000000000000
4.1600000000 0.02362826410474437935 0.00000000000000000000
4.1700000000 0.02361034686905642138 0.00000000000000000000
4.1800000000 0.02359254230720277817 0.00000000000000000000
4.1900000000 0.02357484936009735660 0.00000000000000000000
4.2000000000 0.02355726698187053658 0.00000000000000000000
4.2100000000 0.02353979413966396719 0.00000000000000000000
4.2200000000 0.02352242981342944975 0.00000000000000000000
4.2300000000 0.02350517299573134586 0.00000000000000000000
4.2400000000 0.02348802269155295455 0.00000000000000000000
4.2500000000 0.02347097791810609166 0.00000000000000000000
4.2600000000 0.02345403770464421500 0.00000000000000000000
4.2700000000 0.02343720109227924800 0.00000000000000000000
4.2800000000 0.02342046713380113027 0.00000000000000000000
4.2900000000 0.02340383489350136501 0.00000000000000000000
4.3000000000 0.02338730344699896727 0.00000000000000000000
4.3100000000 0.02337087188107031185 0.00000000000000000000
4.3200000000 0.02335453929348133353 0.00000000000000000000
4.3300000000 0.02333830479282329382 0.00000000000000000000
4.3400000000 0.02332216749835124350 0.00000000000000000000
4.3500000000 0.02330612653982502835 0.00000000000000000000
4.3600000000 0.02329018105735380234 0.00000000000000000000
4.3700000000 0.02327433020124287238 0.00000000000000000000
4.3800000000 0.02325857313184295783 0.00000000000000000000
4.3900000000 0.02324290901940287424 0.00000000000000000000
4.4000000000 0.02322733704392420870 0.00000000000000000000
4.4100000000 0.02321185639501848266 0.00000000000000000000
4.4200000000 0.02319646627176731937 0.00000000000000000000
4.4300000000 0.02318116588258449517 0.00000000000000000000
4.4400000000 0.02316595444508077334 0.00000000000000000000
4.4500000000 0.02315083118593096179 0.00000000000000000000
4.4600000000 0.02313579534074300045 0.00000000000000000000
4.4700000000 0.02312084615392973400 0.00000000000000000000
4.4800000000 0.02310598287858265168 0.00000000000000000000
4.4900000000 0.02309120477634769159 0.00000000000000000000
4.5000000000 0.02307651111730350466 0.00000000000000000000
4.5100000000 0.02306190117984114815 0.00000000000000000000
4.5200000000 0.02304737425054683569 0.00000000000000000000
4.5300000000 0.02303292962408557201 0.00000000000000000000
4.5400000000 0.02301856660308749039 0.00000000000000000000
4.5500000000 0.02300428449803576178 0.00000000000000000000
4.5600000000 0.02299008262715661333 0.00000000000000000000
4.5700000000 0.02297596031631094632 0.00000000000000000000
4.5800000000 0.02296191689888791090 0.00000000000000000000
4.5900000000 0.02294795171570025716 0.00000000000000000000
4.6000000000 0.02293406411488131333 0.00000000000000000000
4.6100000000 0.02292025345178397289 0.00000000000000000000
4.6200000000 0.02290651908888065649 0.00000000000000000000
4.6300000000 0.02289286039566588993 0.00000000000000000000
4.6400000000 0.02287927674855966959 0.00000000000000000000
4.6500000000 0.02286576753081282984 0.00000000000000000000
4.6600000000 0.02285233213241390574 0.00000000000000000000
4.6700000000 0.02283896994999722388 0.00000000000000000000
4.6800000000 0.02282568038675298130 0.00000000000000000000
4.6900000000 0.02281246285233835130 0.00000000000000000000
4.7000000000 0.02279931676279028929 0.00000000000000000000
4.7100000000 0.02278624154043954256 0.00000000000000000000
4.7200000000 0.02277323661382628373 0.00000000000000000000
4.7300000000 0.02276030141761681974 0.00000000000000000000
4.7400000000 0.02274743539252194885 0.00000000000000000000
4.7500000000 0.02273463798521624737 0.00000000000000000000
4.7600000000 0.02272190864825900797 0.00000000000000000000
4.7700000000 0.02270924684001604868 0.00000000000000000000
4.7800000000 0.02269665202458345105 0.00000000000000000000
4.7900000000 0.02268412367171129471 0.00000000000000000000
4.8000000000 0.02267166125673012247 0.00000000000000000000
4.8100000000 0.02265926426047709663 0.00000000000000000000
4.8200000000 0.02264693216922446239 0.00000000000000000000
4.8300000000 0.02263466447460829936 0.00000000000000000000
4.8400000000 0.02262246067355904930 0.00000000000000000000
4.8500000000 0.02261032026823257129 0.00000000000000000000
4.8600000000 0.02259824276594256387 0.00000000000000000000
4.8700000000 0.02258622767909404527 0.00000000000000000000
4.8800000000 0.02257427452511772542 0.00000000000000000000
4.8900000000 0.02256238282640547071 0.00000000000000000000
4.9000000000 0.02255055211024666745 0.00000000000000000000
4.9100000000 0.02253878190876582380 0.00000000000000000000
4.9200000000 0.02252707175886068530 0.00000000000000000000
4.9300000000 0.02251542120214177281 0.00000000000000000000
4.9400000000 0.02250382978487241309 0.00000000000000000000
4.9500000000 0.02249229705791009823 0.00000000000000000000
4.9600000000 0.02248082257664824751 0.00000000000000000000
4.9700000000 0.02246940590095929113 0.00000000000000000000
4.9800000000 0.02245804659513842699 0.00000000000000000000
4.9900000000 0.02244674422784810261 0.00000000000000000000
5.0000000000 0.02243549837206357950 0.00000000000000000000
