0.1000000000 1.05242101152743838810 0.00000000000000000000
0.1100000000 1.02251608498954671411 0.00000000000000000000
0.1200000000 0.99326974462683814693 0.00000000000000000000
0.1300000000 0.96468423748758458380 0.00000000000000000000
0.1400000000 0.93676060629994428730 0.00000000000000000000
0.1500000000 0.90949872670024856092 0.00000000000000000000
0.1600000000 0.88289734957968701856 0.00000000000000000000
0.1700000000 0.85695414792248125746 0.00000000000000000000
0.1800000000 0.83166576749278087188 0.00000000000000000000
0.1900000000 0.80702788072310760459 0.00000000000000000000
0.2000000000 0.78303524316338068978 0.00000000000000000000
0.2100000000 0.75968175186532205245 0.00000000000000000000
0.2200000000 0.73696050510120969523 0.00000000000000000000
0.2300000000 0.71486386284722580609 0.00000000000000000000
0.2400000000 0.69338350749873289836 0.00000000000000000000
0.2500000000 0.67251050432639725152 0.00000000000000000000
0.2600000000 0.65223536122690528583 0.00000000000000000000
0.2700000000 0.63254808736886691811 0.00000000000000000000
0.2800000000 0.61343825038230659352 0.00000000000000000000
0.2900000000 0.59489503178790181792 0.00000000000000000000
0.3000000000 0.57690728040899297291 0.00000000000000000000
0.3100000000 0.55946356355465121091 0.00000000000000000000
0.3200000000 0.54255221580513535162 0.00000000000000000000
0.3300000000 0.52616138527146461001 0.00000000000000000000
0.3400000000 0.51027907723821586128 0.00000000000000000000
0.3500000000 0.49489319513282042928 0.00000000000000000000
0.3600000000 0.47999157879542181382 0.00000000000000000000
0.3700000000 0.46556204005077350683 0.00000000000000000000
0.3800000000 0.45159239560767128197 0.00000000000000000000
0.3900000000 0.43807049733218583754 0.00000000000000000000
0.4000000000 0.42498425995856659032 0.00000000000000000000
0.4100000000 0.41232168631638754785 0.00000000000000000000
0.4200000000 0.40007089016438862616 0.00000000000000000000
0.4300000000 0.38822011673088357986 0.00000000000000000000
0.4400000000 0.37675776106769570672 0.00000000000000000000
0.4500000000 0.36567238432962101413 0.00000000000000000000
0.4600000000 0.35495272809463429553 0.00000000000000000000
0.4700000000 0.34458772684165345224 0.00000000000000000000
0.4800000000 0.33456651870292314355 0.00000000000000000000
0.4900000000 0.32487845460710723655 0.00000000000000000000
0.5000000000 0.31551310592723197379 0.00000000000000000000
0.5100000000 0.30646027074485177044 0.00000000000000000000
0.5200000000 0.29770997883836419762 0.00000000000000000000
0.5300000000 0.28925249549944720417 0.00000000000000000000
0.5400000000 0.28107832427721152202 0.00000000000000000000
0.5500000000 0.27317820874502268813 0.00000000000000000000
0.5600000000 0.26554313338008922463 0.00000000000000000000
0.5700000000 0.25816432364095104335 0.00000000000000000000
0.5800000000 0.25103324532300708150 0.00000000000000000000
0.5900000000 0.24414160326722741945 0.00000000000000000000
0.6000000000 0.23748133949228020234 0.00000000000000000000
0.6100000000 0.23104463081548956560 0.00000000000000000000
0.6200000000 0.22482388602336686456 0.00000000000000000000
0.6300000000 0.21881174264793690210 0.00000000000000000000
0.6400000000 0.21300106340077024081 0.00000000000000000000
0.6500000000 0.20738493231248061877 0.00000000000000000000
0.6600000000 0.20195665062151690883 0.00000000000000000000
0.6700000000 0.19670973245238576599 0.00000000000000000000
0.6800000000 0.19163790031988389706 0.00000000000000000000
0.6900000000 0.18673508049268991438 0.00000000000000000000
0.7000000000 0.18199539824650520781 0.00000000000000000000
0.7100000000 0.17741317303411471840 0.00000000000000000000
0.7200000000 0.17298291359700154746 0.00000000000000000000
0.7300000000 0.16869931304069296640 0.00000000000000000000
0.7400000000 0.16455724389367698546 0.00000000000000000000
0.7500000000 0.16055175316760927906 0.00000000000000000000
0.7600000000 0.15667805743454779610 0.00000000000000000000
0.7700000000 0.15293153793514735472 0.00000000000000000000
0.7800000000 0.14930773573008468413 0.00000000000000000000
0.7900000000 0.14580234690543358855 0.00000000000000000000
0.8000000000 0.14241121784137025785 0.00000000000000000000
0.8100000000 0.13913034055223144625 0.00000000000000000000
0.8200000000 0.13595584810489008687 0.00000000000000000000
0.8300000000 0.13288401012127706857 0.00000000000000000000
0.8400000000 0.12991122836996146783 0.00000000000000000000
0.8500000000 0.12703403245083633166 0.00000000000000000000
0.8600000000 0.12424907557619542520 0.00000000000000000000
0.8700000000 0.12155313045070674505 0.00000000000000000000
0.8800000000 0.11894308525228819429 0.00000000000000000000
0.8900000000 0.11641593971519970108 0.00000000000000000000
0.9000000000 0.11396880131625398980 0.00000000000000000000
0.9100000000 0.11159888156455465003 0.00000000000000000000
0.9200000000 0.10930349239474324019 0.00000000000000000000
0.9300000000 0.10708004266351643652 0.00000000000000000000
0.9400000000 0.10492603474868654467 0.00000000000000000000
0.9500000000 0.10283906124990589703 0.00000000000000000000
0.9600000000 0.10081680178990405639 0.00000000000000000000
0.9700000000 0.09885701991496248509 0.00000000000000000000
0.9800000000 0.09695756009294656530 0.00000000000000000000
0.9900000000 0.09511634480733922870 0.00000000000000000000
1.0000000000 0.09333137174546149439 0.00000000000000000000
1.0100000000 0.09160071107905433385 0.00000000000000000000
1.0200000000 0.08992250283505195951 0.00000000000000000000
1.0300000000 0.08829495435429897399 0.00000000000000000000
1.0400000000 0.08671633783697636766 0.00000000000000000000
1.0500000000 0.08518498797152876389 0.00000000000000000000
1.0600000000 0.08369929964552848267 0.00000000000000000000
1.0700000000 0.08225772573607194327 0.00000000000000000000
1.0800000000 0.08085877497762317123 0.00000000000000000000
1.0900000000 0.07950100990498344677 0.00000000000000000000
1.1000000000 0.07818304486927697694 0.00000000000000000000
1.1100000000 0.07690354412474216528 0.00000000000000000000
1.1200000000 0.07566121998418672001 0.00000000000000000000
1.1300000000 0.07445483104095321214 0.00000000000000000000
1.1400000000 0.07328318045534137903 0.00000000000000000000
1.1500000000 0.07214511430338026166 0.00000000000000000000
1.1600000000 0.07103951998592747397 0.00000000000000000000
1.1700000000 0.06996532469613650496 0.00000000000000000000
1.1800000000 0.06892149394331344159 0.00000000000000000000
1.1900000000 0.06790703013127387389 0.00000000000000000000
1.2000000000 0.06692097118933812427 0.00000000000000000000
1.2100000000 0.06596238925415308374 0.00000000000000000000
1.2200000000 0.06503038940058018802 0.00000000000000000000
1.2300000000 0.06412410841991049437 0.00000000000000000000
1.2400000000 0.06324271364376447824 0.00000000000000000000
1.2500000000 0.06238540181202294199 0.00000000000000000000
1.2600000000 0.06155139798323294026 0.00000000000000000000
1.2700000000 0.06073995448594205621 0.00000000000000000000
1.2800000000 0.05995034990949187070 0.00000000000000000000
1.2900000000 0.05918188813281992366 0.00000000000000000000
1.3000000000 0.05843389738988844645 0.00000000000000000000
1.3100000000 0.05770572937037907191 0.00000000000000000000
1.3200000000 0.05699675835436613519 0.00000000000000000000
1.3300000000 0.05630638037969583343 0.00000000000000000000
1.3400000000 0.05563401244085270508 0.00000000000000000000
1.3500000000 0.05497909171814638341 0.00000000000000000000
1.3600000000 0.05434107483607443501 0.00000000000000000000
1.3700000000 0.05371943714975779133 0.00000000000000000000
1.3800000000 0.05311367205840884786 0.00000000000000000000
1.3900000000 0.05252329034479284731 0.00000000000000000000
1.4000000000 0.05194781953969927757 0.00000000000000000000
1.4100000000 0.05138680331048877531 0.00000000000000000000
1.4200000000 0.05083980087277985976 0.00000000000000000000
1.4300000000 0.05030638642440548453 0.00000000000000000000
1.4400000000 0.04978614860078681148 0.00000000000000000000
1.4500000000 0.04927868995090339821 0.00000000000000000000
1.4600000000 0.04878362643307379565 0.00000000000000000000
1.4700000000 0.04830058692978545648 0.00000000000000000000
1.4800000000 0.04782921278084488470 0.00000000000000000000
1.4900000000 0.04736915733414225060 0.00000000000000000000
1.5000000000 0.04692008551335597605 0.00000000000000000000
1.5100000000 0.04648167340194420127 0.00000000000000000000
1.5200000000 0.04605360784279650260 0.00000000000000000000
1.5300000000 0.04563558605294420339 0.00000000000000000000
1.5400000000 0.04522731525274708425 0.00000000000000000000
1.5500000000 0.04482851230900254669 0.00000000000000000000
1.5600000000 0.04443890339143619084 0.00000000000000000000
1.5700000000 0.04405822364206157804 0.00000000000000000000
1.5800000000 0.04368621685691124329 0.00000000000000000000
1.5900000000 0.04332263517966441352 0.00000000000000000000
1.6000000000 0.04296723880671137613 0.00000000000000000000
1.6100000000 0.04261979570321230287 0.00000000000000000000
1.6200000000 0.04228008132973250233 0.00000000000000000000
1.6300000000 0.04194787837904132011 0.00000000000000000000
1.6400000000 0.04162297652268593523 0.00000000000000000000
1.6500000000 0.04130517216696492216 0.00000000000000000000
1.6600000000 0.04099426821793714787 0.00000000000000000000
1.6700000000 0.04069007385512510289 0.00000000000000000000
1.6800000000 0.04039240431356802552 0.00000000000000000000
1.6900000000 0.04010108067391766201 0.00000000000000000000
1.7000000000 0.03981592966025689767 0.00000000000000000000
1.7100000000 0.03953678344535142136 0.00000000000000000000
1.7200000000 0.03926347946304879072 0.00000000000000000000
1.7300000000 0.03899586022755150566 0.00000000000000000000
1.7400000000 0.03873377315929795589 0.00000000000000000000
1.7500000000 0.03847707041720617449 0.00000000000000000000
1.7600000000 0.03822560873703057666 0.00000000000000000000
1.7700000000 0.03797924927560115960 0.00000000000000000000
1.7800000000 0.03773785746072517988 0.00000000000000000000
1.7900000000 0.03750130284652720969 0.00000000000000000000
1.8000000000 0.03726945897403128455 0.00000000000000000000
1.8100000000 0.03704220323677830107 0.00000000000000000000
1.8200000000 0.03681941675129143249 0.00000000000000000000
1.8300000000 0.03660098423220659036 0.00000000000000000000
1.8400000000 0.03638679387188776398 0.00000000000000000000
1.8500000000 0.03617673722436384742 0.00000000000000000000
1.8600000000 0.03597070909341956030 0.00000000000000000000
1.8700000000 0.03576860742468360860 0.00000000000000000000
1.8800000000 0.03557033320156908346 0.00000000000000000000
1.8900000000 0.03537579034491356716 0.00000000000000000000
1.9000000000 0.03518488561618901556 0.00000000000000000000
1.9100000000 0.03499752852413936383 0.00000000000000000000
1.9200000000 0.03481363123472443200 0.00000000000000000000
1.9300000000 0.03463310848424217686 0.00000000000000000000
1.9400000000 0.03445587749551316803 0.00000000000000000000
1.9500000000 0.03428185789701354569 0.00000000000000000000
1.9600000000 0.03411097164484438310 0.00000000000000000000
1.9700000000 0.03394314294743436267 0.00000000000000000000
1.9800000000 0.03377829819287556795 0.00000000000000000000
1.9900000000 0.03361636587879114624 0.00000000000000000000
2.0000000000 0.03345727654464576012 0.00000000000000000000
2.0100000000 0.03330096270640512529 0.00000000000000000000
2.0200000000 0.03314735879346012576 0.00000000000000000000
2.0300000000 0.03299640108773321812 0.00000000000000000000
2.0400000000 0.03284802766488391368 0.00000000000000000000
2.0500000000 0.03270217833753988335 0.00000000000000000000
2.0600000000 0.03255879460047726714 0.00000000000000000000
2.0700000000 0.03241781957767985584 0.00000000000000000000
2.0800000000 0.03227919797120957363 0.00000000000000000000
2.0900000000 0.03214287601182126003 0.00000000000000000000
2.1000000000 0.03200880141125835715 0.00000000000000000000
2.1100000000 0.03187692331616926583 0.00000000000000000000
2.1200000000 0.03174719226358609092 0.00000000000000000000
2.1300000000 0.03161956013790787057 0.00000000000000000000
2.1400000000 0.03149398012933609520 0.00000000000000000000
2.1500000000 0.03137040669370829565 0.00000000000000000000
2.1600000000 0.03124879551368057659 0.00000000000000000000
2.1700000000 0.03112910346121132779 0.00000000000000000000
2.1800000000 0.03101128856129804767 0.00000000000000000000
2.1900000000 0.03089530995692361601 0.00000000000000000000
2.2000000000 0.03078112787516911961 0.00000000000000000000
2.2100000000 0.03066870359445026881 0.00000000000000000000
2.2200000000 0.03055799941283991739 0.00000000000000000000
2.2300000000 0.03044897861743586440 0.00000000000000000000
2.2400000000 0.03034160545473794240 0.00000000000000000000
2.2500000000 0.03023584510199978440 0.00000000000000000000
2.2600000000 0.03013166363951904139 0.00000000000000000000
2.2700000000 0.03002902802383405553 0.00000000000000000000
2.2800000000 0.02992790606179608626 0.00000000000000000000
2.2900000000 0.02982826638548428250 0.00000000000000000000
2.3000000000 0.02973007842793565919 0.00000000000000000000
2.3100000000 0.02963331239966214906 0.00000000000000000000
2.3200000000 0.02953793926592438238 0.00000000000000000000
2.3300000000 0.02944393072474024362 0.00000000000000000000
2.3400000000 0.02935125918559812822 0.00000000000000000000
2.3500000000 0.02925989774885511333 0.00000000000000000000
2.3600000000 0.02916982018579177341 0.00000000000000000000
2.3700000000 0.02908100091930598818 0.00000000000000000000
2.3800000000 0.02899341500521873671 0.00000000000000000000
2.3900000000 0.02890703811417521737 0.00000000000000000000
2.4000000000 0.02882184651411749329 0.00000000000000000000
2.4100000000 0.02873781705331223540 0.00000000000000000000
2.4200000000 0.02865492714391184095 0.00000000000000000000
2.4300000000 0.02857315474603294714 0.00000000000000000000
2.4400000000 0.02849247835233358409 0.00000000000000000000
2.4500000000 0.02841287697307184543 0.00000000000000000000
2.4600000000 0.02833433012163179276 0.00000000000000000000
2.4700000000 0.02825681780049794922 0.00000000000000000000
2.4800000000 0.02818032048766549655 0.00000000000000000000
2.4900000000 0.02810481912347079572 0.00000000000000000000
2.5000000000 0.02803029509782848164 0.00000000000000000000
2.5100000000 0.02795673023785992528 0.00000000000000000000
2.5200000000 0.02788410679590346344 0.00000000000000000000
2.5300000000 0.02781240743788966976 0.00000000000000000000
2.5400000000 0.02774161523207220939 0.00000000000000000000
2.5500000000 0.02767171363810222787 0.00000000000000000000
2.5600000000 0.02760268649643370098 0.00000000000000000000
2.5700000000 0.02753451801804934762 0.00000000000000000000
2.5800000000 0.02746719277449809551 0.00000000000000000000
2.5900000000 0.02740069568823115184 0.00000000000000000000
2.6000000000 0.02733501202322904597 0.00000000000000000000
2.6100000000 0.02727012737590907288 0.00000000000000000000
2.6200000000 0.02720602766630485572 0.00000000000000000000
2.6300000000 0.02714269912950777186 0.00000000000000000000
2.6400000000 0.02708012830736325136 0.00000000000000000000
2.6500000000 0.02701830204041310093 0.00000000000000000000
2.6600000000 0.02695720746007558566 0.00000000000000000000
2.6700000000 0.02689683198105571535 0.00000000000000000000
2.6800000000 0.02683716329397912298 0.00000000000000000000
2.6900000000 0.02677818935824070878 0.00000000000000000000
2.7000000000 0.02671989839506389713 0.00000000000000000000
2.7100000000 0.02666227888075988622 0.00000000000000000000
2.7200000000 0.02660531954018476031 0.00000000000000000000
2.7300000000 0.02654900934038480903 0.00000000000000000000
2.7400000000 0.02649333748442598072 0.00000000000000000000
2.7500000000 0.02643829340540085338 0.00000000000000000000
2.7600000000 0.02638386676060807540 0.00000000000000000000
2.7700000000 0.02633004742589812458 0.00000000000000000000
2.7800000000 0.02627682549018087177 0.00000000000000000000
2.7900000000 0.02622419125008937021 0.00000000000000000000
2.8000000000 0.02617213520479493016 0.00000000000000000000
2.8100000000 0.02612064805096997455 0.00000000000000000000
2.8200000000 0.02606972067789182362 0.00000000000000000000
2.8300000000 0.02601934416268543784 0.00000000000000000000
2.8400000000 0.02596950976569868327 0.00000000000000000000
2.8500000000 0.02592020892600840551 0.00000000000000000000
2.8600000000 0.02587143325705015470 0.00000000000000000000
2.8700000000 0.02582317454237150964 0.00000000000000000000
2.8800000000 0.02577542473150105928 0.00000000000000000000
2.8900000000 0.02572817593593416594 0.00000000000000000000
2.9000000000 0.02568142042522714164 0.00000000000000000000
2.9100000000 0.02563515062320019869 0.00000000000000000000
2.9200000000 0.02558935910424454951 0.00000000000000000000
2.9300000000 0.02554403858972914207 0.00000000000000000000
2.9400000000 0.02549918194450785311 0.00000000000000000000
2.9500000000 0.02545478217351877445 0.00000000000000000000
2.9600000000 0.02541083241847764615 0.00000000000000000000
2.9700000000 0.02536732595466005893 0.00000000000000000000
2.9800000000 0.02532425618776994874 0.00000000000000000000
2.9900000000 0.02528161665089332863 0.00000000000000000000
3.0000000000 0.02523940100153207466 0.00000000000000000000
3.0100000000 0.02519760301871800529 0.00000000000000000000
3.0200000000 0.02515621660020373254 0.00000000000000000000
3.0300000000 0.02511523575972747155 0.00000000000000000000
3.0400000000 0.02507465462435095813 0.00000000000000000000
3.0500000000 0.02503446743186690804 0.00000000000000000000
3.0600000000 0.02499466852827570904 0.00000000000000000000
3.0700000000 0.02495525236532656135 0.00000000000000000000
3.0800000000 0.02491621349812494016 0.00000000000000000000
3.0900000000 0.02487754658280092596 0.00000000000000000000
3.1000000000 0.02483924637423903792 0.00000000000000000000
3.1100000000 0.02480130772386612142 0.00000000000000000000
3.1200000000 0.02476372557749705397 0.00000000000000000000
3.1300000000 0.02472649497323564996 0.00000000000000000000
3.1400000000 0.02468961103942946683 0.00000000000000000000
3.1500000000 0.02465306899267667370 0.00000000000000000000
3.1600000000 0.02461686413588495478 0.00000000000000000000
3.1700000000 0.02458099185637792686 0.00000000000000000000
3.1800000000 0.02454544762405133987 0.00000000000000000000
3.1900000000 0.02451022698957460236 0.00000000000000000000
3.2000000000 0.02447532558263898483 0.00000000000000000000
3.2100000000 0.02444073911024827531 0.00000000000000000000
3.2200000000 0.02440646335505367373 0.00000000000000000000
3.2300000000 0.02437249417372947327 0.00000000000000000000
3.2400000000 0.02433882749538932716 0.00000000000000000000
3.2500000000 0.02430545932004215398 0.00000000000000000000
3.2600000000 0.02427238571708585993 0.00000000000000000000
3.2700000000 0.02423960282383844783 0.00000000000000000000
3.2800000000 0.02420710684410537841 0.00000000000000000000
3.2900000000 0.02417489404678162951 0.00000000000000000000
3.3000000000 0.02414296076448851219 0.00000000000000000000
3.3100000000 0.02411130339224298175 0.00000000000000000000
3.3200000000 0.02407991838616040450 0.00000000000000000000
3.3300000000 0.02404880226218732500 0.00000000000000000000
3.3400000000 0.02401795159486599940 0.00000000000000000000
3.3500000000 0.02398736301612825264 0.00000000000000000000
3.3600000000 0.02395703321411802103 0.00000000000000000000
3.3700000000 0.02392695893204248650 0.00000000000000000000
3.3800000000 0.02389713696705052584 0.00000000000000000000
3.3900000000 0.02386756416913737855 0.00000000000000000000
3.4000000000 0.02383823744007630696 0.00000000000000000000
3.4100000000 0.02380915373237411231 0.00000000000000000000
3.4200000000 0.02378031004825248429 0.00000000000000000000
3.4300000000 0.02375170343865260630 0.00000000000000000000
3.4400000000 0.02372333100226317951 0.00000000000000000000
3.4500000000 0.02369518988457139028 0.00000000000000000000
3.4600000000 0.02366727727693550276 0.00000000000000000000
3.4700000000 0.02363959041567943731 0.00000000000000000000
3.4800000000 0.02361212658120805455 0.00000000000000000000
3.4900000000 0.02358488309714253106 0.00000000000000000000
3.5000000000 0.02355785732947627414 0.00000000000000000000
3.5100000000 0.02353104668574984570 0.00000000000000000000
3.5200000000 0.02350444861424456564 0.00000000000000000000
3.5300000000 0.02347806060319431593 0.00000000000000000000
3.5400000000 0.02345188018001625324 0.00000000000000000000
3.5500000000 0.02342590491055740118 0.00000000000000000000
3.5600000000 0.02340013239835968262 0.00000000000000000000
3.5700000000 0.02337456028394054378 0.00000000000000000000
3.5800000000 0.02334918624409000609 0.00000000000000000000
3.5900000000 0.02332400799118344165 0.00000000000000000000
3.6000000000 0.02329902327250969393 0.00000000000000000000
3.6100000000 0.02327422986961401666 0.00000000000000000000
3.6200000000 0.02324962559765568482 0.00000000000000000000
3.6300000000 0.02322520830477958070 0.00000000000000000000
3.6400000000 0.02320097587150164384 0.00000000000000000000
3.6500000000 0.02317692621010847276 0.00000000000000000000
3.6600000000 0.02315305726406856335 0.00000000000000000000
3.6700000000 0.02312936700745818128 0.00000000000000000000
3.6800000000 0.02310585344439822220 0.00000000000000000000
3.6900000000 0.02308251460850424541 0.00000000000000000000
3.7000000000 0.02305934856234761673 0.00000000000000000000
3.7100000000 0.02303635339692925582 0.00000000000000000000
3.7200000000 0.02301352723116356289 0.00000000000000000000
3.7300000000 0.02299086821137407560 0.00000000000000000000
3.7400000000 0.02296837451079981191 0.00000000000000000000
3.7500000000 0.02294604432911193440 0.00000000000000000000
3.7600000000 0.02292387589194068778 0.00000000000000000000
3.7700000000 0.02290186745041270996 0.00000000000000000000
3.7800000000 0.02288001728069725613 0.00000000000000000000
3.7900000000 0.02285832368356308791 0.00000000000000000000
3.8000000000 0.02283678498394357131 0.00000000000000000000
3.8100000000 0.02281539953051155839 0.00000000000000000000
3.8200000000 0.02279416569526283159 0.00000000000000000000
3.8300000000 0.02277308187310823212 0.00000000000000000000
3.8400000000 0.02275214648147437166 0.00000000000000000000
3.8500000000 0.02273135795991224062 0.00000000000000000000
3.8600000000 0.02271071476971422629 0.00000000000000000000
3.8700000000 0.02269021539353879846 0.00000000000000000000
3.8800000000 0.02266985833504303952 0.00000000000000000000
3.8900000000 0.02264964211852217232 0.00000000000000000000
3.9000000000 0.02262956528855722058 0.00000000000000000000
3.9100000000 0.02260962640966901471 0.00000000000000000000
3.9200000000 0.02258982406597969186 0.00000000000000000000
3.9300000000 0.02257015686088079467 0.00000000000000000000
3.9400000000 0.02255062341670807310 0.00000000000000000000
3.9500000000 0.02253122237442279491 0.00000000000000000000
3.9600000000 0.02251195239329958908 0.00000000000000000000
3.9700000000 0.02249281215061996880 0.00000000000000000000
3.9800000000 0.02247380034137275509 0.00000000000000000000
3.9900000000 0.02245491567795949647 0.00000000000000000000
4.0000000000 0.02243615688990658469 0.00000000000000000000
4.0100000000 0.02241752272358241496 0.00000000000000000000
4.0200000000 0.02239901194192015985 0.00000000000000000000
4.0300000000 0.02238062332414622949 0.00000000000000000000
4.0400000000 0.02236235566551406442 0.00000000000000000000
4.0500000000 0.02234420777704248379 0.00000000000000000000
4.0600000000 0.02232617848525985521 0.00000000000000000000
4.0700000000 0.02230826663195269524 0.00000000000000000000
4.0800000000 0.02229047107391946003 0.00000000000000000000
4.0900000000 0.02227279068272872142 0.00000000000000000000
4.1000000000 0.02225522434448221065 0.00000000000000000000
4.1100000000 0.02223777095958230643 0.00000000000000000000
4.1200000000 0.02222042944250400900 0.00000000000000000000
4.1300000000 0.02220319872157103247 0.00000000000000000000
4.1400000000 0.02218607773873651143 0.00000000000000000000
4.1500000000 0.02216906544936724649 0.00000000000000000000
4.1600000000 0.02215216082203288681 0.00000000000000000000
4.1700000000 0.02213536283829802345 0.00000000000000000000
4.1800000000 0.02211867049251902556 0.00000000000000000000
4.1900000000 0.02210208279164430425 0.00000000000000000000
4.2000000000 0.02208559875501814318 0.00000000000000000000
4.2100000000 0.02206921741418849461 0.00000000000000000000
4.2200000000 0.02205293781271813053 0.00000000000000000000
4.2300000000 0.02203675900599934637 0.00000000000000000000
4.2400000000 0.02202068006107186712 0.00000000000000000000
4.2500000000 0.02200470005644453858 0.00000000000000000000
4.2600000000 0.02198881808191971432 0.00000000000000000000
4.2700000000 0.02197303323842128217 0.00000000000000000000
4.2800000000 0.02195734463782567092 0.00000000000000000000
4.2900000000 0.02194175140279573666 0.00000000000000000000
4.3000000000 0.02192625266661792777 0.00000000000000000000
4.3100000000 0.02191084757304228442 0.00000000000000000000
4.3200000000 0.02189553527612520326 0.00000000000000000000
4.3300000000 0.02188031494007514413 0.00000000000000000000
4.3400000000 0.02186518573910110202 0.00000000000000000000
4.3500000000 0.02185014685726358041 0.00000000000000000000
4.3600000000 0.02183519748832847551 0.00000000000000000000
4.3700000000 0.02182033683562341689 0.00000000000000000000
4.3800000000 0.02180556411189660954 0.00000000000000000000
4.3900000000 0.02179087853917820172 0.00000000000000000000
4.4000000000 0.02177627934864410919 0.00000000000000000000
4.4100000000 0.02176176578048214308 0.00000000000000000000
4.4200000000 0.02174733708376069830 0.00000000000000000000
4.4300000000 0.02173299251629931886 0.00000000000000000000
4.4400000000 0.02171873134454187573 0.00000000000000000000
4.4500000000 0.02170455284343192001 0.00000000000000000000
4.4600000000 0.02169045629628987490 0.00000000000000000000
4.4700000000 0.02167644099469264937 0.00000000000000000000
4.4800000000 0.02166250623835531269 0.00000000000000000000
4.4900000000 0.02164865133501451058 0.00000000000000000000
4.5000000000 0.02163487560031419552 0.00000000000000000000
4.5100000000 0.02162117835769302929 0.00000000000000000000
4.5200000000 0.02160755893827414481 0.00000000000000000000
4.5300000000 0.02159401668075610486 0.00000000000000000000
4.5400000000 0.02158055093130612292 0.00000000000000000000
4.5500000000 0.02156716104345541077 0.00000000000000000000
4.5600000000 0.02155384637799534833 0.00000000000000000000
4.5700000000 0.02154060630287617240 0.00000000000000000000
4.5800000000 0.02152744019310735141 0.00000000000000000000
4.5900000000 0.02151434743065898728 0.00000000000000000000
4.6000000000 0.02150132740436548964 0.00000000000000000000
4.6100000000 0.02148837950983066569 0.00000000000000000000
4.6200000000 0.02147550314933416651 0.00000000000000000000
4.6300000000 0.02146269773173974799 0.00000000000000000000
4.6400000000 0.02144996267240484311 0.00000000000000000000
4.6500000000 0.02143729739309179275 0.00000000000000000000
4.6600000000 0.02142470132188048493 0.00000000000000000000
4.6700000000 0.02141217389308211136 0.00000000000000000000
4.6800000000 0.02139971454715493271 0.00000000000000000000
4.6900000000 0.02138732273062081066 0.00000000000000000000
4.7000000000 0.02137499789598337058 0.00000000000000000000
4.7100000000 0.02136273950164770813 0.00000000000000000000
4.7200000000 0.02135054701184068218 0.00000000000000000000
4.7300000000 0.02133841989653342819 0.00000000000000000000
4.7400000000 0.02132635763136432258 0.00000000000000000000
4.7500000000 0.02131435969756349455 0.00000000000000000000
4.7600000000 0.02130242558187868743 0.00000000000000000000
4.7700000000 0.02129055477650194581 0.00000000000000000000
4.7800000000 0.02127874677899788472 0.00000000000000000000
4.7900000000 0.02126700109223249313 0.00000000000000000000
4.8000000000 0.02125531722430392539 0.00000000000000000000
4.8100000000 0.02124369468847336559 0.00000000000000000000
4.8200000000 0.02123213300309797005 0.00000000000000000000
4.8300000000 0.02122063169156396603 0.00000000000000000000
4.8400000000 0.02120919028222147812 0.00000000000000000000
4.8500000000 0.02119780830832003471 0.00000000000000000000
4.8600000000 0.02118648530794512916 0.00000000000000000000
4.8700000000 0.02117522082395571770 0.00000000000000000000
4.8800000000 0.02116401440392274430 0.00000000000000000000
4.8900000000 0.02115286560006882435 0.00000000000000000000
4.9000000000 0.02114177396920836546 0.00000000000000000000
4.9100000000 0.02113073907268893034 0.00000000000000000000
4.9200000000 0.02111976047633356418 0.00000000000000000000
4.9300000000 0.02110883775038380553 0.00000000000000000000
4.9400000000 0.02109797046944364776 0.00000000000000000000
4.9500000000 0.02108715821242430205 0.00000000000000000000
4.9600000000 0.02107640056248993865 0.00000000000000000000
4.9700000000 0.02106569710700401804 0.00000000000000000000
4.9800000000 0.02105504743747662819 0.00000000000000000000
4.9900000000 0.02104445114951260590 0.00000000000000000000
5.0000000000 0.02103390784276018902 0.00000000000000000000
