0.1000000000 3.39916763218710649141 0.00000000000000000000
0.1100000000 3.26415422703837521112 0.00000000000000000000
0.1200000000 3.13375898578606104650 0.00000000000000000000
0.1300000000 3.00814471518770787384 0.00000000000000000000
0.1400000000 2.88742555591203231558 0.00000000000000000000
0.1500000000 2.77166634579790649440 0.00000000000000000000
0.1600000000 2.66088377598396208512 0.00000000000000000000
0.1700000000 2.55504917605493142574 0.00000000000000000000
0.1800000000 2.45409265419760114213 0.00000000000000000000
0.1900000000 2.35790824535771736947 0.00000000000000000000
0.2000000000 2.26635968920723351872 0.00000000000000000000
0.2100000000 2.17928646813557769235 0.00000000000000000000
0.2200000000 2.09650977588093612169 0.00000000000000000000
0.2300000000 2.01783814921703008594 0.00000000000000000000
0.2400000000 1.94307256711310949449 0.00000000000000000000
0.2500000000 1.87201089412935406386 0.00000000000000000000
0.2600000000 1.80445161012547683477 0.00000000000000000000
0.2700000000 1.74019682214264581610 0.00000000000000000000
0.2800000000 1.67905459469999418509 0.00000000000000000000
0.2900000000 1.62084066191557418790 0.00000000000000000000
0.3000000000 1.56537960035903900291 0.00000000000000000000
0.3100000000 1.51250554761148614524 0.00000000000000000000
0.3200000000 1.46206255057520539964 0.00000000000000000000
0.3300000000 1.41390462191231969236 0.00000000000000000000
0.3400000000 1.36789557451696208723 0.00000000000000000000
0.3500000000 1.32390869413786615993 0.00000000000000000000
0.3600000000 1.28182630024942345592 0.00000000000000000000
0.3700000000 1.24153923573826108218 0.00000000000000000000
0.3800000000 1.20294631735585322296 0.00000000000000000000
0.3900000000 1.16595377139425049329 0.00000000000000000000
0.4000000000 1.13047467272654933446 0.00000000000000000000
0.4100000000 1.09642840017294407318 0.00000000000000000000
0.4200000000 1.06374011700509263356 0.00000000000000000000
0.4300000000 1.03234028215680218032 0.00000000000000000000
0.4400000000 1.00216419522926791785 0.00000000000000000000
0.4500000000 0.97315157653138228966 0.00000000000000000000
0.4600000000 0.94524618205796429038 0.00000000000000000000
0.4700000000 0.91839545237483921625 0.00000000000000000000
0.4800000000 0.89255019375897848288 0.00000000000000000000
0.4900000000 0.86766428955970054115 0.00000000000000000000
0.5000000000 0.84369443954239553563 0.00000000000000000000
0.5100000000 0.82059992490114352925 0.00000000000000000000
0.5200000000 0.79834239664301720474 0.00000000000000000000
0.5300000000 0.77688568512587752313 0.00000000000000000000
0.5400000000 0.75619562865058786993 0.00000000000000000000
0.5500000000 0.73623991915181463686 0.00000000000000000000
0.5600000000 0.71698796318653823523 0.00000000000000000000
0.5700000000 0.69841075657787754505 0.00000000000000000000
0.5800000000 0.68048077122741135181 0.00000000000000000000
0.5900000000 0.66317185275855894400 0.00000000000000000000
0.6000000000 0.64645912779367376011 0.00000000000000000000
0.6100000000 0.63031891979739218534 0.00000000000000000000
0.6200000000 0.61472867253756979800 0.00000000000000000000
0.6300000000 0.59966688032305626166 0.00000000000000000000
0.6400000000 0.58511302427452283048 0.00000000000000000000
0.6500000000 0.57104751397160202764 0.00000000000000000000
0.6600000000 0.55745163389691387845 0.00000000000000000000
0.6700000000 0.54430749416631907245 0.00000000000000000000
0.6800000000 0.53159798509544087253 0.00000000000000000000
0.6900000000 0.51930673520616155159 0.00000000000000000000
0.7000000000 0.50741807232376534564 0.00000000000000000000
0.7100000000 0.49591698745704498874 0.00000000000000000000
0.7200000000 0.48478910118984241961 0.00000000000000000000
0.7300000000 0.47402063234434194117 0.00000000000000000000
0.7400000000 0.46359836870451975877 0.00000000000000000000
0.7500000000 0.45350963961217000131 0.00000000000000000000
0.7600000000 0.44374229026970501977 0.00000000000000000000
0.7700000000 0.43428465760217765945 0.00000000000000000000
0.7800000000 0.42512554754772263754 0.00000000000000000000
0.7900000000 0.41625421365959736075 0.00000000000000000000
0.8000000000 0.40766033691570047193 0.00000000000000000000
0.8100000000 0.39933400664236634592 0.00000000000000000000
0.8200000000 0.39126570246891290150 0.00000000000000000000
0.8300000000 0.38344627723782548356 0.00000000000000000000
0.8400000000 0.37586694080295818265 0.00000000000000000000
0.8500000000 0.36851924465453683721 0.00000000000000000000
0.8600000000 0.36139506731579035259 0.00000000000000000000
0.8700000000 0.35448660046085794795 0.00000000000000000000
0.8800000000 0.34778633570818889842 0.00000000000000000000
0.8900000000 0.34128705204788251093 0.00000000000000000000
0.9000000000 0.33498180386455628232 0.00000000000000000000
0.9100000000 0.32886390952089983308 0.00000000000000000000
0.9200000000 0.32292694046949010911 0.00000000000000000000
0.9300000000 0.31716471086330716433 0.00000000000000000000
0.9400000000 0.31157126763769177336 0.00000000000000000000
0.9500000000 0.30614088103748621217 0.00000000000000000000
0.9600000000 0.30086803556707431007 0.00000000000000000000
0.9700000000 0.29574742134025244766 0.00000000000000000000
0.9800000000 0.29077392580980476744 0.00000000000000000000
0.9900000000 0.28594262585762192375 0.00000000000000000000
1.0000000000 0.28124878022876437234 0.00000000000000000000
1.0100000000 0.27668782228809846169 0.00000000000000000000
1.0200000000 0.27225535309164955455 0.00000000000000000000
1.0300000000 0.26794713475057435614 0.00000000000000000000
1.0400000000 0.26375908407675352496 0.00000000000000000000
1.0500000000 0.25968726649728124389 0.00000000000000000000
1.0600000000 0.25572789022472902642 0.00000000000000000000
1.0700000000 0.25187730067127106492 0.00000000000000000000
1.0800000000 0.24813197509623241555 0.00000000000000000000
1.0900000000 0.24448851747584121608 0.00000000000000000000
1.1000000000 0.24094365358569405644 0.00000000000000000000
1.1100000000 0.23749422628626540299 0.00000000000000000000
1.1200000000 0.23413719100248422955 0.00000000000000000000
1.1300000000 0.23086961138894912526 0.00000000000000000000
1.1400000000 0.22768865517248659813 0.00000000000000000000
1.1500000000 0.22459159016451274438 0.00000000000000000000
1.1600000000 0.22157578043564041259 0.00000000000000000000
1.1700000000 0.21863868264579022771 0.00000000000000000000
1.1800000000 0.21577784252278686683 0.00000000000000000000
1.1900000000 0.21299089148343039457 0.00000000000000000000
1.2000000000 0.21027554339067133782 0.00000000000000000000
1.2100000000 0.20762959144129966571 0.00000000000000000000
1.2200000000 0.20505090517849514087 0.00000000000000000000
1.2300000000 0.20253742762403903477 0.00000000000000000000
1.2400000000 0.20008717252505944795 0.00000000000000000000
1.2500000000 0.19769822171060905114 0.00000000000000000000
1.2600000000 0.19536872255333767590 0.00000000000000000000
1.2700000000 0.19309688553198905980 0.00000000000000000000
1.2800000000 0.19088098189039426344 0.00000000000000000000
1.2900000000 0.18871934138907286993 0.00000000000000000000
1.3000000000 0.18661035014545448996 0.00000000000000000000
1.3100000000 0.18455244855918268021 0.00000000000000000000
1.3200000000 0.18254412931886829230 0.00000000000000000000
1.3300000000 0.18058393548700277242 0.00000000000000000000
1.3400000000 0.17867045865976377561 0.00000000000000000000
1.3500000000 0.17680233719868751474 0.00000000000000000000
1.3600000000 0.17497825453117943351 0.00000000000000000000
1.3700000000 0.17319693751710771301 0.00000000000000000000
1.3800000000 0.17145715487877241645 0.00000000000000000000
1.3900000000 0.16975771569160291730 0.00000000000000000000
1.4000000000 0.16809746793317872915 0.00000000000000000000
1.4100000000 0.16647529708818259442 0.00000000000000000000
1.4200000000 0.16489012480696244034 0.00000000000000000000
1.4300000000 0.16334090761561292915 0.00000000000000000000
1.4400000000 0.16182663567542779348 0.00000000000000000000
1.4500000000 0.16034633158975461487 0.00000000000000000000
1.4600000000 0.15889904925633480115 0.00000000000000000000
1.4700000000 0.15748387276329697815 0.00000000000000000000
1.4800000000 0.15609991532706199435 0.00000000000000000000
1.4900000000 0.15474631827045357002 0.00000000000000000000
1.5000000000 0.15342225003942416839 0.00000000000000000000
1.5100000000 0.15212690525685051979 0.00000000000000000000
1.5200000000 0.15085950381191359781 0.00000000000000000000
1.5300000000 0.14961928998364740218 0.00000000000000000000
1.5400000000 0.14840553159730585087 0.00000000000000000000
1.5500000000 0.14721751921223538706 0.00000000000000000000
1.5600000000 0.14605456533999694457 0.00000000000000000000
1.5700000000 0.14491600369158189054 0.00000000000000000000
1.5800000000 0.14380118845252140569 0.00000000000000000000
1.5900000000 0.14270949358482501457 0.00000000000000000000
1.6000000000 0.14164031215468125824 0.00000000000000000000
1.6100000000 0.14059305568491464733 0.00000000000000000000
1.6200000000 0.13956715353122536860 0.00000000000000000000
1.6300000000 0.13856205228128273821 0.00000000000000000000
1.6400000000 0.13757721517578366810 0.00000000000000000000
1.6500000000 0.13661212155061833173 0.00000000000000000000
1.6600000000 0.13566626629932704295 0.00000000000000000000
1.6700000000 0.13473915935505251240 0.00000000000000000000
1.6800000000 0.13383032519124365978 0.00000000000000000000
1.6900000000 0.13293930234038350835 0.00000000000000000000
1.7000000000 0.13206564293004033339 0.00000000000000000000
1.7100000000 0.13120891223558331373 0.00000000000000000000
1.7200000000 0.13036868824892505758 0.00000000000000000000
1.7300000000 0.12954456126266000737 0.00000000000000000000
1.7400000000 0.12873613346903961530 0.00000000000000000000
1.7500000000 0.12794301857319367866 0.00000000000000000000
1.7600000000 0.12716484142005776703 0.00000000000000000000
1.7700000000 0.12640123763450267225 0.00000000000000000000
1.7800000000 0.12565185327415448469 0.00000000000000000000
1.7900000000 0.12491634449442028110 0.00000000000000000000
1.8000000000 0.12419437722526906198 0.00000000000000000000
1.8100000000 0.12348562685932355787 0.00000000000000000000
1.8200000000 0.12278977795083048652 0.00000000000000000000
1.8300000000 0.12210652392511474329 0.00000000000000000000
1.8400000000 0.12143556679811121080 0.00000000000000000000
1.8500000000 0.12077661690560996532 0.00000000000000000000
1.8600000000 0.12012939264184643862 0.00000000000000000000
1.8700000000 0.11949362020709074217 0.00000000000000000000
1.8800000000 0.11886903336390811092 0.00000000000000000000
1.8900000000 0.11825537320176009171 0.00000000000000000000
1.9000000000 0.11765238790964756277 0.00000000000000000000
1.9100000000 0.11705983255649522745 0.00000000000000000000
1.9200000000 0.11647746887899872170 0.00000000000000000000
1.9300000000 0.11590506507664888325 0.00000000000000000000
1.9400000000 0.11534239561368844762 0.00000000000000000000
1.9500000000 0.11478924102773439830 0.00000000000000000000
1.9600000000 0.11424538774482875803 0.00000000000000000000
1.9700000000 0.11371062790068717230 0.00000000000000000000
1.9800000000 0.11318475916791338742 0.00000000000000000000
1.9900000000 0.11266758458897761785 0.00000000000000000000
2.0000000000 0.11215891241473463502 0.00000000000000000000
2.0100000000 0.11165855594829542097 0.00000000000000000000
2.0200000000 0.11116633339405705694 0.00000000000000000000
2.0300000000 0.11068206771170087388 0.00000000000000000000
2.0400000000 0.11020558647499320570 0.00000000000000000000
2.0500000000 0.10973672173520471196 0.00000000000000000000
2.0600000000 0.10927530988899614162 0.00000000000000000000
2.0700000000 0.10882119155060472615 0.00000000000000000000
2.0800000000 0.10837421142818021158 0.00000000000000000000
2.0900000000 0.10793421820413127976 0.00000000000000000000
2.1000000000 0.10750106441933243717 0.00000000000000000000
2.1100000000 0.10707460636106032326 0.00000000000000000000
2.1200000000 0.10665470395453188757 0.00000000000000000000
2.1300000000 0.10624122065791133385 0.00000000000000000000
2.1400000000 0.10583402336067557203 0.00000000000000000000
2.1500000000 0.10543298228520793514 0.00000000000000000000
2.1600000000 0.10503797089152712430 0.00000000000000000000
2.1700000000 0.10464886578502230474 0.00000000000000000000
2.1800000000 0.10426554662710775523 0.00000000000000000000
2.1900000000 0.10388789604868803318 0.00000000000000000000
2.2000000000 0.10351579956633941149 0.00000000000000000000
2.2100000000 0.10314914550111650704 0.00000000000000000000
2.2200000000 0.10278782489989136961 0.00000000000000000000
2.2300000000 0.10243173145914184763 0.00000000000000000000
2.2400000000 0.10208076145110774047 0.00000000000000000000
2.2500000000 0.10173481365222615536 0.00000000000000000000
2.2600000000 0.10139378927378328576 0.00000000000000000000
2.2700000000 0.10105759189469233628 0.00000000000000000000
2.2800000000 0.10072612739633995949 0.00000000000000000000
2.2900000000 0.10039930389942443301 0.00000000000000000000
2.3000000000 0.10007703170271810278 0.00000000000000000000
2.3100000000 0.09975922322369765172 0.00000000000000000000
2.3200000000 0.09944579294097107003 0.00000000000000000000
2.3300000000 0.09913665733844966022 0.00000000000000000000
2.3400000000 0.09883173485120073931 0.00000000000000000000
2.3500000000 0.09853094581293195264 0.00000000000000000000
2.3600000000 0.09823421240504798257 0.00000000000000000000
2.3700000000 0.09794145860723250940 0.00000000000000000000
2.3800000000 0.09765261014950346596 0.00000000000000000000
2.3900000000 0.09736759446569275001 0.00000000000000000000
2.4000000000 0.09708634064830762300 0.00000000000000000000
2.4100000000 0.09680877940472402965 0.00000000000000000000
2.4200000000 0.09653484301467320228 0.00000000000000000000
2.4300000000 0.09626446528897872335 0.00000000000000000000
2.4400000000 0.09599758152950099710 0.00000000000000000000
2.4500000000 0.09573412849025210447 0.00000000000000000000
2.4600000000 0.09547404433965002435 0.00000000000000000000
2.4700000000 0.09521726862386055423 0.00000000000000000000
2.4800000000 0.09496374223121042957 0.00000000000000000000
2.4900000000 0.09471340735762345808 0.00000000000000000000
2.5000000000 0.09446620747305414789 0.00000000000000000000
2.5100000000 0.09422208728888743778 0.00000000000000000000
2.5200000000 0.09398099272627107037 0.00000000000000000000
2.5300000000 0.09374287088535106227 0.00000000000000000000
2.5400000000 0.09350767001538994039 0.00000000000000000000
2.5500000000 0.09327533948572508393 0.00000000000000000000
2.5600000000 0.09304582975755787411 0.00000000000000000000
2.5700000000 0.09281909235653526546 0.00000000000000000000
2.5800000000 0.09259507984610591824 0.00000000000000000000
2.5900000000 0.09237374580162192872 0.00000000000000000000
2.6000000000 0.09215504478517091980 0.00000000000000000000
2.6100000000 0.09193893232110623981 0.00000000000000000000
2.6200000000 0.09172536487226129465 0.00000000000000000000
2.6300000000 0.09151429981682440706 0.00000000000000000000
2.6400000000 0.09130569542585381670 0.00000000000000000000
2.6500000000 0.09109951084141330868 0.00000000000000000000
2.6600000000 0.09089570605531065162 0.00000000000000000000
2.6700000000 0.09069424188842062362 0.00000000000000000000
2.6800000000 0.09049507997057223974 0.00000000000000000000
2.6900000000 0.09029818272098717735 0.00000000000000000000
2.7000000000 0.09010351332925034540 0.00000000000000000000
2.7100000000 0.08991103573679679051 0.00000000000000000000
2.7200000000 0.08972071461890120114 0.00000000000000000000
2.7300000000 0.08953251536715182979 0.00000000000000000000
2.7400000000 0.08934640407239853588 0.00000000000000000000
2.7500000000 0.08916234750815621446 0.00000000000000000000
2.7600000000 0.08898031311445646352 0.00000000000000000000
2.7700000000 0.08880026898212589614 0.00000000000000000000
2.7800000000 0.08862218383748669825 0.00000000000000000000
2.7900000000 0.08844602702746205691 0.00000000000000000000
2.8000000000 0.08827176850507495454 0.00000000000000000000
2.8100000000 0.08809937881533382031 0.00000000000000000000
2.8200000000 0.08792882908148286214 0.00000000000000000000
2.8300000000 0.08776009099162182525 0.00000000000000000000
2.8400000000 0.08759313678566968409 0.00000000000000000000
2.8500000000 0.08742793924267179551 0.00000000000000000000
2.8600000000 0.08726447166843688541 0.00000000000000000000
2.8700000000 0.08710270788349491755 0.00000000000000000000
2.8800000000 0.08694262221136700441 0.00000000000000000000
2.8900000000 0.08678418946713883919 0.00000000000000000000
2.9000000000 0.08662738494632690744 0.00000000000000000000
2.9100000000 0.08647218441403255185 0.00000000000000000000
2.9200000000 0.08631856409437156652 0.00000000000000000000
2.9300000000 0.08616650066017612908 0.00000000000000000000
2.9400000000 0.08601597122295757958 0.00000000000000000000
2.9500000000 0.08586695332312434259 0.00000000000000000000
2.9600000000 0.08571942492044726247 0.00000000000000000000
2.9700000000 0.08557336438476723095 0.00000000000000000000
2.9800000000 0.08542875048693518436 0.00000000000000000000
2.9900000000 0.08528556238998059869 0.00000000000000000000
3.0000000000 0.08514377964050079406 0.00000000000000000000
3.0100000000 0.08500338216026556704 0.00000000000000000000
3.0200000000 0.08486435023803136357 0.00000000000000000000
3.0300000000 0.08472666452155824812 0.00000000000000000000
3.0400000000 0.08459030600982411774 0.00000000000000000000
3.0500000000 0.08445525604543310805 0.00000000000000000000
3.0600000000 0.08432149630720869871 0.00000000000000000000
3.0700000000 0.08418900880297142120 0.00000000000000000000
3.0800000000 0.08405777586249053857 0.00000000000000000000
3.0900000000 0.08392778013061094611 0.00000000000000000000
3.1000000000 0.08379900456054542590 0.00000000000000000000
3.1100000000 0.08367143240733108944 0.00000000000000000000
3.1200000000 0.08354504722144365236 0.00000000000000000000
3.1300000000 0.08341983284256640485 0.00000000000000000000
3.1400000000 0.08329577339350995036 0.00000000000000000000
3.1500000000 0.08317285327427655084 0.00000000000000000000
3.1600000000 0.08305105715626875940 0.00000000000000000000
3.1700000000 0.08293036997663449927 0.00000000000000000000
3.1800000000 0.08281077693274854767 0.00000000000000000000
3.1900000000 0.08269226347682454015 0.00000000000000000000
3.2000000000 0.08257481531065452574 0.00000000000000000000
3.2100000000 0.08245841838047292260 0.00000000000000000000
3.2200000000 0.08234305887194307005 0.00000000000000000000
3.2300000000 0.08222872320525900780 0.00000000000000000000
3.2400000000 0.08211539803036412011 0.00000000000000000000
3.2500000000 0.08200307022228127407 0.00000000000000000000
3.2600000000 0.08189172687655152383 0.00000000000000000000
3.2700000000 0.08178135530477899373 0.00000000000000000000
3.2800000000 0.08167194303027894287 0.00000000000000000000
3.2900000000 0.08156347778382759539 0.00000000000000000000
3.3000000000 0.08145594749950803293 0.00000000000000000000
3.3100000000 0.08134934031065392535 0.00000000000000000000
3.3200000000 0.08124364454588418882 0.00000000000000000000
3.3300000000 0.08113884872523025038 0.00000000000000000000
3.3400000000 0.08103494155635095064 0.00000000000000000000
3.3500000000 0.08093191193083254520 0.00000000000000000000
3.3600000000 0.08082974892057492866 0.00000000000000000000
3.3700000000 0.08072844177425726742 0.00000000000000000000
3.3800000000 0.08062797991388587215 0.00000000000000000000
3.3900000000 0.08052835293141692719 0.00000000000000000000
3.4000000000 0.08042955058545815661 0.00000000000000000000
3.4100000000 0.08033156279804190558 0.00000000000000000000
3.4200000000 0.08023437965147101059 0.00000000000000000000
3.4300000000 0.08013799138523586274 0.00000000000000000000
3.4400000000 0.08004238839299883390 0.00000000000000000000
3.4500000000 0.07994756121964571860 0.00000000000000000000
3.4600000000 0.07985350055840270689 0.00000000000000000000
3.4700000000 0.07976019724801616806 0.00000000000000000000
3.4800000000 0.07966764226999543952 0.00000000000000000000
3.4900000000 0.07957582674591506811 0.00000000000000000000
3.5000000000 0.07948474193477653160 0.00000000000000000000
3.5100000000 0.07939437923042724776 0.00000000000000000000
3.5200000000 0.07930473015903577449 0.00000000000000000000
3.5300000000 0.07921578637662171629 0.00000000000000000000
3.5400000000 0.07912753966663919891 0.00000000000000000000
3.5500000000 0.07903998193761206659 0.00000000000000000000
3.5600000000 0.07895310522082006621 0.00000000000000000000
3.5700000000 0.07886690166803526914 0.00000000000000000000
3.5800000000 0.07878136354930546925 0.00000000000000000000
3.5900000000 0.07869648325078683337 0.00000000000000000000
3.6000000000 0.07861225327262093276 0.00000000000000000000
3.6100000000 0.07852866622685711340 0.00000000000000000000
3.6200000000 0.07844571483542045476 0.00000000000000000000
3.6300000000 0.07836339192812005749 0.00000000000000000000
3.6400000000 0.07828169044070101834 0.00000000000000000000
3.6500000000 0.07820060341293694206 0.00000000000000000000
3.6600000000 0.07812012398676192182 0.00000000000000000000
3.6700000000 0.07804024540444244595 0.00000000000000000000
3.6800000000 0.07796096100678567842 0.00000000000000000000
3.6900000000 0.07788226423138720766 0.00000000000000000000
3.7000000000 0.07780414861091315692 0.00000000000000000000
3.7100000000 0.07772660777141861266 0.00000000000000000000
3.7200000000 0.07764963543070096952 0.00000000000000000000
3.7300000000 0.07757322539668635997 0.00000000000000000000
3.7400000000 0.07749737156584944608 0.00000000000000000000
3.7500000000 0.07742206792166592133 0.00000000000000000000
3.7600000000 0.07734730853309605692 0.00000000000000000000
3.7700000000 0.07727308755309920951 0.00000000000000000000
3.7800000000 0.07719939921717802744 0.00000000000000000000
3.7900000000 0.07712623784195359045 0.00000000000000000000
3.8000000000 0.07705359782376677846 0.00000000000000000000
3.8100000000 0.07698147363731047688 0.00000000000000000000
3.8200000000 0.07690985983428692829 0.00000000000000000000
3.8300000000 0.07683875104209381135 0.00000000000000000000
3.8400000000 0.07676814196253456402 0.00000000000000000000
3.8500000000 0.07669802737055687880 0.00000000000000000000
3.8600000000 0.07662840211301331916 0.00000000000000000000
3.8700000000 0.07655926110744912250 0.00000000000000000000
3.8800000000 0.07649059934091223534 0.00000000000000000000
3.8900000000 0.07642241186878726000 0.00000000000000000000
3.9000000000 0.07635469381365236896 0.00000000000000000000
3.9100000000 0.07628744036415917307 0.00000000000000000000
3.9200000000 0.07622064677393276810 0.00000000000000000000
3.9300000000 0.07615430836049529029 0.00000000000000000000
3.9400000000 0.07608842050420873415 0.00000000000000000000
3.9500000000 0.07602297864723964183 0.00000000000000000000
3.9600000000 0.07595797829254216649 0.00000000000000000000
3.9700000000 0.07589341500286266029 0.00000000000000000000
3.9800000000 0.07582928439976144297 0.00000000000000000000
3.9900000000 0.07576558216265485979 0.00000000000000000000
4.0000000000 0.07570230402787513080 0.00000000000000000000
4.0100000000 0.07563944578774743632 0.00000000000000000000
4.0200000000 0.07557700328968615378 0.00000000000000000000
4.0300000000 0.07551497243530634618 0.00000000000000000000
4.0400000000 0.07545334917955341669 0.00000000000000000000
4.0500000000 0.07539212952984901406 0.00000000000000000000
4.0600000000 0.07533130954525237011 0.00000000000000000000
4.0700000000 0.07527088533563812411 0.00000000000000000000
4.0800000000 0.07521085306088867717 0.00000000000000000000
4.0900000000 0.07515120893010279746 0.00000000000000000000
4.1000000000 0.07509194920081782576 0.00000000000000000000
4.1100000000 0.07503307017824721592 0.00000000000000000000
4.1200000000 0.07497456821453160614 0.00000000000000000000
4.1300000000 0.07491643970800387908 0.00000000000000000000
4.1400000000 0.07485868110246812757 0.00000000000000000000
4.1500000000 0.07480128888649129060 0.00000000000000000000
4.1600000000 0.07474425959270811215 0.00000000000000000000
4.1700000000 0.07468758979713906176 0.00000000000000000000
4.1800000000 0.07463127611852010679 0.00000000000000000000
4.1900000000 0.07457531521764503013 0.00000000000000000000
4.2000000000 0.07451970379671983558 0.00000000000000000000
4.2100000000 0.07446443859872839410 0.00000000000000000000
4.2200000000 0.07440951640680994184 0.00000000000000000000
4.2300000000 0.07435493404364762471 0.00000000000000000000
4.2400000000 0.07430068837086820088 0.00000000000000000000
4.2500000000 0.07424677628845176292 0.00000000000000000000
4.2600000000 0.07419319473415342259 0.00000000000000000000
4.2700000000 0.07413994068293372486 0.00000000000000000000
4.2800000000 0.07408701114640033059 0.00000000000000000000
4.2900000000 0.07403440317225930267 0.00000000000000000000
4.3000000000 0.07398211384377535726 0.00000000000000000000
4.3100000000 0.07393014027924324494 0.00000000000000000000
4.3200000000 0.07387847963146627894 0.00000000000000000000
4.3300000000 0.07382712908724631262 0.00000000000000000000
4.3400000000 0.07377608586688082226 0.00000000000000000000
4.3500000000 0.07372534722366988480 0.00000000000000000000
4.3600000000 0.07367491044343087159 0.00000000000000000000
4.3700000000 0.07362477284402257904 0.00000000000000000000
4.3800000000 0.07357493177487664515 0.00000000000000000000
4.3900000000 0.07352538461653741753 0.00000000000000000000
4.4000000000 0.07347612878021056448 0.00000000000000000000
4.4100000000 0.07342716170731763969 0.00000000000000000000
4.4200000000 0.07337848086906011147 0.00000000000000000000
4.4300000000 0.07333008376598984523 0.00000000000000000000
4.4400000000 0.07328196792758710776 0.00000000000000000000
4.4500000000 0.07323413091184595436 0.00000000000000000000
4.4600000000 0.07318657030486612480 0.00000000000000000000
4.4700000000 0.07313928372045286341 0.00000000000000000000
4.4800000000 0.07309226879972244295 0.00000000000000000000
4.4900000000 0.07304552321071461352 0.00000000000000000000
4.5000000000 0.07299904464801219850 0.00000000000000000000
4.5100000000 0.07295283083236625554 0.00000000000000000000
4.5200000000 0.07290687951032788494 0.00000000000000000000
4.5300000000 0.07286118845388628307 0.00000000000000000000
4.5400000000 0.07281575546011238853 0.00000000000000000000
4.5500000000 0.07277057835080898152 0.00000000000000000000
4.5600000000 0.07272565497216609831 0.00000000000000000000
4.5700000000 0.07268098319442270472 0.00000000000000000000
4.5800000000 0.07263656091153329608 0.00000000000000000000
4.5900000000 0.07259238604084010393 0.00000000000000000000
4.6000000000 0.07254845652275145051 0.00000000000000000000
4.6100000000 0.07250477032042425274 0.00000000000000000000
4.6200000000 0.07246132541945239647 0.00000000000000000000
4.6300000000 0.07241811982755988475 0.00000000000000000000
4.6400000000 0.07237515157429941226 0.00000000000000000000
4.6500000000 0.07233241871075503371 0.00000000000000000000
4.6600000000 0.07228991930925031395 0.00000000000000000000
4.6700000000 0.07224765146306121044 0.00000000000000000000
4.6800000000 0.07220561328613273044 0.00000000000000000000
4.6900000000 0.07216380291280140302 0.00000000000000000000
4.7000000000 0.07212221849752079028 0.00000000000000000000
4.7100000000 0.07208085821459282727 0.00000000000000000000
4.7200000000 0.07203972025790215949 0.00000000000000000000
4.7300000000 0.07199880284065537928 0.00000000000000000000
4.7400000000 0.07195810419512435607 0.00000000000000000000
4.7500000000 0.07191762257239350808 0.00000000000000000000
4.7600000000 0.07187735624211107066 0.00000000000000000000
4.7700000000 0.07183730349224409784 0.00000000000000000000
4.7800000000 0.07179746262883779373 0.00000000000000000000
4.7900000000 0.07175783197577798034 0.00000000000000000000
4.8000000000 0.07171840987455778416 0.00000000000000000000
4.8100000000 0.07167919468404790329 0.00000000000000000000
4.8200000000 0.07164018478026984438 0.00000000000000000000
4.8300000000 0.07160137855617368374 0.00000000000000000000
4.8400000000 0.07156277442141821543 0.00000000000000000000
4.8500000000 0.07152437080215545695 0.00000000000000000000
4.8600000000 0.07148616614081763909 0.00000000000000000000
4.8700000000 0.07144815889590795666 0.00000000000000000000
4.8800000000 0.07141034754179435839 0.00000000000000000000
4.8900000000 0.07137273056850677866 0.00000000000000000000
4.9000000000 0.07133530648153671438 0.00000000000000000000
4.9100000000 0.07129807380164074337 0.00000000000000000000
4.9200000000 0.07126103106464660997 0.00000000000000000000
4.9300000000 0.07122417682126182259 0.00000000000000000000
4.9400000000 0.07118750963688616484 0.00000000000000000000
4.9500000000 0.07115102809142609397 0.00000000000000000000
4.9600000000 0.07111473077911212304 0.00000000000000000000
4.9700000000 0.07107861630831947830 0.00000000000000000000
4.9800000000 0.07104268330139076881 0.00000000000000000000
4.9900000000 0.07100693039446166754 0.00000000000000000000
5.0000000000 0.07097135623728904885 0.00000000000000000000
