0.1000000000 2.78693710919207893184 0.00000000000000000000
0.1100000000 2.66815968201984476948 0.00000000000000000000
0.1200000000 2.55438162453045736200 0.00000000000000000000
0.1300000000 2.44565313081423463260 0.00000000000000000000
0.1400000000 2.34197336133604805397 0.00000000000000000000
0.1500000000 2.24329380607055428598 0.00000000000000000000
0.1600000000 2.14952311124999040359 0.00000000000000000000
0.1700000000 2.06053296171524058522 0.00000000000000000000
0.1800000000 1.97616458196981081841 0.00000000000000000000
0.1900000000 1.89623543657999205081 0.00000000000000000000
0.2000000000 1.82054576439222470796 0.00000000000000000000
0.2100000000 1.74888465777459778394 0.00000000000000000000
0.2200000000 1.68103548415745440714 0.00000000000000000000
0.2300000000 1.61678053105502583797 0.00000000000000000000
0.2400000000 1.55590482932974105701 0.00000000000000000000
0.2500000000 1.49819916813463227534 0.00000000000000000000
0.2600000000 1.44346235729614558174 0.00000000000000000000
0.2700000000 1.39150281975497458475 0.00000000000000000000
0.2800000000 1.34213961035643958297 0.00000000000000000000
0.2900000000 1.29520296069209517320 0.00000000000000000000
0.3000000000 1.25053444580325212598 0.00000000000000000000
0.3100000000 1.20798686000927824047 0.00000000000000000000
0.3200000000 1.16742387806679426276 0.00000000000000000000
0.3300000000 1.12871956590935362819 0.00000000000000000000
0.3400000000 1.09175779347104273675 0.00000000000000000000
0.3500000000 1.05643159125651009411 0.00000000000000000000
0.3600000000 1.02264248275799896071 0.00000000000000000000
0.3700000000 0.99029981668131594752 0.00000000000000000000
0.3800000000 0.95932011621814572422 0.00000000000000000000
0.3900000000 0.92962645718984315835 0.00000000000000000000
0.4000000000 0.90114788263670420054 0.00000000000000000000
0.4100000000 0.87381885816741855511 0.00000000000000000000
0.4200000000 0.84757876994725889208 0.00000000000000000000
0.4300000000 0.82237146543444950009 0.00000000000000000000
0.4400000000 0.79814483573398620209 0.00000000000000000000
0.4500000000 0.77485043760918270728 0.00000000000000000000
0.4600000000 0.75244315267547590143 0.00000000000000000000
0.4700000000 0.73088088101899395532 0.00000000000000000000
0.4800000000 0.71012426637079240077 0.00000000000000000000
0.4900000000 0.69013644997673984083 0.00000000000000000000
0.5000000000 0.67088285039474038207 0.00000000000000000000
0.5100000000 0.65233096659612399559 0.00000000000000000000
0.5200000000 0.63445020192537537884 0.00000000000000000000
0.5300000000 0.61721170666583013986 0.00000000000000000000
0.5400000000 0.60058823715758014039 0.00000000000000000000
0.5500000000 0.58455402960971925008 0.00000000000000000000
0.5600000000 0.56908468693698877061 0.00000000000000000000
0.5700000000 0.55415707712774497917 0.00000000000000000000
0.5800000000 0.53974924181399319689 0.00000000000000000000
0.5900000000 0.52584031386425800214 0.00000000000000000000
0.6000000000 0.51241044295625226557 0.00000000000000000000
0.6100000000 0.49944072820873763874 0.00000000000000000000
0.6200000000 0.48691315706182747292 0.00000000000000000000
0.6300000000 0.47481054969248909225 0.00000000000000000000
0.6400000000 0.46311650833864287380 0.00000000000000000000
0.6500000000 0.45181537098182500412 0.00000000000000000000
0.6600000000 0.44089216890566768070 0.00000000000000000000
0.6700000000 0.43033258770681609429 0.00000000000000000000
0.6800000000 0.42012293138674516868 0.00000000000000000000
0.6900000000 0.41025008919857408607 0.00000000000000000000
0.7000000000 0.40070150496269996143 0.00000000000000000000
0.7100000000 0.39146514859992637136 0.00000000000000000000
0.7200000000 0.38252948966101707473 0.00000000000000000000
0.7300000000 0.37388347265827742705 0.00000000000000000000
0.7400000000 0.36551649402774966102 0.00000000000000000000
0.7500000000 0.35741838057080393964 0.00000000000000000000
0.7600000000 0.34957936924155114111 0.00000000000000000000
0.7700000000 0.34199008816178594339 0.00000000000000000000
0.7800000000 0.33464153875858704268 0.00000000000000000000
0.7900000000 0.32752507893140242468 0.00000000000000000000
0.8000000000 0.32063240716559948673 0.00000000000000000000
0.8100000000 0.31395554751850679454 0.00000000000000000000
0.8200000000 0.30748683541169824496 0.00000000000000000000
0.8300000000 0.30121890417011581986 0.00000000000000000000
0.8400000000 0.29514467225464824374 0.00000000000000000000
0.8500000000 0.28925733114019158698 0.00000000000000000000
0.8600000000 0.28355033379552452288 0.00000000000000000000
0.8700000000 0.27801738372580653280 0.00000000000000000000
0.8800000000 0.27265242454177407438 0.00000000000000000000
0.8900000000 0.26744963002323751677 0.00000000000000000000
0.9000000000 0.26240339464694645288 0.00000000000000000000
0.9100000000 0.25750832455150868272 0.00000000000000000000
0.9200000000 0.25275922891469798648 0.00000000000000000000
0.9300000000 0.24815111171960146930 0.00000000000000000000
0.9400000000 0.24367916388870219935 0.00000000000000000000
0.9500000000 0.23933875576604127233 0.00000000000000000000
0.9600000000 0.23512542992933652131 0.00000000000000000000
0.9700000000 0.23103489431481760707 0.00000000000000000000
0.9800000000 0.22706301563940689547 0.00000000000000000000
0.9900000000 0.22320581310496734329 0.00000000000000000000
1.0000000000 0.21945945237046476928 0.00000000000000000000
1.0100000000 0.21582023978226960725 0.00000000000000000000
1.0200000000 0.21228461684452920588 0.00000000000000000000
1.0300000000 0.20884915492234865098 0.00000000000000000000
1.0400000000 0.20551055016811217713 0.00000000000000000000
1.0500000000 0.20226561865700093401 0.00000000000000000000
1.0600000000 0.19911129172445504731 0.00000000000000000000
1.0700000000 0.19604461149612054105 0.00000000000000000000
1.0800000000 0.19306272660146678311 0.00000000000000000000
1.0900000000 0.19016288806310654991 0.00000000000000000000
1.1000000000 0.18734244535405528143 0.00000000000000000000
1.1100000000 0.18459884261555870033 0.00000000000000000000
1.1200000000 0.18192961502850524269 0.00000000000000000000
1.1300000000 0.17933238533188211594 0.00000000000000000000
1.1400000000 0.17680486048186827563 0.00000000000000000000
1.1500000000 0.17434482844555176939 0.00000000000000000000
1.1600000000 0.17195015512365688370 0.00000000000000000000
1.1700000000 0.16961878139664257614 0.00000000000000000000
1.1800000000 0.16734872028912617381 0.00000000000000000000
1.1900000000 0.16513805424753597029 0.00000000000000000000
1.2000000000 0.16298493252631476857 0.00000000000000000000
1.2100000000 0.16088756867810891094 0.00000000000000000000
1.2200000000 0.15884423814361925409 0.00000000000000000000
1.2300000000 0.15685327593695078119 0.00000000000000000000
1.2400000000 0.15491307442254378945 0.00000000000000000000
1.2500000000 0.15302208117984358871 0.00000000000000000000
1.2600000000 0.15117879695213493063 0.00000000000000000000
1.2700000000 0.14938177367604790757 0.00000000000000000000
1.2800000000 0.14762961258841639234 0.00000000000000000000
1.2900000000 0.14592096240736482371 0.00000000000000000000
1.3000000000 0.14425451758449212014 0.00000000000000000000
1.3100000000 0.14262901662534893665 0.00000000000000000000
1.3200000000 0.14104324047534147479 0.00000000000000000000
1.3300000000 0.13949601096845584691 0.00000000000000000000
1.3400000000 0.13798618933619391513 0.00000000000000000000
1.3500000000 0.13651267477432910136 0.00000000000000000000
1.3600000000 0.13507440306509588268 0.00000000000000000000
1.3700000000 0.13367034525260093614 0.00000000000000000000
1.3800000000 0.13229950636927351182 0.00000000000000000000
1.3900000000 0.13096092421132857209 0.00000000000000000000
1.4000000000 0.12965366816124759830 0.00000000000000000000
1.4100000000 0.12837683805538790960 0.00000000000000000000
1.4200000000 0.12712956309490597295 0.00000000000000000000
1.4300000000 0.12591100079826159086 0.00000000000000000000
1.4400000000 0.12472033599366325052 0.00000000000000000000
1.4500000000 0.12355677984977496420 0.00000000000000000000
1.4600000000 0.12241956894327264693 0.00000000000000000000
1.4700000000 0.12130796436167549934 0.00000000000000000000
1.4800000000 0.12022125084011660301 0.00000000000000000000
1.4900000000 0.11915873593067458081 0.00000000000000000000
1.5000000000 0.11811974920297617364 0.00000000000000000000
1.5100000000 0.11710364147482764385 0.00000000000000000000
1.5200000000 0.11610978407170467752 0.00000000000000000000
1.5300000000 0.11513756811393949242 0.00000000000000000000
1.5400000000 0.11418640383051936738 0.00000000000000000000
1.5500000000 0.11325571989845380216 0.00000000000000000000
1.5600000000 0.11234496280669920010 0.00000000000000000000
1.5700000000 0.11145359624367742746 0.00000000000000000000
1.5800000000 0.11058110050746972064 0.00000000000000000000
1.5900000000 0.10972697193778653546 0.00000000000000000000
1.6000000000 0.10889072236886987444 0.00000000000000000000
1.6100000000 0.10807187860252018274 0.00000000000000000000
1.6200000000 0.10726998190044667592 0.00000000000000000000
1.6300000000 0.10648458749520393896 0.00000000000000000000
1.6400000000 0.10571526411898600484 0.00000000000000000000
1.6500000000 0.10496159354958679855 0.00000000000000000000
1.6600000000 0.10422317017288035279 0.00000000000000000000
1.6700000000 0.10349960056114425322 0.00000000000000000000
1.6800000000 0.10279050306666502601 0.00000000000000000000
1.6900000000 0.10209550742999609629 0.00000000000000000000
1.7000000000 0.10141425440233088617 0.00000000000000000000
1.7100000000 0.10074639538144525286 0.00000000000000000000
1.7200000000 0.10009159206067917702 0.00000000000000000000
1.7300000000 0.09944951609047783525 0.00000000000000000000
1.7400000000 0.09881984875199882612 0.00000000000000000000
1.7500000000 0.09820228064234029497 0.00000000000000000000
1.7600000000 0.09759651137093192097 0.00000000000000000000
1.7700000000 0.09700224926668567227 0.00000000000000000000
1.7800000000 0.09641921109548212687 0.00000000000000000000
1.7900000000 0.09584712178761913004 0.00000000000000000000
1.8000000000 0.09528571417483042150 0.00000000000000000000
1.8100000000 0.09473472873653140947 0.00000000000000000000
1.8200000000 0.09419391335493423889 0.00000000000000000000
1.8300000000 0.09366302307870792709 0.00000000000000000000
1.8400000000 0.09314181989485552371 0.00000000000000000000
1.8500000000 0.09263007250852101082 0.00000000000000000000
1.8600000000 0.09212755613040263247 0.00000000000000000000
1.8700000000 0.09163405227151841248 0.00000000000000000000
1.8800000000 0.09114934854503689565 0.00000000000000000000
1.8900000000 0.09067323847491340350 0.00000000000000000000
1.9000000000 0.09020552131108210137 0.00000000000000000000
1.9100000000 0.08974600185097009186 0.00000000000000000000
1.9200000000 0.08929449026708699555 0.00000000000000000000
1.9300000000 0.08885080194048286528 0.00000000000000000000
1.9400000000 0.08841475729984656085 0.00000000000000000000
1.9500000000 0.08798618166605344515 0.00000000000000000000
1.9600000000 0.08756490510194903099 0.00000000000000000000
1.9700000000 0.08715076226718998509 0.00000000000000000000
1.9800000000 0.08674359227795494509 0.00000000000000000000
1.9900000000 0.08634323857135139946 0.00000000000000000000
2.0000000000 0.08594954877434350660 0.00000000000000000000
2.0100000000 0.08556237457704939098 0.00000000000000000000
2.0200000000 0.08518157161023597046 0.00000000000000000000
2.0300000000 0.08480699932688046117 0.00000000000000000000
2.0400000000 0.08443852088763147135 0.00000000000000000000
2.0500000000 0.08407600305005283325 0.00000000000000000000
2.0600000000 0.08371931606149567162 0.00000000000000000000
2.0700000000 0.08336833355548546598 0.00000000000000000000
2.0800000000 0.08302293245149304501 0.00000000000000000000
2.0900000000 0.08268299285796701370 0.00000000000000000000
2.1000000000 0.08234839797852262777 0.00000000000000000000
2.1100000000 0.08201903402116492159 0.00000000000000000000
2.1200000000 0.08169479011044819550 0.00000000000000000000
2.1300000000 0.08137555820246712701 0.00000000000000000000
2.1400000000 0.08106123300257708775 0.00000000000000000000
2.1500000000 0.08075171188575397396 0.00000000000000000000
2.1600000000 0.08044689481949970911 0.00000000000000000000
2.1700000000 0.08014668428920375398 0.00000000000000000000
2.1800000000 0.07985098522587791292 0.00000000000000000000
2.1900000000 0.07955970493618512440 0.00000000000000000000
2.2000000000 0.07927275303467491707 0.00000000000000000000
2.2100000000 0.07899004137816130477 0.00000000000000000000
2.2200000000 0.07871148400215939589 0.00000000000000000000
2.2300000000 0.07843699705931893307 0.00000000000000000000
2.2400000000 0.07816649875978097517 0.00000000000000000000
2.2500000000 0.07789990931339504932 0.00000000000000000000
2.2600000000 0.07763715087373340706 0.00000000000000000000
2.2700000000 0.07737814748384069796 0.00000000000000000000
2.2800000000 0.07712282502366525627 0.00000000000000000000
2.2900000000 0.07687111115910678916 0.00000000000000000000
2.3000000000 0.07662293529263410063 0.00000000000000000000
2.3100000000 0.07637822851541743729 0.00000000000000000000
2.3200000000 0.07613692356092567615 0.00000000000000000000
2.3300000000 0.07589895475993575780 0.00000000000000000000
2.3400000000 0.07566425799691618714 0.00000000000000000000
2.3500000000 0.07543277066772785533 0.00000000000000000000
2.3600000000 0.07520443163861047220 0.00000000000000000000
2.3700000000 0.07497918120640016670 0.00000000000000000000
2.3800000000 0.07475696105994979190 0.00000000000000000000
2.3900000000 0.07453771424270268231 0.00000000000000000000
2.4000000000 0.07432138511638818057 0.00000000000000000000
2.4100000000 0.07410791932579942343 0.00000000000000000000
2.4200000000 0.07389726376462014967 0.00000000000000000000
2.4300000000 0.07368936654226503069 0.00000000000000000000
2.4400000000 0.07348417695170016140 0.00000000000000000000
2.4500000000 0.07328164543821553967 0.00000000000000000000
2.4600000000 0.07308172356911382672 0.00000000000000000000
2.4700000000 0.07288436400429060269 0.00000000000000000000
2.4800000000 0.07268952046767429565 0.00000000000000000000
2.4900000000 0.07249714771950048486 0.00000000000000000000
2.5000000000 0.07230720152939244805 0.00000000000000000000
2.5100000000 0.07211963865022269493 0.00000000000000000000
2.5200000000 0.07193441679273299139 0.00000000000000000000
2.5300000000 0.07175149460088312003 0.00000000000000000000
2.5400000000 0.07157083162791348652 0.00000000000000000000
2.5500000000 0.07139238831309123456 0.00000000000000000000
2.5600000000 0.07121612595912375776 0.00000000000000000000
2.5700000000 0.07104200671021695945 0.00000000000000000000
2.5800000000 0.07086999353075706942 0.00000000000000000000
2.5900000000 0.07070005018459750434 0.00000000000000000000
2.6000000000 0.07053214121493418809 0.00000000000000000000
2.6100000000 0.07036623192474553146 0.00000000000000000000
2.6200000000 0.07020228835778670462 0.00000000000000000000
2.6300000000 0.07004027728011333331 0.00000000000000000000
2.6400000000 0.06988016616212726351 0.00000000000000000000
2.6500000000 0.06972192316111883170 0.00000000000000000000
2.6600000000 0.06956551710429867419 0.00000000000000000000
2.6700000000 0.06941091747229780062 0.00000000000000000000
2.6800000000 0.06925809438312752198 0.00000000000000000000
2.6900000000 0.06910701857657922109 0.00000000000000000000
2.7000000000 0.06895766139905561143 0.00000000000000000000
2.7100000000 0.06880999478881774656 0.00000000000000000000
2.7200000000 0.06866399126163626188 0.00000000000000000000
2.7300000000 0.06851962389683366461 0.00000000000000000000
2.7400000000 0.06837686632370772177 0.00000000000000000000
2.7500000000 0.06823569270832295641 0.00000000000000000000
2.7600000000 0.06809607774065960795 0.00000000000000000000
2.7700000000 0.06795799662211003678 0.00000000000000000000
2.7800000000 0.06782142505331188731 0.00000000000000000000
2.7900000000 0.06768633922230693489 0.00000000000000000000
2.8000000000 0.06755271579301920515 0.00000000000000000000
2.8100000000 0.06742053189403793279 0.00000000000000000000
2.8200000000 0.06728976510770186270 0.00000000000000000000
2.8300000000 0.06716039345947281969 0.00000000000000000000
2.8400000000 0.06703239540758849924 0.00000000000000000000
2.8500000000 0.06690574983299192591 0.00000000000000000000
2.8600000000 0.06678043602952409008 0.00000000000000000000
2.8700000000 0.06665643369437478094 0.00000000000000000000
2.8800000000 0.06653372291878285882 0.00000000000000000000
2.8900000000 0.06641228417898126235 0.00000000000000000000
2.9000000000 0.06629209832737517627 0.00000000000000000000
2.9100000000 0.06617314658395233307 0.00000000000000000000
2.9200000000 0.06605541052791334689 0.00000000000000000000
2.9300000000 0.06593887208951973444 0.00000000000000000000
2.9400000000 0.06582351354215146277 0.00000000000000000000
2.9500000000 0.06570931749456873638 0.00000000000000000000
2.9600000000 0.06559626688337159839 0.00000000000000000000
2.9700000000 0.06548434496565268270 0.00000000000000000000
2.9800000000 0.06537353531183720534 0.00000000000000000000
2.9900000000 0.06526382179870471312 0.00000000000000000000
3.0000000000 0.06515518860258721900 0.00000000000000000000
3.0100000000 0.06504762019274019924 0.00000000000000000000
3.0200000000 0.06494110132487908305 0.00000000000000000000
3.0300000000 0.06483561703488063821 0.00000000000000000000
3.0400000000 0.06473115263263964914 0.00000000000000000000
3.0500000000 0.06462769369608045711 0.00000000000000000000
3.0600000000 0.06452522606531782556 0.00000000000000000000
3.0700000000 0.06442373583696195394 0.00000000000000000000
3.0800000000 0.06432320935856654376 0.00000000000000000000
3.0900000000 0.06422363322321121559 0.00000000000000000000
3.1000000000 0.06412499426422037241 0.00000000000000000000
3.1100000000 0.06402727955001016880 0.00000000000000000000
3.1200000000 0.06393047637906236480 0.00000000000000000000
3.1300000000 0.06383457227502037368 0.00000000000000000000
3.1400000000 0.06373955498190671254 0.00000000000000000000
3.1500000000 0.06364541245945395942 0.00000000000000000000
3.1600000000 0.06355213287855138171 0.00000000000000000000
3.1700000000 0.06345970461680035257 0.00000000000000000000
3.1800000000 0.06336811625417697325 0.00000000000000000000
3.1900000000 0.06327735656879975024 0.00000000000000000000
3.2000000000 0.06318741453279784481 0.00000000000000000000
3.2100000000 0.06309827930827867359 0.00000000000000000000
3.2200000000 0.06300994024339159894 0.00000000000000000000
3.2300000000 0.06292238686848512785 0.00000000000000000000
3.2400000000 0.06283560889235495495 0.00000000000000000000
3.2500000000 0.06274959619858155868 0.00000000000000000000
3.2600000000 0.06266433884195342363 0.00000000000000000000
3.2700000000 0.06257982704497461190 0.00000000000000000000
3.2800000000 0.06249605119445433843 0.00000000000000000000
3.2900000000 0.06241300183817626718 0.00000000000000000000
3.3000000000 0.06233066968164506505 0.00000000000000000000
3.3100000000 0.06224904558490992196 0.00000000000000000000
3.3200000000 0.06216812055946015908 0.00000000000000000000
3.3300000000 0.06208788576519364694 0.00000000000000000000
3.3400000000 0.06200833250745481362 0.00000000000000000000
3.3500000000 0.06192945223414098727 0.00000000000000000000
3.3600000000 0.06185123653287523393 0.00000000000000000000
3.3700000000 0.06177367712824301943 0.00000000000000000000
3.3800000000 0.06169676587909328491 0.00000000000000000000
3.3900000000 0.06162049477590016838 0.00000000000000000000
3.4000000000 0.06154485593818366518 0.00000000000000000000
3.4100000000 0.06146984161199144786 0.00000000000000000000
3.4200000000 0.06139544416743394212 0.00000000000000000000
3.4300000000 0.06132165609627770325 0.00000000000000000000
3.4400000000 0.06124847000959170173 0.00000000000000000000
3.4500000000 0.06117587863544543536 0.00000000000000000000
3.4600000000 0.06110387481666088721 0.00000000000000000000
3.4700000000 0.06103245150861152934 0.00000000000000000000
3.4800000000 0.06096160177707220934 0.00000000000000000000
3.4900000000 0.06089131879611635323 0.00000000000000000000
3.5000000000 0.06082159584605840996 0.00000000000000000000
3.5100000000 0.06075242631144359834 0.00000000000000000000
3.5200000000 0.06068380367907971057 0.00000000000000000000
3.5300000000 0.06061572153611315822 0.00000000000000000000
3.5400000000 0.06054817356814756746 0.00000000000000000000
3.5500000000 0.06048115355740124599 0.00000000000000000000
3.5600000000 0.06041465538090729642 0.00000000000000000000
3.5700000000 0.06034867300875072088 0.00000000000000000000
3.5800000000 0.06028320050234445976 0.00000000000000000000
3.5900000000 0.06021823201274229681 0.00000000000000000000
3.6000000000 0.06015376177898841548 0.00000000000000000000
3.6100000000 0.06008978412650158724 0.00000000000000000000
3.6200000000 0.06002629346549474137 0.00000000000000000000
3.6300000000 0.05996328428942721694 0.00000000000000000000
3.6400000000 0.05990075117349068917 0.00000000000000000000
3.6500000000 0.05983868877312701479 0.00000000000000000000
3.6600000000 0.05977709182257705950 0.00000000000000000000
3.6700000000 0.05971595513346023010 0.00000000000000000000
3.6800000000 0.05965527359338447522 0.00000000000000000000
3.6900000000 0.05959504216458399312 0.00000000000000000000
3.7000000000 0.05953525588258717915 0.00000000000000000000
3.7100000000 0.05947590985491107290 0.00000000000000000000
3.7200000000 0.05941699925978294328 0.00000000000000000000
3.7300000000 0.05935851934488951126 0.00000000000000000000
3.7400000000 0.05930046542615050043 0.00000000000000000000
3.7500000000 0.05924283288651862461 0.00000000000000000000
3.7600000000 0.05918561717480395196 0.00000000000000000000
3.7700000000 0.05912881380452172236 0.00000000000000000000
3.7800000000 0.05907241835276499931 0.00000000000000000000
3.7900000000 0.05901642645909888768 0.00000000000000000000
3.8000000000 0.05896083382447823290 0.00000000000000000000
3.8100000000 0.05890563621018721219 0.00000000000000000000
3.8200000000 0.05885082943679929152 0.00000000000000000000
3.8300000000 0.05879640938315978255 0.00000000000000000000
3.8400000000 0.05874237198538809213 0.00000000000000000000
3.8500000000 0.05868871323589897743 0.00000000000000000000
3.8600000000 0.05863542918244543656 0.00000000000000000000
3.8700000000 0.05858251592717927947 0.00000000000000000000
3.8800000000 0.05852996962573022571 0.00000000000000000000
3.8900000000 0.05847778648630447967 0.00000000000000000000
3.9000000000 0.05842596276880009792 0.00000000000000000000
3.9100000000 0.05837449478394005076 0.00000000000000000000
3.9200000000 0.05832337889242276974 0.00000000000000000000
3.9300000000 0.05827261150408864776 0.00000000000000000000
3.9400000000 0.05822218907710367819 0.00000000000000000000
3.9500000000 0.05817210811715826935 0.00000000000000000000
3.9600000000 0.05812236517668199071 0.00000000000000000000
3.9700000000 0.05807295685407418140 0.00000000000000000000
3.9800000000 0.05802387979294776343 0.00000000000000000000
3.9900000000 0.05797513068138979847 0.00000000000000000000
4.0000000000 0.05792670625123452766 0.00000000000000000000
4.0100000000 0.05787860327735148969 0.00000000000000000000
4.0200000000 0.05783081857694665623 0.00000000000000000000
4.0300000000 0.05778334900887722309 0.00000000000000000000
4.0400000000 0.05773619147297913423 0.00000000000000000000
4.0500000000 0.05768934290940815751 0.00000000000000000000
4.0600000000 0.05764280029799210420 0.00000000000000000000
4.0700000000 0.05759656065759691940 0.00000000000000000000
4.0800000000 0.05755062104550336122 0.00000000000000000000
4.0900000000 0.05750497855679621156 0.00000000000000000000
4.1000000000 0.05745963032376427693 0.00000000000000000000
4.1100000000 0.05741457351531249059 0.00000000000000000000
4.1200000000 0.05736980533638424973 0.00000000000000000000
4.1300000000 0.05732532302739459795 0.00000000000000000000
4.1400000000 0.05728112386367430198 0.00000000000000000000
4.1500000000 0.05723720515492378147 0.00000000000000000000
4.1600000000 0.05719356424467746114 0.00000000000000000000
4.1700000000 0.05715019850977742788 0.00000000000000000000
4.1800000000 0.05710710535985787789 0.00000000000000000000
4.1900000000 0.05706428223683752965 0.00000000000000000000
4.2000000000 0.05702172661442243828 0.00000000000000000000
4.2100000000 0.05697943599761729622 0.00000000000000000000
4.2200000000 0.05693740792224582375 0.00000000000000000000
4.2300000000 0.05689563995448001371 0.00000000000000000000
4.2400000000 0.05685412969037721004 0.00000000000000000000
4.2500000000 0.05681287475542612375 0.00000000000000000000
4.2600000000 0.05677187280410138370 0.00000000000000000000
4.2700000000 0.05673112151942476949 0.00000000000000000000
4.2800000000 0.05669061861253556905 0.00000000000000000000
4.2900000000 0.05665036182226796529 0.00000000000000000000
4.3000000000 0.05661034891473609720 0.00000000000000000000
4.3100000000 0.05657057768292630962 0.00000000000000000000
4.3200000000 0.05653104594629682067 0.00000000000000000000
4.3300000000 0.05649175155038464041 0.00000000000000000000
4.3400000000 0.05645269236641885929 0.00000000000000000000
4.3500000000 0.05641386629094085475 0.00000000000000000000
4.3600000000 0.05637527124543188078 0.00000000000000000000
4.3700000000 0.05633690517594601432 0.00000000000000000000
4.3800000000 0.05629876605275051932 0.00000000000000000000
4.3900000000 0.05626085186997159537 0.00000000000000000000
4.4000000000 0.05622316064524675999 0.00000000000000000000
4.4100000000 0.05618569041938368397 0.00000000000000000000
4.4200000000 0.05614843925602350933 0.00000000000000000000
4.4300000000 0.05611140524131138368 0.00000000000000000000
4.4400000000 0.05607458648357210862 0.00000000000000000000
4.4500000000 0.05603798111299060358 0.00000000000000000000
4.4600000000 0.05600158728129959324 0.00000000000000000000
4.4700000000 0.05596540316147068789 0.00000000000000000000
4.4800000000 0.05592942694741176446 0.00000000000000000000
4.4900000000 0.05589365685366963488 0.00000000000000000000
4.5000000000 0.05585809111513651698 0.00000000000000000000
4.5100000000 0.05582272798676316677 0.00000000000000000000
4.5200000000 0.05578756574327561196 0.00000000000000000000
4.5300000000 0.05575260267889652066 0.00000000000000000000
4.5400000000 0.05571783710707243348 0.00000000000000000000
4.5500000000 0.05568326736020432627 0.00000000000000000000
4.5600000000 0.05564889178938307174 0.00000000000000000000
4.5700000000 0.05561470876412949460 0.00000000000000000000
4.5800000000 0.05558071667213852762 0.00000000000000000000
4.5900000000 0.05554691391902735753 0.00000000000000000000
4.6000000000 0.05551329892808846977 0.00000000000000000000
4.6100000000 0.05547987014004564232 0.00000000000000000000
4.6200000000 0.05544662601281507425 0.00000000000000000000
4.6300000000 0.05541356502126942862 0.00000000000000000000
4.6400000000 0.05538068565700671880 0.00000000000000000000
4.6500000000 0.05534798642812158859 0.00000000000000000000
4.6600000000 0.05531546585898198393 0.00000000000000000000
4.6700000000 0.05528312249000799650 0.00000000000000000000
4.6800000000 0.05525095487745494000 0.00000000000000000000
4.6900000000 0.05521896159319991670 0.00000000000000000000
4.7000000000 0.05518714122453190207 0.00000000000000000000
4.7100000000 0.05515549237394445220 0.00000000000000000000
4.7200000000 0.05512401365893271343 0.00000000000000000000
4.7300000000 0.05509270371179302711 0.00000000000000000000
4.7400000000 0.05506156117942602457 0.00000000000000000000
4.7500000000 0.05503058472314263649 0.00000000000000000000
4.7600000000 0.05499977301847330802 0.00000000000000000000
4.7700000000 0.05496912475498007961 0.00000000000000000000
4.7800000000 0.05493863863607188758 0.00000000000000000000
4.7900000000 0.05490831337882243202 0.00000000000000000000
4.8000000000 0.05487814771379094514 0.00000000000000000000
4.8100000000 0.05484814038484647075 0.00000000000000000000
4.8200000000 0.05481829014899341351 0.00000000000000000000
4.8300000000 0.05478859577620139032 0.00000000000000000000
4.8400000000 0.05475905604923654579 0.00000000000000000000
4.8500000000 0.05472966976349620538 0.00000000000000000000
4.8600000000 0.05470043572684547828 0.00000000000000000000
4.8700000000 0.05467135275945720491 0.00000000000000000000
4.8800000000 0.05464241969365325052 0.00000000000000000000
4.8900000000 0.05461363537374935850 0.00000000000000000000
4.9000000000 0.05458499865590143302 0.00000000000000000000
4.9100000000 0.05455650840795493728 0.00000000000000000000
4.9200000000 0.05452816350929581835 0.00000000000000000000
4.9300000000 0.05449996285070451280 0.00000000000000000000
4.9400000000 0.05447190533421145120 0.00000000000000000000
4.9500000000 0.05444398987295522713 0.00000000000000000000
4.9600000000 0.05441621539104241762 0.00000000000000000000
4.9700000000 0.05438858082341031797 0.00000000000000000000
4.9800000000 0.05436108511569061330 0.00000000000000000000
4.9900000000 0.05433372722407614486 0.00000000000000000000
5.0000000000 0.05430650611518911958 0.00000000000000000000
