0.1000000000 2.62750976486805765120 0.00000000000000000000
0.1100000000 2.55267131981006611952 0.00000000000000000000
0.1200000000 2.47953178937194662623 0.00000000000000000000
0.1300000000 2.40809621726901035288 0.00000000000000000000
0.1400000000 2.33836633765776635840 0.00000000000000000000
0.1500000000 2.27034068475185613067 0.00000000000000000000
0.1600000000 2.20401471788405212138 0.00000000000000000000
0.1700000000 2.13938096000966648802 0.00000000000000000000
0.1800000000 2.07642914759080099429 0.00000000000000000000
0.1900000000 2.01514638978610838294 0.00000000000000000000
0.2000000000 1.95551733489402712607 0.00000000000000000000
0.2100000000 1.89752434205489217689 0.00000000000000000000
0.2200000000 1.84114765630446020062 0.00000000000000000000
0.2300000000 1.78636558518330179623 0.00000000000000000000
0.2400000000 1.73315467523829469521 0.00000000000000000000
0.2500000000 1.68148988689907974425 0.00000000000000000000
0.2600000000 1.63134476636901215585 0.00000000000000000000
0.2700000000 1.58269161333253194357 0.00000000000000000000
0.2800000000 1.53550164344479589396 0.00000000000000000000
0.2900000000 1.48974514473147179316 0.00000000000000000000
0.3000000000 1.44539162718371638761 0.00000000000000000000
0.3100000000 1.40240996498308367890 0.00000000000000000000
0.3200000000 1.36076853093150784701 0.00000000000000000000
0.3300000000 1.32043532279124131712 0.00000000000000000000
0.3400000000 1.28137808135751263272 0.00000000000000000000
0.3500000000 1.24356440019249436801 0.00000000000000000000
0.3600000000 1.20696182704240007055 0.00000000000000000000
0.3700000000 1.17153795704060703642 0.00000000000000000000
0.3800000000 1.13726051786873405547 0.00000000000000000000
0.3900000000 1.10409744710536039669 0.00000000000000000000
0.4000000000 1.07201696203920482375 0.00000000000000000000
0.4100000000 1.04098762226079433191 0.00000000000000000000
0.4200000000 1.01097838537509465695 0.00000000000000000000
0.4300000000 0.98195865619785238643 0.00000000000000000000
0.4400000000 0.95389832981166622350 0.00000000000000000000
0.4500000000 0.92676782886483288770 0.00000000000000000000
0.4600000000 0.90053813549769778923 0.00000000000000000000
0.4700000000 0.87518081827838900555 0.00000000000000000000
0.4800000000 0.85066805452318938752 0.00000000000000000000
0.4900000000 0.82697264836706574354 0.00000000000000000000
0.5000000000 0.80406804493766748099 0.00000000000000000000
0.5100000000 0.78192834097202112975 0.00000000000000000000
0.5200000000 0.76052829219950857098 0.00000000000000000000
0.5300000000 0.73984331779830658782 0.00000000000000000000
0.5400000000 0.71984950221515697777 0.00000000000000000000
0.5500000000 0.70052359462088964470 0.00000000000000000000
0.5600000000 0.68184300625659111095 0.00000000000000000000
0.5700000000 0.66378580590786273596 0.00000000000000000000
0.5800000000 0.64633071372759931528 0.00000000000000000000
0.5900000000 0.62945709361113433289 0.00000000000000000000
0.6000000000 0.61314494431160282417 0.00000000000000000000
0.6100000000 0.59737488946808459112 0.00000000000000000000
0.6200000000 0.58212816670449141210 0.00000000000000000000
0.6300000000 0.56738661594334471872 0.00000000000000000000
0.6400000000 0.55313266706558161800 0.00000000000000000000
0.6500000000 0.53934932703531046627 0.00000000000000000000
0.6600000000 0.52602016659696848588 0.00000000000000000000
0.6700000000 0.51312930664172584638 0.00000000000000000000
0.6800000000 0.50066140433008610167 0.00000000000000000000
0.6900000000 0.48860163904845688165 0.00000000000000000000
0.7000000000 0.47693569826905485298 0.00000000000000000000
0.7100000000 0.46564976337474572876 0.00000000000000000000
0.7200000000 0.45473049550318556111 0.00000000000000000000
0.7300000000 0.44416502145830533133 0.00000000000000000000
0.7400000000 0.43394091973101872606 0.00000000000000000000
0.7500000000 0.42404620666566639198 0.00000000000000000000
0.7600000000 0.41446932280388121272 0.00000000000000000000
0.7700000000 0.40519911943291009315 0.00000000000000000000
0.7800000000 0.39622484536151292289 0.00000000000000000000
0.7900000000 0.38753613394282926397 0.00000000000000000000
0.8000000000 0.37912299036040258970 0.00000000000000000000
0.8100000000 0.37097577919048507766 0.00000000000000000000
0.8200000000 0.36308521225119150255 0.00000000000000000000
0.8300000000 0.35544233674666508849 0.00000000000000000000
0.8400000000 0.34803852371237442576 0.00000000000000000000
0.8500000000 0.34086545676563578811 0.00000000000000000000
0.8600000000 0.33391512116404847843 0.00000000000000000000
0.8700000000 0.32717979317279899387 0.00000000000000000000
0.8800000000 0.32065202974075113218 0.00000000000000000000
0.8900000000 0.31432465848391061281 0.00000000000000000000
0.9000000000 0.30819076797403649470 0.00000000000000000000
0.9100000000 0.30224369832921416101 0.00000000000000000000
0.9200000000 0.29647703210257170259 0.00000000000000000000
0.9300000000 0.29088458546454376563 0.00000000000000000000
0.9400000000 0.28546039967385372638 0.00000000000000000000
0.9500000000 0.28019873283150437127 0.00000000000000000000
0.9600000000 0.27509405191219316045 0.00000000000000000000
0.9700000000 0.27014102506685822025 0.00000000000000000000
0.9800000000 0.26533451419011672145 0.00000000000000000000
0.9900000000 0.26066956774590549495 0.00000000000000000000
1.0000000000 0.25614141384480521024 0.00000000000000000000
1.0100000000 0.25174545356656585771 0.00000000000000000000
1.0200000000 0.24747725452032709459 0.00000000000000000000
1.0300000000 0.24333254463550343938 0.00000000000000000000
1.0400000000 0.23930720617845108178 0.00000000000000000000
1.0500000000 0.23539726998569610039 0.00000000000000000000
1.0600000000 0.23159890990830792057 0.00000000000000000000
1.0700000000 0.22790843746052369401 0.00000000000000000000
1.0800000000 0.22432229666589603712 0.00000000000000000000
1.0900000000 0.22083705909467904460 0.00000000000000000000
1.1000000000 0.21744941908596734925 0.00000000000000000000
1.1100000000 0.21415618914834741449 0.00000000000000000000
1.1200000000 0.21095429553308001069 0.00000000000000000000
1.1300000000 0.20784077397371744644 0.00000000000000000000
1.1400000000 0.20481276558637573348 0.00000000000000000000
1.1500000000 0.20186751292502819188 0.00000000000000000000
1.1600000000 0.19900235618625977674 0.00000000000000000000
1.1700000000 0.19621472955806332217 0.00000000000000000000
1.1800000000 0.19350215770759310319 0.00000000000000000000
1.1900000000 0.19086225240262294500 0.00000000000000000000
1.2000000000 0.18829270926196112201 0.00000000000000000000
1.2100000000 0.18579130462996212847 0.00000000000000000000
1.2200000000 0.18335589257052517520 0.00000000000000000000
1.2300000000 0.18098440197616630365 0.00000000000000000000
1.2400000000 0.17867483378778764580 0.00000000000000000000
1.2500000000 0.17642525832100677818 0.00000000000000000000
1.2600000000 0.17423381269498139368 0.00000000000000000000
1.2700000000 0.17209869835985330822 0.00000000000000000000
1.2800000000 0.17001817871905394730 0.00000000000000000000
1.2900000000 0.16799057684280796487 0.00000000000000000000
1.3000000000 0.16601427326938458795 0.00000000000000000000
1.3100000000 0.16408770389067797724 0.00000000000000000000
1.3200000000 0.16220935791888460575 0.00000000000000000000
1.3300000000 0.16037777593114826979 0.00000000000000000000
1.3400000000 0.15859154798913241424 0.00000000000000000000
1.3500000000 0.15684931183063235971 0.00000000000000000000
1.3600000000 0.15514975113042264732 0.00000000000000000000
1.3700000000 0.15349159382764274162 0.00000000000000000000
1.3800000000 0.15187361051712330862 0.00000000000000000000
1.3900000000 0.15029461290217996372 0.00000000000000000000
1.4000000000 0.14875345230644931860 0.00000000000000000000
1.4100000000 0.14724901824248023963 0.00000000000000000000
1.4200000000 0.14578023703484757623 0.00000000000000000000
1.4300000000 0.14434607049567016457 0.00000000000000000000
1.4400000000 0.14294551465046523298 0.00000000000000000000
1.4500000000 0.14157759851238385651 0.00000000000000000000
1.4600000000 0.14024138290293036713 0.00000000000000000000
1.4700000000 0.13893595931733218607 0.00000000000000000000
1.4800000000 0.13766044883283506950 0.00000000000000000000
1.4900000000 0.13641400105821901989 0.00000000000000000000
1.5000000000 0.13519579312294416340 0.00000000000000000000
1.5100000000 0.13400502870435396230 0.00000000000000000000
1.5200000000 0.13284093709146552187 0.00000000000000000000
1.5300000000 0.13170277228390867008 0.00000000000000000000
1.5400000000 0.13058981212462930643 0.00000000000000000000
1.5500000000 0.12950135746506727386 0.00000000000000000000
1.5600000000 0.12843673136150537961 0.00000000000000000000
1.5700000000 0.12739527830140323639 0.00000000000000000000
1.5800000000 0.12637636345852715225 0.00000000000000000000
1.5900000000 0.12537937197577478377 0.00000000000000000000
1.6000000000 0.12440370827458555048 0.00000000000000000000
1.6100000000 0.12344879538994744939 0.00000000000000000000
1.6200000000 0.12251407432996051783 0.00000000000000000000
1.6300000000 0.12159900345903700003 0.00000000000000000000
1.6400000000 0.12070305790381347100 0.00000000000000000000
1.6500000000 0.11982572898088461599 0.00000000000000000000
1.6600000000 0.11896652364553088332 0.00000000000000000000
1.6700000000 0.11812496396061940296 0.00000000000000000000
1.6800000000 0.11730058658490577495 0.00000000000000000000
1.6900000000 0.11649294227999049123 0.00000000000000000000
1.7000000000 0.11570159543519982492 0.00000000000000000000
1.7100000000 0.11492612360972628838 0.00000000000000000000
1.7200000000 0.11416611709133957231 0.00000000000000000000
1.7300000000 0.11342117847105959161 0.00000000000000000000
1.7400000000 0.11269092223316168333 0.00000000000000000000
1.7500000000 0.11197497435993850057 0.00000000000000000000
1.7600000000 0.11127297195065126434 0.00000000000000000000
1.7700000000 0.11058456285413809095 0.00000000000000000000
1.7800000000 0.10990940531455173357 0.00000000000000000000
1.7900000000 0.10924716762973295248 0.00000000000000000000
1.8000000000 0.10859752782174114660 0.00000000000000000000
1.8100000000 0.10796017331908393244 0.00000000000000000000
1.8200000000 0.10733480065019859739 0.00000000000000000000
1.8300000000 0.10672111514777313235 0.00000000000000000000
1.8400000000 0.10611883066348155868 0.00000000000000000000
1.8500000000 0.10552766929276315155 0.00000000000000000000
1.8600000000 0.10494736110925291517 0.00000000000000000000
1.8700000000 0.10437764390851111962 0.00000000000000000000
1.8800000000 0.10381826296070405247 0.00000000000000000000
1.8900000000 0.10326897077189678420 0.00000000000000000000
1.9000000000 0.10272952685364851455 0.00000000000000000000
1.9100000000 0.10219969750058870150 0.00000000000000000000
1.9200000000 0.10167925557569290618 0.00000000000000000000
1.9300000000 0.10116798030296091093 0.00000000000000000000
1.9400000000 0.10066565706723525075 0.00000000000000000000
1.9500000000 0.10017207722088734834 0.00000000000000000000
1.9600000000 0.09968703789712639318 0.00000000000000000000
1.9700000000 0.09921034182968489767 0.00000000000000000000
1.9800000000 0.09874179717864801920 0.00000000000000000000
1.9900000000 0.09828121736220282734 0.00000000000000000000
2.0000000000 0.09782842089409096720 0.00000000000000000000
2.0100000000 0.09738323122655852260 0.00000000000000000000
2.0200000000 0.09694547659860412725 0.00000000000000000000
2.0300000000 0.09651498988933117362 0.00000000000000000000
2.0400000000 0.09609160847622065516 0.00000000000000000000
2.0500000000 0.09567517409815001761 0.00000000000000000000
2.0600000000 0.09526553272298421415 0.00000000000000000000
2.0700000000 0.09486253441957398502 0.00000000000000000000
2.0800000000 0.09446603323400988572 0.00000000000000000000
2.0900000000 0.09407588706996873607 0.00000000000000000000
2.1000000000 0.09369195757302041516 0.00000000000000000000
2.1100000000 0.09331411001874442834 0.00000000000000000000
2.1200000000 0.09294221320451992452 0.00000000000000000000
2.1300000000 0.09257613934487035623 0.00000000000000000000
2.1400000000 0.09221576397022425431 0.00000000000000000000
2.1500000000 0.09186096582897816665 0.00000000000000000000
2.1600000000 0.09151162679274753298 0.00000000000000000000
2.1700000000 0.09116763176468613283 0.00000000000000000000
2.1800000000 0.09082886859077617114 0.00000000000000000000
2.1900000000 0.09049522797397853424 0.00000000000000000000
2.2000000000 0.09016660339114229705 0.00000000000000000000
2.2100000000 0.08984289101258761956 0.00000000000000000000
2.2200000000 0.08952398962425610340 0.00000000000000000000
2.2300000000 0.08920980055234932482 0.00000000000000000000
2.2400000000 0.08890022759036611544 0.00000000000000000000
2.2500000000 0.08859517692845511605 0.00000000000000000000
2.2600000000 0.08829455708500658084 0.00000000000000000000
2.2700000000 0.08799827884040074821 0.00000000000000000000
2.2800000000 0.08770625517284702521 0.00000000000000000000
2.2900000000 0.08741840119623475736 0.00000000000000000000
2.3000000000 0.08713463409993210673 0.00000000000000000000
2.3100000000 0.08685487309046482918 0.00000000000000000000
2.3200000000 0.08657903933501445715 0.00000000000000000000
2.3300000000 0.08630705590666661042 0.00000000000000000000
2.3400000000 0.08603884773136123709 0.00000000000000000000
2.3500000000 0.08577434153647804649 0.00000000000000000000
2.3600000000 0.08551346580100960271 0.00000000000000000000
2.3700000000 0.08525615070726111355 0.00000000000000000000
2.3800000000 0.08500232809403553136 0.00000000000000000000
2.3900000000 0.08475193141124395813 0.00000000000000000000
2.4000000000 0.08450489567590650786 0.00000000000000000000
2.4100000000 0.08426115742948203646 0.00000000000000000000
2.4200000000 0.08402065469649744323 0.00000000000000000000
2.4300000000 0.08378332694442618134 0.00000000000000000000
2.4400000000 0.08354911504477376127 0.00000000000000000000
2.4500000000 0.08331796123533652398 0.00000000000000000000
2.4600000000 0.08308980908358792883 0.00000000000000000000
2.4700000000 0.08286460345116453130 0.00000000000000000000
2.4800000000 0.08264229045940477136 0.00000000000000000000
2.4900000000 0.08242281745591650832 0.00000000000000000000
2.5000000000 0.08220613298213466646 0.00000000000000000000
2.5100000000 0.08199218674183735012 0.00000000000000000000
2.5200000000 0.08178092957059156232 0.00000000000000000000
2.5300000000 0.08157231340609444326 0.00000000000000000000
2.5400000000 0.08136629125938835139 0.00000000000000000000
2.5500000000 0.08116281718691335800 0.00000000000000000000
2.5600000000 0.08096184626337689372 0.00000000000000000000
2.5700000000 0.08076333455541252759 0.00000000000000000000
2.5800000000 0.08056723909600170541 0.00000000000000000000
2.5900000000 0.08037351785963384176 0.00000000000000000000
2.6000000000 0.08018212973818482359 0.00000000000000000000
2.6100000000 0.07999303451748818183 0.00000000000000000000
2.6200000000 0.07980619285457726808 0.00000000000000000000
2.6300000000 0.07962156625557999245 0.00000000000000000000
2.6400000000 0.07943911705424112901 0.00000000000000000000
2.6500000000 0.07925880839105797770 0.00000000000000000000
2.6600000000 0.07908060419300555477 0.00000000000000000000
2.6700000000 0.07890446915383658721 0.00000000000000000000
2.6800000000 0.07873036871493550859 0.00000000000000000000
2.6900000000 0.07855826904671223132 0.00000000000000000000
2.7000000000 0.07838813703051564219 0.00000000000000000000
2.7100000000 0.07821994024105520527 0.00000000000000000000
2.7200000000 0.07805364692930970294 0.00000000000000000000
2.7300000000 0.07788922600591445533 0.00000000000000000000
2.7400000000 0.07772664702500613199 0.00000000000000000000
2.7500000000 0.07756588016851508061 0.00000000000000000000
2.7600000000 0.07740689623089201665 0.00000000000000000000
2.7700000000 0.07724966660425351683 0.00000000000000000000
2.7800000000 0.07709416326393325747 0.00000000000000000000
2.7900000000 0.07694035875443061556 0.00000000000000000000
2.8000000000 0.07678822617574126985 0.00000000000000000000
2.8100000000 0.07663773917005924086 0.00000000000000000000
2.8200000000 0.07648887190883901788 0.00000000000000000000
2.8300000000 0.07634159908020819729 0.00000000000000000000
2.8400000000 0.07619589587671858621 0.00000000000000000000
2.8500000000 0.07605173798342738933 0.00000000000000000000
2.8600000000 0.07590910156629661343 0.00000000000000000000
2.8700000000 0.07576796326090338984 0.00000000000000000000
2.8800000000 0.07562830016145070944 0.00000000000000000000
2.8900000000 0.07549008981007085395 0.00000000000000000000
2.9000000000 0.07535331018641056033 0.00000000000000000000
2.9100000000 0.07521793969749361597 0.00000000000000000000
2.9200000000 0.07508395716784871388 0.00000000000000000000
2.9300000000 0.07495134182989797444 0.00000000000000000000
2.9400000000 0.07482007331459558652 0.00000000000000000000
2.9500000000 0.07469013164231345925 0.00000000000000000000
2.9600000000 0.07456149721396232444 0.00000000000000000000
2.9700000000 0.07443415080234304371 0.00000000000000000000
2.9800000000 0.07430807354372484519 0.00000000000000000000
2.9900000000 0.07418324692963725042 0.00000000000000000000
3.0000000000 0.07405965279887705144 0.00000000000000000000
3.0100000000 0.07393727332971770927 0.00000000000000000000
3.0200000000 0.07381609103231955016 0.00000000000000000000
3.0300000000 0.07369608874133337650 0.00000000000000000000
3.0400000000 0.07357724960869395370 0.00000000000000000000
3.0500000000 0.07345955709659333921 0.00000000000000000000
3.0600000000 0.07334299497063523354 0.00000000000000000000
3.0700000000 0.07322754729316008349 0.00000000000000000000
3.0800000000 0.07311319841673957765 0.00000000000000000000
3.0900000000 0.07299993297783333168 0.00000000000000000000
3.1000000000 0.07288773589060559832 0.00000000000000000000
3.1100000000 0.07277659234089470242 0.00000000000000000000
3.1200000000 0.07266648778033428513 0.00000000000000000000
3.1300000000 0.07255740792061950162 0.00000000000000000000
3.1400000000 0.07244933872791475826 0.00000000000000000000
3.1500000000 0.07234226641739995023 0.00000000000000000000
3.1600000000 0.07223617744795240991 0.00000000000000000000
3.1700000000 0.07213105851695562898 0.00000000000000000000
3.1800000000 0.07202689655523870915 0.00000000000000000000
3.1900000000 0.07192367872213700775 0.00000000000000000000
3.2000000000 0.07182139240067411667 0.00000000000000000000
3.2100000000 0.07172002519286053979 0.00000000000000000000
3.2200000000 0.07161956491510491907 0.00000000000000000000
3.2300000000 0.07151999959373772642 0.00000000000000000000
3.2400000000 0.07142131746064132869 0.00000000000000000000
3.2500000000 0.07132350694898577370 0.00000000000000000000
3.2600000000 0.07122655668906534288 0.00000000000000000000
3.2700000000 0.07113045550423574559 0.00000000000000000000
3.2800000000 0.07103519240694680659 0.00000000000000000000
3.2900000000 0.07094075659487010521 0.00000000000000000000
3.3000000000 0.07084713744711733374 0.00000000000000000000
3.3100000000 0.07075432452054875032 0.00000000000000000000
3.3200000000 0.07066230754616707743 0.00000000000000000000
3.3300000000 0.07057107642559749816 0.00000000000000000000
3.3400000000 0.07048062122764911508 0.00000000000000000000
3.3500000000 0.07039093218495580395 0.00000000000000000000
3.3600000000 0.07030199969069693411 0.00000000000000000000
3.3700000000 0.07021381429539234886 0.00000000000000000000
3.3800000000 0.07012636670377248027 0.00000000000000000000
3.3900000000 0.07003964777172023981 0.00000000000000000000
3.4000000000 0.06995364850328279760 0.00000000000000000000
3.4100000000 0.06986836004775283382 0.00000000000000000000
3.4200000000 0.06978377369681516840 0.00000000000000000000
3.4300000000 0.06969988088175935181 0.00000000000000000000
3.4400000000 0.06961667317075531658 0.00000000000000000000
3.4500000000 0.06953414226619061833 0.00000000000000000000
3.4600000000 0.06945228000206793428 0.00000000000000000000
3.4700000000 0.06937107834146072349 0.00000000000000000000
3.4800000000 0.06929052937402715995 0.00000000000000000000
3.4900000000 0.06921062531357877190 0.00000000000000000000
3.5000000000 0.06913135849570260782 0.00000000000000000000
3.5100000000 0.06905272137543894129 0.00000000000000000000
3.5200000000 0.06897470652500788113 0.00000000000000000000
3.5300000000 0.06889730663158771806 0.00000000000000000000
3.5400000000 0.06882051449514177410 0.00000000000000000000
3.5500000000 0.06874432302629317204 0.00000000000000000000
3.5600000000 0.06866872524424708080 0.00000000000000000000
3.5700000000 0.06859371427475660643 0.00000000000000000000
3.5800000000 0.06851928334813532639 0.00000000000000000000
3.5900000000 0.06844542579731092979 0.00000000000000000000
3.6000000000 0.06837213505592298901 0.00000000000000000000
3.6100000000 0.06829940465646025527 0.00000000000000000000
3.6200000000 0.06822722822843921286 0.00000000000000000000
3.6300000000 0.06815559949662203243 0.00000000000000000000
3.6400000000 0.06808451227927114768 0.00000000000000000000
3.6500000000 0.06801396048644330061 0.00000000000000000000
3.6600000000 0.06794393811831812846 0.00000000000000000000
3.6700000000 0.06787443926356420687 0.00000000000000000000
3.6800000000 0.06780545809773749766 0.00000000000000000000
3.6900000000 0.06773698888171536536 0.00000000000000000000
3.7000000000 0.06766902596016356741 0.00000000000000000000
3.7100000000 0.06760156376003442769 0.00000000000000000000
3.7200000000 0.06753459678909713715 0.00000000000000000000
3.7300000000 0.06746811963449932115 0.00000000000000000000
3.7400000000 0.06740212696135745862 0.00000000000000000000
3.7500000000 0.06733661351137776307 0.00000000000000000000
3.7600000000 0.06727157410150448602 0.00000000000000000000
3.7700000000 0.06720700362259782179 0.00000000000000000000
3.7800000000 0.06714289703813680621 0.00000000000000000000
3.7900000000 0.06707924938295103945 0.00000000000000000000
3.8000000000 0.06701605576197733338 0.00000000000000000000
3.8100000000 0.06695331134904214387 0.00000000000000000000
3.8200000000 0.06689101138566817817 0.00000000000000000000
3.8300000000 0.06682915117990591292 0.00000000000000000000
3.8400000000 0.06676772610518927342 0.00000000000000000000
3.8500000000 0.06670673159921282347 0.00000000000000000000
3.8600000000 0.06664616316283328290 0.00000000000000000000
3.8700000000 0.06658601635899230597 0.00000000000000000000
3.8800000000 0.06652628681166082580 0.00000000000000000000
3.8900000000 0.06646697020480500651 0.00000000000000000000
3.9000000000 0.06640806228137187406 0.00000000000000000000
3.9100000000 0.06634955884229637446 0.00000000000000000000
3.9200000000 0.06629145574552688935 0.00000000000000000000
3.9300000000 0.06623374890507137402 0.00000000000000000000
3.9400000000 0.06617643429006059286 0.00000000000000000000
3.9500000000 0.06611950792383117226 0.00000000000000000000
3.9600000000 0.06606296588302597306 0.00000000000000000000
3.9700000000 0.06600680429671293425 0.00000000000000000000
3.9800000000 0.06595101934551900191 0.00000000000000000000
3.9900000000 0.06589560726078372288 0.00000000000000000000
4.0000000000 0.06584056432372688283 0.00000000000000000000
4.0100000000 0.06578588686463335278 0.00000000000000000000
4.0200000000 0.06573157126205403378 0.00000000000000000000
4.0300000000 0.06567761394202055458 0.00000000000000000000
4.0400000000 0.06562401137727742750 0.00000000000000000000
4.0500000000 0.06557076008652584775 0.00000000000000000000
4.0600000000 0.06551785663368531187 0.00000000000000000000
4.0700000000 0.06546529762716639389 0.00000000000000000000
4.0800000000 0.06541307971915887032 0.00000000000000000000
4.0900000000 0.06536119960493312619 0.00000000000000000000
4.1000000000 0.06530965402215394011 0.00000000000000000000
4.1100000000 0.06525843975020834131 0.00000000000000000000
4.1200000000 0.06520755360954542945 0.00000000000000000000
4.1300000000 0.06515699246102828190 0.00000000000000000000
4.1400000000 0.06510675320529829557 0.00000000000000000000
4.1500000000 0.06505683278215200482 0.00000000000000000000
4.1600000000 0.06500722816992761388 0.00000000000000000000
4.1700000000 0.06495793638490535149 0.00000000000000000000
4.1800000000 0.06490895448071655471 0.00000000000000000000
4.1900000000 0.06486027954776524274 0.00000000000000000000
4.2000000000 0.06481190871265947451 0.00000000000000000000
4.2100000000 0.06476383913765358658 0.00000000000000000000
4.2200000000 0.06471606802010027026 0.00000000000000000000
4.2300000000 0.06466859259191226617 0.00000000000000000000
4.2400000000 0.06462141011903541066 0.00000000000000000000
4.2500000000 0.06457451790092898214 0.00000000000000000000
4.2600000000 0.06452791327005732991 0.00000000000000000000
4.2700000000 0.06448159359138942726 0.00000000000000000000
4.2800000000 0.06443555626190805574 0.00000000000000000000
4.2900000000 0.06438979871012766310 0.00000000000000000000
4.3000000000 0.06434431839562050615 0.00000000000000000000
4.3100000000 0.06429911280855186984 0.00000000000000000000
4.3200000000 0.06425417946922287737 0.00000000000000000000
4.3300000000 0.06420951592762168258 0.00000000000000000000
4.3400000000 0.06416511976298273912 0.00000000000000000000
4.3500000000 0.06412098858335373019 0.00000000000000000000
4.3600000000 0.06407712002516977035 0.00000000000000000000
4.3700000000 0.06403351175283571173 0.00000000000000000000
4.3800000000 0.06399016145831526448 0.00000000000000000000
4.3900000000 0.06394706686072752777 0.00000000000000000000
4.4000000000 0.06390422570595008511 0.00000000000000000000
4.4100000000 0.06386163576622987115 0.00000000000000000000
4.4200000000 0.06381929483980003370 0.00000000000000000000
4.4300000000 0.06377720075050309634 0.00000000000000000000
4.4400000000 0.06373535134742211450 0.00000000000000000000
4.4500000000 0.06369374450451631420 0.00000000000000000000
4.4600000000 0.06365237812026404429 0.00000000000000000000
4.4700000000 0.06361125011731193213 0.00000000000000000000
4.4800000000 0.06357035844212911846 0.00000000000000000000
4.4900000000 0.06352970106466829248 0.00000000000000000000
4.5000000000 0.06348927597803220857 0.00000000000000000000
4.5100000000 0.06344908119814521297 0.00000000000000000000
4.5200000000 0.06340911476343125130 0.00000000000000000000
4.5300000000 0.06336937473449669178 0.00000000000000000000
4.5400000000 0.06332985919381874107 0.00000000000000000000
4.5500000000 0.06329056624543859255 0.00000000000000000000
4.5600000000 0.06325149401466070853 0.00000000000000000000
4.5700000000 0.06321264064775562741 0.00000000000000000000
4.5800000000 0.06317400431166922403 0.00000000000000000000
4.5900000000 0.06313558319373563377 0.00000000000000000000
4.6000000000 0.06309737550139554729 0.00000000000000000000
4.6100000000 0.06305937946191877974 0.00000000000000000000
4.6200000000 0.06302159332213186360 0.00000000000000000000
4.6300000000 0.06298401534814952740 0.00000000000000000000
4.6400000000 0.06294664382511086509 0.00000000000000000000
4.6500000000 0.06290947705691997405 0.00000000000000000000
4.6600000000 0.06287251336599010421 0.00000000000000000000
4.6700000000 0.06283575109299344152 0.00000000000000000000
4.6800000000 0.06279918859661257069 0.00000000000000000000
4.6900000000 0.06276282425329866854 0.00000000000000000000
4.7000000000 0.06272665645703125181 0.00000000000000000000
4.7100000000 0.06269068361908347597 0.00000000000000000000
4.7200000000 0.06265490416778977945 0.00000000000000000000
4.7300000000 0.06261931654831891236 0.00000000000000000000
4.7400000000 0.06258391922244839478 0.00000000000000000000
4.7500000000 0.06254871066834491455 0.00000000000000000000
4.7600000000 0.06251368938034632117 0.00000000000000000000
4.7700000000 0.06247885386874813679 0.00000000000000000000
4.7800000000 0.06244420265959290534 0.00000000000000000000
4.7900000000 0.06240973429446328852 0.00000000000000000000
4.8000000000 0.06237544733027804156 0.00000000000000000000
4.8100000000 0.06234134033909120159 0.00000000000000000000
4.8200000000 0.06230741190789465533 0.00000000000000000000
4.8300000000 0.06227366063842382227 0.00000000000000000000
4.8400000000 0.06224008514696553057 0.00000000000000000000
4.8500000000 0.06220668406417048657 0.00000000000000000000
4.8600000000 0.06217345603486668093 0.00000000000000000000
4.8700000000 0.06214039971787745781 0.00000000000000000000
4.8800000000 0.06210751378584108973 0.00000000000000000000
4.8900000000 0.06207479692503376639 0.00000000000000000000
4.9000000000 0.06204224783519513703 0.00000000000000000000
4.9100000000 0.06200986522935667683 0.00000000000000000000
4.9200000000 0.06197764783367235020 0.00000000000000000000
4.9300000000 0.06194559438725175810 0.00000000000000000000
4.9400000000 0.06191370364199660220 0.00000000000000000000
4.9500000000 0.06188197436243886296 0.00000000000000000000
4.9600000000 0.06185040532558145482 0.00000000000000000000
4.9700000000 0.06181899532074138642 0.00000000000000000000
4.9800000000 0.06178774314939598777 0.00000000000000000000
4.9900000000 0.06175664762503017824 0.00000000000000000000
5.0000000000 0.06172570757298668359 0.00000000000000000000
