0.1000000000 2.61974255163183755712 0.00000000000000000000
0.1100000000 2.54425109112003910994 0.00000000000000000000
0.1200000000 2.47047931192081371421 0.00000000000000000000
0.1300000000 2.39843185024289251572 0.00000000000000000000
0.1400000000 2.32811005018195471550 0.00000000000000000000
0.1500000000 2.25951207506127049740 0.00000000000000000000
0.1600000000 2.19263303349733895686 0.00000000000000000000
0.1700000000 2.12746511823762896043 0.00000000000000000000
0.1800000000 2.06399775577378230551 0.00000000000000000000
0.1900000000 2.00221776472786405776 0.00000000000000000000
0.2000000000 1.94210952103859813000 0.00000000000000000000
0.2100000000 1.88365512803499957073 0.00000000000000000000
0.2200000000 1.82683458957235922426 0.00000000000000000000
0.2300000000 1.77162598451545449940 0.00000000000000000000
0.2400000000 1.71800564098160246651 0.00000000000000000000
0.2500000000 1.66594830889713585442 0.00000000000000000000
0.2600000000 1.61542732957066337285 0.00000000000000000000
0.2700000000 1.56641480114105413612 0.00000000000000000000
0.2800000000 1.51888173891379207880 0.00000000000000000000
0.2900000000 1.47279822975290985987 0.00000000000000000000
0.3000000000 1.42813357984452937721 0.00000000000000000000
0.3100000000 1.38485645528975109819 0.00000000000000000000
0.3200000000 1.34293501511758761602 0.00000000000000000000
0.3300000000 1.30233703643148102103 0.00000000000000000000
0.3400000000 1.26303003151490922384 0.00000000000000000000
0.3500000000 1.22498135682195208318 0.00000000000000000000
0.3600000000 1.18815831386773118616 0.00000000000000000000
0.3700000000 1.15252824211082738337 0.00000000000000000000
0.3800000000 1.11805860398617240570 0.00000000000000000000
0.3900000000 1.08471706230243336577 0.00000000000000000000
0.4000000000 1.05247155026357175345 0.00000000000000000000
0.4100000000 1.02129033441066674470 0.00000000000000000000
0.4200000000 0.99114207080806604466 0.00000000000000000000
0.4300000000 0.96199585481837335266 0.00000000000000000000
0.4400000000 0.93382126482439542503 0.00000000000000000000
0.4500000000 0.90658840026398779255 0.00000000000000000000
0.4600000000 0.88026791434631967981 0.00000000000000000000
0.4700000000 0.85483104181639046892 0.00000000000000000000
0.4800000000 0.83024962212919584115 0.00000000000000000000
0.4900000000 0.80649611838651735773 0.00000000000000000000
0.5000000000 0.78354363237846491597 0.00000000000000000000
0.5100000000 0.76136591605906500657 0.00000000000000000000
0.5200000000 0.73993737977097295833 0.00000000000000000000
0.5300000000 0.71923309751908026666 0.00000000000000000000
0.5400000000 0.69922880957680011438 0.00000000000000000000
0.5500000000 0.67990092269240498535 0.00000000000000000000
0.5600000000 0.66122650814629013727 0.00000000000000000000
0.5700000000 0.64318329789357731041 0.00000000000000000000
0.5800000000 0.62574967901025435602 0.00000000000000000000
0.5900000000 0.60890468664525676523 0.00000000000000000000
0.6000000000 0.59262799566556767505 0.00000000000000000000
0.6100000000 0.57689991116669814275 0.00000000000000000000
0.6200000000 0.56170135800684861671 0.00000000000000000000
0.6300000000 0.54701386950964547840 0.00000000000000000000
0.6400000000 0.53281957546771374634 0.00000000000000000000
0.6500000000 0.51910118956741591045 0.00000000000000000000
0.6600000000 0.50584199634389981348 0.00000000000000000000
0.6700000000 0.49302583776511293978 0.00000000000000000000
0.6800000000 0.48063709953377803386 0.00000000000000000000
0.6900000000 0.46866069718717584536 0.00000000000000000000
0.7000000000 0.45708206206625823231 0.00000000000000000000
0.7100000000 0.44588712721789647286 0.00000000000000000000
0.7200000000 0.43506231328691968852 0.00000000000000000000
0.7300000000 0.42459451444802698283 0.00000000000000000000
0.7400000000 0.41447108442172220233 0.00000000000000000000
0.7500000000 0.40467982261290946777 0.00000000000000000000
0.7600000000 0.39520896040579883701 0.00000000000000000000
0.7700000000 0.38604714764417435990 0.00000000000000000000
0.7800000000 0.37718343932204478897 0.00000000000000000000
0.7900000000 0.36860728250587904142 0.00000000000000000000
0.8000000000 0.36030850350625109879 0.00000000000000000000
0.8100000000 0.35227729531374712968 0.00000000000000000000
0.8200000000 0.34450420531113890021 0.00000000000000000000
0.8300000000 0.33698012327146092959 0.00000000000000000000
0.8400000000 0.32969626964940057512 0.00000000000000000000
0.8500000000 0.32264418417139745232 0.00000000000000000000
0.8600000000 0.31581571472820119117 0.00000000000000000000
0.8700000000 0.30920300657199278893 0.00000000000000000000
0.8800000000 0.30279849181890544640 0.00000000000000000000
0.8900000000 0.29659487925641014883 0.00000000000000000000
0.9000000000 0.29058514445425059902 0.00000000000000000000
0.9100000000 0.28476252017639119840 0.00000000000000000000
0.9200000000 0.27912048709079556597 0.00000000000000000000
0.9300000000 0.27365276477330174876 0.00000000000000000000
0.9400000000 0.26835330300084914157 0.00000000000000000000
0.9500000000 0.26321627332938241084 0.00000000000000000000
0.9600000000 0.25823606095085560597 0.00000000000000000000
0.9700000000 0.25340725682351722403 0.00000000000000000000
0.9800000000 0.24872465006988420111 0.00000000000000000000
0.9900000000 0.24418322063546993306 0.00000000000000000000
1.0000000000 0.23977813220259630578 0.00000000000000000000
1.0100000000 0.23550472535216065983 0.00000000000000000000
1.0200000000 0.23135851096736717580 0.00000000000000000000
1.0300000000 0.22733516387117649882 0.00000000000000000000
1.0400000000 0.22343051669355346034 0.00000000000000000000
1.0500000000 0.21964055395896764367 0.00000000000000000000
1.0600000000 0.21596140638915559129 0.00000000000000000000
1.0700000000 0.21238934541401169320 0.00000000000000000000
1.0800000000 0.20892077788406260286 0.00000000000000000000
1.0900000000 0.20555224097818899920 0.00000000000000000000
1.1000000000 0.20228039730010835551 0.00000000000000000000
1.1100000000 0.19910203015752819811 0.00000000000000000000
1.1200000000 0.19601403901763181370 0.00000000000000000000
1.1300000000 0.19301343513309907052 0.00000000000000000000
1.1400000000 0.19009733733264735922 0.00000000000000000000
1.1500000000 0.18726296797047131681 0.00000000000000000000
1.1600000000 0.18450764902890698371 0.00000000000000000000
1.1700000000 0.18182879836892282266 0.00000000000000000000
1.1800000000 0.17922392612316609406 0.00000000000000000000
1.1900000000 0.17669063122635864094 0.00000000000000000000
1.2000000000 0.17422659807809506849 0.00000000000000000000
1.2100000000 0.17182959333318309492 0.00000000000000000000
1.2200000000 0.16949746281481065102 0.00000000000000000000
1.2300000000 0.16722812854599822252 0.00000000000000000000
1.2400000000 0.16501958589493564977 0.00000000000000000000
1.2500000000 0.16286990082990918105 0.00000000000000000000
1.2600000000 0.16077720727973279780 0.00000000000000000000
1.2700000000 0.15873970459565811542 0.00000000000000000000
1.2800000000 0.15675565511093078608 0.00000000000000000000
1.2900000000 0.15482338179428928315 0.00000000000000000000
1.3000000000 0.15294126599377141917 0.00000000000000000000
1.3100000000 0.15110774526741338475 0.00000000000000000000
1.3200000000 0.14932131129747869269 0.00000000000000000000
1.3300000000 0.14758050788499940675 0.00000000000000000000
1.3400000000 0.14588392902151706143 0.00000000000000000000
1.3500000000 0.14423021703506377911 0.00000000000000000000
1.3600000000 0.14261806080746924907 0.00000000000000000000
1.3700000000 0.14104619406024515582 0.00000000000000000000
1.3800000000 0.13951339370636989257 0.00000000000000000000
1.3900000000 0.13801847826539720421 0.00000000000000000000
1.4000000000 0.13656030633942928265 0.00000000000000000000
1.4100000000 0.13513777514757926990 0.00000000000000000000
1.4200000000 0.13374981911660516198 0.00000000000000000000
1.4300000000 0.13239540852556555550 0.00000000000000000000
1.4400000000 0.13107354820233377279 0.00000000000000000000
1.4500000000 0.12978327626996927213 0.00000000000000000000
1.4600000000 0.12852366294097058996 0.00000000000000000000
1.4700000000 0.12729380935755171822 0.00000000000000000000
1.4800000000 0.12609284647611648800 0.00000000000000000000
1.4900000000 0.12491993399420626976 0.00000000000000000000
1.5000000000 0.12377425931825462857 0.00000000000000000000
1.5100000000 0.12265503657054689646 0.00000000000000000000
1.5200000000 0.12156150563383526231 0.00000000000000000000
1.5300000000 0.12049293123214832590 0.00000000000000000000
1.5400000000 0.11944860204637590406 0.00000000000000000000
1.5500000000 0.11842782986323595329 0.00000000000000000000
1.5600000000 0.11742994875635891228 0.00000000000000000000
1.5700000000 0.11645431429819098901 0.00000000000000000000
1.5800000000 0.11550030280154702234 0.00000000000000000000
1.5900000000 0.11456731058961389103 0.00000000000000000000
1.6000000000 0.11365475329332397347 0.00000000000000000000
1.6100000000 0.11276206517501372040 0.00000000000000000000
1.6200000000 0.11188869847734388141 0.00000000000000000000
1.6300000000 0.11103412279649632621 0.00000000000000000000
1.6400000000 0.11019782447869956588 0.00000000000000000000
1.6500000000 0.10937930603917983552 0.00000000000000000000
1.6600000000 0.10857808560265794218 0.00000000000000000000
1.6700000000 0.10779369636456072323 0.00000000000000000000
1.6800000000 0.10702568607214066332 0.00000000000000000000
1.6900000000 0.10627361652472995523 0.00000000000000000000
1.7000000000 0.10553706309239556382 0.00000000000000000000
1.7100000000 0.10481561425227059470 0.00000000000000000000
1.7200000000 0.10410887114189164293 0.00000000000000000000
1.7300000000 0.10341644712887980428 0.00000000000000000000
1.7400000000 0.10273796739633729580 0.00000000000000000000
1.7500000000 0.10207306854335246316 0.00000000000000000000
1.7600000000 0.10142139820003888417 0.00000000000000000000
1.7700000000 0.10078261465654228535 0.00000000000000000000
1.7800000000 0.10015638650549026079 0.00000000000000000000
1.7900000000 0.09954239229735795114 0.00000000000000000000
1.8000000000 0.09894032020826927509 0.00000000000000000000
1.8100000000 0.09834986771975384734 0.00000000000000000000
1.8200000000 0.09777074130999911794 0.00000000000000000000
1.8300000000 0.09720265615617325328 0.00000000000000000000
1.8400000000 0.09664533584738171923 0.00000000000000000000
1.8500000000 0.09609851210787460907 0.00000000000000000000
1.8600000000 0.09556192453009912380 0.00000000000000000000
1.8700000000 0.09503532031723543883 0.00000000000000000000
1.8800000000 0.09451845403485868713 0.00000000000000000000
1.8900000000 0.09401108737137399418 0.00000000000000000000
1.9000000000 0.09351298890690734611 0.00000000000000000000
1.9100000000 0.09302393389033138116 0.00000000000000000000
1.9200000000 0.09254370402411539465 0.00000000000000000000
1.9300000000 0.09207208725671155169 0.00000000000000000000
1.9400000000 0.09160887758220263855 0.00000000000000000000
1.9500000000 0.09115387484693043829 0.00000000000000000000
1.9600000000 0.09070688456284971279 0.00000000000000000000
1.9700000000 0.09026771772736212618 0.00000000000000000000
1.9800000000 0.08983619064938448695 0.00000000000000000000
1.9900000000 0.08941212478142317177 0.00000000000000000000
2.0000000000 0.08899534655743809863 0.00000000000000000000
2.0100000000 0.08858568723626943087 0.00000000000000000000
2.0200000000 0.08818298275044533785 0.00000000000000000000
2.0300000000 0.08778707356014681107 0.00000000000000000000
2.0400000000 0.08739780451216695722 0.00000000000000000000
2.0500000000 0.08701502470365898856 0.00000000000000000000
2.0600000000 0.08663858735051907511 0.00000000000000000000
2.0700000000 0.08626834966021998397 0.00000000000000000000
2.0800000000 0.08590417270894150359 0.00000000000000000000
2.0900000000 0.08554592132284360995 0.00000000000000000000
2.1000000000 0.08519346396332772020 0.00000000000000000000
2.1100000000 0.08484667261614384226 0.00000000000000000000
2.1200000000 0.08450542268420661862 0.00000000000000000000
2.1300000000 0.08416959288398814798 0.00000000000000000000
2.1400000000 0.08383906514535725829 0.00000000000000000000
2.1500000000 0.08351372451473941527 0.00000000000000000000
2.1600000000 0.08319345906148681302 0.00000000000000000000
2.1700000000 0.08287815978733750755 0.00000000000000000000
2.1800000000 0.08256772053885505502 0.00000000000000000000
2.1900000000 0.08226203792274618121 0.00000000000000000000
2.2000000000 0.08196101122395201000 0.00000000000000000000
2.2100000000 0.08166454232641368050 0.00000000000000000000
2.2200000000 0.08137253563642485310 0.00000000000000000000
2.2300000000 0.08108489800846976903 0.00000000000000000000
2.2400000000 0.08080153867347045216 0.00000000000000000000
2.2500000000 0.08052236916935145983 0.00000000000000000000
2.2600000000 0.08024730327384604900 0.00000000000000000000
2.2700000000 0.07997625693946007475 0.00000000000000000000
2.2800000000 0.07970914823052557829 0.00000000000000000000
2.2900000000 0.07944589726226736204 0.00000000000000000000
2.3000000000 0.07918642614181289896 0.00000000000000000000
2.3100000000 0.07893065891108107246 0.00000000000000000000
2.3200000000 0.07867852149148292507 0.00000000000000000000
2.3300000000 0.07842994163037286803 0.00000000000000000000
2.3400000000 0.07818484884918873445 0.00000000000000000000
2.3500000000 0.07794317439323052155 0.00000000000000000000
2.3600000000 0.07770485118300836380 0.00000000000000000000
2.3700000000 0.07746981376711817302 0.00000000000000000000
2.3800000000 0.07723799827659094674 0.00000000000000000000
2.3900000000 0.07700934238065958171 0.00000000000000000000
2.4000000000 0.07678378524390212789 0.00000000000000000000
2.4100000000 0.07656126748471299426 0.00000000000000000000
2.4200000000 0.07634173113505589303 0.00000000000000000000
2.4300000000 0.07612511960145788847 0.00000000000000000000
2.4400000000 0.07591137762720102933 0.00000000000000000000
2.4500000000 0.07570045125567163857 0.00000000000000000000
2.4600000000 0.07549228779483441176 0.00000000000000000000
2.4700000000 0.07528683578278125288 0.00000000000000000000
2.4800000000 0.07508404495433429471 0.00000000000000000000
2.4900000000 0.07488386620865648824 0.00000000000000000000
2.5000000000 0.07468625157784411495 0.00000000000000000000
2.5100000000 0.07449115419646290537 0.00000000000000000000
2.5200000000 0.07429852827200295051 0.00000000000000000000
2.5300000000 0.07410832905621533850 0.00000000000000000000
2.5400000000 0.07392051281731149004 0.00000000000000000000
2.5500000000 0.07373503681298290702 0.00000000000000000000
2.5600000000 0.07355185926423105092 0.00000000000000000000
2.5700000000 0.07337093932996635592 0.00000000000000000000
2.5800000000 0.07319223708236412274 0.00000000000000000000
2.5900000000 0.07301571348294003116 0.00000000000000000000
2.6000000000 0.07284133035933518241 0.00000000000000000000
2.6100000000 0.07266905038277718387 0.00000000000000000000
2.6200000000 0.07249883704620235791 0.00000000000000000000
2.6300000000 0.07233065464301477454 0.00000000000000000000
2.6400000000 0.07216446824646277625 0.00000000000000000000
2.6500000000 0.07200024368961284449 0.00000000000000000000
2.6600000000 0.07183794754590271114 0.00000000000000000000
2.6700000000 0.07167754711025493830 0.00000000000000000000
2.6800000000 0.07151901038073248118 0.00000000000000000000
2.6900000000 0.07136230604072142658 0.00000000000000000000
2.7000000000 0.07120740344162027058 0.00000000000000000000
2.7100000000 0.07105427258602672880 0.00000000000000000000
2.7200000000 0.07090288411139641922 0.00000000000000000000
2.7300000000 0.07075320927416979544 0.00000000000000000000
2.7400000000 0.07060521993434537569 0.00000000000000000000
2.7500000000 0.07045888854048579231 0.00000000000000000000
2.7600000000 0.07031418811514901501 0.00000000000000000000
2.7700000000 0.07017109224072436147 0.00000000000000000000
2.7800000000 0.07002957504566496849 0.00000000000000000000
2.7900000000 0.06988961119110392861 0.00000000000000000000
2.8000000000 0.06975117585784296192 0.00000000000000000000
2.8100000000 0.06961424473369937083 0.00000000000000000000
2.8200000000 0.06947879400120340887 0.00000000000000000000
2.8300000000 0.06934480032563565544 0.00000000000000000000
2.8400000000 0.06921224084339029636 0.00000000000000000000
2.8500000000 0.06908109315065839862 0.00000000000000000000
2.8600000000 0.06895133529241971593 0.00000000000000000000
2.8700000000 0.06882294575173526774 0.00000000000000000000
2.8800000000 0.06869590343932779897 0.00000000000000000000
2.8900000000 0.06857018768344662341 0.00000000000000000000
2.9000000000 0.06844577822000526279 0.00000000000000000000
2.9100000000 0.06832265518298366591 0.00000000000000000000
2.9200000000 0.06820079909508862392 0.00000000000000000000
2.9300000000 0.06808019085866390263 0.00000000000000000000
2.9400000000 0.06796081174684244497 0.00000000000000000000
2.9500000000 0.06784264339493417673 0.00000000000000000000
2.9600000000 0.06772566779204212961 0.00000000000000000000
2.9700000000 0.06760986727289933218 0.00000000000000000000
2.9800000000 0.06749522450992299916 0.00000000000000000000
2.9900000000 0.06738172250547509734 0.00000000000000000000
3.0000000000 0.06726934458432701214 0.00000000000000000000
3.0100000000 0.06715807438632138970 0.00000000000000000000
3.0200000000 0.06704789585922449335 0.00000000000000000000
3.0300000000 0.06693879325176353701 0.00000000000000000000
3.0400000000 0.06683075110684684461 0.00000000000000000000
3.0500000000 0.06672375425495673251 0.00000000000000000000
3.0600000000 0.06661778780771281105 0.00000000000000000000
3.0700000000 0.06651283715160161147 0.00000000000000000000
3.0800000000 0.06640888794186598776 0.00000000000000000000
3.0900000000 0.06630592609655125425 0.00000000000000000000
3.1000000000 0.06620393779070088414 0.00000000000000000000
3.1100000000 0.06610290945070199098 0.00000000000000000000
3.1200000000 0.06600282774877246073 0.00000000000000000000
3.1300000000 0.06590367959758690330 0.00000000000000000000
3.1400000000 0.06580545214503914775 0.00000000000000000000
3.1500000000 0.06570813276913424483 0.00000000000000000000
3.1600000000 0.06561170907300963029 0.00000000000000000000
3.1700000000 0.06551616888008010564 0.00000000000000000000
3.1800000000 0.06542150022930258435 0.00000000000000000000
3.1900000000 0.06532769137055999265 0.00000000000000000000
3.2000000000 0.06523473076015699756 0.00000000000000000000
3.2100000000 0.06514260705642829774 0.00000000000000000000
3.2200000000 0.06505130911545520256 0.00000000000000000000
3.2300000000 0.06496082598688461551 0.00000000000000000000
3.2400000000 0.06487114690985339160 0.00000000000000000000
3.2500000000 0.06478226130900877067 0.00000000000000000000
3.2600000000 0.06469415879062860586 0.00000000000000000000
3.2700000000 0.06460682913883250555 0.00000000000000000000
3.2800000000 0.06452026231188638661 0.00000000000000000000
3.2900000000 0.06443444843859505444 0.00000000000000000000
3.3000000000 0.06434937781478172747 0.00000000000000000000
3.3100000000 0.06426504089985138335 0.00000000000000000000
3.3200000000 0.06418142831343702503 0.00000000000000000000
3.3300000000 0.06409853083212338487 0.00000000000000000000
3.3400000000 0.06401633938625171660 0.00000000000000000000
3.3500000000 0.06393484505679716823 0.00000000000000000000
3.3600000000 0.06385403907232087284 0.00000000000000000000
3.3700000000 0.06377391280599414847 0.00000000000000000000
3.3800000000 0.06369445777269124032 0.00000000000000000000
3.3900000000 0.06361566562615114662 0.00000000000000000000
3.4000000000 0.06353752815620494765 0.00000000000000000000
3.4100000000 0.06346003728606706973 0.00000000000000000000
3.4200000000 0.06338318506969073396 0.00000000000000000000
3.4300000000 0.06330696368918239947 0.00000000000000000000
3.4400000000 0.06323136545227750482 0.00000000000000000000
3.4500000000 0.06315638278987346921 0.00000000000000000000
3.4600000000 0.06308200825361844066 0.00000000000000000000
3.4700000000 0.06300823451355670735 0.00000000000000000000
3.4800000000 0.06293505435582569252 0.00000000000000000000
3.4900000000 0.06286246068040661494 0.00000000000000000000
3.5000000000 0.06279044649892538688 0.00000000000000000000
3.5100000000 0.06271900493250368025 0.00000000000000000000
3.5200000000 0.06264812920965676102 0.00000000000000000000
3.5300000000 0.06257781266424086719 0.00000000000000000000
3.5400000000 0.06250804873344374679 0.00000000000000000000
3.5500000000 0.06243883095582244969 0.00000000000000000000
3.5600000000 0.06237015296938298176 0.00000000000000000000
3.5700000000 0.06230200850970277898 0.00000000000000000000
3.5800000000 0.06223439140809546022 0.00000000000000000000
3.5900000000 0.06216729558981522880 0.00000000000000000000
3.6000000000 0.06210071507230104093 0.00000000000000000000
3.6100000000 0.06203464396345840376 0.00000000000000000000
3.6200000000 0.06196907645998017689 0.00000000000000000000
3.6300000000 0.06190400684570255413 0.00000000000000000000
3.6400000000 0.06183942948999742589 0.00000000000000000000
3.6500000000 0.06177533884619862414 0.00000000000000000000
3.6600000000 0.06171172945006418026 0.00000000000000000000
3.6700000000 0.06164859591826849644 0.00000000000000000000
3.6800000000 0.06158593294692975978 0.00000000000000000000
3.6900000000 0.06152373531016753355 0.00000000000000000000
3.7000000000 0.06146199785869056742 0.00000000000000000000
3.7100000000 0.06140071551841557590 0.00000000000000000000
3.7200000000 0.06133988328911549326 0.00000000000000000000
3.7300000000 0.06127949624309478316 0.00000000000000000000
3.7400000000 0.06121954952389441901 0.00000000000000000000
3.7500000000 0.06116003834502285741 0.00000000000000000000
3.7600000000 0.06110095798871390677 0.00000000000000000000
3.7700000000 0.06104230380471076939 0.00000000000000000000
3.7800000000 0.06098407120907559792 0.00000000000000000000
3.7900000000 0.06092625568302238726 0.00000000000000000000
3.8000000000 0.06086885277177614406 0.00000000000000000000
3.8100000000 0.06081185808345382360 0.00000000000000000000
3.8200000000 0.06075526728796912940 0.00000000000000000000
3.8300000000 0.06069907611595942720 0.00000000000000000000
3.8400000000 0.06064328035773516867 0.00000000000000000000
3.8500000000 0.06058787586225024280 0.00000000000000000000
3.8600000000 0.06053285853609306072 0.00000000000000000000
3.8700000000 0.06047822434249865847 0.00000000000000000000
3.8800000000 0.06042396930038069353 0.00000000000000000000
3.8900000000 0.06037008948338242614 0.00000000000000000000
3.9000000000 0.06031658101894751128 0.00000000000000000000
3.9100000000 0.06026344008740908142 0.00000000000000000000
3.9200000000 0.06021066292109648888 0.00000000000000000000
3.9300000000 0.06015824580346105371 0.00000000000000000000
3.9400000000 0.06010618506821811813 0.00000000000000000000
3.9500000000 0.06005447709850640636 0.00000000000000000000
3.9600000000 0.06000311832606451679 0.00000000000000000000
3.9700000000 0.05995210523042261014 0.00000000000000000000
3.9800000000 0.05990143433811114665 0.00000000000000000000
3.9900000000 0.05985110222188395890 0.00000000000000000000
4.0000000000 0.05980110549995754782 0.00000000000000000000
4.0100000000 0.05975144083526450628 0.00000000000000000000
4.0200000000 0.05970210493472174335 0.00000000000000000000
4.0300000000 0.05965309454851249610 0.00000000000000000000
4.0400000000 0.05960440646938303805 0.00000000000000000000
4.0500000000 0.05955603753195175265 0.00000000000000000000
4.0600000000 0.05950798461203270912 0.00000000000000000000
4.0700000000 0.05946024462597105514 0.00000000000000000000
4.0800000000 0.05941281452999219725 0.00000000000000000000
4.0900000000 0.05936569131956218742 0.00000000000000000000
4.1000000000 0.05931887202876127280 0.00000000000000000000
4.1100000000 0.05927235372966865173 0.00000000000000000000
4.1200000000 0.05922613353175965739 0.00000000000000000000
4.1300000000 0.05918020858131252393 0.00000000000000000000
4.1400000000 0.05913457606082872520 0.00000000000000000000
4.1500000000 0.05908923318846230621 0.00000000000000000000
4.1600000000 0.05904417721746036546 0.00000000000000000000
4.1700000000 0.05899940543561434797 0.00000000000000000000
4.1800000000 0.05895491516472124022 0.00000000000000000000
4.1900000000 0.05891070376005429210 0.00000000000000000000
4.2000000000 0.05886676860984461218 0.00000000000000000000
4.2100000000 0.05882310713477081898 0.00000000000000000000
4.2200000000 0.05877971678745960021 0.00000000000000000000
4.2300000000 0.05873659505199429337 0.00000000000000000000
4.2400000000 0.05869373944343276445 0.00000000000000000000
4.2500000000 0.05865114750733443211 0.00000000000000000000
4.2600000000 0.05860881681929502873 0.00000000000000000000
4.2700000000 0.05856674498449104121 0.00000000000000000000
4.2800000000 0.05852492963723091024 0.00000000000000000000
4.2900000000 0.05848336844051539585 0.00000000000000000000
4.3000000000 0.05844205908560554802 0.00000000000000000000
4.3100000000 0.05840099929159815045 0.00000000000000000000
4.3200000000 0.05836018680500882488 0.00000000000000000000
4.3300000000 0.05831961939936307349 0.00000000000000000000
4.3400000000 0.05827929487479371201 0.00000000000000000000
4.3500000000 0.05823921105764602590 0.00000000000000000000
4.3600000000 0.05819936580009003185 0.00000000000000000000
4.3700000000 0.05815975697973883862 0.00000000000000000000
4.3800000000 0.05812038249927439088 0.00000000000000000000
4.3900000000 0.05808124028607961759 0.00000000000000000000
4.4000000000 0.05804232829187647852 0.00000000000000000000
4.4100000000 0.05800364449237163655 0.00000000000000000000
4.4200000000 0.05796518688690617538 0.00000000000000000000
4.4300000000 0.05792695349811380345 0.00000000000000000000
4.4400000000 0.05788894237158286743 0.00000000000000000000
4.4500000000 0.05785115157552573467 0.00000000000000000000
4.4600000000 0.05781357920045268606 0.00000000000000000000
4.4700000000 0.05777622335885222032 0.00000000000000000000
4.4800000000 0.05773908218487648625 0.00000000000000000000
4.4900000000 0.05770215383403220349 0.00000000000000000000
4.5000000000 0.05766543648287637130 0.00000000000000000000
4.5100000000 0.05762892832871790993 0.00000000000000000000
4.5200000000 0.05759262758932374299 0.00000000000000000000
4.5300000000 0.05755653250263024351 0.00000000000000000000
4.5400000000 0.05752064132645891975 0.00000000000000000000
4.5500000000 0.05748495233823765899 0.00000000000000000000
4.5600000000 0.05744946383472605139 0.00000000000000000000
4.5700000000 0.05741417413174580014 0.00000000000000000000
4.5800000000 0.05737908156391470504 0.00000000000000000000
4.5900000000 0.05734418448438636379 0.00000000000000000000
4.6000000000 0.05730948126459303044 0.00000000000000000000
4.6100000000 0.05727497029399342826 0.00000000000000000000
4.6200000000 0.05724064997982416386 0.00000000000000000000
4.6300000000 0.05720651874685586669 0.00000000000000000000
4.6400000000 0.05717257503715285349 0.00000000000000000000
4.6500000000 0.05713881730983676882 0.00000000000000000000
4.6600000000 0.05710524404085408345 0.00000000000000000000
4.6700000000 0.05707185372274791585 0.00000000000000000000
4.6800000000 0.05703864486443243481 0.00000000000000000000
4.6900000000 0.05700561599097196674 0.00000000000000000000
4.7000000000 0.05697276564336305887 0.00000000000000000000
4.7100000000 0.05694009237832056008 0.00000000000000000000
4.7200000000 0.05690759476806632466 0.00000000000000000000
4.7300000000 0.05687527140012221122 0.00000000000000000000
4.7400000000 0.05684312087710567674 0.00000000000000000000
4.7500000000 0.05681114181652923562 0.00000000000000000000
4.7600000000 0.05677933285060234730 0.00000000000000000000
4.7700000000 0.05674769262603729381 0.00000000000000000000
4.7800000000 0.05671621980385749967 0.00000000000000000000
4.7900000000 0.05668491305920908552 0.00000000000000000000
4.8000000000 0.05665377108117526650 0.00000000000000000000
4.8100000000 0.05662279257259420634 0.00000000000000000000
4.8200000000 0.05659197624987859915 0.00000000000000000000
4.8300000000 0.05656132084283946315 0.00000000000000000000
4.8400000000 0.05653082509451160670 0.00000000000000000000
4.8500000000 0.05650048776098198777 0.00000000000000000000
4.8600000000 0.05647030761122125847 0.00000000000000000000
4.8700000000 0.05644028342691737726 0.00000000000000000000
4.8800000000 0.05641041400231212172 0.00000000000000000000
4.8900000000 0.05638069814403967595 0.00000000000000000000
4.9000000000 0.05635113467096840995 0.00000000000000000000
4.9100000000 0.05632172241404399121 0.00000000000000000000
4.9200000000 0.05629246021613622947 0.00000000000000000000
4.9300000000 0.05626334693188729530 0.00000000000000000000
4.9400000000 0.05623438142756226332 0.00000000000000000000
4.9500000000 0.05620556258090256274 0.00000000000000000000
4.9600000000 0.05617688928098113488 0.00000000000000000000
4.9700000000 0.05614836042805963073 0.00000000000000000000
4.9800000000 0.05611997493344835636 0.00000000000000000000
4.9900000000 0.05609173171936772395 0.00000000000000000000
5.0000000000 0.05606362971881245771 0.00000000000000000000
