0.1000000000 3.15085201528759784040 0.00000000000000000000
0.1100000000 3.06168845242725984335 0.00000000000000000000
0.1200000000 2.97448879386881470666 0.00000000000000000000
0.1300000000 2.88926938254378784521 0.00000000000000000000
0.1400000000 2.80604152115144467317 0.00000000000000000000
0.1500000000 2.72481165115155476997 0.00000000000000000000
0.1600000000 2.64558155947769568783 0.00000000000000000000
0.1700000000 2.56834860811647125445 0.00000000000000000000
0.1800000000 2.49310598179638409633 0.00000000000000000000
0.1900000000 2.41984294923330045535 0.00000000000000000000
0.2000000000 2.34854513366534023433 0.00000000000000000000
0.2100000000 2.27919478875650316496 0.00000000000000000000
0.2200000000 2.21177107633484837379 0.00000000000000000000
0.2300000000 2.14625034283901472421 0.00000000000000000000
0.2400000000 2.08260639176063167000 0.00000000000000000000
0.2500000000 2.02081074977676644622 0.00000000000000000000
0.2600000000 1.96083292465600922405 0.00000000000000000000
0.2700000000 1.90264065338675791850 0.00000000000000000000
0.2800000000 1.84620013931193516221 0.00000000000000000000
0.2900000000 1.79147627735790471171 0.00000000000000000000
0.3000000000 1.73843286671552621492 0.00000000000000000000
0.3100000000 1.68703281056847953501 0.00000000000000000000
0.3200000000 1.63723830266911929421 0.00000000000000000000
0.3300000000 1.58901100073724488304 0.00000000000000000000
0.3400000000 1.54231218680436188428 0.00000000000000000000
0.3500000000 1.49710291474787582366 0.00000000000000000000
0.3600000000 1.45334414535875966479 0.00000000000000000000
0.3700000000 1.41099686936500279266 0.00000000000000000000
0.3800000000 1.37002221889424813384 0.00000000000000000000
0.3900000000 1.33038156790442907429 0.00000000000000000000
0.4000000000 1.29203662214336811864 0.00000000000000000000
0.4100000000 1.25494949921886744804 0.00000000000000000000
0.4200000000 1.21908279937161578843 0.00000000000000000000
0.4300000000 1.18439966754586634146 0.00000000000000000000
0.4400000000 1.15086384734860769363 0.00000000000000000000
0.4500000000 1.11843972747800002310 0.00000000000000000000
0.4600000000 1.08709238118747486546 0.00000000000000000000
0.4700000000 1.05678759933374699642 0.00000000000000000000
0.4800000000 1.02749191753611035516 0.00000000000000000000
0.4900000000 0.99917263795133581805 0.00000000000000000000
0.5000000000 0.97179784614397135556 0.00000000000000000000
0.5100000000 0.94533642350632751672 0.00000000000000000000
0.5200000000 0.91975805565632429150 0.00000000000000000000
0.5300000000 0.89503323721524041812 0.00000000000000000000
0.5400000000 0.87113327334121914980 0.00000000000000000000
0.5500000000 0.84803027836883082546 0.00000000000000000000
0.5600000000 0.82569717187984492668 0.00000000000000000000
0.5700000000 0.80410767250617631863 0.00000000000000000000
0.5800000000 0.78323628974257952784 0.00000000000000000000
0.5900000000 0.76305831402436008482 0.00000000000000000000
0.6000000000 0.74354980530407011052 0.00000000000000000000
0.6100000000 0.72468758034112457089 0.00000000000000000000
0.6200000000 0.70644919889916457656 0.00000000000000000000
0.6300000000 0.68881294902829470761 0.00000000000000000000
0.6400000000 0.67175783159254931487 0.00000000000000000000
0.6500000000 0.65526354418749066522 0.00000000000000000000
0.6600000000 0.63931046457827966911 0.00000000000000000000
0.6700000000 0.62387963377529298548 0.00000000000000000000
0.6800000000 0.60895273885189282748 0.00000000000000000000
0.6900000000 0.59451209559764084389 0.00000000000000000000
0.7000000000 0.58054063108970599405 0.00000000000000000000
0.7100000000 0.56702186625570683010 0.00000000000000000000
0.7200000000 0.55393989849238522982 0.00000000000000000000
0.7300000000 0.54127938439653022762 0.00000000000000000000
0.7400000000 0.52902552265732594172 0.00000000000000000000
0.7500000000 0.51716403715265313323 0.00000000000000000000
0.7600000000 0.50568116028585685662 0.00000000000000000000
0.7700000000 0.49456361659420822185 0.00000000000000000000
0.7800000000 0.48379860665527801844 0.00000000000000000000
0.7900000000 0.47337379131307216751 0.00000000000000000000
0.8000000000 0.46327727624200987222 0.00000000000000000000
0.8100000000 0.45349759686300433748 0.00000000000000000000
0.8200000000 0.44402370362312820751 0.00000000000000000000
0.8300000000 0.43484494764717962489 0.00000000000000000000
0.8400000000 0.42595106676729732609 0.00000000000000000000
0.8500000000 0.41733217193437999182 0.00000000000000000000
0.8600000000 0.40897873401323231457 0.00000000000000000000
0.8700000000 0.40088157096155857539 0.00000000000000000000
0.8800000000 0.39303183539165065241 0.00000000000000000000
0.8900000000 0.38542100251197575211 0.00000000000000000000
0.9000000000 0.37804085844518237058 0.00000000000000000000
0.9100000000 0.37088348891764660875 0.00000000000000000000
0.9200000000 0.36394126831532364053 0.00000000000000000000
0.9300000000 0.35720684909932420847 0.00000000000000000000
0.9400000000 0.35067315157509715284 0.00000000000000000000
0.9500000000 0.34433335400709641494 0.00000000000000000000
0.9600000000 0.33818088307226379374 0.00000000000000000000
0.9700000000 0.33220940464364157041 0.00000000000000000000
0.9800000000 0.32641281489608497957 0.00000000000000000000
0.9900000000 0.32078523172613837566 0.00000000000000000000
1.0000000000 0.31532098647703954430 0.00000000000000000000
1.0100000000 0.31001461596088142336 0.00000000000000000000
1.0200000000 0.30486085476937657690 0.00000000000000000000
1.0300000000 0.29985462786149325032 0.00000000000000000000
1.0400000000 0.29499104342685267266 0.00000000000000000000
1.0500000000 0.29026538600818779789 0.00000000000000000000
1.0600000000 0.28567310987957278412 0.00000000000000000000
1.0700000000 0.28120983267034421749 0.00000000000000000000
1.0800000000 0.27687132922694718262 0.00000000000000000000
1.0900000000 0.27265352570478457173 0.00000000000000000000
1.1000000000 0.26855249388208668471 0.00000000000000000000
1.1100000000 0.26456444568828774155 0.00000000000000000000
1.1200000000 0.26068572793930350207 0.00000000000000000000
1.1300000000 0.25691281727248332922 0.00000000000000000000
1.1400000000 0.25324231527415819176 0.00000000000000000000
1.1500000000 0.24967094379272189442 0.00000000000000000000
1.1600000000 0.24619554043070907001 0.00000000000000000000
1.1700000000 0.24281305420914753301 0.00000000000000000000
1.1800000000 0.23952054139797521182 0.00000000000000000000
1.1900000000 0.23631516150631809436 0.00000000000000000000
1.2000000000 0.23319417342666218240 0.00000000000000000000
1.2100000000 0.23015493172718753945 0.00000000000000000000
1.2200000000 0.22719488308665103382 0.00000000000000000000
1.2300000000 0.22431156286645176356 0.00000000000000000000
1.2400000000 0.22150259181463827218 0.00000000000000000000
1.2500000000 0.21876567289686185691 0.00000000000000000000
1.2600000000 0.21609858824936223343 0.00000000000000000000
1.2700000000 0.21349919624934751705 0.00000000000000000000
1.2800000000 0.21096542869823331490 0.00000000000000000000
1.2900000000 0.20849528811333284395 0.00000000000000000000
1.3000000000 0.20608684512388036891 0.00000000000000000000
1.3100000000 0.20373823596726436946 0.00000000000000000000
1.3200000000 0.20144766008161102411 0.00000000000000000000
1.3300000000 0.19921337779095263376 0.00000000000000000000
1.3400000000 0.19703370807934966757 0.00000000000000000000
1.3500000000 0.19490702645055155151 0.00000000000000000000
1.3600000000 0.19283176286973380265 0.00000000000000000000
1.3700000000 0.19080639978421881642 0.00000000000000000000
1.3800000000 0.18882947022000950987 0.00000000000000000000
1.3900000000 0.18689955595116014564 0.00000000000000000000
1.4000000000 0.18501528573916875553 0.00000000000000000000
1.4100000000 0.18317533363958801718 0.00000000000000000000
1.4200000000 0.18137841737323467939 0.00000000000000000000
1.4300000000 0.17962329675947227847 0.00000000000000000000
1.4400000000 0.17790877220908746237 0.00000000000000000000
1.4500000000 0.17623368327445290693 0.00000000000000000000
1.4600000000 0.17459690725469528827 0.00000000000000000000
1.4700000000 0.17299735785371853081 0.00000000000000000000
1.4800000000 0.17143398388901431861 0.00000000000000000000
1.4900000000 0.16990576804922111198 0.00000000000000000000
1.5000000000 0.16841172569857915109 0.00000000000000000000
1.5100000000 0.16695090372637233500 0.00000000000000000000
1.5200000000 0.16552237943965081302 0.00000000000000000000
1.5300000000 0.16412525949749404153 0.00000000000000000000
1.5400000000 0.16275867888519676696 0.00000000000000000000
1.5500000000 0.16142179992683025613 0.00000000000000000000
1.5600000000 0.16011381133465635296 0.00000000000000000000
1.5700000000 0.15883392729395501286 0.00000000000000000000
1.5800000000 0.15758138658189885239 0.00000000000000000000
1.5900000000 0.15635545171912376694 0.00000000000000000000
1.6000000000 0.15515540815273856645 0.00000000000000000000
1.6100000000 0.15398056346952954110 0.00000000000000000000
1.6200000000 0.15283024663821101474 0.00000000000000000000
1.6300000000 0.15170380727956844780 0.00000000000000000000
1.6400000000 0.15060061496342813658 0.00000000000000000000
1.6500000000 0.14952005853139849201 0.00000000000000000000
1.6600000000 0.14846154544441483858 0.00000000000000000000
1.6700000000 0.14742450115408359257 0.00000000000000000000
1.6800000000 0.14640836849695076927 0.00000000000000000000
1.6900000000 0.14541260711078504708 0.00000000000000000000
1.7000000000 0.14443669287203877993 0.00000000000000000000
1.7100000000 0.14348011735367141584 0.00000000000000000000
1.7200000000 0.14254238730255353040 0.00000000000000000000
1.7300000000 0.14162302413569419213 0.00000000000000000000
1.7400000000 0.14072156345459208016 0.00000000000000000000
1.7500000000 0.13983755457699742486 0.00000000000000000000
1.7600000000 0.13897056008543082206 0.00000000000000000000
1.7700000000 0.13812015539181723978 0.00000000000000000000
1.7800000000 0.13728592831763650195 0.00000000000000000000
1.7900000000 0.13646747868897726730 0.00000000000000000000
1.8000000000 0.13566441794595759940 0.00000000000000000000
1.8100000000 0.13487636876595041069 0.00000000000000000000
1.8200000000 0.13410296470009994141 0.00000000000000000000
1.8300000000 0.13334384982263108865 0.00000000000000000000
1.8400000000 0.13259867839247316268 0.00000000000000000000
1.8500000000 0.13186711452672161826 0.00000000000000000000
1.8600000000 0.13114883188551731963 0.00000000000000000000
1.8700000000 0.13044351336789980489 0.00000000000000000000
1.8800000000 0.12975085081823195532 0.00000000000000000000
1.8900000000 0.12907054474280543754 0.00000000000000000000
1.9000000000 0.12840230403624230959 0.00000000000000000000
1.9100000000 0.12774584571733776928 0.00000000000000000000
1.9200000000 0.12710089467399032781 0.00000000000000000000
1.9300000000 0.12646718341688120701 0.00000000000000000000
1.9400000000 0.12584445184159390174 0.00000000000000000000
1.9500000000 0.12523244699884752973 0.00000000000000000000
1.9600000000 0.12463092287255610191 0.00000000000000000000
1.9700000000 0.12403964016543120308 0.00000000000000000000
1.9800000000 0.12345836609183793997 0.00000000000000000000
1.9900000000 0.12288687417766064325 0.00000000000000000000
2.0000000000 0.12232494406690216926 0.00000000000000000000
2.0100000000 0.12177236133479493740 0.00000000000000000000
2.0200000000 0.12122891730716463254 0.00000000000000000000
2.0300000000 0.12069440888584297145 0.00000000000000000000
2.0400000000 0.12016863837989495700 0.00000000000000000000
2.0500000000 0.11965141334246552629 0.00000000000000000000
2.0600000000 0.11914254641303023696 0.00000000000000000000
2.0700000000 0.11864185516487035787 0.00000000000000000000
2.0800000000 0.11814916195757219075 0.00000000000000000000
2.0900000000 0.11766429379439012626 0.00000000000000000000
2.1000000000 0.11718708218427897894 0.00000000000000000000
2.1100000000 0.11671736300844681722 0.00000000000000000000
2.1200000000 0.11625497639126165794 0.00000000000000000000
2.1300000000 0.11579976657536047990 0.00000000000000000000
2.1400000000 0.11535158180081254986 0.00000000000000000000
2.1500000000 0.11491027418819019235 0.00000000000000000000
2.1600000000 0.11447569962541936928 0.00000000000000000000
2.1700000000 0.11404771765826926533 0.00000000000000000000
2.1800000000 0.11362619138436109989 0.00000000000000000000
2.1900000000 0.11321098735056683848 0.00000000000000000000
2.2000000000 0.11280197545368818302 0.00000000000000000000
2.2100000000 0.11239902884429378571 0.00000000000000000000
2.2200000000 0.11200202383361390623 0.00000000000000000000
2.2300000000 0.11161083980338099009 0.00000000000000000000
2.2400000000 0.11122535911851923196 0.00000000000000000000
2.2500000000 0.11084546704258382843 0.00000000000000000000
2.2600000000 0.11047105165585205389 0.00000000000000000000
2.2700000000 0.11010200377598777788 0.00000000000000000000
2.2800000000 0.10973821688117492423 0.00000000000000000000
2.2900000000 0.10937958703565164864 0.00000000000000000000
2.3000000000 0.10902601281755316953 0.00000000000000000000
2.3100000000 0.10867739524899283632 0.00000000000000000000
2.3200000000 0.10833363772830134630 0.00000000000000000000
2.3300000000 0.10799464596435139063 0.00000000000000000000
2.3400000000 0.10766032791290389148 0.00000000000000000000
2.3500000000 0.10733059371489953038 0.00000000000000000000
2.3600000000 0.10700535563663803040 0.00000000000000000000
2.3700000000 0.10668452801177891187 0.00000000000000000000
2.3800000000 0.10636802718510247889 0.00000000000000000000
2.3900000000 0.10605577145797751015 0.00000000000000000000
2.4000000000 0.10574768103547263487 0.00000000000000000000
2.4100000000 0.10544367797506322415 0.00000000000000000000
2.4200000000 0.10514368613687846699 0.00000000000000000000
2.4300000000 0.10484763113543563162 0.00000000000000000000
2.4400000000 0.10455544029282419494 0.00000000000000000000
2.4500000000 0.10426704259327256030 0.00000000000000000000
2.4600000000 0.10398236863907471539 0.00000000000000000000
2.4700000000 0.10370135060781786318 0.00000000000000000000
2.4800000000 0.10342392221087057247 0.00000000000000000000
2.4900000000 0.10315001865310136075 0.00000000000000000000
2.5000000000 0.10287957659377092168 0.00000000000000000000
2.5100000000 0.10261253410857769375 0.00000000000000000000
2.5200000000 0.10234883065280638015 0.00000000000000000000
2.5300000000 0.10208840702555417590 0.00000000000000000000
2.5400000000 0.10183120533499175064 0.00000000000000000000
2.5500000000 0.10157716896463275802 0.00000000000000000000
2.5600000000 0.10132624254057737145 0.00000000000000000000
2.5700000000 0.10107837189969726133 0.00000000000000000000
2.5800000000 0.10083350405873722777 0.00000000000000000000
2.5900000000 0.10059158718429767054 0.00000000000000000000
2.6000000000 0.10035257056367861972 0.00000000000000000000
2.6100000000 0.10011640457655097969 0.00000000000000000000
2.6200000000 0.09988304066743093623 0.00000000000000000000
2.6300000000 0.09965243131893855577 0.00000000000000000000
2.6400000000 0.09942453002580704802 0.00000000000000000000
2.6500000000 0.09919929126962499788 0.00000000000000000000
2.6600000000 0.09897667049428832131 0.00000000000000000000
2.6700000000 0.09875662408213958798 0.00000000000000000000
2.6800000000 0.09853910933077182632 0.00000000000000000000
2.6900000000 0.09832408443048054614 0.00000000000000000000
2.7000000000 0.09811150844233935964 0.00000000000000000000
2.7100000000 0.09790134127688396304 0.00000000000000000000
2.7200000000 0.09769354367338457801 0.00000000000000000000
2.7300000000 0.09748807717968692443 0.00000000000000000000
2.7400000000 0.09728490413260995617 0.00000000000000000000
2.7500000000 0.09708398763887700345 0.00000000000000000000
2.7600000000 0.09688529155656912251 0.00000000000000000000
2.7700000000 0.09668878047708233392 0.00000000000000000000
2.7800000000 0.09649441970757470510 0.00000000000000000000
2.7900000000 0.09630217525389050959 0.00000000000000000000
2.8000000000 0.09611201380394013283 0.00000000000000000000
2.8100000000 0.09592390271153367065 0.00000000000000000000
2.8200000000 0.09573780998064342074 0.00000000000000000000
2.8300000000 0.09555370425008993807 0.00000000000000000000
2.8400000000 0.09537155477863525077 0.00000000000000000000
2.8500000000 0.09519133143047463219 0.00000000000000000000
2.8600000000 0.09501300466111167742 0.00000000000000000000
2.8700000000 0.09483654550360746949 0.00000000000000000000
2.8800000000 0.09466192555519299667 0.00000000000000000000
2.8900000000 0.09448911696423360762 0.00000000000000000000
2.9000000000 0.09431809241753531803 0.00000000000000000000
2.9100000000 0.09414882512798287972 0.00000000000000000000
2.9200000000 0.09398128882250186833 0.00000000000000000000
2.9300000000 0.09381545773033127256 0.00000000000000000000
2.9400000000 0.09365130657160287975 0.00000000000000000000
2.9500000000 0.09348881054621480113 0.00000000000000000000
2.9600000000 0.09332794532299194812 0.00000000000000000000
2.9700000000 0.09316868702912643740 0.00000000000000000000
2.9800000000 0.09301101223988682276 0.00000000000000000000
2.9900000000 0.09285489796859235090 0.00000000000000000000
3.0000000000 0.09270032165684292946 0.00000000000000000000
3.0100000000 0.09254726116499584210 0.00000000000000000000
3.0200000000 0.09239569476288529704 0.00000000000000000000
3.0300000000 0.09224560112077700991 0.00000000000000000000
3.0400000000 0.09209695930055050717 0.00000000000000000000
3.0500000000 0.09194974874710200308 0.00000000000000000000
3.0600000000 0.09180394927996471388 0.00000000000000000000
3.0700000000 0.09165954108513793552 0.00000000000000000000
3.0800000000 0.09151650470711886198 0.00000000000000000000
3.0900000000 0.09137482104113511805 0.00000000000000000000
3.1000000000 0.09123447132556637695 0.00000000000000000000
3.1100000000 0.09109543713455695024 0.00000000000000000000
3.1200000000 0.09095770037080756765 0.00000000000000000000
3.1300000000 0.09082124325854630531 0.00000000000000000000
3.1400000000 0.09068604833667097409 0.00000000000000000000
3.1500000000 0.09055209845205895725 0.00000000000000000000
3.1600000000 0.09041937675304129174 0.00000000000000000000
3.1700000000 0.09028786668303367957 0.00000000000000000000
3.1800000000 0.09015755197432469281 0.00000000000000000000
3.1900000000 0.09002841664200911254 0.00000000000000000000
3.2000000000 0.08990044497807425650 0.00000000000000000000
3.2100000000 0.08977362154562196217 0.00000000000000000000
3.2200000000 0.08964793117323420490 0.00000000000000000000
3.2300000000 0.08952335894946956973 0.00000000000000000000
3.2400000000 0.08939989021749362996 0.00000000000000000000
3.2500000000 0.08927751056983503075 0.00000000000000000000
3.2600000000 0.08915620584326754139 0.00000000000000000000
3.2700000000 0.08903596211381116510 0.00000000000000000000
3.2800000000 0.08891676569185311130 0.00000000000000000000
3.2900000000 0.08879860311738110856 0.00000000000000000000
3.3000000000 0.08868146115533183382 0.00000000000000000000
3.3100000000 0.08856532679104360539 0.00000000000000000000
3.3200000000 0.08845018722581876602 0.00000000000000000000
3.3300000000 0.08833602987258763750 0.00000000000000000000
3.3400000000 0.08822284235167335287 0.00000000000000000000
3.3500000000 0.08811061248665306989 0.00000000000000000000
3.3600000000 0.08799932830031789721 0.00000000000000000000
3.3700000000 0.08788897801072179106 0.00000000000000000000
3.3800000000 0.08777955002732371059 0.00000000000000000000
3.3900000000 0.08767103294721635687 0.00000000000000000000
3.4000000000 0.08756341555144248057 0.00000000000000000000
3.4100000000 0.08745668680139297158 0.00000000000000000000
3.4200000000 0.08735083583528782669 0.00000000000000000000
3.4300000000 0.08724585196473651216 0.00000000000000000000
3.4400000000 0.08714172467137526468 0.00000000000000000000
3.4500000000 0.08703844360358013732 0.00000000000000000000
3.4600000000 0.08693599857325448599 0.00000000000000000000
3.4700000000 0.08683437955268703823 0.00000000000000000000
3.4800000000 0.08673357667148047512 0.00000000000000000000
3.4900000000 0.08663358021354890248 0.00000000000000000000
3.5000000000 0.08653438061418063099 0.00000000000000000000
3.5100000000 0.08643596845716611243 0.00000000000000000000
3.5200000000 0.08633833447199082411 0.00000000000000000000
3.5300000000 0.08624146953108724478 0.00000000000000000000
3.5400000000 0.08614536464714862840 0.00000000000000000000
3.5500000000 0.08605001097050131442 0.00000000000000000000
3.5600000000 0.08595539978653381208 0.00000000000000000000
3.5700000000 0.08586152251318247830 0.00000000000000000000
3.5800000000 0.08576837069847050021 0.00000000000000000000
3.5900000000 0.08567593601810120918 0.00000000000000000000
3.6000000000 0.08558421027310288143 0.00000000000000000000
3.6100000000 0.08549318538752360974 0.00000000000000000000
3.6200000000 0.08540285340617645438 0.00000000000000000000
3.6300000000 0.08531320649243186172 0.00000000000000000000
3.6400000000 0.08522423692605814172 0.00000000000000000000
3.6500000000 0.08513593710110672896 0.00000000000000000000
3.6600000000 0.08504829952384256042 0.00000000000000000000
3.6700000000 0.08496131681071950048 0.00000000000000000000
3.6800000000 0.08487498168639576179 0.00000000000000000000
3.6900000000 0.08478928698179390155 0.00000000000000000000
3.7000000000 0.08470422563219921763 0.00000000000000000000
3.7100000000 0.08461979067539941723 0.00000000000000000000
3.7200000000 0.08453597524986217193 0.00000000000000000000
3.7300000000 0.08445277259295048966 0.00000000000000000000
3.7400000000 0.08437017603917554287 0.00000000000000000000
3.7500000000 0.08428817901848593974 0.00000000000000000000
3.7600000000 0.08420677505459107925 0.00000000000000000000
3.7700000000 0.08412595776331974196 0.00000000000000000000
3.7800000000 0.08404572085101204293 0.00000000000000000000
3.7900000000 0.08396605811294498289 0.00000000000000000000
3.8000000000 0.08388696343178883574 0.00000000000000000000
3.8100000000 0.08380843077609594072 0.00000000000000000000
3.8200000000 0.08373045419881930407 0.00000000000000000000
3.8300000000 0.08365302783586200941 0.00000000000000000000
3.8400000000 0.08357614590465550775 0.00000000000000000000
3.8500000000 0.08349980270276570471 0.00000000000000000000
3.8600000000 0.08342399260652834381 0.00000000000000000000
3.8700000000 0.08334871006971104890 0.00000000000000000000
3.8800000000 0.08327394962220131813 0.00000000000000000000
3.8900000000 0.08319970586872216245 0.00000000000000000000
3.9000000000 0.08312597348757141957 0.00000000000000000000
3.9100000000 0.08305274722938750520 0.00000000000000000000
3.9200000000 0.08298002191593921439 0.00000000000000000000
3.9300000000 0.08290779243893786621 0.00000000000000000000
3.9400000000 0.08283605375887460875 0.00000000000000000000
3.9500000000 0.08276480090387987321 0.00000000000000000000
3.9600000000 0.08269402896860471308 0.00000000000000000000
3.9700000000 0.08262373311312382063 0.00000000000000000000
3.9800000000 0.08255390856186058113 0.00000000000000000000
3.9900000000 0.08248455060253173654 0.00000000000000000000
4.0000000000 0.08241565458511430908 0.00000000000000000000
4.0100000000 0.08234721592082987207 0.00000000000000000000
4.0200000000 0.08227923008115051173 0.00000000000000000000
4.0300000000 0.08221169259682241381 0.00000000000000000000
4.0400000000 0.08214459905690908725 0.00000000000000000000
4.0500000000 0.08207794510785197672 0.00000000000000000000
4.0600000000 0.08201172645254932447 0.00000000000000000000
4.0700000000 0.08194593884945212958 0.00000000000000000000
4.0800000000 0.08188057811167796796 0.00000000000000000000
4.0900000000 0.08181564010614021665 0.00000000000000000000
4.1000000000 0.08175112075269515277 0.00000000000000000000
4.1100000000 0.08168701602330347145 0.00000000000000000000
4.1200000000 0.08162332194120858198 0.00000000000000000000
4.1300000000 0.08156003458012986429 0.00000000000000000000
4.1400000000 0.08149715006347089952 0.00000000000000000000
4.1500000000 0.08143466456354198080 0.00000000000000000000
4.1600000000 0.08137257430079750109 0.00000000000000000000
4.1700000000 0.08131087554308752408 0.00000000000000000000
4.1800000000 0.08124956460492260835 0.00000000000000000000
4.1900000000 0.08118863784675214856 0.00000000000000000000
4.2000000000 0.08112809167425626133 0.00000000000000000000
4.2100000000 0.08106792253765014722 0.00000000000000000000
4.2200000000 0.08100812693100194195 0.00000000000000000000
4.2300000000 0.08094870139156142008 0.00000000000000000000
4.2400000000 0.08088964249910263193 0.00000000000000000000
4.2500000000 0.08083094687527656030 0.00000000000000000000
4.2600000000 0.08077261118297726639 0.00000000000000000000
4.2700000000 0.08071463212571804158 0.00000000000000000000
4.2800000000 0.08065700644701916111 0.00000000000000000000
4.2900000000 0.08059973092980655951 0.00000000000000000000
4.3000000000 0.08054280239582159440 0.00000000000000000000
4.3100000000 0.08048621770504033046 0.00000000000000000000
4.3200000000 0.08042997375510425873 0.00000000000000000000
4.3300000000 0.08037406748076013352 0.00000000000000000000
4.3400000000 0.08031849585330994024 0.00000000000000000000
4.3500000000 0.08026325588007117429 0.00000000000000000000
4.3600000000 0.08020834460384539122 0.00000000000000000000
4.3700000000 0.08015375910239702639 0.00000000000000000000
4.3800000000 0.08009949648794077726 0.00000000000000000000
4.3900000000 0.08004555390663828374 0.00000000000000000000
4.4000000000 0.07999192853810280224 0.00000000000000000000
4.4100000000 0.07993861759491353858 0.00000000000000000000
4.4200000000 0.07988561832213754432 0.00000000000000000000
4.4300000000 0.07983292799685981489 0.00000000000000000000
4.4400000000 0.07978054392772179759 0.00000000000000000000
4.4500000000 0.07972846345446794880 0.00000000000000000000
4.4600000000 0.07967668394749942429 0.00000000000000000000
4.4700000000 0.07962520280743597134 0.00000000000000000000
4.4800000000 0.07957401746468473203 0.00000000000000000000
4.4900000000 0.07952312537901670697 0.00000000000000000000
4.5000000000 0.07947252403915035235 0.00000000000000000000
4.5100000000 0.07942221096234208799 0.00000000000000000000
4.5200000000 0.07937218369398356399 0.00000000000000000000
4.5300000000 0.07932243980720588006 0.00000000000000000000
4.5400000000 0.07927297690249053563 0.00000000000000000000
4.5500000000 0.07922379260728643069 0.00000000000000000000
4.5600000000 0.07917488457563369442 0.00000000000000000000
4.5700000000 0.07912625048779349524 0.00000000000000000000
4.5800000000 0.07907788804988392928 0.00000000000000000000
4.5900000000 0.07902979499352211223 0.00000000000000000000
4.6000000000 0.07898196907547187784 0.00000000000000000000
4.6100000000 0.07893440807729838748 0.00000000000000000000
4.6200000000 0.07888710980502579295 0.00000000000000000000
4.6300000000 0.07884007208880366990 0.00000000000000000000
4.6400000000 0.07879329278257665714 0.00000000000000000000
4.6500000000 0.07874676976376039639 0.00000000000000000000
4.6600000000 0.07870050093292239868 0.00000000000000000000
4.6700000000 0.07865448421346836472 0.00000000000000000000
4.6800000000 0.07860871755133334859 0.00000000000000000000
4.6900000000 0.07856319891467750116 0.00000000000000000000
4.7000000000 0.07851792629358816944 0.00000000000000000000
4.7100000000 0.07847289769978454954 0.00000000000000000000
4.7200000000 0.07842811116632909807 0.00000000000000000000
4.7300000000 0.07838356474734198276 0.00000000000000000000
4.7400000000 0.07833925651772165322 0.00000000000000000000
4.7500000000 0.07829518457286800681 0.00000000000000000000
4.7600000000 0.07825134702841142487 0.00000000000000000000
4.7700000000 0.07820774201994558361 0.00000000000000000000
4.7800000000 0.07816436770276417867 0.00000000000000000000
4.7900000000 0.07812122225160184064 0.00000000000000000000
4.8000000000 0.07807830386038025483 0.00000000000000000000
4.8100000000 0.07803561074195582148 0.00000000000000000000
4.8200000000 0.07799314112787399111 0.00000000000000000000
4.8300000000 0.07795089326812552899 0.00000000000000000000
4.8400000000 0.07790886543090726202 0.00000000000000000000
4.8500000000 0.07786705590238633679 0.00000000000000000000
4.8600000000 0.07782546298646858540 0.00000000000000000000
4.8700000000 0.07778408500456955588 0.00000000000000000000
4.8800000000 0.07774292029538994175 0.00000000000000000000
4.8900000000 0.07770196721469403711 0.00000000000000000000
4.9000000000 0.07766122413509156386 0.00000000000000000000
4.9100000000 0.07762068944582291297 0.00000000000000000000
4.9200000000 0.07758036155254757760 0.00000000000000000000
4.9300000000 0.07754023887713590302 0.00000000000000000000
4.9400000000 0.07750031985746402841 0.00000000000000000000
4.9500000000 0.07746060294721170136 0.00000000000000000000
4.9600000000 0.07742108661566321492 0.00000000000000000000
4.9700000000 0.07738176934751152258 0.00000000000000000000
4.9800000000 0.07734264964266500397 0.00000000000000000000
4.9900000000 0.07730372601605750571 0.00000000000000000000
5.0000000000 0.07726499699746069982 0.00000000000000000000
