0.1000000000 2.21951952598515411808 0.00000000000000000000
0.1100000000 2.11365849833008878633 0.00000000000000000000
0.1200000000 2.01338292644659633268 0.00000000000000000000
0.1300000000 1.91862471170126025477 0.00000000000000000000
0.1400000000 1.82926069415402059448 0.00000000000000000000
0.1500000000 1.74512086211411521219 0.00000000000000000000
0.1600000000 1.66599746490616440475 0.00000000000000000000
0.1700000000 1.59165436570150387041 0.00000000000000000000
0.1800000000 1.52183606506109470047 0.00000000000000000000
0.1900000000 1.45627595909021279041 0.00000000000000000000
0.2000000000 1.39470354291602771646 0.00000000000000000000
0.2100000000 1.33685040937832999575 0.00000000000000000000
0.2200000000 1.28245501026858987892 0.00000000000000000000
0.2300000000 1.23126623631404585879 0.00000000000000000000
0.2400000000 1.18304593148955095039 0.00000000000000000000
0.2500000000 1.13757049028440526683 0.00000000000000000000
0.2600000000 1.09463169850022756791 0.00000000000000000000
0.2700000000 1.05403697484334113454 0.00000000000000000000
0.2800000000 1.01560915741635970910 0.00000000000000000000
0.2900000000 0.97918596067569985131 0.00000000000000000000
0.3000000000 0.94461920785221253904 0.00000000000000000000
0.3100000000 0.91177392351864705589 0.00000000000000000000
0.3200000000 0.88052735233010470672 0.00000000000000000000
0.3300000000 0.85076795368755453453 0.00000000000000000000
0.3400000000 0.82239440843135547254 0.00000000000000000000
0.3500000000 0.79531466260848793226 0.00000000000000000000
0.3600000000 0.76944502464542263720 0.00000000000000000000
0.3700000000 0.74470932558559133074 0.00000000000000000000
0.3800000000 0.72103814708028801661 0.00000000000000000000
0.3900000000 0.69836811823145739098 0.00000000000000000000
0.4000000000 0.67664127988397182456 0.00000000000000000000
0.4100000000 0.65580451330466926763 0.00000000000000000000
0.4200000000 0.63580902915878512172 0.00000000000000000000
0.4300000000 0.61660991213498983488 0.00000000000000000000
0.4400000000 0.59816571634619086772 0.00000000000000000000
0.4500000000 0.58043810664303319147 0.00000000000000000000
0.4600000000 0.56339154114323797273 0.00000000000000000000
0.4700000000 0.54699299054513061957 0.00000000000000000000
0.4800000000 0.53121169011587865416 0.00000000000000000000
0.4900000000 0.51601892059400034096 0.00000000000000000000
0.5000000000 0.50138781460076087271 0.00000000000000000000
0.5100000000 0.48729318550202016525 0.00000000000000000000
0.5200000000 0.47371137599200457968 0.00000000000000000000
0.5300000000 0.46062012397781726403 0.00000000000000000000
0.5400000000 0.44799844362579727131 0.00000000000000000000
0.5500000000 0.43582651968687163846 0.00000000000000000000
0.5600000000 0.42408561344831979811 0.00000000000000000000
0.5700000000 0.41275797886491999433 0.00000000000000000000
0.5800000000 0.40182678760478002244 0.00000000000000000000
0.5900000000 0.39127606190617164605 0.00000000000000000000
0.6000000000 0.38109061428334511934 0.00000000000000000000
0.6100000000 0.37125599324340746721 0.00000000000000000000
0.6200000000 0.36175843428489390385 0.00000000000000000000
0.6300000000 0.35258481554335835417 0.00000000000000000000
0.6400000000 0.34372261753175853416 0.00000000000000000000
0.6500000000 0.33515988649508005048 0.00000000000000000000
0.6600000000 0.32688520096097123391 0.00000000000000000000
0.6700000000 0.31888764112212530932 0.00000000000000000000
0.6800000000 0.31115676073310372107 0.00000000000000000000
0.6900000000 0.30368256124480291769 0.00000000000000000000
0.7000000000 0.29645546793509713890 0.00000000000000000000
0.7100000000 0.28946630782458127040 0.00000000000000000000
0.7200000000 0.28270628919283036229 0.00000000000000000000
0.7300000000 0.27616698253350518977 0.00000000000000000000
0.7400000000 0.26984030280642656852 0.00000000000000000000
0.7500000000 0.26371849286206000551 0.00000000000000000000
0.7600000000 0.25779410792867318847 0.00000000000000000000
0.7700000000 0.25206000106550058293 0.00000000000000000000
0.7800000000 0.24650930949652141710 0.00000000000000000000
0.7900000000 0.24113544174913970064 0.00000000000000000000
0.8000000000 0.23593206553071782716 0.00000000000000000000
0.8100000000 0.23089309628329696134 0.00000000000000000000
0.8200000000 0.22601268636329538420 0.00000000000000000000
0.8300000000 0.22128521479867507837 0.00000000000000000000
0.8400000000 0.21670527758095298188 0.00000000000000000000
0.8500000000 0.21226767845391941725 0.00000000000000000000
0.8600000000 0.20796742016445862733 0.00000000000000000000
0.8700000000 0.20379969614452700388 0.00000000000000000000
0.8800000000 0.19975988259600380159 0.00000000000000000000
0.8900000000 0.19584353095289788738 0.00000000000000000000
0.9000000000 0.19204636069759370431 0.00000000000000000000
0.9100000000 0.18836425250987917646 0.00000000000000000000
0.9200000000 0.18479324172927991121 0.00000000000000000000
0.9300000000 0.18132951211283387938 0.00000000000000000000
0.9400000000 0.17796938987179738989 0.00000000000000000000
0.9500000000 0.17470933797224455497 0.00000000000000000000
0.9600000000 0.17154595068530759105 0.00000000000000000000
0.9700000000 0.16847594837416784985 0.00000000000000000000
0.9800000000 0.16549617250575637817 0.00000000000000000000
0.9900000000 0.16260358087576196051 0.00000000000000000000
1.0000000000 0.15979524303526496110 0.00000000000000000000
1.0100000000 0.15706833591402960537 0.00000000000000000000
1.0200000000 0.15442013962302905683 0.00000000000000000000
1.0300000000 0.15184803343327904490 0.00000000000000000000
1.0400000000 0.14934949192386939854 0.00000000000000000000
1.0500000000 0.14692208128690137370 0.00000000000000000000
1.0600000000 0.14456345578509388616 0.00000000000000000000
1.0700000000 0.14227135435457832768 0.00000000000000000000
1.0800000000 0.14004359734626301015 0.00000000000000000000
1.0900000000 0.13787808339988255613 0.00000000000000000000
1.1000000000 0.13577278644459922496 0.00000000000000000000
1.1100000000 0.13372575282098089766 0.00000000000000000000
1.1200000000 0.13173509851884745991 0.00000000000000000000
1.1300000000 0.12979900652618131529 0.00000000000000000000
1.1400000000 0.12791572428425404540 0.00000000000000000000
1.1500000000 0.12608356124457395508 0.00000000000000000000
1.1600000000 0.12430088652318485587 0.00000000000000000000
1.1700000000 0.12256612664841791405 0.00000000000000000000
1.1800000000 0.12087776339802974723 0.00000000000000000000
1.1900000000 0.11923433172207710540 0.00000000000000000000
1.2000000000 0.11763441774794043682 0.00000000000000000000
1.2100000000 0.11607665686410439942 0.00000000000000000000
1.2200000000 0.11455973187942984637 0.00000000000000000000
1.2300000000 0.11308237125481548913 0.00000000000000000000
1.2400000000 0.11164334740429278370 0.00000000000000000000
1.2500000000 0.11024147506266970820 0.00000000000000000000
1.2600000000 0.10887560971705716184 0.00000000000000000000
1.2700000000 0.10754464609963219901 0.00000000000000000000
1.2800000000 0.10624751673915354411 0.00000000000000000000
1.2900000000 0.10498319056887130130 0.00000000000000000000
1.3000000000 0.10375067158851285221 0.00000000000000000000
1.3100000000 0.10254899757815286176 0.00000000000000000000
1.3200000000 0.10137723886193142353 0.00000000000000000000
1.3300000000 0.10023449711952071850 0.00000000000000000000
1.3400000000 0.09911990424349129136 0.00000000000000000000
1.3500000000 0.09803262124069893335 0.00000000000000000000
1.3600000000 0.09697183717593538255 0.00000000000000000000
1.3700000000 0.09593676815613247366 0.00000000000000000000
1.3800000000 0.09492665635353497722 0.00000000000000000000
1.3900000000 0.09394076906623743950 0.00000000000000000000
1.4000000000 0.09297839781462126363 0.00000000000000000000
1.4100000000 0.09203885747227034952 0.00000000000000000000
1.4200000000 0.09112148542995467115 0.00000000000000000000
1.4300000000 0.09022564079141394411 0.00000000000000000000
1.4400000000 0.08935070359964378262 0.00000000000000000000
1.4500000000 0.08849607409248490264 0.00000000000000000000
1.4600000000 0.08766117198637086994 0.00000000000000000000
1.4700000000 0.08684543578709745526 0.00000000000000000000
1.4800000000 0.08604832212655960655 0.00000000000000000000
1.4900000000 0.08526930512442958132 0.00000000000000000000
1.5000000000 0.08450787577379582916 0.00000000000000000000
1.5100000000 0.08376354134981744970 0.00000000000000000000
1.5200000000 0.08303582484048672996 0.00000000000000000000
1.5300000000 0.08232426439864842793 0.00000000000000000000
1.5400000000 0.08162841281441832186 0.00000000000000000000
1.5500000000 0.08094783700722917030 0.00000000000000000000
1.5600000000 0.08028211753671372908 0.00000000000000000000
1.5700000000 0.07963084813171444898 0.00000000000000000000
1.5800000000 0.07899363523669247766 0.00000000000000000000
1.5900000000 0.07837009757486911032 0.00000000000000000000
1.6000000000 0.07775986572745133274 0.00000000000000000000
1.6100000000 0.07716258172831969020 0.00000000000000000000
1.6200000000 0.07657789867356712410 0.00000000000000000000
1.6300000000 0.07600548034532929320 0.00000000000000000000
1.6400000000 0.07544500084935057416 0.00000000000000000000
1.6500000000 0.07489614426575171013 0.00000000000000000000
1.6600000000 0.07435860431249710634 0.00000000000000000000
1.6700000000 0.07383208402107180324 0.00000000000000000000
1.6800000000 0.07331629542389753174 0.00000000000000000000
1.6900000000 0.07281095925304738314 0.00000000000000000000
1.7000000000 0.07231580464981247902 0.00000000000000000000
1.7100000000 0.07183056888472155732 0.00000000000000000000
1.7200000000 0.07135499708760618953 0.00000000000000000000
1.7300000000 0.07088884198733415298 0.00000000000000000000
1.7400000000 0.07043186366084126793 0.00000000000000000000
1.7500000000 0.06998382929110956441 0.00000000000000000000
1.7600000000 0.06954451293375822629 0.00000000000000000000
1.7700000000 0.06911369529191233041 0.00000000000000000000
1.7800000000 0.06869116349904910712 0.00000000000000000000
1.7900000000 0.06827671090951639710 0.00000000000000000000
1.8000000000 0.06787013689642697190 0.00000000000000000000
1.8100000000 0.06747124665666996701 0.00000000000000000000
1.8200000000 0.06707985102275887401 0.00000000000000000000
1.8300000000 0.06669576628126511197 0.00000000000000000000
1.8400000000 0.06631881399759304019 0.00000000000000000000
1.8500000000 0.06594882084686218282 0.00000000000000000000
1.8600000000 0.06558561845066167295 0.00000000000000000000
1.8700000000 0.06522904321947260720 0.00000000000000000000
1.8800000000 0.06487893620053439281 0.00000000000000000000
1.8900000000 0.06453514293096641874 0.00000000000000000000
1.9000000000 0.06419751329594360068 0.00000000000000000000
1.9100000000 0.06386590139174427860 0.00000000000000000000
1.9200000000 0.06354016539348747439 0.00000000000000000000
1.9300000000 0.06322016742739448858 0.00000000000000000000
1.9400000000 0.06290577344740269639 0.00000000000000000000
1.9500000000 0.06259685311597765200 0.00000000000000000000
1.9600000000 0.06229327968896802153 0.00000000000000000000
1.9700000000 0.06199492990435737788 0.00000000000000000000
1.9800000000 0.06170168387477314997 0.00000000000000000000
1.9900000000 0.06141342498361367086 0.00000000000000000000
2.0000000000 0.06113003978466808458 0.00000000000000000000
2.0100000000 0.06085141790509528831 0.00000000000000000000
2.0200000000 0.06057745195165047114 0.00000000000000000000
2.0300000000 0.06030803742003530699 0.00000000000000000000
2.0400000000 0.06004307260726514384 0.00000000000000000000
2.0500000000 0.05978245852694306223 0.00000000000000000000
2.0600000000 0.05952609882733552599 0.00000000000000000000
2.0700000000 0.05927389971215660941 0.00000000000000000000
2.0800000000 0.05902576986395648845 0.00000000000000000000
2.0900000000 0.05878162037002782059 0.00000000000000000000
2.1000000000 0.05854136465073848244 0.00000000000000000000
2.1100000000 0.05830491839020795347 0.00000000000000000000
2.1200000000 0.05807219946924014470 0.00000000000000000000
2.1300000000 0.05784312790043941166 0.00000000000000000000
2.1400000000 0.05761762576542759501 0.00000000000000000000
2.1500000000 0.05739561715409351172 0.00000000000000000000
2.1600000000 0.05717702810580217038 0.00000000000000000000
2.1700000000 0.05696178655249463374 0.00000000000000000000
2.1800000000 0.05674982226361328236 0.00000000000000000000
2.1900000000 0.05654106679279360947 0.00000000000000000000
2.2000000000 0.05633545342625199265 0.00000000000000000000
2.2100000000 0.05613291713282315271 0.00000000000000000000
2.2200000000 0.05593339451558070052 0.00000000000000000000
2.2300000000 0.05573682376499011076 0.00000000000000000000
2.2400000000 0.05554314461354498828 0.00000000000000000000
2.2500000000 0.05535229829182937433 0.00000000000000000000
2.2600000000 0.05516422748596309239 0.00000000000000000000
2.2700000000 0.05497887629637988882 0.00000000000000000000
2.2800000000 0.05479619019789604140 0.00000000000000000000
2.2900000000 0.05461611600102282693 0.00000000000000000000
2.3000000000 0.05443860181448277602 0.00000000000000000000
2.3100000000 0.05426359700888835902 0.00000000000000000000
2.3200000000 0.05409105218154451611 0.00000000000000000000
2.3300000000 0.05392091912233818590 0.00000000000000000000
2.3400000000 0.05375315078067613439 0.00000000000000000000
2.3500000000 0.05358770123343899183 0.00000000000000000000
2.3600000000 0.05342452565391546393 0.00000000000000000000
2.3700000000 0.05326358028168407671 0.00000000000000000000
2.3800000000 0.05310482239341612204 0.00000000000000000000
2.3900000000 0.05294821027455969692 0.00000000000000000000
2.4000000000 0.05279370319188555344 0.00000000000000000000
2.4100000000 0.05264126136686095997 0.00000000000000000000
2.4200000000 0.05249084594982569157 0.00000000000000000000
2.4300000000 0.05234241899494407324 0.00000000000000000000
2.4400000000 0.05219594343590792246 0.00000000000000000000
2.4500000000 0.05205138306236568868 0.00000000000000000000
2.4600000000 0.05190870249705367007 0.00000000000000000000
2.4700000000 0.05176786717360819939 0.00000000000000000000
2.4800000000 0.05162884331503389546 0.00000000000000000000
2.4900000000 0.05149159791281163190 0.00000000000000000000
2.5000000000 0.05135609870661871079 0.00000000000000000000
2.5100000000 0.05122231416464902154 0.00000000000000000000
2.5200000000 0.05109021346450813572 0.00000000000000000000
2.5300000000 0.05095976647466886333 0.00000000000000000000
2.5400000000 0.05083094373646694641 0.00000000000000000000
2.5500000000 0.05070371644662100691 0.00000000000000000000
2.5600000000 0.05057805644025881869 0.00000000000000000000
2.5700000000 0.05045393617443738599 0.00000000000000000000
2.5800000000 0.05033132871213534532 0.00000000000000000000
2.5900000000 0.05021020770670805988 0.00000000000000000000
2.6000000000 0.05009054738678950236 0.00000000000000000000
2.6100000000 0.04997232254162415482 0.00000000000000000000
2.6200000000 0.04985550850682066854 0.00000000000000000000
2.6300000000 0.04974008115050841672 0.00000000000000000000
2.6400000000 0.04962601685988878714 0.00000000000000000000
2.6500000000 0.04951329252816696891 0.00000000000000000000
2.6600000000 0.04940188554185332565 0.00000000000000000000
2.6700000000 0.04929177376842092811 0.00000000000000000000
2.6800000000 0.04918293554431189818 0.00000000000000000000
2.6900000000 0.04907534966327815190 0.00000000000000000000
2.7000000000 0.04896899536504845801 0.00000000000000000000
2.7100000000 0.04886385232431129239 0.00000000000000000000
2.7200000000 0.04875990064000419733 0.00000000000000000000
2.7300000000 0.04865712082489902918 0.00000000000000000000
2.7400000000 0.04855549379547560024 0.00000000000000000000
2.7500000000 0.04845500086207447238 0.00000000000000000000
2.7600000000 0.04835562371932068670 0.00000000000000000000
2.7700000000 0.04825734443680843727 0.00000000000000000000
2.7800000000 0.04816014545004290021 0.00000000000000000000
2.7900000000 0.04806400955162654087 0.00000000000000000000
2.8000000000 0.04796891988268659618 0.00000000000000000000
2.8100000000 0.04787485992453464900 0.00000000000000000000
2.8200000000 0.04778181349055082849 0.00000000000000000000
2.8300000000 0.04768976471828798719 0.00000000000000000000
2.8400000000 0.04759869806178813195 0.00000000000000000000
2.8500000000 0.04750859828410377433 0.00000000000000000000
2.8600000000 0.04741945045002012721 0.00000000000000000000
2.8700000000 0.04733123991897181249 0.00000000000000000000
2.8800000000 0.04724395233814682876 0.00000000000000000000
2.8900000000 0.04715757363577396943 0.00000000000000000000
2.9000000000 0.04707209001458848713 0.00000000000000000000
2.9100000000 0.04698748794546837859 0.00000000000000000000
2.9200000000 0.04690375416123973573 0.00000000000000000000
2.9300000000 0.04682087565064377288 0.00000000000000000000
2.9400000000 0.04673883965246195676 0.00000000000000000000
2.9500000000 0.04665763364979418071 0.00000000000000000000
2.9600000000 0.04657724536448538954 0.00000000000000000000
2.9700000000 0.04649766275169781027 0.00000000000000000000
2.9800000000 0.04641887399462338304 0.00000000000000000000
2.9900000000 0.04634086749933085531 0.00000000000000000000
3.0000000000 0.04626363188974864926 0.00000000000000000000
3.0100000000 0.04618715600277335798 0.00000000000000000000
3.0200000000 0.04611142888350470287 0.00000000000000000000
3.0300000000 0.04603643978060312919 0.00000000000000000000
3.0400000000 0.04596217814176336430 0.00000000000000000000
3.0500000000 0.04588863360930402896 0.00000000000000000000
3.0600000000 0.04581579601586895090 0.00000000000000000000
3.0700000000 0.04574365538023694722 0.00000000000000000000
3.0800000000 0.04567220190323611345 0.00000000000000000000
3.0900000000 0.04560142596376160623 0.00000000000000000000
3.1000000000 0.04553131811489281172 0.00000000000000000000
3.1100000000 0.04546186908010712430 0.00000000000000000000
3.1200000000 0.04539306974958824681 0.00000000000000000000
3.1300000000 0.04532491117662595242 0.00000000000000000000
3.1400000000 0.04525738457410523330 0.00000000000000000000
3.1500000000 0.04519048131108092947 0.00000000000000000000
3.1600000000 0.04512419290943873312 0.00000000000000000000
3.1700000000 0.04505851104063567092 0.00000000000000000000
3.1800000000 0.04499342752252240285 0.00000000000000000000
3.1900000000 0.04492893431624193912 0.00000000000000000000
3.2000000000 0.04486502352320378278 0.00000000000000000000
3.2100000000 0.04480168738213212432 0.00000000000000000000
3.2200000000 0.04473891826618534712 0.00000000000000000000
3.2300000000 0.04467670868014406854 0.00000000000000000000
3.2400000000 0.04461505125766822982 0.00000000000000000000
3.2500000000 0.04455393875861881486 0.00000000000000000000
3.2600000000 0.04449336406644480157 0.00000000000000000000
3.2700000000 0.04443332018563099506 0.00000000000000000000
3.2800000000 0.04437380023920801941 0.00000000000000000000
3.2900000000 0.04431479746632056155 0.00000000000000000000
3.3000000000 0.04425630521985328414 0.00000000000000000000
3.3100000000 0.04419831696411259669 0.00000000000000000000
3.3200000000 0.04414082627256372265 0.00000000000000000000
3.3300000000 0.04408382682561974575 0.00000000000000000000
3.3400000000 0.04402731240848310051 0.00000000000000000000
3.3500000000 0.04397127690903731428 0.00000000000000000000
3.3600000000 0.04391571431578753654 0.00000000000000000000
3.3700000000 0.04386061871584901600 0.00000000000000000000
3.3800000000 0.04380598429298227653 0.00000000000000000000
3.3900000000 0.04375180532567308350 0.00000000000000000000
3.4000000000 0.04369807618525729104 0.00000000000000000000
3.4100000000 0.04364479133408809275 0.00000000000000000000
3.4200000000 0.04359194532374521813 0.00000000000000000000
3.4300000000 0.04353953279328551945 0.00000000000000000000
3.4400000000 0.04348754846753286746 0.00000000000000000000
3.4500000000 0.04343598715540671062 0.00000000000000000000
3.4600000000 0.04338484374828883994 0.00000000000000000000
3.4700000000 0.04333411321842713798 0.00000000000000000000
3.4800000000 0.04328379061737386985 0.00000000000000000000
3.4900000000 0.04323387107446111793 0.00000000000000000000
3.5000000000 0.04318434979530855894 0.00000000000000000000
3.5100000000 0.04313522206036526918 0.00000000000000000000
3.5200000000 0.04308648322348391374 0.00000000000000000000
3.5300000000 0.04303812871052617450 0.00000000000000000000
3.5400000000 0.04299015401799966690 0.00000000000000000000
3.5500000000 0.04294255471172417349 0.00000000000000000000
3.5600000000 0.04289532642552772168 0.00000000000000000000
3.5700000000 0.04284846485997105547 0.00000000000000000000
3.5800000000 0.04280196578110000843 0.00000000000000000000
3.5900000000 0.04275582501922488982 0.00000000000000000000
3.6000000000 0.04271003846772659929 0.00000000000000000000
3.6100000000 0.04266460208188911640 0.00000000000000000000
3.6200000000 0.04261951187775581823 0.00000000000000000000
3.6300000000 0.04257476393101207457 0.00000000000000000000
3.6400000000 0.04253035437589045009 0.00000000000000000000
3.6500000000 0.04248627940410067139 0.00000000000000000000
3.6600000000 0.04244253526378134744 0.00000000000000000000
3.6700000000 0.04239911825847485216 0.00000000000000000000
3.6800000000 0.04235602474612309987 0.00000000000000000000
3.6900000000 0.04231325113808576122 0.00000000000000000000
3.7000000000 0.04227079389817809535 0.00000000000000000000
3.7100000000 0.04222864954172970975 0.00000000000000000000
3.7200000000 0.04218681463466321391 0.00000000000000000000
3.7300000000 0.04214528579259139984 0.00000000000000000000
3.7400000000 0.04210405967993416376 0.00000000000000000000
3.7500000000 0.04206313300905323987 0.00000000000000000000
3.7600000000 0.04202250253940525981 0.00000000000000000000
3.7700000000 0.04198216507671199971 0.00000000000000000000
3.7800000000 0.04194211747214841163 0.00000000000000000000
3.7900000000 0.04190235662154648960 0.00000000000000000000
3.8000000000 0.04186287946461610121 0.00000000000000000000
3.8100000000 0.04182368298418174396 0.00000000000000000000
3.8200000000 0.04178476420543450476 0.00000000000000000000
3.8300000000 0.04174612019520010375 0.00000000000000000000
3.8400000000 0.04170774806122053147 0.00000000000000000000
3.8500000000 0.04166964495145140251 0.00000000000000000000
3.8600000000 0.04163180805337279855 0.00000000000000000000
3.8700000000 0.04159423459331439837 0.00000000000000000000
3.8800000000 0.04155692183579393073 0.00000000000000000000
3.8900000000 0.04151986708286885958 0.00000000000000000000
3.9000000000 0.04148306767350127405 0.00000000000000000000
3.9100000000 0.04144652098293519216 0.00000000000000000000
3.9200000000 0.04141022442208611848 0.00000000000000000000
3.9300000000 0.04137417543694296013 0.00000000000000000000
3.9400000000 0.04133837150798205795 0.00000000000000000000
3.9500000000 0.04130281014959163999 0.00000000000000000000
3.9600000000 0.04126748890950904941 0.00000000000000000000
3.9700000000 0.04123240536826750652 0.00000000000000000000
3.9800000000 0.04119755713865518032 0.00000000000000000000
3.9900000000 0.04116294186518328763 0.00000000000000000000
4.0000000000 0.04112855722356602295 0.00000000000000000000
4.0100000000 0.04109440092020917590 0.00000000000000000000
4.0200000000 0.04106047069170955244 0.00000000000000000000
4.0300000000 0.04102676430436384691 0.00000000000000000000
4.0400000000 0.04099327955368650689 0.00000000000000000000
4.0500000000 0.04096001426393763856 0.00000000000000000000
4.0600000000 0.04092696628765891270 0.00000000000000000000
4.0700000000 0.04089413350521940022 0.00000000000000000000
4.0800000000 0.04086151382436909590 0.00000000000000000000
4.0900000000 0.04082910517980164328 0.00000000000000000000
4.1000000000 0.04079690553272463660 0.00000000000000000000
4.1100000000 0.04076491287043861045 0.00000000000000000000
4.1200000000 0.04073312520592353714 0.00000000000000000000
4.1300000000 0.04070154057743342879 0.00000000000000000000
4.1400000000 0.04067015704809807952 0.00000000000000000000
4.1500000000 0.04063897270553273183 0.00000000000000000000
4.1600000000 0.04060798566145431415 0.00000000000000000000
4.1700000000 0.04057719405130569973 0.00000000000000000000
4.1800000000 0.04054659603388602318 0.00000000000000000000
4.1900000000 0.04051618979098834533 0.00000000000000000000
4.2000000000 0.04048597352704390306 0.00000000000000000000
4.2100000000 0.04045594546877270825 0.00000000000000000000
4.2200000000 0.04042610386484055823 0.00000000000000000000
4.2300000000 0.04039644698552280477 0.00000000000000000000
4.2400000000 0.04036697312237304269 0.00000000000000000000
4.2500000000 0.04033768058789934802 0.00000000000000000000
4.2600000000 0.04030856771524512355 0.00000000000000000000
4.2700000000 0.04027963285787634906 0.00000000000000000000
4.2800000000 0.04025087438927413969 0.00000000000000000000
4.2900000000 0.04022229070263311917 0.00000000000000000000
4.3000000000 0.04019388021056501115 0.00000000000000000000
4.3100000000 0.04016564134480740678 0.00000000000000000000
4.3200000000 0.04013757255593786155 0.00000000000000000000
4.3300000000 0.04010967231309325171 0.00000000000000000000
4.3400000000 0.04008193910369351604 0.00000000000000000000
4.3500000000 0.04005437143317087251 0.00000000000000000000
4.3600000000 0.04002696782470383657 0.00000000000000000000
4.3700000000 0.03999972681895495874 0.00000000000000000000
4.3800000000 0.03997264697381448795 0.00000000000000000000
4.3900000000 0.03994572686414765011 0.00000000000000000000
4.4000000000 0.03991896508154622880 0.00000000000000000000
4.4100000000 0.03989236023408538473 0.00000000000000000000
4.4200000000 0.03986591094608342434 0.00000000000000000000
4.4300000000 0.03983961585786706394 0.00000000000000000000
4.4400000000 0.03981347362553921965 0.00000000000000000000
4.4500000000 0.03978748292075241777 0.00000000000000000000
4.4600000000 0.03976164243048464081 0.00000000000000000000
4.4700000000 0.03973595085682008615 0.00000000000000000000
4.4800000000 0.03971040691673305423 0.00000000000000000000
4.4900000000 0.03968500934187552814 0.00000000000000000000
4.5000000000 0.03965975687836882646 0.00000000000000000000
4.5100000000 0.03963464828659814254 0.00000000000000000000
4.5200000000 0.03960968234101117785 0.00000000000000000000
4.5300000000 0.03958485782991948143 0.00000000000000000000
4.5400000000 0.03956017355530389024 0.00000000000000000000
4.5500000000 0.03953562833262255077 0.00000000000000000000
4.5600000000 0.03951122099062245180 0.00000000000000000000
4.5700000000 0.03948695037115425993 0.00000000000000000000
4.5800000000 0.03946281532898977817 0.00000000000000000000
4.5900000000 0.03943881473164291551 0.00000000000000000000
4.6000000000 0.03941494745919329329 0.00000000000000000000
4.6100000000 0.03939121240411273817 0.00000000000000000000
4.6200000000 0.03936760847109497391 0.00000000000000000000
4.6300000000 0.03934413457688767241 0.00000000000000000000
4.6400000000 0.03932078965012748839 0.00000000000000000000
4.6500000000 0.03929757263117798077 0.00000000000000000000
4.6600000000 0.03927448247196946296 0.00000000000000000000
4.6700000000 0.03925151813584244753 0.00000000000000000000
4.6800000000 0.03922867859739269381 0.00000000000000000000
4.6900000000 0.03920596284231946810 0.00000000000000000000
4.7000000000 0.03918336986727559423 0.00000000000000000000
4.7100000000 0.03916089867972082778 0.00000000000000000000
4.7200000000 0.03913854829777627109 0.00000000000000000000
4.7300000000 0.03911631775008252848 0.00000000000000000000
4.7400000000 0.03909420607565904787 0.00000000000000000000
4.7500000000 0.03907221232376623110 0.00000000000000000000
4.7600000000 0.03905033555376966753 0.00000000000000000000
4.7700000000 0.03902857483500642155 0.00000000000000000000
4.7800000000 0.03900692924665329075 0.00000000000000000000
4.7900000000 0.03898539787759752739 0.00000000000000000000
4.8000000000 0.03896397982630915580 0.00000000000000000000
4.8100000000 0.03894267420071587105 0.00000000000000000000
4.8200000000 0.03892148011807908953 0.00000000000000000000
4.8300000000 0.03890039670487259460 0.00000000000000000000
4.8400000000 0.03887942309666278518 0.00000000000000000000
4.8500000000 0.03885855843799082554 0.00000000000000000000
4.8600000000 0.03883780188225681440 0.00000000000000000000
4.8700000000 0.03881715259160511966 0.00000000000000000000
4.8800000000 0.03879660973681238467 0.00000000000000000000
4.8900000000 0.03877617249717659614 0.00000000000000000000
4.9000000000 0.03875584006040772717 0.00000000000000000000
4.9100000000 0.03873561162252096846 0.00000000000000000000
4.9200000000 0.03871548638773054246 0.00000000000000000000
4.9300000000 0.03869546356834565465 0.00000000000000000000
4.9400000000 0.03867554238466797134 0.00000000000000000000
4.9500000000 0.03865572206489066576 0.00000000000000000000
4.9600000000 0.03863600184499873386 0.00000000000000000000
4.9700000000 0.03861638096867132247 0.00000000000000000000
4.9800000000 0.03859685868718493867 0.00000000000000000000
4.9900000000 0.03857743425931844244 0.00000000000000000000
5.0000000000 0.03855810695125959364 0.00000000000000000000
