0.1000000000 1.57798396939753060586 0.00000000000000000000
0.1100000000 1.53314730220647743586 0.00000000000000000000
0.1200000000 1.48931476381372562834 0.00000000000000000000
0.1300000000 1.44648954471105706254 0.00000000000000000000
0.1400000000 1.40467292628841611268 0.00000000000000000000
0.1500000000 1.36386434233319309151 0.00000000000000000000
0.1600000000 1.32406144915137091722 0.00000000000000000000
0.1700000000 1.28526020321530731749 0.00000000000000000000
0.1800000000 1.24745494521326993898 0.00000000000000000000
0.1900000000 1.21063848936777596066 0.00000000000000000000
0.2000000000 1.17480221690182862204 0.00000000000000000000
0.2100000000 1.13993617256211599020 0.00000000000000000000
0.2200000000 1.10602916315394028679 0.00000000000000000000
0.2300000000 1.07306885710152588587 0.00000000000000000000
0.2400000000 1.04104188411681319870 0.00000000000000000000
0.2500000000 1.00993393413738230535 0.00000000000000000000
0.2600000000 0.97972985477722174252 0.00000000000000000000
0.2700000000 0.95041374662039890264 0.00000000000000000000
0.2800000000 0.92196905577518217800 0.00000000000000000000
0.2900000000 0.89437866319295622475 0.00000000000000000000
0.3000000000 0.86762497034078200908 0.00000000000000000000
0.3100000000 0.84168998089731728030 0.00000000000000000000
0.3200000000 0.81655537821808177323 0.00000000000000000000
0.3300000000 0.79220259838681628128 0.00000000000000000000
0.3400000000 0.76861289873448357390 0.00000000000000000000
0.3500000000 0.74576742176593535660 0.00000000000000000000
0.3600000000 0.72364725448624866999 0.00000000000000000000
0.3700000000 0.70223348316428857441 0.00000000000000000000
0.3800000000 0.68150724361029757503 0.00000000000000000000
0.3900000000 0.66144976707749403300 0.00000000000000000000
0.4000000000 0.64204242192519234145 0.00000000000000000000
0.4100000000 0.62326675120314090073 0.00000000000000000000
0.4200000000 0.60510450633412327104 0.00000000000000000000
0.4300000000 0.58753767708482484977 0.00000000000000000000
0.4400000000 0.57054851802398487415 0.00000000000000000000
0.4500000000 0.55411957167240044608 0.00000000000000000000
0.4600000000 0.53823368855189523963 0.00000000000000000000
0.4700000000 0.52287404434031536926 0.00000000000000000000
0.4800000000 0.50802415433735215178 0.00000000000000000000
0.4900000000 0.49366788544194895039 0.00000000000000000000
0.5000000000 0.47978946583646686630 0.00000000000000000000
0.5100000000 0.46637349256608318093 0.00000000000000000000
0.5200000000 0.45340493719420338348 0.00000000000000000000
0.5300000000 0.44086914970639368150 0.00000000000000000000
0.5400000000 0.42875186082650684760 0.00000000000000000000
0.5500000000 0.41703918289963093358 0.00000000000000000000
0.5600000000 0.40571760948724699958 0.00000000000000000000
0.5700000000 0.39477401381079529896 0.00000000000000000000
0.5800000000 0.38419564617068036050 0.00000000000000000000
0.5900000000 0.37397013045884380800 0.00000000000000000000
0.6000000000 0.36408545987433410529 0.00000000000000000000
0.6100000000 0.35452999194289275264 0.00000000000000000000
0.6200000000 0.34529244293359279139 0.00000000000000000000
0.6300000000 0.33636188175783882093 0.00000000000000000000
0.6400000000 0.32772772342884365360 0.00000000000000000000
0.6500000000 0.31937972215275189924 0.00000000000000000000
0.6600000000 0.31130796411618910646 0.00000000000000000000
0.6700000000 0.30350286002894938386 0.00000000000000000000
0.6800000000 0.29595513747485702183 0.00000000000000000000
0.6900000000 0.28865583311863696192 0.00000000000000000000
0.7000000000 0.28159628481170040359 0.00000000000000000000
0.7100000000 0.27476812363527891581 0.00000000000000000000
0.7200000000 0.26816326591514139110 0.00000000000000000000
0.7300000000 0.26177390523833160563 0.00000000000000000000
0.7400000000 0.25559250449881748546 0.00000000000000000000
0.7500000000 0.24961178799573063847 0.00000000000000000000
0.7600000000 0.24382473360491943581 0.00000000000000000000
0.7700000000 0.23822456504187172754 0.00000000000000000000
0.7800000000 0.23280474423159722153 0.00000000000000000000
0.7900000000 0.22755896379882695202 0.00000000000000000000
0.8000000000 0.22248113968995744671 0.00000000000000000000
0.8100000000 0.21756540393619630547 0.00000000000000000000
0.8200000000 0.21280609756590476711 0.00000000000000000000
0.8300000000 0.20819776367253334248 0.00000000000000000000
0.8400000000 0.20373514064324330097 0.00000000000000000000
0.8500000000 0.19941315555219218947 0.00000000000000000000
0.8600000000 0.19522691772130937315 0.00000000000000000000
0.8700000000 0.19117171245049993655 0.00000000000000000000
0.8800000000 0.18724299491840212806 0.00000000000000000000
0.8900000000 0.18343638425398950398 0.00000000000000000000
0.9000000000 0.17974765777879794793 0.00000000000000000000
0.9100000000 0.17617274541884359040 0.00000000000000000000
0.9200000000 0.17270772428495118067 0.00000000000000000000
0.9300000000 0.16934881341957025436 0.00000000000000000000
0.9400000000 0.16609236870805518804 0.00000000000000000000
0.9500000000 0.16293487795184419253 0.00000000000000000000
0.9600000000 0.15987295610075938357 0.00000000000000000000
0.9700000000 0.15690334064150474047 0.00000000000000000000
0.9800000000 0.15402288713914127904 0.00000000000000000000
0.9900000000 0.15122856492845118681 0.00000000000000000000
1.0000000000 0.14851745294919230234 0.00000000000000000000
1.0100000000 0.14588673573083141277 0.00000000000000000000
1.0200000000 0.14333369950865487708 0.00000000000000000000
1.0300000000 0.14085572847556163123 0.00000000000000000000
1.0400000000 0.13845030117254614188 0.00000000000000000000
1.0500000000 0.13611498700100002623 0.00000000000000000000
1.0600000000 0.13384744286114613754 0.00000000000000000000
1.0700000000 0.13164540991103060308 0.00000000000000000000
1.0800000000 0.12950671044238756813 0.00000000000000000000
1.0900000000 0.12742924486980866661 0.00000000000000000000
1.1000000000 0.12541098882961734806 0.00000000000000000000
1.1100000000 0.12344999038497803112 0.00000000000000000000
1.1200000000 0.12154436733369637647 0.00000000000000000000
1.1300000000 0.11969230461537631871 0.00000000000000000000
1.1400000000 0.11789205181457371174 0.00000000000000000000
1.1500000000 0.11614192075669781123 0.00000000000000000000
1.1600000000 0.11444028319346719047 0.00000000000000000000
1.1700000000 0.11278556857483133802 0.00000000000000000000
1.1800000000 0.11117626190430504596 0.00000000000000000000
1.1900000000 0.10961090167481028768 0.00000000000000000000
1.2000000000 0.10808807788211508005 0.00000000000000000000
1.2100000000 0.10660643011312105621 0.00000000000000000000
1.2200000000 0.10516464570627075126 0.00000000000000000000
1.2300000000 0.10376145798147780319 0.00000000000000000000
1.2400000000 0.10239564453701761881 0.00000000000000000000
1.2500000000 0.10106602561092366266 0.00000000000000000000
1.2600000000 0.09977146250451514320 0.00000000000000000000
1.2700000000 0.09851085606572884679 0.00000000000000000000
1.2800000000 0.09728314523004615022 0.00000000000000000000
1.2900000000 0.09608730561685038807 0.00000000000000000000
1.3000000000 0.09492234817912124922 0.00000000000000000000
1.3100000000 0.09378731790447657202 0.00000000000000000000
1.3200000000 0.09268129256560495022 0.00000000000000000000
1.3300000000 0.09160338151820951458 0.00000000000000000000
1.3400000000 0.09055272454468171750 0.00000000000000000000
1.3500000000 0.08952849074172941624 0.00000000000000000000
1.3600000000 0.08852987745030235778 0.00000000000000000000
1.3700000000 0.08755610922618663194 0.00000000000000000000
1.3800000000 0.08660643684971229550 0.00000000000000000000
1.3900000000 0.08568013637306583219 0.00000000000000000000
1.4000000000 0.08477650820376196605 0.00000000000000000000
1.4100000000 0.08389487622289153179 0.00000000000000000000
1.4200000000 0.08303458693678404667 0.00000000000000000000
1.4300000000 0.08219500866081663748 0.00000000000000000000
1.4400000000 0.08137553073411016302 0.00000000000000000000
1.4500000000 0.08057556276392648098 0.00000000000000000000
1.4600000000 0.07979453389861713986 0.00000000000000000000
1.4700000000 0.07903189212801058072 0.00000000000000000000
1.4800000000 0.07828710361018645369 0.00000000000000000000
1.4900000000 0.07755965202360501354 0.00000000000000000000
1.5000000000 0.07684903794361014340 0.00000000000000000000
1.5100000000 0.07615477824236900617 0.00000000000000000000
1.5200000000 0.07547640551132837883 0.00000000000000000000
1.5300000000 0.07481346750532312517 0.00000000000000000000
1.5400000000 0.07416552660749527182 0.00000000000000000000
1.5500000000 0.07353215931421545892 0.00000000000000000000
1.5600000000 0.07291295573923338436 0.00000000000000000000
1.5700000000 0.07230751913631676409 0.00000000000000000000
1.5800000000 0.07171546543965319487 0.00000000000000000000
1.5900000000 0.07113642282133691985 0.00000000000000000000
1.6000000000 0.07057003126528020587 0.00000000000000000000
1.6100000000 0.07001594215690437606 0.00000000000000000000
1.6200000000 0.06947381788801323954 0.00000000000000000000
1.6300000000 0.06894333147625628100 0.00000000000000000000
1.6400000000 0.06842416619862376481 0.00000000000000000000
1.6500000000 0.06791601523842524801 0.00000000000000000000
1.6600000000 0.06741858134524392199 0.00000000000000000000
1.6700000000 0.06693157650735774566 0.00000000000000000000
1.6800000000 0.06645472163615613603 0.00000000000000000000
1.6900000000 0.06598774626208454841 0.00000000000000000000
1.7000000000 0.06553038824168488929 0.00000000000000000000
1.7100000000 0.06508239347529533314 0.00000000000000000000
1.7200000000 0.06464351563501380404 0.00000000000000000000
1.7300000000 0.06421351590252437347 0.00000000000000000000
1.7400000000 0.06379216271641238722 0.00000000000000000000
1.7500000000 0.06337923152861239806 0.00000000000000000000
1.7600000000 0.06297450456963252230 0.00000000000000000000
1.7700000000 0.06257777062222986963 0.00000000000000000000
1.7800000000 0.06218882480321086259 0.00000000000000000000
1.7900000000 0.06180746835305122450 0.00000000000000000000
1.8000000000 0.06143350843304181547 0.00000000000000000000
1.8100000000 0.06106675792966927141 0.00000000000000000000
1.8200000000 0.06070703526596851751 0.00000000000000000000
1.8300000000 0.06035416421957329886 0.00000000000000000000
1.8400000000 0.06000797374722413591 0.00000000000000000000
1.8500000000 0.05966829781548259326 0.00000000000000000000
1.8600000000 0.05933497523742377322 0.00000000000000000000
1.8700000000 0.05900784951508318554 0.00000000000000000000
1.8800000000 0.05868676868744014674 0.00000000000000000000
1.8900000000 0.05837158518373557203 0.00000000000000000000
1.9000000000 0.05806215568192082260 0.00000000000000000000
1.9100000000 0.05775834097205286705 0.00000000000000000000
1.9200000000 0.05746000582444395904 0.00000000000000000000
1.9300000000 0.05716701886240054681 0.00000000000000000000
1.9400000000 0.05687925243937041325 0.00000000000000000000
1.9500000000 0.05659658252034560633 0.00000000000000000000
1.9600000000 0.05631888856735555587 0.00000000000000000000
1.9700000000 0.05604605342890734559 0.00000000000000000000
1.9800000000 0.05577796323322373184 0.00000000000000000000
1.9900000000 0.05551450728514122773 0.00000000000000000000
2.0000000000 0.05525557796653573356 0.00000000000000000000
2.0100000000 0.05500107064014445740 0.00000000000000000000
2.0200000000 0.05475088355666204304 0.00000000000000000000
2.0300000000 0.05450491776499256924 0.00000000000000000000
2.0400000000 0.05426307702554076379 0.00000000000000000000
2.0500000000 0.05402526772643515690 0.00000000000000000000
2.0600000000 0.05379139880257512163 0.00000000000000000000
2.0700000000 0.05356138165739978557 0.00000000000000000000
2.0800000000 0.05333513008728375804 0.00000000000000000000
2.0900000000 0.05311256020846237547 0.00000000000000000000
2.1000000000 0.05289359038639550314 0.00000000000000000000
2.1100000000 0.05267814116748704284 0.00000000000000000000
2.1200000000 0.05246613521307037092 0.00000000000000000000
2.1300000000 0.05225749723558223425 0.00000000000000000000
2.1400000000 0.05205215393684825553 0.00000000000000000000
2.1500000000 0.05185003394840157626 0.00000000000000000000
2.1600000000 0.05165106777376612252 0.00000000000000000000
2.1700000000 0.05145518773263367540 0.00000000000000000000
2.1800000000 0.05126232790686727214 0.00000000000000000000
2.1900000000 0.05107242408826878632 0.00000000000000000000
2.2000000000 0.05088541372804612078 0.00000000000000000000
2.2100000000 0.05070123588792255914 0.00000000000000000000
2.2200000000 0.05051983119283137008 0.00000000000000000000
2.2300000000 0.05034114178513700300 0.00000000000000000000
2.2400000000 0.05016511128033385863 0.00000000000000000000
2.2500000000 0.04999168472416844894 0.00000000000000000000
2.2600000000 0.04982080855113748402 0.00000000000000000000
2.2700000000 0.04965243054431360548 0.00000000000000000000
2.2800000000 0.04948649979645131092 0.00000000000000000000
2.2900000000 0.04932296667233310172 0.00000000000000000000
2.3000000000 0.04916178277230962013 0.00000000000000000000
2.3100000000 0.04900290089699318313 0.00000000000000000000
2.3200000000 0.04884627501306788855 0.00000000000000000000
2.3300000000 0.04869186022017542304 0.00000000000000000000
2.3400000000 0.04853961271884144751 0.00000000000000000000
2.3500000000 0.04838948977940712992 0.00000000000000000000
2.3600000000 0.04824144971193020798 0.00000000000000000000
2.3700000000 0.04809545183702636229 0.00000000000000000000
2.3800000000 0.04795145645761438730 0.00000000000000000000
2.3900000000 0.04780942483153962502 0.00000000000000000000
2.4000000000 0.04766931914504199397 0.00000000000000000000
2.4100000000 0.04753110248704356389 0.00000000000000000000
2.4200000000 0.04739473882422637341 0.00000000000000000000
2.4300000000 0.04726019297687449744 0.00000000000000000000
2.4400000000 0.04712743059545514840 0.00000000000000000000
2.4500000000 0.04699641813791557987 0.00000000000000000000
2.4600000000 0.04686712284766841874 0.00000000000000000000
2.4700000000 0.04673951273224813407 0.00000000000000000000
2.4800000000 0.04661355654261013087 0.00000000000000000000
2.4900000000 0.04648922375305751531 0.00000000000000000000
2.5000000000 0.04636648454177043355 0.00000000000000000000
2.5100000000 0.04624530977192142095 0.00000000000000000000
2.5200000000 0.04612567097335401600 0.00000000000000000000
2.5300000000 0.04600754032481087913 0.00000000000000000000
2.5400000000 0.04589089063668950336 0.00000000000000000000
2.5500000000 0.04577569533431041782 0.00000000000000000000
2.5600000000 0.04566192844168158460 0.00000000000000000000
2.5700000000 0.04554956456574154461 0.00000000000000000000
2.5800000000 0.04543857888106692111 0.00000000000000000000
2.5900000000 0.04532894711502905710 0.00000000000000000000
2.6000000000 0.04522064553338706744 0.00000000000000000000
2.6100000000 0.04511365092629830015 0.00000000000000000000
2.6200000000 0.04500794059474001740 0.00000000000000000000
2.6300000000 0.04490349233732357503 0.00000000000000000000
2.6400000000 0.04480028443749121958 0.00000000000000000000
2.6500000000 0.04469829565108270064 0.00000000000000000000
2.6600000000 0.04459750519426064486 0.00000000000000000000
2.6700000000 0.04449789273178178517 0.00000000000000000000
2.6800000000 0.04439943836560577423 0.00000000000000000000
2.6900000000 0.04430212262382817595 0.00000000000000000000
2.7000000000 0.04420592644992986375 0.00000000000000000000
2.7100000000 0.04411083119233143862 0.00000000000000000000
2.7200000000 0.04401681859424329268 0.00000000000000000000
2.7300000000 0.04392387078380353277 0.00000000000000000000
2.7400000000 0.04383197026449307115 0.00000000000000000000
2.7500000000 0.04374109990582022295 0.00000000000000000000
2.7600000000 0.04365124293426646263 0.00000000000000000000
2.7700000000 0.04356238292448506161 0.00000000000000000000
2.7800000000 0.04347450379074532106 0.00000000000000000000
2.7900000000 0.04338758977861401078 0.00000000000000000000
2.8000000000 0.04330162545686827569 0.00000000000000000000
2.8100000000 0.04321659570963078817 0.00000000000000000000
2.8200000000 0.04313248572872246250 0.00000000000000000000
2.8300000000 0.04304928100622520959 0.00000000000000000000
2.8400000000 0.04296696732724819556 0.00000000000000000000
2.8500000000 0.04288553076289172705 0.00000000000000000000
2.8600000000 0.04280495766340361441 0.00000000000000000000
2.8700000000 0.04272523465152051197 0.00000000000000000000
2.8800000000 0.04264634861598949611 0.00000000000000000000
2.8900000000 0.04256828670526630054 0.00000000000000000000
2.9000000000 0.04249103632138128556 0.00000000000000000000
2.9100000000 0.04241458511397093456 0.00000000000000000000
2.9200000000 0.04233892097447038150 0.00000000000000000000
2.9300000000 0.04226403203045910051 0.00000000000000000000
2.9400000000 0.04218990664015810632 0.00000000000000000000
2.9500000000 0.04211653338707408573 0.00000000000000000000
2.9600000000 0.04204390107478359062 0.00000000000000000000
2.9700000000 0.04197199872185614078 0.00000000000000000000
2.9800000000 0.04190081555691169135 0.00000000000000000000
2.9900000000 0.04183034101380510988 0.00000000000000000000
3.0000000000 0.04176056472694058413 0.00000000000000000000
3.0100000000 0.04169147652670469190 0.00000000000000000000
3.0200000000 0.04162306643502087372 0.00000000000000000000
3.0300000000 0.04155532466101771738 0.00000000000000000000
3.0400000000 0.04148824159681031853 0.00000000000000000000
3.0500000000 0.04142180781339017959 0.00000000000000000000
3.0600000000 0.04135601405662069074 0.00000000000000000000
3.0700000000 0.04129085124333559814 0.00000000000000000000
3.0800000000 0.04122631045753669815 0.00000000000000000000
3.0900000000 0.04116238294668971009 0.00000000000000000000
3.1000000000 0.04109906011811281790 0.00000000000000000000
3.1100000000 0.04103633353545858842 0.00000000000000000000
3.1200000000 0.04097419491528279251 0.00000000000000000000
3.1300000000 0.04091263612370150266 0.00000000000000000000
3.1400000000 0.04085164917313123534 0.00000000000000000000
3.1500000000 0.04079122621911120822 0.00000000000000000000
3.1600000000 0.04073135955720504076 0.00000000000000000000
3.1700000000 0.04067204161997891448 0.00000000000000000000
3.1800000000 0.04061326497405656072 0.00000000000000000000
3.1900000000 0.04055502231724475437 0.00000000000000000000
3.2000000000 0.04049730647573231146 0.00000000000000000000
3.2100000000 0.04044011040135628982 0.00000000000000000000
3.2200000000 0.04038342716893616319 0.00000000000000000000
3.2300000000 0.04032724997367308217 0.00000000000000000000
3.2400000000 0.04027157212861250113 0.00000000000000000000
3.2500000000 0.04021638706216904002 0.00000000000000000000
3.2600000000 0.04016168831571081260 0.00000000000000000000
3.2700000000 0.04010746954120255475 0.00000000000000000000
3.2800000000 0.04005372449890569342 0.00000000000000000000
3.2900000000 0.04000044705513377402 0.00000000000000000000
3.3000000000 0.03994763118006128960 0.00000000000000000000
3.3100000000 0.03989527094558538434 0.00000000000000000000
3.3200000000 0.03984336052323848854 0.00000000000000000000
3.3300000000 0.03979189418215071244 0.00000000000000000000
3.3400000000 0.03974086628706010454 0.00000000000000000000
3.3500000000 0.03969027129637006657 0.00000000000000000000
3.3600000000 0.03964010376025323135 0.00000000000000000000
3.3700000000 0.03959035831879912509 0.00000000000000000000
3.3800000000 0.03954102970020532265 0.00000000000000000000
3.3900000000 0.03949211271901135328 0.00000000000000000000
3.4000000000 0.03944360227437335858 0.00000000000000000000
3.4100000000 0.03939549334837865596 0.00000000000000000000
3.4200000000 0.03934778100440016607 0.00000000000000000000
3.4300000000 0.03930046038548765802 0.00000000000000000000
3.4400000000 0.03925352671279714462 0.00000000000000000000
3.4500000000 0.03920697528405543697 0.00000000000000000000
3.4600000000 0.03916080147206053852 0.00000000000000000000
3.4700000000 0.03911500072321599797 0.00000000000000000000
3.4800000000 0.03906956855609822199 0.00000000000000000000
3.4900000000 0.03902450056005688644 0.00000000000000000000
3.5000000000 0.03897979239384715550 0.00000000000000000000
3.5100000000 0.03893543978429146041 0.00000000000000000000
3.5200000000 0.03889143852497347481 0.00000000000000000000
3.5300000000 0.03884778447495904757 0.00000000000000000000
3.5400000000 0.03880447355754748640 0.00000000000000000000
3.5500000000 0.03876150175904995165 0.00000000000000000000
3.5600000000 0.03871886512759541848 0.00000000000000000000
3.5700000000 0.03867655977196184092 0.00000000000000000000
3.5800000000 0.03863458186043525200 0.00000000000000000000
3.5900000000 0.03859292761969208840 0.00000000000000000000
3.6000000000 0.03855159333370712649 0.00000000000000000000
3.6100000000 0.03851057534268471916 0.00000000000000000000
3.6200000000 0.03846987004201404825 0.00000000000000000000
3.6300000000 0.03842947388124649116 0.00000000000000000000
3.6400000000 0.03838938336309563604 0.00000000000000000000
3.6500000000 0.03834959504245846057 0.00000000000000000000
3.6600000000 0.03831010552545800751 0.00000000000000000000
3.6700000000 0.03827091146850700176 0.00000000000000000000
3.6800000000 0.03823200957739051470 0.00000000000000000000
3.6900000000 0.03819339660636918155 0.00000000000000000000
3.7000000000 0.03815506935730127169 0.00000000000000000000
3.7100000000 0.03811702467878308465 0.00000000000000000000
3.7200000000 0.03807925946530833772 0.00000000000000000000
3.7300000000 0.03804177065644447769 0.00000000000000000000
3.7400000000 0.03800455523602704749 0.00000000000000000000
3.7500000000 0.03796761023137031760 0.00000000000000000000
3.7600000000 0.03793093271249503573 0.00000000000000000000
3.7700000000 0.03789451979137237192 0.00000000000000000000
3.7800000000 0.03785836862118275442 0.00000000000000000000
3.7900000000 0.03782247639559123409 0.00000000000000000000
3.8000000000 0.03778684034803702491 0.00000000000000000000
3.8100000000 0.03775145775103824070 0.00000000000000000000
3.8200000000 0.03771632591551036390 0.00000000000000000000
3.8300000000 0.03768144219009950807 0.00000000000000000000
3.8400000000 0.03764680396052853123 0.00000000000000000000
3.8500000000 0.03761240864895713104 0.00000000000000000000
3.8600000000 0.03757825371335444392 0.00000000000000000000
3.8700000000 0.03754433664688485578 0.00000000000000000000
3.8800000000 0.03751065497730604603 0.00000000000000000000
3.8900000000 0.03747720626637871671 0.00000000000000000000
3.9000000000 0.03744398810928911692 0.00000000000000000000
3.9100000000 0.03741099813408254454 0.00000000000000000000
3.9200000000 0.03737823400110805439 0.00000000000000000000
3.9300000000 0.03734569340247492764 0.00000000000000000000
3.9400000000 0.03731337406151901542 0.00000000000000000000
3.9500000000 0.03728127373228058011 0.00000000000000000000
3.9600000000 0.03724939019899163595 0.00000000000000000000
3.9700000000 0.03721772127557441273 0.00000000000000000000
3.9800000000 0.03718626480514838212 0.00000000000000000000
3.9900000000 0.03715501865954804611 0.00000000000000000000
4.0000000000 0.03712398073884976696 0.00000000000000000000
4.0100000000 0.03709314897090759677 0.00000000000000000000
4.0200000000 0.03706252131089861346 0.00000000000000000000
4.0300000000 0.03703209574087618777 0.00000000000000000000
4.0400000000 0.03700187026933333956 0.00000000000000000000
4.0500000000 0.03697184293077305367 0.00000000000000000000
4.0600000000 0.03694201178528753321 0.00000000000000000000
4.0700000000 0.03691237491814562677 0.00000000000000000000
4.0800000000 0.03688293043938789539 0.00000000000000000000
4.0900000000 0.03685367648342903479 0.00000000000000000000
4.1000000000 0.03682461120866896420 0.00000000000000000000
4.1100000000 0.03679573279711011863 0.00000000000000000000
4.1200000000 0.03676703945398233919 0.00000000000000000000
4.1300000000 0.03673852940737527134 0.00000000000000000000
4.1400000000 0.03671020090787720236 0.00000000000000000000
4.1500000000 0.03668205222822047695 0.00000000000000000000
4.1600000000 0.03665408166293425418 0.00000000000000000000
4.1700000000 0.03662628752800312776 0.00000000000000000000
4.1800000000 0.03659866816053219951 0.00000000000000000000
4.1900000000 0.03657122191841864073 0.00000000000000000000
4.2000000000 0.03654394718002877684 0.00000000000000000000
4.2100000000 0.03651684234388179184 0.00000000000000000000
4.2200000000 0.03648990582833872703 0.00000000000000000000
4.2300000000 0.03646313607129745421 0.00000000000000000000
4.2400000000 0.03643653152989279054 0.00000000000000000000
4.2500000000 0.03641009068020291395 0.00000000000000000000
4.2600000000 0.03638381201696015005 0.00000000000000000000
4.2700000000 0.03635769405326770565 0.00000000000000000000
4.2800000000 0.03633173532032104441 0.00000000000000000000
4.2900000000 0.03630593436713485528 0.00000000000000000000
4.3000000000 0.03628028976027397601 0.00000000000000000000
4.3100000000 0.03625480008359034667 0.00000000000000000000
4.3200000000 0.03622946393796356440 0.00000000000000000000
4.3300000000 0.03620427994104682967 0.00000000000000000000
4.3400000000 0.03617924672701688243 0.00000000000000000000
4.3500000000 0.03615436294632883019 0.00000000000000000000
4.3600000000 0.03612962726547475772 0.00000000000000000000
4.3700000000 0.03610503836674735373 0.00000000000000000000
4.3800000000 0.03608059494800670147 0.00000000000000000000
4.3900000000 0.03605629572245212106 0.00000000000000000000
4.4000000000 0.03603213941839726597 0.00000000000000000000
4.4100000000 0.03600812477904979936 0.00000000000000000000
4.4200000000 0.03598425056229418578 0.00000000000000000000
4.4300000000 0.03596051554047881293 0.00000000000000000000
4.4400000000 0.03593691850020644396 0.00000000000000000000
4.4500000000 0.03591345824212858334 0.00000000000000000000
4.4600000000 0.03589013358074312487 0.00000000000000000000
4.4700000000 0.03586694334419564950 0.00000000000000000000
4.4800000000 0.03584388637408381095 0.00000000000000000000
4.4900000000 0.03582096152526559329 0.00000000000000000000
4.5000000000 0.03579816766567023995 0.00000000000000000000
4.5100000000 0.03577550367611289500 0.00000000000000000000
4.5200000000 0.03575296845011204788 0.00000000000000000000
4.5300000000 0.03573056089370998251 0.00000000000000000000
4.5400000000 0.03570827992529700817 0.00000000000000000000
4.5500000000 0.03568612447543711985 0.00000000000000000000
4.5600000000 0.03566409348669859203 0.00000000000000000000
4.5700000000 0.03564218591348541909 0.00000000000000000000
4.5800000000 0.03562040072187310641 0.00000000000000000000
4.5900000000 0.03559873688944608511 0.00000000000000000000
4.6000000000 0.03557719340513874895 0.00000000000000000000
4.6100000000 0.03555576926907815655 0.00000000000000000000
4.6200000000 0.03553446349243016139 0.00000000000000000000
4.6300000000 0.03551327509724763742 0.00000000000000000000
4.6400000000 0.03549220311632141078 0.00000000000000000000
4.6500000000 0.03547124659303316913 0.00000000000000000000
4.6600000000 0.03545040458121146570 0.00000000000000000000
4.6700000000 0.03542967614498949286 0.00000000000000000000
4.6800000000 0.03540906035866548535 0.00000000000000000000
4.6900000000 0.03538855630656526779 0.00000000000000000000
4.7000000000 0.03536816308290675198 0.00000000000000000000
4.7100000000 0.03534787979166741090 0.00000000000000000000
4.7200000000 0.03532770554645287692 0.00000000000000000000
4.7300000000 0.03530763947036832939 0.00000000000000000000
4.7400000000 0.03528768069589165168 0.00000000000000000000
4.7500000000 0.03526782836474887800 0.00000000000000000000
4.7600000000 0.03524808162779112519 0.00000000000000000000
4.7700000000 0.03522843964487396701 0.00000000000000000000
4.7800000000 0.03520890158473853615 0.00000000000000000000
4.7900000000 0.03518946662489448596 0.00000000000000000000
4.8000000000 0.03517013395150450639 0.00000000000000000000
4.8100000000 0.03515090275927156005 0.00000000000000000000
4.8200000000 0.03513177225132647907 0.00000000000000000000
4.8300000000 0.03511274163911893426 0.00000000000000000000
4.8400000000 0.03509381014230849444 0.00000000000000000000
4.8500000000 0.03507497698865862795 0.00000000000000000000
4.8600000000 0.03505624141393183513 0.00000000000000000000
4.8700000000 0.03503760266178627264 0.00000000000000000000
4.8800000000 0.03501905998367418199 0.00000000000000000000
4.8900000000 0.03500061263874180983 0.00000000000000000000
4.9000000000 0.03498225989373113243 0.00000000000000000000
4.9100000000 0.03496400102288250294 0.00000000000000000000
4.9200000000 0.03494583530783926945 0.00000000000000000000
4.9300000000 0.03492776203755364184 0.00000000000000000000
4.9400000000 0.03490978050819422418 0.00000000000000000000
4.9500000000 0.03489189002305440046 0.00000000000000000000
4.9600000000 0.03487408989246292695 0.00000000000000000000
4.9700000000 0.03485637943369502417 0.00000000000000000000
4.9800000000 0.03483875797088535620 0.00000000000000000000
4.9900000000 0.03482122483494220350 0.00000000000000000000
5.0000000000 0.03480377936346274598 0.00000000000000000000
