0.1000000000 3.98758852484574832786 0.00000000000000000000
0.1100000000 3.83991499208681252853 0.00000000000000000000
0.1200000000 3.69627680636072186715 0.00000000000000000000
0.1300000000 3.55691663458127615982 0.00000000000000000000
0.1400000000 3.42203814817584639485 0.00000000000000000000
0.1500000000 3.29180234799231685727 0.00000000000000000000
0.1600000000 3.16632539079560393347 0.00000000000000000000
0.1700000000 3.04567800792744547422 0.00000000000000000000
0.1800000000 2.92988648706337118099 0.00000000000000000000
0.1900000000 2.81893507611068327989 0.00000000000000000000
0.2000000000 2.71276957742147395436 0.00000000000000000000
0.2100000000 2.61130183970862939091 0.00000000000000000000
0.2200000000 2.51441482801611115860 0.00000000000000000000
0.2300000000 2.42196795716085366834 0.00000000000000000000
0.2400000000 2.33380240542060413134 0.00000000000000000000
0.2500000000 2.24974617465826387530 0.00000000000000000000
0.2600000000 2.16961872172095882050 0.00000000000000000000
0.2700000000 2.09323504589638353934 0.00000000000000000000
0.2800000000 2.02040917234359707066 0.00000000000000000000
0.2900000000 1.95095701781853758661 0.00000000000000000000
0.3000000000 1.88469866084141202123 0.00000000000000000000
0.3100000000 1.82146006353552736279 0.00000000000000000000
0.3200000000 1.76107430769751593935 0.00000000000000000000
0.3300000000 1.70338241488418962177 0.00000000000000000000
0.3400000000 1.64823382130948958846 0.00000000000000000000
0.3500000000 1.59548657497136714412 0.00000000000000000000
0.3600000000 1.54500731627830401038 0.00000000000000000000
0.3700000000 1.49667109581343904523 0.00000000000000000000
0.3800000000 1.45036107473171838045 0.00000000000000000000
0.3900000000 1.40596814530705427337 0.00000000000000000000
0.4000000000 1.36339050176060005981 0.00000000000000000000
0.4100000000 1.32253318494396299165 0.00000000000000000000
0.4200000000 1.28330761881964661164 0.00000000000000000000
0.4300000000 1.24563115197679397106 0.00000000000000000000
0.4400000000 1.20942661358524339299 0.00000000000000000000
0.4500000000 1.17462189013470763577 0.00000000000000000000
0.4600000000 1.14114952692285998026 0.00000000000000000000
0.4700000000 1.10894635643976480210 0.00000000000000000000
0.4800000000 1.07795315444541905947 0.00000000000000000000
0.4900000000 1.04811432356127243182 0.00000000000000000000
0.5000000000 1.01937760351690998029 0.00000000000000000000
0.5100000000 0.99169380674283769128 0.00000000000000000000
0.5200000000 0.96501657772469062735 0.00000000000000000000
0.5300000000 0.93930217438889151982 0.00000000000000000000
0.5400000000 0.91450926973897239680 0.00000000000000000000
0.5500000000 0.89059877197823522632 0.00000000000000000000
0.5600000000 0.86753366141653154298 0.00000000000000000000
0.5700000000 0.84527884255051011220 0.00000000000000000000
0.5800000000 0.82380100981560377971 0.00000000000000000000
0.5900000000 0.80306852562574337906 0.00000000000000000000
0.6000000000 0.78305130943660039566 0.00000000000000000000
0.6100000000 0.76372073668598294827 0.00000000000000000000
0.6200000000 0.74504954657774458138 0.00000000000000000000
0.6300000000 0.72701175778192184129 0.00000000000000000000
0.6400000000 0.70958259122159450527 0.00000000000000000000
0.6500000000 0.69273839920742241727 0.00000000000000000000
0.6600000000 0.67645660026225828965 0.00000000000000000000
0.6700000000 0.66071561905203113341 0.00000000000000000000
0.6800000000 0.64549483090515147321 0.00000000000000000000
0.6900000000 0.63077451046161248094 0.00000000000000000000
0.7000000000 0.61653578404531361734 0.00000000000000000000
0.7100000000 0.60276058539966081984 0.00000000000000000000
0.7200000000 0.58943161446730985009 0.00000000000000000000
0.7300000000 0.57653229893141433315 0.00000000000000000000
0.7400000000 0.56404675826735173327 0.00000000000000000000
0.7500000000 0.55195977008208663150 0.00000000000000000000
0.7600000000 0.54025673854300015897 0.00000000000000000000
0.7700000000 0.52892366471959595398 0.00000000000000000000
0.7800000000 0.51794711868064846616 0.00000000000000000000
0.7900000000 0.50731421320609981773 0.00000000000000000000
0.8000000000 0.49701257898754547249 0.00000000000000000000
0.8100000000 0.48703034120433363885 0.00000000000000000000
0.8200000000 0.47735609737346695880 0.00000000000000000000
0.8300000000 0.46797889638180895089 0.00000000000000000000
0.8400000000 0.45888821861756018405 0.00000000000000000000
0.8500000000 0.45007395712620817951 0.00000000000000000000
0.8600000000 0.44152639972263657553 0.00000000000000000000
0.8700000000 0.43323621199775330659 0.00000000000000000000
0.8800000000 0.42519442116268191256 0.00000000000000000000
0.8900000000 0.41739240067923949473 0.00000000000000000000
0.9000000000 0.40982185562886480623 0.00000000000000000000
0.9100000000 0.40247480877691088619 0.00000000000000000000
0.9200000000 0.39534358729183893821 0.00000000000000000000
0.9300000000 0.38842081008233331207 0.00000000000000000000
0.9400000000 0.38169937571798867593 0.00000000000000000000
0.9500000000 0.37517245090214917935 0.00000000000000000000
0.9600000000 0.36883345946690154760 0.00000000000000000000
0.9700000000 0.36267607186292777355 0.00000000000000000000
0.9800000000 0.35669419511885058771 0.00000000000000000000
0.9900000000 0.35088196324516868208 0.00000000000000000000
1.0000000000 0.34523372806361152243 0.00000000000000000000
1.0100000000 0.33974405043152000605 0.00000000000000000000
1.0200000000 0.33440769185494922944 0.00000000000000000000
1.0300000000 0.32921960646806508466 0.00000000000000000000
1.0400000000 0.32417493334717234488 0.00000000000000000000
1.0500000000 0.31926898916377371984 0.00000000000000000000
1.0600000000 0.31449726114827158963 0.00000000000000000000
1.0700000000 0.30985540035374303791 0.00000000000000000000
1.0800000000 0.30533921520455820087 0.00000000000000000000
1.0900000000 0.30094466531804697773 0.00000000000000000000
1.1000000000 0.29666785558546771018 0.00000000000000000000
1.1100000000 0.29250503050120368886 0.00000000000000000000
1.1200000000 0.28845256872901059442 0.00000000000000000000
1.1300000000 0.28450697789424789219 0.00000000000000000000
1.1400000000 0.28066488959242630319 0.00000000000000000000
1.1500000000 0.27692305460426458463 0.00000000000000000000
1.1600000000 0.27327833830813602622 0.00000000000000000000
1.1700000000 0.26972771628122588217 0.00000000000000000000
1.1800000000 0.26626827008131159769 0.00000000000000000000
1.1900000000 0.26289718320090321724 0.00000000000000000000
1.2000000000 0.25961173718664332100 0.00000000000000000000
1.2100000000 0.25640930791658211874 0.00000000000000000000
1.2200000000 0.25328736202859586379 0.00000000000000000000
1.2300000000 0.25024345349335830324 0.00000000000000000000
1.2400000000 0.24727522032584114964 0.00000000000000000000
1.2500000000 0.24438038142919071838 0.00000000000000000000
1.2600000000 0.24155673356555140696 0.00000000000000000000
1.2700000000 0.23880214844826835874 0.00000000000000000000
1.2800000000 0.23611456995044732832 0.00000000000000000000
1.2900000000 0.23349201142486283866 0.00000000000000000000
1.3000000000 0.23093255313055691125 0.00000000000000000000
1.3100000000 0.22843433976164700949 0.00000000000000000000
1.3200000000 0.22599557807403788945 0.00000000000000000000
1.3300000000 0.22361453460591543263 0.00000000000000000000
1.3400000000 0.22128953348812946400 0.00000000000000000000
1.3500000000 0.21901895434073598290 0.00000000000000000000
1.3600000000 0.21680123025203879017 0.00000000000000000000
1.3700000000 0.21463484583682684859 0.00000000000000000000
1.3800000000 0.21251833537039138688 0.00000000000000000000
1.3900000000 0.21045028099527635090 0.00000000000000000000
1.4000000000 0.20842931099775122150 0.00000000000000000000
1.4100000000 0.20645409815112045204 0.00000000000000000000
1.4200000000 0.20452335812312019692 0.00000000000000000000
1.4300000000 0.20263584794477812467 0.00000000000000000000
1.4400000000 0.20079036453825321873 0.00000000000000000000
1.4500000000 0.19898574330119386810 0.00000000000000000000
1.4600000000 0.19722085674534736710 0.00000000000000000000
1.4700000000 0.19549461318722061165 0.00000000000000000000
1.4800000000 0.19380595548864168465 0.00000000000000000000
1.4900000000 0.19215385984524346874 0.00000000000000000000
1.5000000000 0.19053733462091543283 0.00000000000000000000
1.5100000000 0.18895541922635500365 0.00000000000000000000
1.5200000000 0.18740718303997966343 0.00000000000000000000
1.5300000000 0.18589172436945330946 0.00000000000000000000
1.5400000000 0.18440816945224519641 0.00000000000000000000
1.5500000000 0.18295567149361799397 0.00000000000000000000
1.5600000000 0.18153340974059695156 0.00000000000000000000
1.5700000000 0.18014058859042764160 0.00000000000000000000
1.5800000000 0.17877643673221854659 0.00000000000000000000
1.5900000000 0.17744020632039650409 0.00000000000000000000
1.6000000000 0.17613117217874704745 0.00000000000000000000
1.6100000000 0.17484863103382097815 0.00000000000000000000
1.6200000000 0.17359190077655847761 0.00000000000000000000
1.6300000000 0.17236031975100685187 0.00000000000000000000
1.6400000000 0.17115324606907747484 0.00000000000000000000
1.6500000000 0.16997005695032471606 0.00000000000000000000
1.6600000000 0.16881014808577143871 0.00000000000000000000
1.6700000000 0.16767293302482239037 0.00000000000000000000
1.6800000000 0.16655784258440878287 0.00000000000000000000
1.6900000000 0.16546432427944432475 0.00000000000000000000
1.7000000000 0.16439184177383420193 0.00000000000000000000
1.7100000000 0.16333987435117883202 0.00000000000000000000
1.7200000000 0.16230791640446354251 0.00000000000000000000
1.7300000000 0.16129547694396381696 0.00000000000000000000
1.7400000000 0.16030207912271482451 0.00000000000000000000
1.7500000000 0.15932725977880787815 0.00000000000000000000
1.7600000000 0.15837056899394280629 0.00000000000000000000
1.7700000000 0.15743156966755442183 0.00000000000000000000
1.7800000000 0.15650983710596946819 0.00000000000000000000
1.7900000000 0.15560495862599010852 0.00000000000000000000
1.8000000000 0.15471653317237185621 0.00000000000000000000
1.8100000000 0.15384417094868185760 0.00000000000000000000
1.8200000000 0.15298749306100614676 0.00000000000000000000
1.8300000000 0.15214613117405054177 0.00000000000000000000
1.8400000000 0.15131972717915914695 0.00000000000000000000
1.8500000000 0.15050793287380143104 0.00000000000000000000
1.8600000000 0.14971040965210680174 0.00000000000000000000
1.8700000000 0.14892682820603106442 0.00000000000000000000
1.8800000000 0.14815686823676590955 0.00000000000000000000
1.8900000000 0.14740021817600645893 0.00000000000000000000
1.9000000000 0.14665657491671377222 0.00000000000000000000
1.9100000000 0.14592564355302770074 0.00000000000000000000
1.9200000000 0.14520713712898147829 0.00000000000000000000
1.9300000000 0.14450077639572148080 0.00000000000000000000
1.9400000000 0.14380628957687904834 0.00000000000000000000
1.9500000000 0.14312341214184284843 0.00000000000000000000
1.9600000000 0.14245188658661447900 0.00000000000000000000
1.9700000000 0.14179146222198082961 0.00000000000000000000
1.9800000000 0.14114189496873755236 0.00000000000000000000
1.9900000000 0.14050294715971539672 0.00000000000000000000
2.0000000000 0.13987438734835361265 0.00000000000000000000
2.0100000000 0.13925599012359449191 0.00000000000000000000
2.0200000000 0.13864753593086709405 0.00000000000000000000
2.0300000000 0.13804881089894333046 0.00000000000000000000
2.0400000000 0.13745960667246173714 0.00000000000000000000
2.0500000000 0.13687972024991401643 0.00000000000000000000
2.0600000000 0.13630895382689384165 0.00000000000000000000
2.0700000000 0.13574711464443950382 0.00000000000000000000
2.0800000000 0.13519401484227289156 0.00000000000000000000
2.0900000000 0.13464947131676946457 0.00000000000000000000
2.1000000000 0.13411330558349818243 0.00000000000000000000
2.1100000000 0.13358534364416224660 0.00000000000000000000
2.1200000000 0.13306541585779776971 0.00000000000000000000
2.1300000000 0.13255335681606661424 0.00000000000000000000
2.1400000000 0.13204900522252288608 0.00000000000000000000
2.1500000000 0.13155220377569123991 0.00000000000000000000
2.1600000000 0.13106279905584725110 0.00000000000000000000
2.1700000000 0.13058064141535941083 0.00000000000000000000
2.1800000000 0.13010558487247192438 0.00000000000000000000
2.1900000000 0.12963748700841537520 0.00000000000000000000
2.2000000000 0.12917620886772715472 0.00000000000000000000
2.2100000000 0.12872161486167385536 0.00000000000000000000
2.2200000000 0.12827357267467040525 0.00000000000000000000
2.2300000000 0.12783195317359552501 0.00000000000000000000
2.2400000000 0.12739663031990058895 0.00000000000000000000
2.2500000000 0.12696748108442465486 0.00000000000000000000
2.2600000000 0.12654438536482356947 0.00000000000000000000
2.2700000000 0.12612722590551611601 0.00000000000000000000
2.2800000000 0.12571588822008000763 0.00000000000000000000
2.2900000000 0.12531026051599641891 0.00000000000000000000
2.3000000000 0.12491023362168265920 0.00000000000000000000
2.3100000000 0.12451570091573047061 0.00000000000000000000
2.3200000000 0.12412655825826632294 0.00000000000000000000
2.3300000000 0.12374270392438528610 0.00000000000000000000
2.3400000000 0.12336403853957000898 0.00000000000000000000
2.3500000000 0.12299046501704295753 0.00000000000000000000
2.3600000000 0.12262188849698232862 0.00000000000000000000
2.3700000000 0.12225821628754089676 0.00000000000000000000
2.3800000000 0.12189935780761523842 0.00000000000000000000
2.3900000000 0.12154522453129794346 0.00000000000000000000
2.4000000000 0.12119572993396927896 0.00000000000000000000
2.4100000000 0.12085078943996892253 0.00000000000000000000
2.4200000000 0.12051032037179829071 0.00000000000000000000
2.4300000000 0.12017424190080409907 0.00000000000000000000
2.4400000000 0.11984247499929655267 0.00000000000000000000
2.4500000000 0.11951494239406044995 0.00000000000000000000
2.4600000000 0.11919156852120073309 0.00000000000000000000
2.4700000000 0.11887227948230075225 0.00000000000000000000
2.4800000000 0.11855700300183205642 0.00000000000000000000
2.4900000000 0.11824566838579289585 0.00000000000000000000
2.5000000000 0.11793820648152142372 0.00000000000000000000
2.5100000000 0.11763454963865760394 0.00000000000000000000
2.5200000000 0.11733463167121693793 0.00000000000000000000
2.5300000000 0.11703838782073366920 0.00000000000000000000
2.5400000000 0.11674575472044869395 0.00000000000000000000
2.5500000000 0.11645667036050376397 0.00000000000000000000
2.5600000000 0.11617107405411723764 0.00000000000000000000
2.5700000000 0.11588890640470228544 0.00000000000000000000
2.5800000000 0.11561010927390755199 0.00000000000000000000
2.5900000000 0.11533462575054366506 0.00000000000000000000
2.6000000000 0.11506240012037652343 0.00000000000000000000
2.6100000000 0.11479337783675525042 0.00000000000000000000
2.6200000000 0.11452750549204962494 0.00000000000000000000
2.6300000000 0.11426473078987489651 0.00000000000000000000
2.6400000000 0.11400500251808019792 0.00000000000000000000
2.6500000000 0.11374827052247447889 0.00000000000000000000
2.6600000000 0.11349448568127021297 0.00000000000000000000
2.6700000000 0.11324359988022114631 0.00000000000000000000
2.6800000000 0.11299556598843864264 0.00000000000000000000
2.6900000000 0.11275033783485745309 0.00000000000000000000
2.7000000000 0.11250787018533957295 0.00000000000000000000
2.7100000000 0.11226811872039303697 0.00000000000000000000
2.7200000000 0.11203104001348949958 0.00000000000000000000
2.7300000000 0.11179659150995939487 0.00000000000000000000
2.7400000000 0.11156473150645473957 0.00000000000000000000
2.7500000000 0.11133541913095096332 0.00000000000000000000
2.7600000000 0.11110861432328698883 0.00000000000000000000
2.7700000000 0.11088427781621583434 0.00000000000000000000
2.7800000000 0.11066237111695449713 0.00000000000000000000
2.7900000000 0.11044285648922011478 0.00000000000000000000
2.8000000000 0.11022569693574026106 0.00000000000000000000
2.8100000000 0.11001085618121402010 0.00000000000000000000
2.8200000000 0.10979829865572303393 0.00000000000000000000
2.8300000000 0.10958798947857284478 0.00000000000000000000
2.8400000000 0.10937989444255089011 0.00000000000000000000
2.8500000000 0.10917397999859368429 0.00000000000000000000
2.8600000000 0.10897021324085072458 0.00000000000000000000
2.8700000000 0.10876856189212728843 0.00000000000000000000
2.8800000000 0.10856899428970681609 0.00000000000000000000
2.8900000000 0.10837147937153199240 0.00000000000000000000
2.9000000000 0.10817598666273936514 0.00000000000000000000
2.9100000000 0.10798248626253492688 0.00000000000000000000
2.9200000000 0.10779094883140648287 0.00000000000000000000
2.9300000000 0.10760134557865339011 0.00000000000000000000
2.9400000000 0.10741364825023713703 0.00000000000000000000
2.9500000000 0.10722782911693189145 0.00000000000000000000
2.9600000000 0.10704386096277664076 0.00000000000000000000
2.9700000000 0.10686171707381292295 0.00000000000000000000
2.9800000000 0.10668137122710469322 0.00000000000000000000
2.9900000000 0.10650279768003212411 0.00000000000000000000
3.0000000000 0.10632597115984956937 0.00000000000000000000
3.0100000000 0.10615086685350219597 0.00000000000000000000
3.0200000000 0.10597746039769377624 0.00000000000000000000
3.0300000000 0.10580572786919931194 0.00000000000000000000
3.0400000000 0.10563564577541430245 0.00000000000000000000
3.0500000000 0.10546719104513579968 0.00000000000000000000
3.0600000000 0.10530034101956887993 0.00000000000000000000
3.0700000000 0.10513507344355089990 0.00000000000000000000
3.0800000000 0.10497136645698863788 0.00000000000000000000
3.0900000000 0.10480919858650313004 0.00000000000000000000
3.1000000000 0.10464854873727727491 0.00000000000000000000
3.1100000000 0.10448939618509593685 0.00000000000000000000
3.1200000000 0.10433172056858151799 0.00000000000000000000
3.1300000000 0.10417550188161218971 0.00000000000000000000
3.1400000000 0.10402072046592236720 0.00000000000000000000
3.1500000000 0.10386735700387868253 0.00000000000000000000
3.1600000000 0.10371539251142834759 0.00000000000000000000
3.1700000000 0.10356480833121343987 0.00000000000000000000
3.1800000000 0.10341558612584762777 0.00000000000000000000
3.1900000000 0.10326770787135297613 0.00000000000000000000
3.2000000000 0.10312115585074856094 0.00000000000000000000
3.2100000000 0.10297591264778990783 0.00000000000000000000
3.2200000000 0.10283196114085607631 0.00000000000000000000
3.2300000000 0.10268928449697604932 0.00000000000000000000
3.2400000000 0.10254786616599800841 0.00000000000000000000
3.2500000000 0.10240768987488874098 0.00000000000000000000
3.2600000000 0.10226873962216992409 0.00000000000000000000
3.2700000000 0.10213099967247779576 0.00000000000000000000
3.2800000000 0.10199445455125091820 0.00000000000000000000
3.2900000000 0.10185908903953902471 0.00000000000000000000
3.3000000000 0.10172488816892963359 0.00000000000000000000
3.3100000000 0.10159183721659061084 0.00000000000000000000
3.3200000000 0.10145992170042641978 0.00000000000000000000
3.3300000000 0.10132912737434222883 0.00000000000000000000
3.3400000000 0.10119944022361765379 0.00000000000000000000
3.3500000000 0.10107084646038148878 0.00000000000000000000
3.3600000000 0.10094333251919140881 0.00000000000000000000
3.3700000000 0.10081688505271077516 0.00000000000000000000
3.3800000000 0.10069149092748273799 0.00000000000000000000
3.3900000000 0.10056713721979905485 0.00000000000000000000
3.4000000000 0.10044381121165961435 0.00000000000000000000
3.4100000000 0.10032150038682258186 0.00000000000000000000
3.4200000000 0.10020019242694190587 0.00000000000000000000
3.4300000000 0.10007987520778981183 0.00000000000000000000
3.4400000000 0.09996053679556120286 0.00000000000000000000
3.4500000000 0.09984216544326242337 0.00000000000000000000
3.4600000000 0.09972474958717530980 0.00000000000000000000
3.4700000000 0.09960827784340092750 0.00000000000000000000
3.4800000000 0.09949273900447735963 0.00000000000000000000
3.4900000000 0.09937812203607165884 0.00000000000000000000
3.5000000000 0.09926441607374304754 0.00000000000000000000
3.5100000000 0.09915161041977620104 0.00000000000000000000
3.5200000000 0.09903969454008194895 0.00000000000000000000
3.5300000000 0.09892865806116650507 0.00000000000000000000
3.5400000000 0.09881849076716341107 0.00000000000000000000
3.5500000000 0.09870918259692981755 0.00000000000000000000
3.5600000000 0.09860072364120596455 0.00000000000000000000
3.5700000000 0.09849310413983196344 0.00000000000000000000
3.5800000000 0.09838631447902702887 0.00000000000000000000
3.5900000000 0.09828034518872368064 0.00000000000000000000
3.6000000000 0.09817518693995970491 0.00000000000000000000
3.6100000000 0.09807083054232382247 0.00000000000000000000
3.6200000000 0.09796726694145599379 0.00000000000000000000
3.6300000000 0.09786448721659907202 0.00000000000000000000
3.6400000000 0.09776248257820227550 0.00000000000000000000
3.6500000000 0.09766124436557487021 0.00000000000000000000
3.6600000000 0.09756076404458641216 0.00000000000000000000
3.6700000000 0.09746103320541775472 0.00000000000000000000
3.6800000000 0.09736204356035554897 0.00000000000000000000
3.6900000000 0.09726378694163448357 0.00000000000000000000
3.7000000000 0.09716625529932258754 0.00000000000000000000
3.7100000000 0.09706944069924965113 0.00000000000000000000
3.7200000000 0.09697333532097848763 0.00000000000000000000
3.7300000000 0.09687793145581863330 0.00000000000000000000
3.7400000000 0.09678322150487754516 0.00000000000000000000
3.7500000000 0.09668919797715432030 0.00000000000000000000
3.7600000000 0.09659585348766981661 0.00000000000000000000
3.7700000000 0.09650318075563601994 0.00000000000000000000
3.7800000000 0.09641117260266091060 0.00000000000000000000
3.7900000000 0.09631982195099084154 0.00000000000000000000
3.8000000000 0.09622912182178570972 0.00000000000000000000
3.8100000000 0.09613906533343163918 0.00000000000000000000
3.8200000000 0.09604964569988454215 0.00000000000000000000
3.8300000000 0.09596085622904830525 0.00000000000000000000
3.8400000000 0.09587269032118407586 0.00000000000000000000
3.8500000000 0.09578514146735105095 0.00000000000000000000
3.8600000000 0.09569820324787935151 0.00000000000000000000
3.8700000000 0.09561186933087087447 0.00000000000000000000
3.8800000000 0.09552613347073010686 0.00000000000000000000
3.8900000000 0.09544098950672533221 0.00000000000000000000
3.9000000000 0.09535643136157510857 0.00000000000000000000
3.9100000000 0.09527245304006476401 0.00000000000000000000
3.9200000000 0.09518904862768763631 0.00000000000000000000
3.9300000000 0.09510621228931458171 0.00000000000000000000
3.9400000000 0.09502393826788746445 0.00000000000000000000
3.9500000000 0.09494222088313827856 0.00000000000000000000
3.9600000000 0.09486105453033392976 0.00000000000000000000
3.9700000000 0.09478043367904331884 0.00000000000000000000
3.9800000000 0.09470035287192907214 0.00000000000000000000
3.9900000000 0.09462080672356186495 0.00000000000000000000
4.0000000000 0.09454178991925765718 0.00000000000000000000
4.0100000000 0.09446329721393671719 0.00000000000000000000
4.0200000000 0.09438532343100373978 0.00000000000000000000
4.0300000000 0.09430786346125011321 0.00000000000000000000
4.0400000000 0.09423091226177550406 0.00000000000000000000
4.0500000000 0.09415446485493138284 0.00000000000000000000
4.0600000000 0.09407851632728235491 0.00000000000000000000
4.0700000000 0.09400306182858830795 0.00000000000000000000
4.0800000000 0.09392809657080497532 0.00000000000000000000
4.0900000000 0.09385361582710287365 0.00000000000000000000
4.1000000000 0.09377961493090505862 0.00000000000000000000
4.1100000000 0.09370608927494170071 0.00000000000000000000
4.1200000000 0.09363303431032278523 0.00000000000000000000
4.1300000000 0.09356044554562799320 0.00000000000000000000
4.1400000000 0.09348831854601218072 0.00000000000000000000
4.1500000000 0.09341664893232853872 0.00000000000000000000
4.1600000000 0.09334543238026665746 0.00000000000000000000
4.1700000000 0.09327466461950732757 0.00000000000000000000
4.1800000000 0.09320434143289148265 0.00000000000000000000
4.1900000000 0.09313445865560512904 0.00000000000000000000
4.2000000000 0.09306501217437848639 0.00000000000000000000
4.2100000000 0.09299599792669985265 0.00000000000000000000
4.2200000000 0.09292741190004286111 0.00000000000000000000
4.2300000000 0.09285925013110916948 0.00000000000000000000
4.2400000000 0.09279150870508247329 0.00000000000000000000
4.2500000000 0.09272418375489774323 0.00000000000000000000
4.2600000000 0.09265727146052260554 0.00000000000000000000
4.2700000000 0.09259076804825097651 0.00000000000000000000
4.2800000000 0.09252466979001054692 0.00000000000000000000
4.2900000000 0.09245897300268092478 0.00000000000000000000
4.3000000000 0.09239367404742523937 0.00000000000000000000
4.3100000000 0.09232876932903234801 0.00000000000000000000
4.3200000000 0.09226425529527064462 0.00000000000000000000
4.3300000000 0.09220012843625453869 0.00000000000000000000
4.3400000000 0.09213638528381974668 0.00000000000000000000
4.3500000000 0.09207302241091153139 0.00000000000000000000
4.3600000000 0.09201003643098172591 0.00000000000000000000
4.3700000000 0.09194742399739801175 0.00000000000000000000
4.3800000000 0.09188518180286177339 0.00000000000000000000
4.3900000000 0.09182330657883709668 0.00000000000000000000
4.4000000000 0.09176179509498849640 0.00000000000000000000
4.4100000000 0.09170064415862956564 0.00000000000000000000
4.4200000000 0.09163985061417992406 0.00000000000000000000
4.4300000000 0.09157941134263196392 0.00000000000000000000
4.4400000000 0.09151932326102642234 0.00000000000000000000
4.4500000000 0.09145958332193737661 0.00000000000000000000
4.4600000000 0.09140018851296487223 0.00000000000000000000
4.4700000000 0.09134113585623719611 0.00000000000000000000
4.4800000000 0.09128242240792100448 0.00000000000000000000
4.4900000000 0.09122404525773974981 0.00000000000000000000
4.5000000000 0.09116600152849985150 0.00000000000000000000
4.5100000000 0.09110828837562567895 0.00000000000000000000
4.5200000000 0.09105090298670125148 0.00000000000000000000
4.5300000000 0.09099384258102012624 0.00000000000000000000
4.5400000000 0.09093710440914248849 0.00000000000000000000
4.5500000000 0.09088068575245986103 0.00000000000000000000
4.5600000000 0.09082458392276676618 0.00000000000000000000
4.5700000000 0.09076879626183954886 0.00000000000000000000
4.5800000000 0.09071332014102187480 0.00000000000000000000
4.5900000000 0.09065815296081734809 0.00000000000000000000
4.6000000000 0.09060329215048855411 0.00000000000000000000
4.6100000000 0.09054873516766270836 0.00000000000000000000
4.6200000000 0.09049447949794364732 0.00000000000000000000
4.6300000000 0.09044052265453034201 0.00000000000000000000
4.6400000000 0.09038686217784142052 0.00000000000000000000
4.6500000000 0.09033349563514531111 0.00000000000000000000
4.6600000000 0.09028042062019757397 0.00000000000000000000
4.6700000000 0.09022763475288214652 0.00000000000000000000
4.6800000000 0.09017513567886081827 0.00000000000000000000
4.6900000000 0.09012292106922552282 0.00000000000000000000
4.7000000000 0.09007098862015855412 0.00000000000000000000
4.7100000000 0.09001933605259691829 0.00000000000000000000
4.7200000000 0.08996796111190190348 0.00000000000000000000
4.7300000000 0.08991686156753506132 0.00000000000000000000
4.7400000000 0.08986603521273772710 0.00000000000000000000
4.7500000000 0.08981547986421710428 0.00000000000000000000
4.7600000000 0.08976519336183573505 0.00000000000000000000
4.7700000000 0.08971517356830767398 0.00000000000000000000
4.7800000000 0.08966541836889717343 0.00000000000000000000
4.7900000000 0.08961592567112440511 0.00000000000000000000
4.8000000000 0.08956669340447410976 0.00000000000000000000
4.8100000000 0.08951771952010918743 0.00000000000000000000
4.8200000000 0.08946900199058932523 0.00000000000000000000
4.8300000000 0.08942053880959292822 0.00000000000000000000
4.8400000000 0.08937232799164436525 0.00000000000000000000
4.8500000000 0.08932436757184469833 0.00000000000000000000
4.8600000000 0.08927665560560678337 0.00000000000000000000
4.8700000000 0.08922919016839461759 0.00000000000000000000
4.8800000000 0.08918196935546618409 0.00000000000000000000
4.8900000000 0.08913499128162082064 0.00000000000000000000
4.9000000000 0.08908825408095005782 0.00000000000000000000
4.9100000000 0.08904175590659178796 0.00000000000000000000
4.9200000000 0.08899549493048955484 0.00000000000000000000
4.9300000000 0.08894946934315384190 0.00000000000000000000
4.9400000000 0.08890367735342810662 0.00000000000000000000
4.9500000000 0.08885811718825759042 0.00000000000000000000
4.9600000000 0.08881278709246231973 0.00000000000000000000
4.9700000000 0.08876768532851272986 0.00000000000000000000
4.9800000000 0.08872281017630904987 0.00000000000000000000
4.9900000000 0.08867815993296410126 0.00000000000000000000
5.0000000000 0.08863373291258931641 0.00000000000000000000
