0.1000000000 4.06499928344272110081 0.00000000000000000000
0.1100000000 3.91297785851364965382 0.00000000000000000000
0.1200000000 3.76501770992113593550 0.00000000000000000000
0.1300000000 3.62139337986923992574 0.00000000000000000000
0.1400000000 3.48233966964035168701 0.00000000000000000000
0.1500000000 3.34804688391308857831 0.00000000000000000000
0.1600000000 3.21865766891918658743 0.00000000000000000000
0.1700000000 3.09426560898392910559 0.00000000000000000000
0.1800000000 2.97491560841820135153 0.00000000000000000000
0.1900000000 2.86060594943034152138 0.00000000000000000000
0.2000000000 2.75129179911818377846 0.00000000000000000000
0.2100000000 2.64688985300882295704 0.00000000000000000000
0.2200000000 2.54728375614076174571 0.00000000000000000000
0.2300000000 2.45232993568885815350 0.00000000000000000000
0.2400000000 2.36186350620983098736 0.00000000000000000000
0.2500000000 2.27570396054653789619 0.00000000000000000000
0.2600000000 2.19366042561778673559 0.00000000000000000000
0.2700000000 2.11553633266095220122 0.00000000000000000000
0.2800000000 2.04113341788996605075 0.00000000000000000000
0.2900000000 1.97025502651377815155 0.00000000000000000000
0.3000000000 1.90270873779838867179 0.00000000000000000000
0.3100000000 1.83830836072276015969 0.00000000000000000000
0.3200000000 1.77687536972734272389 0.00000000000000000000
0.3300000000 1.71823985996447947677 0.00000000000000000000
0.3400000000 1.66224110359719423613 0.00000000000000000000
0.3500000000 1.60872778530768734129 0.00000000000000000000
0.3600000000 1.55755798826157176862 0.00000000000000000000
0.3700000000 1.50859899294593957642 0.00000000000000000000
0.3800000000 1.46172694177519724157 0.00000000000000000000
0.3900000000 1.41682641298442124622 0.00000000000000000000
0.4000000000 1.37378993864300680272 0.00000000000000000000
0.4100000000 1.33251749391720264448 0.00000000000000000000
0.4200000000 1.29291597811008274199 0.00000000000000000000
0.4300000000 1.25489870251435542414 0.00000000000000000000
0.4400000000 1.21838489565566820971 0.00000000000000000000
0.4500000000 1.18329923297134276261 0.00000000000000000000
0.4600000000 1.14957139523216400612 0.00000000000000000000
0.4700000000 1.11713565794486036076 0.00000000000000000000
0.4800000000 1.08593051244697225144 0.00000000000000000000
0.4900000000 1.05589831831586500321 0.00000000000000000000
0.5000000000 1.02698498596529574911 0.00000000000000000000
0.5100000000 0.99913968781750428505 0.00000000000000000000
0.5200000000 0.97231459615147530773 0.00000000000000000000
0.5300000000 0.94646464558687992685 0.00000000000000000000
0.5400000000 0.92154731812728074569 0.00000000000000000000
0.5500000000 0.89752244872351083504 0.00000000000000000000
0.5600000000 0.87435204940418487229 0.00000000000000000000
0.5700000000 0.85200015013732599556 0.00000000000000000000
0.5800000000 0.83043265472076432943 0.00000000000000000000
0.5900000000 0.80961721014055143542 0.00000000000000000000
0.6000000000 0.78952308797826442621 0.00000000000000000000
0.6100000000 0.77012107658621409279 0.00000000000000000000
0.6200000000 0.75138338287991812692 0.00000000000000000000
0.6300000000 0.73328354271962103983 0.00000000000000000000
0.6400000000 0.71579633896439942564 0.00000000000000000000
0.6500000000 0.69889772638473823818 0.00000000000000000000
0.6600000000 0.68256476271166821590 0.00000000000000000000
0.6700000000 0.66677554518325077293 0.00000000000000000000
0.6800000000 0.65150915202300074824 0.00000000000000000000
0.6900000000 0.63674558835046468630 0.00000000000000000000
0.7000000000 0.62246573608211452910 0.00000000000000000000
0.7100000000 0.60865130743212780828 0.00000000000000000000
0.7200000000 0.59528480166758179770 0.00000000000000000000
0.7300000000 0.58234946481237082061 0.00000000000000000000
0.7400000000 0.56982925202910506002 0.00000000000000000000
0.7500000000 0.55770879243858972885 0.00000000000000000000
0.7600000000 0.54597335616367803635 0.00000000000000000000
0.7700000000 0.53460882340742421626 0.00000000000000000000
0.7800000000 0.52360165539644465404 0.00000000000000000000
0.7900000000 0.51293886703818036832 0.00000000000000000000
0.8000000000 0.50260800115706005808 0.00000000000000000000
0.8100000000 0.49259710418784935504 0.00000000000000000000
0.8200000000 0.48289470321763994232 0.00000000000000000000
0.8300000000 0.47348978427769522481 0.00000000000000000000
0.8400000000 0.46437177179699495877 0.00000000000000000000
0.8500000000 0.45553050913659542953 0.00000000000000000000
0.8600000000 0.44695624013241408434 0.00000000000000000000
0.8700000000 0.43863959157959042656 0.00000000000000000000
0.8800000000 0.43057155659845347540 0.00000000000000000000
0.8900000000 0.42274347882633467322 0.00000000000000000000
0.9000000000 0.41514703738507940933 0.00000000000000000000
0.9100000000 0.40777423257682171576 0.00000000000000000000
0.9200000000 0.40061737226632693210 0.00000000000000000000
0.9300000000 0.39366905890940223633 0.00000000000000000000
0.9400000000 0.38692217719095017836 0.00000000000000000000
0.9500000000 0.38036988223954792954 0.00000000000000000000
0.9600000000 0.37400558838578373821 0.00000000000000000000
0.9700000000 0.36782295843645296252 0.00000000000000000000
0.9800000000 0.36181589343596898267 0.00000000000000000000
0.9900000000 0.35597852289088821598 0.00000000000000000000
1.0000000000 0.35030519543385429948 0.00000000000000000000
1.0100000000 0.34479046989951872559 0.00000000000000000000
1.0200000000 0.33942910680068982821 0.00000000000000000000
1.0300000000 0.33421606018213267930 0.00000000000000000000
1.0400000000 0.32914646982354550664 0.00000000000000000000
1.0500000000 0.32421565378907096777 0.00000000000000000000
1.0600000000 0.31941910129814110597 0.00000000000000000000
1.0700000000 0.31475246590471717134 0.00000000000000000000
1.0800000000 0.31021155896991170486 0.00000000000000000000
1.0900000000 0.30579234341410937992 0.00000000000000000000
1.1000000000 0.30149092773594965422 0.00000000000000000000
1.1100000000 0.29730356028544036029 0.00000000000000000000
1.1200000000 0.29322662377944713752 0.00000000000000000000
1.1300000000 0.28925663004882995466 0.00000000000000000000
1.1400000000 0.28539021500631506223 0.00000000000000000000
1.1500000000 0.28162413382519396743 0.00000000000000000000
1.1600000000 0.27795525631952006096 0.00000000000000000000
1.1700000000 0.27438056251657316764 0.00000000000000000000
1.1800000000 0.27089713841305501640 0.00000000000000000000
1.1900000000 0.26750217190690189772 0.00000000000000000000
1.2000000000 0.26419294889691768979 0.00000000000000000000
1.2100000000 0.26096684954285143121 0.00000000000000000000
1.2200000000 0.25782134467875617023 0.00000000000000000000
1.2300000000 0.25475399237315410339 0.00000000000000000000
1.2400000000 0.25176243462934627670 0.00000000000000000000
1.2500000000 0.24884439421997850417 0.00000000000000000000
1.2600000000 0.24599767164999650215 0.00000000000000000000
1.2700000000 0.24322014224232513246 0.00000000000000000000
1.2800000000 0.24050975334122801086 0.00000000000000000000
1.2900000000 0.23786452162807272814 0.00000000000000000000
1.3000000000 0.23528253054480480211 0.00000000000000000000
1.3100000000 0.23276192782055113439 0.00000000000000000000
1.3200000000 0.23030092309688507402 0.00000000000000000000
1.3300000000 0.22789778564767093627 0.00000000000000000000
1.3400000000 0.22555084218935994578 0.00000000000000000000
1.3500000000 0.22325847477805293995 0.00000000000000000000
1.3600000000 0.22101911878957902768 0.00000000000000000000
1.3700000000 0.21883126097916302810 0.00000000000000000000
1.3800000000 0.21669343761729858988 0.00000000000000000000
1.3900000000 0.21460423269869502438 0.00000000000000000000
1.4000000000 0.21256227622122228493 0.00000000000000000000
1.4100000000 0.21056624253192920970 0.00000000000000000000
1.4200000000 0.20861484873740998580 0.00000000000000000000
1.4300000000 0.20670685317577433548 0.00000000000000000000
1.4400000000 0.20484105394774757003 0.00000000000000000000
1.4500000000 0.20301628750444833393 0.00000000000000000000
1.4600000000 0.20123142728947523983 0.00000000000000000000
1.4700000000 0.19948538243313981844 0.00000000000000000000
1.4800000000 0.19777709649664393377 0.00000000000000000000
1.4900000000 0.19610554626424506197 0.00000000000000000000
1.5000000000 0.19446974058135796382 0.00000000000000000000
1.5100000000 0.19286871923681789265 0.00000000000000000000
1.5200000000 0.19130155188746555961 0.00000000000000000000
1.5300000000 0.18976733702333684062 0.00000000000000000000
1.5400000000 0.18826520097185037161 0.00000000000000000000
1.5500000000 0.18679429693941448920 0.00000000000000000000
1.5600000000 0.18535380408893273319 0.00000000000000000000
1.5700000000 0.18394292665177525148 0.00000000000000000000
1.5800000000 0.18256089307286613166 0.00000000000000000000
1.5900000000 0.18120695518751961384 0.00000000000000000000
1.6000000000 0.17988038742881121146 0.00000000000000000000
1.6100000000 0.17858048606422521898 0.00000000000000000000
1.6200000000 0.17730656846045822483 0.00000000000000000000
1.6300000000 0.17605797237523401755 0.00000000000000000000
1.6400000000 0.17483405527509610078 0.00000000000000000000
1.6500000000 0.17363419367812427119 0.00000000000000000000
1.6600000000 0.17245778252062810010 0.00000000000000000000
1.6700000000 0.17130423454685536622 0.00000000000000000000
1.6800000000 0.17017297972082598423 0.00000000000000000000
1.6900000000 0.16906346465943028479 0.00000000000000000000
1.7000000000 0.16797515208596844327 0.00000000000000000000
1.7100000000 0.16690752030332986489 0.00000000000000000000
1.7200000000 0.16586006268606132141 0.00000000000000000000
1.7300000000 0.16483228719058268252 0.00000000000000000000
1.7400000000 0.16382371588287042430 0.00000000000000000000
1.7500000000 0.16283388448292965278 0.00000000000000000000
1.7600000000 0.16186234192539808441 0.00000000000000000000
1.7700000000 0.16090864993568890218 0.00000000000000000000
1.7800000000 0.15997238262106672213 0.00000000000000000000
1.7900000000 0.15905312607609098374 0.00000000000000000000
1.8000000000 0.15815047800188269944 0.00000000000000000000
1.8100000000 0.15726404733869131514 0.00000000000000000000
1.8200000000 0.15639345391126571738 0.00000000000000000000
1.8300000000 0.15553832808652873210 0.00000000000000000000
1.8400000000 0.15469831044312615242 0.00000000000000000000
1.8500000000 0.15387305145236407355 0.00000000000000000000
1.8600000000 0.15306221117015181288 0.00000000000000000000
1.8700000000 0.15226545893950668709 0.00000000000000000000
1.8800000000 0.15148247310324089443 0.00000000000000000000
1.8900000000 0.15071294072646787554 0.00000000000000000000
1.9000000000 0.14995655732852808395 0.00000000000000000000
1.9100000000 0.14921302662403151951 0.00000000000000000000
1.9200000000 0.14848206027264684859 0.00000000000000000000
1.9300000000 0.14776337763733007891 0.00000000000000000000
1.9400000000 0.14705670555069039196 0.00000000000000000000
1.9500000000 0.14636177808918290899 0.00000000000000000000
1.9600000000 0.14567833635484891963 0.00000000000000000000
1.9700000000 0.14500612826433234570 0.00000000000000000000
1.9800000000 0.14434490834491062183 0.00000000000000000000
1.9900000000 0.14369443753727667579 0.00000000000000000000
2.0000000000 0.14305448300483886159 0.00000000000000000000
2.0100000000 0.14242481794929864880 0.00000000000000000000
2.0200000000 0.14180522143229007392 0.00000000000000000000
2.0300000000 0.14119547820284952810 0.00000000000000000000
2.0400000000 0.14059537853052278544 0.00000000000000000000
2.0500000000 0.14000471804390066111 0.00000000000000000000
2.0600000000 0.13942329757439428373 0.00000000000000000000
2.0700000000 0.13885092300506257645 0.00000000000000000000
2.0800000000 0.13828740512431433873 0.00000000000000000000
2.0900000000 0.13773255948431947782 0.00000000000000000000
2.1000000000 0.13718620626395205964 0.00000000000000000000
2.1100000000 0.13664817013611404994 0.00000000000000000000
2.1200000000 0.13611828013929794245 0.00000000000000000000
2.1300000000 0.13559636955321571761 0.00000000000000000000
2.1400000000 0.13508227577837300659 0.00000000000000000000
2.1500000000 0.13457584021944882235 0.00000000000000000000
2.1600000000 0.13407690817234263481 0.00000000000000000000
2.1700000000 0.13358532871476894166 0.00000000000000000000
2.1800000000 0.13310095460027765446 0.00000000000000000000
2.1900000000 0.13262364215557614910 0.00000000000000000000
2.2000000000 0.13215325118105075708 0.00000000000000000000
2.2100000000 0.13168964485437137379 0.00000000000000000000
2.2200000000 0.13123268963707657164 0.00000000000000000000
2.2300000000 0.13078225518403704952 0.00000000000000000000
2.2400000000 0.13033821425570868424 0.00000000000000000000
2.2500000000 0.12990044263306455008 0.00000000000000000000
2.2600000000 0.12946881903513463019 0.00000000000000000000
2.2700000000 0.12904322503905263364 0.00000000000000000000
2.2800000000 0.12862354500253397882 0.00000000000000000000
2.2900000000 0.12820966598869715236 0.00000000000000000000
2.3000000000 0.12780147769316055339 0.00000000000000000000
2.3100000000 0.12739887237332747638 0.00000000000000000000
2.3200000000 0.12700174477979944698 0.00000000000000000000
2.3300000000 0.12660999208983420017 0.00000000000000000000
2.3400000000 0.12622351384279692499 0.00000000000000000000
2.3500000000 0.12584221187752597793 0.00000000000000000000
2.3600000000 0.12546599027155497241 0.00000000000000000000
2.3700000000 0.12509475528213997997 0.00000000000000000000
2.3800000000 0.12472841528901164321 0.00000000000000000000
2.3900000000 0.12436688073882540273 0.00000000000000000000
2.4000000000 0.12401006409122658503 0.00000000000000000000
2.4100000000 0.12365787976649660063 0.00000000000000000000
2.4200000000 0.12331024409472604586 0.00000000000000000000
2.4300000000 0.12296707526646340203 0.00000000000000000000
2.4400000000 0.12262829328478594415 0.00000000000000000000
2.4500000000 0.12229381991876513147 0.00000000000000000000
2.4600000000 0.12196357865826494560 0.00000000000000000000
2.4700000000 0.12163749467003827365 0.00000000000000000000
2.4800000000 0.12131549475508207614 0.00000000000000000000
2.4900000000 0.12099750730720688907 0.00000000000000000000
2.5000000000 0.12068346227278815841 0.00000000000000000000
2.5100000000 0.12037329111165484541 0.00000000000000000000
2.5200000000 0.12006692675908767209 0.00000000000000000000
2.5300000000 0.11976430358889049443 0.00000000000000000000
2.5400000000 0.11946535737749426620 0.00000000000000000000
2.5500000000 0.11917002526907299886 0.00000000000000000000
2.5600000000 0.11887824574163259606 0.00000000000000000000
2.5700000000 0.11858995857404545926 0.00000000000000000000
2.5800000000 0.11830510481400029199 0.00000000000000000000
2.5900000000 0.11802362674684092891 0.00000000000000000000
2.6000000000 0.11774546786526718378 0.00000000000000000000
2.6100000000 0.11747057283986822585 0.00000000000000000000
2.6200000000 0.11719888749046768195 0.00000000000000000000
2.6300000000 0.11693035875825120995 0.00000000000000000000
2.6400000000 0.11666493467865834965 0.00000000000000000000
2.6500000000 0.11640256435501021570 0.00000000000000000000
2.6600000000 0.11614319793285504678 0.00000000000000000000
2.6700000000 0.11588678657500653402 0.00000000000000000000
2.6800000000 0.11563328243725828903 0.00000000000000000000
2.6900000000 0.11538263864475033216 0.00000000000000000000
2.7000000000 0.11513480926897184942 0.00000000000000000000
2.7100000000 0.11488974930537633468 0.00000000000000000000
2.7200000000 0.11464741465159936085 0.00000000000000000000
2.7300000000 0.11440776208625179355 0.00000000000000000000
2.7400000000 0.11417074924827598503 0.00000000000000000000
2.7500000000 0.11393633461685154229 0.00000000000000000000
2.7600000000 0.11370447749182864550 0.00000000000000000000
2.7700000000 0.11347513797467630170 0.00000000000000000000
2.7800000000 0.11324827694993273852 0.00000000000000000000
2.7900000000 0.11302385606713792610 0.00000000000000000000
2.8000000000 0.11280183772324005320 0.00000000000000000000
2.8100000000 0.11258218504545898508 0.00000000000000000000
2.8200000000 0.11236486187459443498 0.00000000000000000000
2.8300000000 0.11214983274876413888 0.00000000000000000000
2.8400000000 0.11193706288756563594 0.00000000000000000000
2.8500000000 0.11172651817664164264 0.00000000000000000000
2.8600000000 0.11151816515264202645 0.00000000000000000000
2.8700000000 0.11131197098857351091 0.00000000000000000000
2.8800000000 0.11110790347951844670 0.00000000000000000000
2.8900000000 0.11090593102872121911 0.00000000000000000000
2.9000000000 0.11070602263402379295 0.00000000000000000000
2.9100000000 0.11050814787464763311 0.00000000000000000000
2.9200000000 0.11031227689830754024 0.00000000000000000000
2.9300000000 0.11011838040864922739 0.00000000000000000000
2.9400000000 0.10992642965300286617 0.00000000000000000000
2.9500000000 0.10973639641044295734 0.00000000000000000000
2.9600000000 0.10954825298014503332 0.00000000000000000000
2.9700000000 0.10936197217003404414 0.00000000000000000000
2.9800000000 0.10917752728571228360 0.00000000000000000000
2.9900000000 0.10899489211966149893 0.00000000000000000000
3.0000000000 0.10881404094071410460 0.00000000000000000000
3.0100000000 0.10863494848377934499 0.00000000000000000000
3.0200000000 0.10845758993982392016 0.00000000000000000000
3.0300000000 0.10828194094609773501 0.00000000000000000000
3.0400000000 0.10810797757659809659 0.00000000000000000000
3.0500000000 0.10793567633276469897 0.00000000000000000000
3.0600000000 0.10776501413440163490 0.00000000000000000000
3.0700000000 0.10759596831081993940 0.00000000000000000000
3.0800000000 0.10742851659219077032 0.00000000000000000000
3.0900000000 0.10726263710111044736 0.00000000000000000000
3.1000000000 0.10709830834436531721 0.00000000000000000000
3.1100000000 0.10693550920489514056 0.00000000000000000000
3.1200000000 0.10677421893394702102 0.00000000000000000000
3.1300000000 0.10661441714341755860 0.00000000000000000000
3.1400000000 0.10645608379837655233 0.00000000000000000000
3.1500000000 0.10629919920976609038 0.00000000000000000000
3.1600000000 0.10614374402727487501 0.00000000000000000000
3.1700000000 0.10598969923237701318 0.00000000000000000000
3.1800000000 0.10583704613153742391 0.00000000000000000000
3.1900000000 0.10568576634957466132 0.00000000000000000000
3.2000000000 0.10553584182317864160 0.00000000000000000000
3.2100000000 0.10538725479457999867 0.00000000000000000000
3.2200000000 0.10523998780536707176 0.00000000000000000000
3.2300000000 0.10509402369044430758 0.00000000000000000000
3.2400000000 0.10494934557213211890 0.00000000000000000000
3.2500000000 0.10480593685440191265 0.00000000000000000000
3.2600000000 0.10466378121724335959 0.00000000000000000000
3.2700000000 0.10452286261116093546 0.00000000000000000000
3.2800000000 0.10438316525179694438 0.00000000000000000000
3.2900000000 0.10424467361467681936 0.00000000000000000000
3.3000000000 0.10410737243007230080 0.00000000000000000000
3.3100000000 0.10397124667798431086 0.00000000000000000000
3.3200000000 0.10383628158323529589 0.00000000000000000000
3.3300000000 0.10370246261067669891 0.00000000000000000000
3.3400000000 0.10356977546050019634 0.00000000000000000000
3.3500000000 0.10343820606365672354 0.00000000000000000000
3.3600000000 0.10330774057737657223 0.00000000000000000000
3.3700000000 0.10317836538079032394 0.00000000000000000000
3.3800000000 0.10305006707064777449 0.00000000000000000000
3.3900000000 0.10292283245712842421 0.00000000000000000000
3.4000000000 0.10279664855975098603 0.00000000000000000000
3.4100000000 0.10267150260336641021 0.00000000000000000000
3.4200000000 0.10254738201424379307 0.00000000000000000000
3.4300000000 0.10242427441624059326 0.00000000000000000000
3.4400000000 0.10230216762705642009 0.00000000000000000000
3.4500000000 0.10218104965456933919 0.00000000000000000000
3.4600000000 0.10206090869325175341 0.00000000000000000000
3.4700000000 0.10194173312066429071 0.00000000000000000000
3.4800000000 0.10182351149402502077 0.00000000000000000000
3.4900000000 0.10170623254685416670 0.00000000000000000000
3.5000000000 0.10158988518568932979 0.00000000000000000000
3.5100000000 0.10147445848687348946 0.00000000000000000000
3.5200000000 0.10135994169340907523 0.00000000000000000000
3.5300000000 0.10124632421188312081 0.00000000000000000000
3.5400000000 0.10113359560945395232 0.00000000000000000000
3.5500000000 0.10102174561090482285 0.00000000000000000000
3.5600000000 0.10091076409575935879 0.00000000000000000000
3.5700000000 0.10080064109545650020 0.00000000000000000000
3.5800000000 0.10069136679058822426 0.00000000000000000000
3.5900000000 0.10058293150819201667 0.00000000000000000000
3.6000000000 0.10047532571910278154 0.00000000000000000000
3.6100000000 0.10036854003535841673 0.00000000000000000000
3.6200000000 0.10026256520766119174 0.00000000000000000000
3.6300000000 0.10015739212289052895 0.00000000000000000000
3.6400000000 0.10005301180166795150 0.00000000000000000000
3.6500000000 0.09994941539597387847 0.00000000000000000000
3.6600000000 0.09984659418681030019 0.00000000000000000000
3.6700000000 0.09974453958191614733 0.00000000000000000000
3.6800000000 0.09964324311352554253 0.00000000000000000000
3.6900000000 0.09954269643617466579 0.00000000000000000000
3.7000000000 0.09944289132455218228 0.00000000000000000000
3.7100000000 0.09934381967139388481 0.00000000000000000000
3.7200000000 0.09924547348542070435 0.00000000000000000000
3.7300000000 0.09914784488931732698 0.00000000000000000000
3.7400000000 0.09905092611775316580 0.00000000000000000000
3.7500000000 0.09895470951544201033 0.00000000000000000000
3.7600000000 0.09885918753524199076 0.00000000000000000000
3.7700000000 0.09876435273629226297 0.00000000000000000000
3.7800000000 0.09867019778218839854 0.00000000000000000000
3.7900000000 0.09857671543919380164 0.00000000000000000000
3.8000000000 0.09848389857448569540 0.00000000000000000000
3.8100000000 0.09839174015443798160 0.00000000000000000000
3.8200000000 0.09830023324293650500 0.00000000000000000000
3.8300000000 0.09820937099972816553 0.00000000000000000000
3.8400000000 0.09811914667880268504 0.00000000000000000000
3.8500000000 0.09802955362680641771 0.00000000000000000000
3.8600000000 0.09794058528148677500 0.00000000000000000000
3.8700000000 0.09785223517016719552 0.00000000000000000000
3.8800000000 0.09776449690825235461 0.00000000000000000000
3.8900000000 0.09767736419776193446 0.00000000000000000000
3.9000000000 0.09759083082589321834 0.00000000000000000000
3.9100000000 0.09750489066361144042 0.00000000000000000000
3.9200000000 0.09741953766426718342 0.00000000000000000000
3.9300000000 0.09733476586224062976 0.00000000000000000000
3.9400000000 0.09725056937161209725 0.00000000000000000000
3.9500000000 0.09716694238485723556 0.00000000000000000000
3.9600000000 0.09708387917156845182 0.00000000000000000000
3.9700000000 0.09700137407719916505 0.00000000000000000000
3.9800000000 0.09691942152183390113 0.00000000000000000000
3.9900000000 0.09683801599897967627 0.00000000000000000000
4.0000000000 0.09675715207438125021 0.00000000000000000000
4.0100000000 0.09667682438485954155 0.00000000000000000000
4.0200000000 0.09659702763717036011 0.00000000000000000000
4.0300000000 0.09651775660688566294 0.00000000000000000000
4.0400000000 0.09643900613729509963 0.00000000000000000000
4.0500000000 0.09636077113832859642 0.00000000000000000000
4.0600000000 0.09628304658549931283 0.00000000000000000000
4.0700000000 0.09620582751886463946 0.00000000000000000000
4.0800000000 0.09612910904200912265 0.00000000000000000000
4.0900000000 0.09605288632104339031 0.00000000000000000000
4.1000000000 0.09597715458362347796 0.00000000000000000000
4.1100000000 0.09590190911798739115 0.00000000000000000000
4.1200000000 0.09582714527201023624 0.00000000000000000000
4.1300000000 0.09575285845227456127 0.00000000000000000000
4.1400000000 0.09567904412316075025 0.00000000000000000000
4.1500000000 0.09560569780595090661 0.00000000000000000000
4.1600000000 0.09553281507795163829 0.00000000000000000000
4.1700000000 0.09546039157163094258 0.00000000000000000000
4.1800000000 0.09538842297377109203 0.00000000000000000000
4.1900000000 0.09531690502463757708 0.00000000000000000000
4.2000000000 0.09524583351716238433 0.00000000000000000000
4.2100000000 0.09517520429614198529 0.00000000000000000000
4.2200000000 0.09510501325744938339 0.00000000000000000000
4.2300000000 0.09503525634726117666 0.00000000000000000000
4.2400000000 0.09496592956129666641 0.00000000000000000000
4.2500000000 0.09489702894407331391 0.00000000000000000000
4.2600000000 0.09482855058817225846 0.00000000000000000000
4.2700000000 0.09476049063351875412 0.00000000000000000000
4.2800000000 0.09469284526667469393 0.00000000000000000000
4.2900000000 0.09462561072014410990 0.00000000000000000000
4.3000000000 0.09455878327168951158 0.00000000000000000000
4.3100000000 0.09449235924366217176 0.00000000000000000000
4.3200000000 0.09442633500234200172 0.00000000000000000000
4.3300000000 0.09436070695729109614 0.00000000000000000000
4.3400000000 0.09429547156071635405 0.00000000000000000000
4.3500000000 0.09423062530684463145 0.00000000000000000000
4.3600000000 0.09416616473130845488 0.00000000000000000000
4.3700000000 0.09410208641054179646 0.00000000000000000000
4.3800000000 0.09403838696118632656 0.00000000000000000000
4.3900000000 0.09397506303950882434 0.00000000000000000000
4.4000000000 0.09391211134082720624 0.00000000000000000000
4.4100000000 0.09384952859894710175 0.00000000000000000000
4.4200000000 0.09378731158560829617 0.00000000000000000000
4.4300000000 0.09372545710993970824 0.00000000000000000000
4.4400000000 0.09366396201792404064 0.00000000000000000000
4.4500000000 0.09360282319187201994 0.00000000000000000000
4.4600000000 0.09354203754990468578 0.00000000000000000000
4.4700000000 0.09348160204544476992 0.00000000000000000000
4.4800000000 0.09342151366671651302 0.00000000000000000000
4.4900000000 0.09336176943625405789 0.00000000000000000000
4.5000000000 0.09330236641041772527 0.00000000000000000000
4.5100000000 0.09324330167891858867 0.00000000000000000000
4.5200000000 0.09318457236435090385 0.00000000000000000000
4.5300000000 0.09312617562173244878 0.00000000000000000000
4.5400000000 0.09306810863805189959 0.00000000000000000000
4.5500000000 0.09301036863182443604 0.00000000000000000000
4.5600000000 0.09295295285265406382 0.00000000000000000000
4.5700000000 0.09289585858080341707 0.00000000000000000000
4.5800000000 0.09283908312677068009 0.00000000000000000000
4.5900000000 0.09278262383087323983 0.00000000000000000000
4.6000000000 0.09272647806283787486 0.00000000000000000000
4.6100000000 0.09267064322139829946 0.00000000000000000000
4.6200000000 0.09261511673389885568 0.00000000000000000000
4.6300000000 0.09255989605590406177 0.00000000000000000000
4.6400000000 0.09250497867081589054 0.00000000000000000000
4.6500000000 0.09245036208949529433 0.00000000000000000000
4.6600000000 0.09239604384989191788 0.00000000000000000000
4.6700000000 0.09234202151667778025 0.00000000000000000000
4.6800000000 0.09228829268088828419 0.00000000000000000000
4.6900000000 0.09223485495956811053 0.00000000000000000000
4.7000000000 0.09218170599542305221 0.00000000000000000000
4.7100000000 0.09212884345647746887 0.00000000000000000000
4.7200000000 0.09207626503573707044 0.00000000000000000000
4.7300000000 0.09202396845085659971 0.00000000000000000000
4.7400000000 0.09197195144381348220 0.00000000000000000000
4.7500000000 0.09192021178058629172 0.00000000000000000000
4.7600000000 0.09186874725083828130 0.00000000000000000000
4.7700000000 0.09181755566760541054 0.00000000000000000000
4.7800000000 0.09176663486699024319 0.00000000000000000000
4.7900000000 0.09171598270785966123 0.00000000000000000000
4.8000000000 0.09166559707154767200 0.00000000000000000000
4.8100000000 0.09161547586156307266 0.00000000000000000000
4.8200000000 0.09156561700330091702 0.00000000000000000000
4.8300000000 0.09151601844375918671 0.00000000000000000000
4.8400000000 0.09146667815125959777 0.00000000000000000000
4.8500000000 0.09141759411517220990 0.00000000000000000000
4.8600000000 0.09136876434564519811 0.00000000000000000000
4.8700000000 0.09132018687333759432 0.00000000000000000000
4.8800000000 0.09127185974915742739 0.00000000000000000000
4.8900000000 0.09122378104400234722 0.00000000000000000000
4.9000000000 0.09117594884850584169 0.00000000000000000000
4.9100000000 0.09112836127278564624 0.00000000000000000000
4.9200000000 0.09108101644619731596 0.00000000000000000000
4.9300000000 0.09103391251709073984 0.00000000000000000000
4.9400000000 0.09098704765257038807 0.00000000000000000000
4.9500000000 0.09094042003825934806 0.00000000000000000000
4.9600000000 0.09089402787806723227 0.00000000000000000000
4.9700000000 0.09084786939396041761 0.00000000000000000000
4.9800000000 0.09080194282573704478 0.00000000000000000000
4.9900000000 0.09075624643080457132 0.00000000000000000000
5.0000000000 0.09071077848396065513 0.00000000000000000000
