0.1000000000 3.98602115961271508127 0.00000000000000000000
0.1100000000 3.83851815157429632208 0.00000000000000000000
0.1200000000 3.69503984748111946601 0.00000000000000000000
0.1300000000 3.55582831137303223557 0.00000000000000000000
0.1400000000 3.42108680795115116524 0.00000000000000000000
0.1500000000 3.29097613954527501434 0.00000000000000000000
0.1600000000 3.16561247401037348936 0.00000000000000000000
0.1700000000 3.04506675416465721895 0.00000000000000000000
0.1800000000 2.92936566077200266633 0.00000000000000000000
0.1900000000 2.81849399003584188961 0.00000000000000000000
0.2000000000 2.71239821626188470916 0.00000000000000000000
0.2100000000 2.61099094977143675322 0.00000000000000000000
0.2200000000 2.51415597298398241222 0.00000000000000000000
0.2300000000 2.42175354225926264817 0.00000000000000000000
0.2400000000 2.33362567388424357873 0.00000000000000000000
0.2500000000 2.24960118138495701601 0.00000000000000000000
0.2600000000 2.16950028940174544090 0.00000000000000000000
0.2700000000 2.09313870881837216231 0.00000000000000000000
0.2800000000 2.02033111260782716201 0.00000000000000000000
0.2900000000 1.95089399803404162093 0.00000000000000000000
0.3000000000 1.88464795657049677402 0.00000000000000000000
0.3100000000 1.82141939797012319957 0.00000000000000000000
0.3200000000 1.76104179030975083187 0.00000000000000000000
0.3300000000 1.70335648515614201948 0.00000000000000000000
0.3400000000 1.64821319812553057638 0.00000000000000000000
0.3500000000 1.59547021185296866719 0.00000000000000000000
0.3600000000 1.54499436234648812594 0.00000000000000000000
0.3700000000 1.49666086216327420821 0.00000000000000000000
0.3800000000 1.45035300577898018659 0.00000000000000000000
0.3900000000 1.40596179460226111679 0.00000000000000000000
0.4000000000 1.36338551174460675952 0.00000000000000000000
0.4100000000 1.32252927012886534186 0.00000000000000000000
0.4200000000 1.28330455190858816472 0.00000000000000000000
0.4300000000 1.24562875247758553243 0.00000000000000000000
0.4400000000 1.20942473852015908165 0.00000000000000000000
0.4500000000 1.17462042649755638024 0.00000000000000000000
0.4600000000 1.14114838558178899319 0.00000000000000000000
0.4700000000 1.10894546722859965726 0.00000000000000000000
0.4800000000 1.07795246222634766298 0.00000000000000000000
0.4900000000 1.04811378507730279530 0.00000000000000000000
0.5000000000 1.01937718488342410339 0.00000000000000000000
0.5100000000 0.99169348145412083984 0.00000000000000000000
0.5200000000 0.96501632507385348703 0.00000000000000000000
0.5300000000 0.93930197821844985118 0.00000000000000000000
0.5400000000 0.91450911745503637995 0.00000000000000000000
0.5500000000 0.89059865377431601807 0.00000000000000000000
0.5600000000 0.86753356966353056823 0.00000000000000000000
0.5700000000 0.84527877131810635891 0.00000000000000000000
0.5800000000 0.82380095449737367197 0.00000000000000000000
0.5900000000 0.80306848264597185949 0.00000000000000000000
0.6000000000 0.78305127602124324770 0.00000000000000000000
0.6100000000 0.76372071068399238758 0.00000000000000000000
0.6200000000 0.74504952632189358486 0.00000000000000000000
0.6300000000 0.72701174198038587271 0.00000000000000000000
0.6400000000 0.70958257887372044870 0.00000000000000000000
0.6500000000 0.69273838953825095377 0.00000000000000000000
0.6600000000 0.67645659267167879136 0.00000000000000000000
0.6700000000 0.66071561307534709684 0.00000000000000000000
0.6800000000 0.64549482618251996513 0.00000000000000000000
0.6900000000 0.63077450671433366036 0.00000000000000000000
0.7000000000 0.61653578105749773375 0.00000000000000000000
0.7100000000 0.60276058300401247347 0.00000000000000000000
0.7200000000 0.58943161253411924250 0.00000000000000000000
0.7300000000 0.57653229736009792283 0.00000000000000000000
0.7400000000 0.56404675697982809002 0.00000000000000000000
0.7500000000 0.55195976901771137690 0.00000000000000000000
0.7600000000 0.54025673765461001974 0.00000000000000000000
0.7700000000 0.52892366397048939941 0.00000000000000000000
0.7800000000 0.51794711804221904572 0.00000000000000000000
0.7900000000 0.50731421265603870996 0.00000000000000000000
0.8000000000 0.49701257850838914676 0.00000000000000000000
0.8100000000 0.48703034078241680405 0.00000000000000000000
0.8200000000 0.47735609699804731898 0.00000000000000000000
0.8300000000 0.46797889604444853351 0.00000000000000000000
0.8400000000 0.45888821831159076758 0.00000000000000000000
0.8500000000 0.45007395684632983679 0.00000000000000000000
0.8600000000 0.44152639946465527254 0.00000000000000000000
0.8700000000 0.43323621175833798569 0.00000000000000000000
0.8800000000 0.42519442093916504088 0.00000000000000000000
0.8900000000 0.41739240046938591577 0.00000000000000000000
0.9000000000 0.40982185543093863078 0.00000000000000000000
0.9100000000 0.40247480858954548522 0.00000000000000000000
0.9200000000 0.39534358711380124252 0.00000000000000000000
0.9300000000 0.38842080991267280421 0.00000000000000000000
0.9400000000 0.38169937555585881084 0.00000000000000000000
0.9500000000 0.37517245074690863671 0.00000000000000000000
0.9600000000 0.36883345931802402617 0.00000000000000000000
0.9700000000 0.36267607172001414817 0.00000000000000000000
0.9800000000 0.35669419498132376445 0.00000000000000000000
0.9900000000 0.35088196311265190674 0.00000000000000000000
1.0000000000 0.34523372793536999392 0.00000000000000000000
1.0100000000 0.33974405030688553664 0.00000000000000000000
1.0200000000 0.33440769173478812615 0.00000000000000000000
1.0300000000 0.32921960635197533573 0.00000000000000000000
1.0400000000 0.32417493323484719570 0.00000000000000000000
1.0500000000 0.31926898905497863579 0.00000000000000000000
1.0600000000 0.31449726104286923611 0.00000000000000000000
1.0700000000 0.30985540025149105325 0.00000000000000000000
1.0800000000 0.30533921510534139943 0.00000000000000000000
1.0900000000 0.30094466522175122858 0.00000000000000000000
1.1000000000 0.29666785549192947746 0.00000000000000000000
1.1100000000 0.29250503041031228335 0.00000000000000000000
1.1200000000 0.28845256864066293190 0.00000000000000000000
1.1300000000 0.28450697780832767680 0.00000000000000000000
1.1400000000 0.28066488950883811127 0.00000000000000000000
1.1500000000 0.27692305452291487988 0.00000000000000000000
1.1600000000 0.27327833822892594329 0.00000000000000000000
1.1700000000 0.26972771620408569904 0.00000000000000000000
1.1800000000 0.26626827000615282959 0.00000000000000000000
1.1900000000 0.26289718312764576158 0.00000000000000000000
1.2000000000 0.25961173711522916863 0.00000000000000000000
1.2100000000 0.25640930784693577449 0.00000000000000000000
1.2200000000 0.25328736196064782771 0.00000000000000000000
1.2300000000 0.25024345342704890083 0.00000000000000000000
1.2400000000 0.24727522026111262154 0.00000000000000000000
1.2500000000 0.24438038136598758121 0.00000000000000000000
1.2600000000 0.24155673350381126618 0.00000000000000000000
1.2700000000 0.23880214838794486254 0.00000000000000000000
1.2800000000 0.23611456989149251506 0.00000000000000000000
1.2900000000 0.23349201136722422256 0.00000000000000000000
1.3000000000 0.23093255307418858457 0.00000000000000000000
1.3100000000 0.22843433970650312004 0.00000000000000000000
1.3200000000 0.22599557802008110596 0.00000000000000000000
1.3300000000 0.22361453455310212335 0.00000000000000000000
1.3400000000 0.22128953343642532303 0.00000000000000000000
1.3500000000 0.21901895429009465843 0.00000000000000000000
1.3600000000 0.21680123020243086129 0.00000000000000000000
1.3700000000 0.21463484578821526161 0.00000000000000000000
1.3800000000 0.21251833532274205796 0.00000000000000000000
1.3900000000 0.21045028094855858236 0.00000000000000000000
1.4000000000 0.20842931095193353852 0.00000000000000000000
1.4100000000 0.20645409810617465496 0.00000000000000000000
1.4200000000 0.20452335807901497744 0.00000000000000000000
1.4300000000 0.20263584790148850279 0.00000000000000000000
1.4400000000 0.20079036449575302092 0.00000000000000000000
1.4500000000 0.19898574325945589392 0.00000000000000000000
1.4600000000 0.19722085670434705285 0.00000000000000000000
1.4700000000 0.19549461314693517000 0.00000000000000000000
1.4800000000 0.19380595544904910543 0.00000000000000000000
1.4900000000 0.19215385980631977114 0.00000000000000000000
1.5000000000 0.19053733458264074385 0.00000000000000000000
1.5100000000 0.18895541918870997766 0.00000000000000000000
1.5200000000 0.18740718300294131882 0.00000000000000000000
1.5300000000 0.18589172433300621412 0.00000000000000000000
1.5400000000 0.18440816941636797854 0.00000000000000000000
1.5500000000 0.18295567145829572109 0.00000000000000000000
1.5600000000 0.18153340970580944536 0.00000000000000000000
1.5700000000 0.18014058855616088550 0.00000000000000000000
1.5800000000 0.17877643669845655339 0.00000000000000000000
1.5900000000 0.17744020628712342535 0.00000000000000000000
1.6000000000 0.17613117214594783966 0.00000000000000000000
1.6100000000 0.17484863100148106962 0.00000000000000000000
1.6200000000 0.17359190074466546161 0.00000000000000000000
1.6300000000 0.17236031971954809960 0.00000000000000000000
1.6400000000 0.17115324603803722114 0.00000000000000000000
1.6500000000 0.16997005691969238605 0.00000000000000000000
1.6600000000 0.16881014805553479219 0.00000000000000000000
1.6700000000 0.16767293299496976999 0.00000000000000000000
1.6800000000 0.16655784255492900314 0.00000000000000000000
1.6900000000 0.16546432425032725488 0.00000000000000000000
1.7000000000 0.16439184174506887848 0.00000000000000000000
1.7100000000 0.16333987432275509644 0.00000000000000000000
1.7200000000 0.16230791637637168034 0.00000000000000000000
1.7300000000 0.16129547691619441907 0.00000000000000000000
1.7400000000 0.16030207909525878707 0.00000000000000000000
1.7500000000 0.15932725975165693000 0.00000000000000000000
1.7600000000 0.15837056896708701093 0.00000000000000000000
1.7700000000 0.15743156964098650730 0.00000000000000000000
1.7800000000 0.15650983707968144087 0.00000000000000000000
1.7900000000 0.15560495859997319767 0.00000000000000000000
1.8000000000 0.15471653314662103806 0.00000000000000000000
1.8100000000 0.15384417092318813935 0.00000000000000000000
1.8200000000 0.15298749303576206215 0.00000000000000000000
1.8300000000 0.15214613114905034541 0.00000000000000000000
1.8400000000 0.15131972715439653832 0.00000000000000000000
1.8500000000 0.15050793284927008187 0.00000000000000000000
1.8600000000 0.14971040962779955108 0.00000000000000000000
1.8700000000 0.14892682818194277750 0.00000000000000000000
1.8800000000 0.14815686821289006381 0.00000000000000000000
1.8900000000 0.14740021815233911306 0.00000000000000000000
1.9000000000 0.14665657489324818163 0.00000000000000000000
1.9100000000 0.14592564352975831432 0.00000000000000000000
1.9200000000 0.14520713710590471557 0.00000000000000000000
1.9300000000 0.14450077637283101351 0.00000000000000000000
1.9400000000 0.14380628955417115722 0.00000000000000000000
1.9500000000 0.14312341211931270402 0.00000000000000000000
1.9600000000 0.14245188656425691875 0.00000000000000000000
1.9700000000 0.14179146219979266164 0.00000000000000000000
1.9800000000 0.14114189494671378067 0.00000000000000000000
1.9900000000 0.14050294713785263512 0.00000000000000000000
2.0000000000 0.13987438732664680963 0.00000000000000000000
2.0100000000 0.13925599010204095518 0.00000000000000000000
2.0200000000 0.13864753590946246598 0.00000000000000000000
2.0300000000 0.13804881087768461345 0.00000000000000000000
2.0400000000 0.13745960665134518419 0.00000000000000000000
2.0500000000 0.13687972022893640789 0.00000000000000000000
2.0600000000 0.13630895380605143052 0.00000000000000000000
2.0700000000 0.13574711462372981985 0.00000000000000000000
2.0800000000 0.13519401482169224327 0.00000000000000000000
2.0900000000 0.13464947129631510414 0.00000000000000000000
2.1000000000 0.13411330556316694573 0.00000000000000000000
2.1100000000 0.13358534362395185768 0.00000000000000000000
2.1200000000 0.13306541583770534198 0.00000000000000000000
2.1300000000 0.13255335679608962196 0.00000000000000000000
2.1400000000 0.13204900520265838715 0.00000000000000000000
2.1500000000 0.13155220375593640325 0.00000000000000000000
2.1600000000 0.13106279903620049465 0.00000000000000000000
2.1700000000 0.13058064139581807006 0.00000000000000000000
2.1800000000 0.13010558485303347354 0.00000000000000000000
2.1900000000 0.12963748698907789914 0.00000000000000000000
2.2000000000 0.12917620884848815543 0.00000000000000000000
2.2100000000 0.12872161484253136221 0.00000000000000000000
2.2200000000 0.12827357265562286393 0.00000000000000000000
2.2300000000 0.12783195315464038200 0.00000000000000000000
2.2400000000 0.12739663030103598462 0.00000000000000000000
2.2500000000 0.12696748106564875735 0.00000000000000000000
2.2600000000 0.12654438534613446365 0.00000000000000000000
2.2700000000 0.12612722588691244185 0.00000000000000000000
2.2800000000 0.12571588820155979449 0.00000000000000000000
2.2900000000 0.12531026049755783491 0.00000000000000000000
2.3000000000 0.12491023360332437209 0.00000000000000000000
2.3100000000 0.12451570089745080117 0.00000000000000000000
2.3200000000 0.12412655824006368910 0.00000000000000000000
2.3300000000 0.12374270390625817517 0.00000000000000000000
2.3400000000 0.12336403852151686666 0.00000000000000000000
2.3500000000 0.12299046499906271523 0.00000000000000000000
2.3600000000 0.12262188847907314060 0.00000000000000000000
2.3700000000 0.12225821626970179157 0.00000000000000000000
2.3800000000 0.12189935778984471726 0.00000000000000000000
2.3900000000 0.12154522451359457691 0.00000000000000000000
2.4000000000 0.12119572991633226211 0.00000000000000000000
2.4100000000 0.12085078942239675659 0.00000000000000000000
2.4200000000 0.12051032035428976830 0.00000000000000000000
2.4300000000 0.12017424188335822099 0.00000000000000000000
2.4400000000 0.11984247498191227810 0.00000000000000000000
2.4500000000 0.11951494237673632171 0.00000000000000000000
2.4600000000 0.11919156850393591851 0.00000000000000000000
2.4700000000 0.11887227946509404397 0.00000000000000000000
2.4800000000 0.11855700298468259402 0.00000000000000000000
2.4900000000 0.11824566836869994380 0.00000000000000000000
2.5000000000 0.11793820646448362199 0.00000000000000000000
2.5100000000 0.11763454962167434192 0.00000000000000000000
2.5200000000 0.11733463165428714703 0.00000000000000000000
2.5300000000 0.11703838780385615592 0.00000000000000000000
2.5400000000 0.11674575470362286156 0.00000000000000000000
2.5500000000 0.11645667034372880755 0.00000000000000000000
2.5600000000 0.11617107403739211635 0.00000000000000000000
2.5700000000 0.11588890638802661071 0.00000000000000000000
2.5800000000 0.11561010925728019971 0.00000000000000000000
2.5900000000 0.11533462573396399686 0.00000000000000000000
2.6000000000 0.11506240010384359562 0.00000000000000000000
2.6100000000 0.11479337782026850789 0.00000000000000000000
2.6200000000 0.11452750547560835992 0.00000000000000000000
2.6300000000 0.11426473077347844287 0.00000000000000000000
2.6400000000 0.11400500250172782013 0.00000000000000000000
2.6500000000 0.11374827050616531654 0.00000000000000000000
2.6600000000 0.11349448566500383584 0.00000000000000000000
2.6700000000 0.11324359986399687439 0.00000000000000000000
2.6800000000 0.11299556597225578203 0.00000000000000000000
2.6900000000 0.11275033781871543481 0.00000000000000000000
2.7000000000 0.11250787016923778638 0.00000000000000000000
2.7100000000 0.11226811870433084373 0.00000000000000000000
2.7200000000 0.11203103999746653885 0.00000000000000000000
2.7300000000 0.11179659149397506990 0.00000000000000000000
2.7400000000 0.11156473149050830096 0.00000000000000000000
2.7500000000 0.11133541911504195310 0.00000000000000000000
2.7600000000 0.11110861430741485190 0.00000000000000000000
2.7700000000 0.11088427780038019599 0.00000000000000000000
2.7800000000 0.11066237110115474673 0.00000000000000000000
2.7900000000 0.11044285647345591928 0.00000000000000000000
2.8000000000 0.11022569692001094044 0.00000000000000000000
2.8100000000 0.11001085616551910251 0.00000000000000000000
2.8200000000 0.10979829864006218632 0.00000000000000000000
2.8300000000 0.10958798946294566468 0.00000000000000000000
2.8400000000 0.10937989442695676690 0.00000000000000000000
2.8500000000 0.10917397998303231266 0.00000000000000000000
2.8600000000 0.10897021322532156329 0.00000000000000000000
2.8700000000 0.10876856187662999054 0.00000000000000000000
2.8800000000 0.10856899427424113180 0.00000000000000000000
2.8900000000 0.10837147935609729721 0.00000000000000000000
2.9000000000 0.10817598664733535374 0.00000000000000000000
2.9100000000 0.10798248624716114130 0.00000000000000000000
2.9200000000 0.10779094881606261780 0.00000000000000000000
2.9300000000 0.10760134556333927902 0.00000000000000000000
2.9400000000 0.10741364823495207215 0.00000000000000000000
2.9500000000 0.10722782910167578951 0.00000000000000000000
2.9600000000 0.10704386094754900216 0.00000000000000000000
2.9700000000 0.10686171705861334524 0.00000000000000000000
2.9800000000 0.10668137121193300987 0.00000000000000000000
2.9900000000 0.10650279766488784938 0.00000000000000000000
3.0000000000 0.10632597114473255062 0.00000000000000000000
3.0100000000 0.10615086683841207238 0.00000000000000000000
3.0200000000 0.10597746038263022861 0.00000000000000000000
3.0300000000 0.10580572785416181292 0.00000000000000000000
3.0400000000 0.10563564576040275489 0.00000000000000000000
3.0500000000 0.10546719103014993990 0.00000000000000000000
3.0600000000 0.10530034100460852753 0.00000000000000000000
3.0700000000 0.10513507342861549976 0.00000000000000000000
3.0800000000 0.10497136644207788470 0.00000000000000000000
3.0900000000 0.10480919857161713482 0.00000000000000000000
3.1000000000 0.10464854872241559358 0.00000000000000000000
3.1100000000 0.10448939617025816695 0.00000000000000000000
3.1200000000 0.10433172055376750686 0.00000000000000000000
3.1300000000 0.10417550186682172919 0.00000000000000000000
3.1400000000 0.10402072045115509646 0.00000000000000000000
3.1500000000 0.10386735698913439341 0.00000000000000000000
3.1600000000 0.10371539249670684579 0.00000000000000000000
3.1700000000 0.10356480831651433683 0.00000000000000000000
3.1800000000 0.10341558611117096511 0.00000000000000000000
3.1900000000 0.10326770785669829589 0.00000000000000000000
3.2000000000 0.10312115583611576597 0.00000000000000000000
3.2100000000 0.10297591263317891486 0.00000000000000000000
3.2200000000 0.10283196112626630248 0.00000000000000000000
3.2300000000 0.10268928448240752238 0.00000000000000000000
3.2400000000 0.10254786615145054796 0.00000000000000000000
3.2500000000 0.10240768986036195842 0.00000000000000000000
3.2600000000 0.10226873960766366678 0.00000000000000000000
3.2700000000 0.10213099965799195268 0.00000000000000000000
3.2800000000 0.10199445453678525342 0.00000000000000000000
3.2900000000 0.10185908902509321905 0.00000000000000000000
3.3000000000 0.10172488815450361765 0.00000000000000000000
3.3100000000 0.10159183720218432911 0.00000000000000000000
3.3200000000 0.10145992168603934491 0.00000000000000000000
3.3300000000 0.10132912735997459674 0.00000000000000000000
3.3400000000 0.10119944020926895101 0.00000000000000000000
3.3500000000 0.10107084644605171531 0.00000000000000000000
3.3600000000 0.10094333250488016218 0.00000000000000000000
3.3700000000 0.10081688503841815252 0.00000000000000000000
3.3800000000 0.10069149091320840628 0.00000000000000000000
3.3900000000 0.10056713720554300018 0.00000000000000000000
3.4000000000 0.10044381119742154529 0.00000000000000000000
3.4100000000 0.10032150037260238740 0.00000000000000000000
3.4200000000 0.10020019241273936395 0.00000000000000000000
3.4300000000 0.10007987519360492246 0.00000000000000000000
3.4400000000 0.09996053678139363297 0.00000000000000000000
3.4500000000 0.09984216542911211745 0.00000000000000000000
3.4600000000 0.09972474957304205967 0.00000000000000000000
3.4700000000 0.09960827782928460827 0.00000000000000000000
3.4800000000 0.09949273899037783253 0.00000000000000000000
3.4900000000 0.09937812202198882672 0.00000000000000000000
3.5000000000 0.09926441605967666060 0.00000000000000000000
3.5100000000 0.09915161040572610662 0.00000000000000000000
3.5200000000 0.09903969452604810542 0.00000000000000000000
3.5300000000 0.09892865804714873201 0.00000000000000000000
3.5400000000 0.09881849075316152808 0.00000000000000000000
3.5500000000 0.09870918258294383851 0.00000000000000000000
3.5600000000 0.09860072362723565353 0.00000000000000000000
3.5700000000 0.09849310412587719554 0.00000000000000000000
3.5800000000 0.09838631446508776246 0.00000000000000000000
3.5900000000 0.09828034517479962429 0.00000000000000000000
3.6000000000 0.09817518692605078923 0.00000000000000000000
3.6100000000 0.09807083052843001969 0.00000000000000000000
3.6200000000 0.09796726692757708188 0.00000000000000000000
3.6300000000 0.09786448720273499546 0.00000000000000000000
3.6400000000 0.09776248256435289552 0.00000000000000000000
3.6500000000 0.09766124435174000640 0.00000000000000000000
3.6600000000 0.09756076403076612003 0.00000000000000000000
3.6700000000 0.09746103319161174283 0.00000000000000000000
3.6800000000 0.09736204354656385895 0.00000000000000000000
3.6900000000 0.09726378692785692115 0.00000000000000000000
3.7000000000 0.09716625528555898617 0.00000000000000000000
3.7100000000 0.09706944068549994142 0.00000000000000000000
3.7200000000 0.09697333530724255857 0.00000000000000000000
3.7300000000 0.09687793144209647100 0.00000000000000000000
3.7400000000 0.09678322149116901085 0.00000000000000000000
3.7500000000 0.09668919796345919193 0.00000000000000000000
3.7600000000 0.09659585347398803867 0.00000000000000000000
3.7700000000 0.09650318074196753693 0.00000000000000000000
3.7800000000 0.09641117258900573639 0.00000000000000000000
3.7900000000 0.09631982193734865694 0.00000000000000000000
3.8000000000 0.09622912180815654248 0.00000000000000000000
3.8100000000 0.09613906531981529502 0.00000000000000000000
3.8200000000 0.09604964568628103494 0.00000000000000000000
3.8300000000 0.09596085621545752398 0.00000000000000000000
3.8400000000 0.09587269030760582622 0.00000000000000000000
3.8500000000 0.09578514145378547173 0.00000000000000000000
3.8600000000 0.09569820323432612352 0.00000000000000000000
3.8700000000 0.09561186931732995609 0.00000000000000000000
3.8800000000 0.09552613345720151194 0.00000000000000000000
3.8900000000 0.09544098949320886649 0.00000000000000000000
3.9000000000 0.09535643134807070265 0.00000000000000000000
3.9100000000 0.09527245302657230686 0.00000000000000000000
3.9200000000 0.09518904861420715569 0.00000000000000000000
3.9300000000 0.09510621227584593884 0.00000000000000000000
3.9400000000 0.09502393825443053443 0.00000000000000000000
3.9500000000 0.09494222086969310304 0.00000000000000000000
3.9600000000 0.09486105451690023116 0.00000000000000000000
3.9700000000 0.09478043366562118044 0.00000000000000000000
3.9800000000 0.09470035285851831353 0.00000000000000000000
3.9900000000 0.09462080671016240285 0.00000000000000000000
4.0000000000 0.09454178990586956099 0.00000000000000000000
4.0100000000 0.09446329720055976487 0.00000000000000000000
4.0200000000 0.09438532341763784805 0.00000000000000000000
4.0300000000 0.09430786344789533759 0.00000000000000000000
4.0400000000 0.09423091224843166414 0.00000000000000000000
4.0500000000 0.09415446484159839535 0.00000000000000000000
4.0600000000 0.09407851631396017822 0.00000000000000000000
4.0700000000 0.09400306181527684490 0.00000000000000000000
4.0800000000 0.09392809655750421205 0.00000000000000000000
4.0900000000 0.09385361581381271301 0.00000000000000000000
4.1000000000 0.09377961491762541735 0.00000000000000000000
4.1100000000 0.09370608926167248165 0.00000000000000000000
4.1200000000 0.09363303429706408554 0.00000000000000000000
4.1300000000 0.09356044553237964634 0.00000000000000000000
4.1400000000 0.09348831853277403403 0.00000000000000000000
4.1500000000 0.09341664891910057833 0.00000000000000000000
4.1600000000 0.09334543236704880009 0.00000000000000000000
4.1700000000 0.09327466460629950384 0.00000000000000000000
4.1800000000 0.09320434141969376196 0.00000000000000000000
4.1900000000 0.09313445864241723382 0.00000000000000000000
4.2000000000 0.09306501216120049991 0.00000000000000000000
4.2100000000 0.09299599791353163614 0.00000000000000000000
4.2200000000 0.09292741188688447007 0.00000000000000000000
4.2300000000 0.09285925011796046513 0.00000000000000000000
4.2400000000 0.09279150869194337237 0.00000000000000000000
4.2500000000 0.09272418374176817635 0.00000000000000000000
4.2600000000 0.09265727144740253107 0.00000000000000000000
4.2700000000 0.09259076803514040832 0.00000000000000000000
4.2800000000 0.09252466977690930461 0.00000000000000000000
4.2900000000 0.09245897298958911936 0.00000000000000000000
4.3000000000 0.09239367403434270432 0.00000000000000000000
4.3100000000 0.09232876931595900005 0.00000000000000000000
4.3200000000 0.09226425528220640049 0.00000000000000000000
4.3300000000 0.09220012842319945390 0.00000000000000000000
4.3400000000 0.09213638527077371021 0.00000000000000000000
4.3500000000 0.09207302239787445997 0.00000000000000000000
4.3600000000 0.09201003641795352239 0.00000000000000000000
4.3700000000 0.09194742398437873165 0.00000000000000000000
4.3800000000 0.09188518178985131957 0.00000000000000000000
4.3900000000 0.09182330656583548301 0.00000000000000000000
4.4000000000 0.09176179508199563961 0.00000000000000000000
4.4100000000 0.09170064414564532695 0.00000000000000000000
4.4200000000 0.09163985060120435899 0.00000000000000000000
4.4300000000 0.09157941132966496145 0.00000000000000000000
4.4400000000 0.09151932324806795471 0.00000000000000000000
4.4500000000 0.09145958330898737443 0.00000000000000000000
4.4600000000 0.09140018850002327999 0.00000000000000000000
4.4700000000 0.09134113584330402769 0.00000000000000000000
4.4800000000 0.09128242239499620436 0.00000000000000000000
4.4900000000 0.09122404524482312371 0.00000000000000000000
4.5000000000 0.09116600151559146881 0.00000000000000000000
4.5100000000 0.09110828836272548414 0.00000000000000000000
4.5200000000 0.09105090297380920294 0.00000000000000000000
4.5300000000 0.09099384256813612681 0.00000000000000000000
4.5400000000 0.09093710439626656594 0.00000000000000000000
4.5500000000 0.09088068573959194596 0.00000000000000000000
4.5600000000 0.09082458390990684471 0.00000000000000000000
4.5700000000 0.09076879624898749610 0.00000000000000000000
4.5800000000 0.09071332012817776014 0.00000000000000000000
4.5900000000 0.09065815294798099111 0.00000000000000000000
4.6000000000 0.09060329213766001033 0.00000000000000000000
4.6100000000 0.09054873515484186675 0.00000000000000000000
4.6200000000 0.09049447948513050788 0.00000000000000000000
4.6300000000 0.09044052264172484923 0.00000000000000000000
4.6400000000 0.09038686216504353277 0.00000000000000000000
4.6500000000 0.09033349562235500063 0.00000000000000000000
4.6600000000 0.09028042060741477137 0.00000000000000000000
4.6700000000 0.09022763474010685181 0.00000000000000000000
4.6800000000 0.09017513566609292042 0.00000000000000000000
4.6900000000 0.09012292105646500795 0.00000000000000000000
4.7000000000 0.09007098860740546387 0.00000000000000000000
4.7100000000 0.09001933603985112775 0.00000000000000000000
4.7200000000 0.08996796109916338491 0.00000000000000000000
4.7300000000 0.08991686155480381470 0.00000000000000000000
4.7400000000 0.08986603520001369694 0.00000000000000000000
4.7500000000 0.08981547985150022118 0.00000000000000000000
4.7600000000 0.08976519334912595738 0.00000000000000000000
4.7700000000 0.08971517355560493234 0.00000000000000000000
4.7800000000 0.08966541835620153722 0.00000000000000000000
4.7900000000 0.08961592565843580493 0.00000000000000000000
4.8000000000 0.08956669339179244849 0.00000000000000000000
4.8100000000 0.08951771950743453443 0.00000000000000000000
4.8200000000 0.08946900197792151399 0.00000000000000000000
4.8300000000 0.08942053879693198648 0.00000000000000000000
4.8400000000 0.08937232797899023751 0.00000000000000000000
4.8500000000 0.08932436755919739846 0.00000000000000000000
4.8600000000 0.08927665559296626974 0.00000000000000000000
4.8700000000 0.08922919015576079305 0.00000000000000000000
4.8800000000 0.08918196934283907640 0.00000000000000000000
4.8900000000 0.08913499126900037428 0.00000000000000000000
4.9000000000 0.08908825406833618954 0.00000000000000000000
4.9100000000 0.08904175589398446999 0.00000000000000000000
4.9200000000 0.08899549491788882882 0.00000000000000000000
4.9300000000 0.08894946933055958294 0.00000000000000000000
4.9400000000 0.08890367734084045348 0.00000000000000000000
4.9500000000 0.08885811717567634882 0.00000000000000000000
4.9600000000 0.08881278707988750354 0.00000000000000000000
4.9700000000 0.08876768531594429745 0.00000000000000000000
4.9800000000 0.08872281016374690410 0.00000000000000000000
4.9900000000 0.08867815992040833928 0.00000000000000000000
5.0000000000 0.08863373290003982718 0.00000000000000000000
