0.1000000000 3.40688808743217341757 0.00000000000000000000
0.1100000000 3.27180326282609001964 0.00000000000000000000
0.1200000000 3.14131166059166266891 0.00000000000000000000
0.1300000000 3.01557738966551802662 0.00000000000000000000
0.1400000000 2.89471636538657417503 0.00000000000000000000
0.1500000000 2.77879560519086954429 0.00000000000000000000
0.1600000000 2.66783429714665620835 0.00000000000000000000
0.1700000000 2.56180648505848207463 0.00000000000000000000
0.1800000000 2.46064510439175165857 0.00000000000000000000
0.1900000000 2.36424702985423795809 0.00000000000000000000
0.2000000000 2.27247876298136475270 0.00000000000000000000
0.2100000000 2.18518239460204632962 0.00000000000000000000
0.2200000000 2.10218151538957798152 0.00000000000000000000
0.2300000000 2.02328680755158130111 0.00000000000000000000
0.2400000000 1.94830112111890429993 0.00000000000000000000
0.2500000000 1.87702390951113251560 0.00000000000000000000
0.2600000000 1.80925496372862126826 0.00000000000000000000
0.2700000000 1.74479743808367326885 0.00000000000000000000
0.2800000000 1.68346020086914305303 0.00000000000000000000
0.2900000000 1.62505957084946062174 0.00000000000000000000
0.3000000000 1.56942051638806745473 0.00000000000000000000
0.3100000000 1.51637740055870562372 0.00000000000000000000
0.3200000000 1.46577435509884645981 0.00000000000000000000
0.3300000000 1.41746536078922247270 0.00000000000000000000
0.3400000000 1.37131410368863693172 0.00000000000000000000
0.3500000000 1.32719366711342390275 0.00000000000000000000
0.3600000000 1.28498610941375002170 0.00000000000000000000
0.3700000000 1.24458196819295574542 0.00000000000000000000
0.3800000000 1.20587972307902480118 0.00000000000000000000
0.3900000000 1.16878524170860509379 0.00000000000000000000
0.4000000000 1.13321122728774481558 0.00000000000000000000
0.4100000000 1.09907668091460997140 0.00000000000000000000
0.4200000000 1.06630638769177110703 0.00000000000000000000
0.4300000000 1.03483043239466598884 0.00000000000000000000
0.4400000000 1.00458374796336324941 0.00000000000000000000
0.4500000000 0.97550569821625376932 0.00000000000000000000
0.4600000000 0.94753969482608335628 0.00000000000000000000
0.4700000000 0.92063284764565567198 0.00000000000000000000
0.4800000000 0.89473564683225004224 0.00000000000000000000
0.4900000000 0.86980167482206205420 0.00000000000000000000
0.5000000000 0.84578734598777471909 0.00000000000000000000
0.5100000000 0.82265167172553588237 0.00000000000000000000
0.5200000000 0.80035604872403554033 0.00000000000000000000
0.5300000000 0.77886406823872478267 0.00000000000000000000
0.5400000000 0.75814134430628010719 0.00000000000000000000
0.5500000000 0.73815535897159145762 0.00000000000000000000
0.5600000000 0.71887532274940224575 0.00000000000000000000
0.5700000000 0.70027204869699166689 0.00000000000000000000
0.5800000000 0.68231783862649086903 0.00000000000000000000
0.5900000000 0.66498638013171196270 0.00000000000000000000
0.6000000000 0.64825265324209080386 0.00000000000000000000
0.6100000000 0.63209284564435153086 0.00000000000000000000
0.6200000000 0.61648427552943318997 0.00000000000000000000
0.6300000000 0.60140532122884249322 0.00000000000000000000
0.6400000000 0.58683535690050325773 0.00000000000000000000
0.6500000000 0.57275469361008624070 0.00000000000000000000
0.6600000000 0.55914452523056390465 0.00000000000000000000
0.6700000000 0.54598687865070882896 0.00000000000000000000
0.6800000000 0.53326456784348486018 0.00000000000000000000
0.6900000000 0.52096115139851184583 0.00000000000000000000
0.7000000000 0.50906089316951053103 0.00000000000000000000
0.7100000000 0.49754872572875985526 0.00000000000000000000
0.7200000000 0.48641021635684555946 0.00000000000000000000
0.7300000000 0.47563153532741708762 0.00000000000000000000
0.7400000000 0.46519942627469357266 0.00000000000000000000
0.7500000000 0.45510117845546216309 0.00000000000000000000
0.7600000000 0.44532460073883367579 0.00000000000000000000
0.7700000000 0.43585799717547940579 0.00000000000000000000
0.7800000000 0.42669014401448207563 0.00000000000000000000
0.7900000000 0.41781026805014115366 0.00000000000000000000
0.8000000000 0.40920802619372509401 0.00000000000000000000
0.8100000000 0.40087348617597678979 0.00000000000000000000
0.8200000000 0.39279710829586433896 0.00000000000000000000
0.8300000000 0.38496972813988589168 0.00000000000000000000
0.8400000000 0.37738254020296779778 0.00000000000000000000
0.8500000000 0.37002708234942394139 0.00000000000000000000
0.8600000000 0.36289522105755611658 0.00000000000000000000
0.8700000000 0.35597913739695691282 0.00000000000000000000
0.8800000000 0.34927131369231600999 0.00000000000000000000
0.8900000000 0.34276452083058128739 0.00000000000000000000
0.9000000000 0.33645180617353964703 0.00000000000000000000
0.9100000000 0.33032648203935127684 0.00000000000000000000
0.9200000000 0.32438211472080874520 0.00000000000000000000
0.9300000000 0.31861251400949802681 0.00000000000000000000
0.9400000000 0.31301172319844977610 0.00000000000000000000
0.9500000000 0.30757400953686508949 0.00000000000000000000
0.9600000000 0.30229385511316125834 0.00000000000000000000
0.9700000000 0.29716594814368363364 0.00000000000000000000
0.9800000000 0.29218517464655197058 0.00000000000000000000
0.9900000000 0.28734661048078879997 0.00000000000000000000
1.0000000000 0.28264551373094060072 0.00000000000000000000
1.0100000000 0.27807731742735197766 0.00000000000000000000
1.0200000000 0.27363762257433882352 0.00000000000000000000
1.0300000000 0.26932219147596792030 0.00000000000000000000
1.0400000000 0.26512694135473319212 0.00000000000000000000
1.0500000000 0.26104793823455796353 0.00000000000000000000
1.0600000000 0.25708139108472438661 0.00000000000000000000
1.0700000000 0.25322364621004189722 0.00000000000000000000
1.0800000000 0.24947118187656028288 0.00000000000000000000
1.0900000000 0.24582060316193415916 0.00000000000000000000
1.1000000000 0.24226863702011386392 0.00000000000000000000
1.1100000000 0.23881212755099046063 0.00000000000000000000
1.1200000000 0.23544803146581103070 0.00000000000000000000
1.1300000000 0.23217341373954997197 0.00000000000000000000
1.1400000000 0.22898544344216018032 0.00000000000000000000
1.1500000000 0.22588138974076668597 0.00000000000000000000
1.1600000000 0.22285861806534132401 0.00000000000000000000
1.1700000000 0.21991458643075670332 0.00000000000000000000
1.1800000000 0.21704684190852135961 0.00000000000000000000
1.1900000000 0.21425301724159243055 0.00000000000000000000
1.2000000000 0.21153082759628316634 0.00000000000000000000
1.2100000000 0.20887806744526898894 0.00000000000000000000
1.2200000000 0.20629260757617851052 0.00000000000000000000
1.2300000000 0.20377239222036855337 0.00000000000000000000
1.2400000000 0.20131543629684503505 0.00000000000000000000
1.2500000000 0.19891982276641437255 0.00000000000000000000
1.2600000000 0.19658370009143275037 0.00000000000000000000
1.2700000000 0.19430527979668762995 0.00000000000000000000
1.2800000000 0.19208283412722931827 0.00000000000000000000
1.2900000000 0.18991469379903697101 0.00000000000000000000
1.3000000000 0.18779924583864673893 0.00000000000000000000
1.3100000000 0.18573493150805200913 0.00000000000000000000
1.3200000000 0.18372024431134920119 0.00000000000000000000
1.3300000000 0.18175372807968920297 0.00000000000000000000
1.3400000000 0.17983397513132248768 0.00000000000000000000
1.3500000000 0.17795962450363628227 0.00000000000000000000
1.3600000000 0.17612936025421696562 0.00000000000000000000
1.3700000000 0.17434190982806216375 0.00000000000000000000
1.3800000000 0.17259604248829726880 0.00000000000000000000
1.3900000000 0.17089056780770844890 0.00000000000000000000
1.4000000000 0.16922433421868104952 0.00000000000000000000
1.4100000000 0.16759622761907963517 0.00000000000000000000
1.4200000000 0.16600517003189732557 0.00000000000000000000
1.4300000000 0.16445011831634975819 0.00000000000000000000
1.4400000000 0.16293006292846703986 0.00000000000000000000
1.4500000000 0.16144402672905602825 0.00000000000000000000
1.4600000000 0.15999106383720429481 0.00000000000000000000
1.4700000000 0.15857025852742850924 0.00000000000000000000
1.4800000000 0.15718072416876113784 0.00000000000000000000
1.4900000000 0.15582160220403051820 0.00000000000000000000
1.5000000000 0.15449206116776678654 0.00000000000000000000
1.5100000000 0.15319129574117137937 0.00000000000000000000
1.5200000000 0.15191852584265505555 0.00000000000000000000
1.5300000000 0.15067299575253959021 0.00000000000000000000
1.5400000000 0.14945397327056192394 0.00000000000000000000
1.5500000000 0.14826074890487273006 0.00000000000000000000
1.5600000000 0.14709263509126330183 0.00000000000000000000
1.5700000000 0.14594896544145458117 0.00000000000000000000
1.5800000000 0.14482909401928076298 0.00000000000000000000
1.5900000000 0.14373239464366316387 0.00000000000000000000
1.6000000000 0.14265826021733044038 0.00000000000000000000
1.6100000000 0.14160610208025786738 0.00000000000000000000
1.6200000000 0.14057534938688950876 0.00000000000000000000
1.6300000000 0.13956544850615823505 0.00000000000000000000
1.6400000000 0.13857586244347092075 0.00000000000000000000
1.6500000000 0.13760607028375521077 0.00000000000000000000
1.6600000000 0.13665556665478734155 0.00000000000000000000
1.6700000000 0.13572386120997148584 0.00000000000000000000
1.6800000000 0.13481047812986604595 0.00000000000000000000
1.6900000000 0.13391495564168340304 0.00000000000000000000
1.7000000000 0.13303684555610978402 0.00000000000000000000
1.7100000000 0.13217571282074674910 0.00000000000000000000
1.7200000000 0.13133113508956495430 0.00000000000000000000
1.7300000000 0.13050270230772489932 0.00000000000000000000
1.7400000000 0.12969001631120860574 0.00000000000000000000
1.7500000000 0.12889269044067180880 0.00000000000000000000
1.7600000000 0.12811034916898858538 0.00000000000000000000
1.7700000000 0.12734262774196289381 0.00000000000000000000
1.7800000000 0.12658917183170945164 0.00000000000000000000
1.7900000000 0.12584963720222652750 0.00000000000000000000
1.8000000000 0.12512368938669787832 0.00000000000000000000
1.8100000000 0.12441100337607552406 0.00000000000000000000
1.8200000000 0.12371126331853796176 0.00000000000000000000
1.8300000000 0.12302416222939592527 0.00000000000000000000
1.8400000000 0.12234940171106468976 0.00000000000000000000
1.8500000000 0.12168669168273255066 0.00000000000000000000
1.8600000000 0.12103575011934729344 0.00000000000000000000
1.8700000000 0.12039630279959201431 0.00000000000000000000
1.8800000000 0.11976808306251039704 0.00000000000000000000
1.8900000000 0.11915083157246152135 0.00000000000000000000
1.9000000000 0.11854429609208927410 0.00000000000000000000
1.9100000000 0.11794823126303374816 0.00000000000000000000
1.9200000000 0.11736239839407081043 0.00000000000000000000
1.9300000000 0.11678656525643346664 0.00000000000000000000
1.9400000000 0.11622050588603725918 0.00000000000000000000
1.9500000000 0.11566400039236178487 0.00000000000000000000
1.9600000000 0.11511683477375286855 0.00000000000000000000
1.9700000000 0.11457880073890168438 0.00000000000000000000
1.9800000000 0.11404969553428435936 0.00000000000000000000
1.9900000000 0.11352932177734625929 0.00000000000000000000
2.0000000000 0.11301748729522390069 0.00000000000000000000
2.0100000000 0.11251400496880185897 0.00000000000000000000
2.0200000000 0.11201869258191828049 0.00000000000000000000
2.0300000000 0.11153137267553495104 0.00000000000000000000
2.0400000000 0.11105187240668933091 0.00000000000000000000
2.0500000000 0.11058002341207037733 0.00000000000000000000
2.0600000000 0.11011566167603542565 0.00000000000000000000
2.0700000000 0.10965862740293071120 0.00000000000000000000
2.0800000000 0.10920876489355285655 0.00000000000000000000
2.0900000000 0.10876592242560234602 0.00000000000000000000
2.1000000000 0.10832995213800276912 0.00000000000000000000
2.1100000000 0.10790070991893603580 0.00000000000000000000
2.1200000000 0.10747805529747135600 0.00000000000000000000
2.1300000000 0.10706185133865804560 0.00000000000000000000
2.1400000000 0.10665196454197141407 0.00000000000000000000
2.1500000000 0.10624826474298157408 0.00000000000000000000
2.1600000000 0.10585062501814423985 0.00000000000000000000
2.1700000000 0.10545892159260265852 0.00000000000000000000
2.1800000000 0.10507303375089714625 0.00000000000000000000
2.1900000000 0.10469284375048075464 0.00000000000000000000
2.2000000000 0.10431823673794841933 0.00000000000000000000
2.2100000000 0.10394910066788468073 0.00000000000000000000
2.2200000000 0.10358532622423943792 0.00000000000000000000
2.2300000000 0.10322680674415171675 0.00000000000000000000
2.2400000000 0.10287343814413149601 0.00000000000000000000
2.2500000000 0.10252511884852319457 0.00000000000000000000
2.2600000000 0.10218174972017694813 0.00000000000000000000
2.2700000000 0.10184323399324647641 0.00000000000000000000
2.2800000000 0.10150947720804755214 0.00000000000000000000
2.2900000000 0.10118038714791105503 0.00000000000000000000
2.3000000000 0.10085587377795067476 0.00000000000000000000
2.3100000000 0.10053584918570233897 0.00000000000000000000
2.3200000000 0.10022022752355061459 0.00000000000000000000
2.3300000000 0.09990892495290439046 0.00000000000000000000
2.3400000000 0.09960185959004563827 0.00000000000000000000
2.3500000000 0.09929895145360954911 0.00000000000000000000
2.3600000000 0.09900012241363578824 0.00000000000000000000
2.3700000000 0.09870529614214196279 0.00000000000000000000
2.3800000000 0.09841439806516813493 0.00000000000000000000
2.3900000000 0.09812735531624311447 0.00000000000000000000
2.4000000000 0.09784409669123517173 0.00000000000000000000
2.4100000000 0.09756455260452601141 0.00000000000000000000
2.4200000000 0.09728865504648423479 0.00000000000000000000
2.4300000000 0.09701633754217943439 0.00000000000000000000
2.4400000000 0.09674753511131023442 0.00000000000000000000
2.4500000000 0.09648218422929846771 0.00000000000000000000
2.4600000000 0.09622022278951709862 0.00000000000000000000
2.4700000000 0.09596159006661378332 0.00000000000000000000
2.4800000000 0.09570622668089670548 0.00000000000000000000
2.4900000000 0.09545407456374509214 0.00000000000000000000
2.5000000000 0.09520507692401915245 0.00000000000000000000
2.5100000000 0.09495917821543078952 0.00000000000000000000
2.5200000000 0.09471632410484723263 0.00000000000000000000
2.5300000000 0.09447646144150199932 0.00000000000000000000
2.5400000000 0.09423953822707936689 0.00000000000000000000
2.5500000000 0.09400550358664652717 0.00000000000000000000
2.5600000000 0.09377430774041087269 0.00000000000000000000
2.5700000000 0.09354590197627109249 0.00000000000000000000
2.5800000000 0.09332023862314176021 0.00000000000000000000
2.5900000000 0.09309727102502583784 0.00000000000000000000
2.6000000000 0.09287695351581143344 0.00000000000000000000
2.6100000000 0.09265924139477181576 0.00000000000000000000
2.6200000000 0.09244409090274748053 0.00000000000000000000
2.6300000000 0.09223145919898745326 0.00000000000000000000
2.6400000000 0.09202130433863202341 0.00000000000000000000
2.6500000000 0.09181358525081449728 0.00000000000000000000
2.6600000000 0.09160826171736809187 0.00000000000000000000
2.6700000000 0.09140529435211282305 0.00000000000000000000
2.6800000000 0.09120464458071261826 0.00000000000000000000
2.6900000000 0.09100627462107778454 0.00000000000000000000
2.7000000000 0.09081014746430343676 0.00000000000000000000
2.7100000000 0.09061622685612341632 0.00000000000000000000
2.7200000000 0.09042447727886311626 0.00000000000000000000
2.7300000000 0.09023486393388496785 0.00000000000000000000
2.7400000000 0.09004735272449902739 0.00000000000000000000
2.7500000000 0.08986191023933545741 0.00000000000000000000
2.7600000000 0.08967850373616112480 0.00000000000000000000
2.7700000000 0.08949710112612743740 0.00000000000000000000
2.7800000000 0.08931767095843566595 0.00000000000000000000
2.7900000000 0.08914018240540995397 0.00000000000000000000
2.8000000000 0.08896460524796569180 0.00000000000000000000
2.8100000000 0.08879090986145823927 0.00000000000000000000
2.8200000000 0.08861906720190684816 0.00000000000000000000
2.8300000000 0.08844904879257720065 0.00000000000000000000
2.8400000000 0.08828082671091642963 0.00000000000000000000
2.8500000000 0.08811437357582697916 0.00000000000000000000
2.8600000000 0.08794966253527300437 0.00000000000000000000
2.8700000000 0.08778666725420644634 0.00000000000000000000
2.8800000000 0.08762536190280739712 0.00000000000000000000
2.8900000000 0.08746572114502471074 0.00000000000000000000
2.9000000000 0.08730772012741409849 0.00000000000000000000
2.9100000000 0.08715133446825956698 0.00000000000000000000
2.9200000000 0.08699654024697624222 0.00000000000000000000
2.9300000000 0.08684331399377924476 0.00000000000000000000
2.9400000000 0.08669163267962000374 0.00000000000000000000
2.9500000000 0.08654147370637330083 0.00000000000000000000
2.9600000000 0.08639281489727508589 0.00000000000000000000
2.9700000000 0.08624563448760075302 0.00000000000000000000
2.9800000000 0.08609991111557786791 0.00000000000000000000
2.9900000000 0.08595562381352536696 0.00000000000000000000
3.0000000000 0.08581275199921716001 0.00000000000000000000
3.0100000000 0.08567127546745835487 0.00000000000000000000
3.0200000000 0.08553117438187224364 0.00000000000000000000
3.0300000000 0.08539242926689188939 0.00000000000000000000
3.0400000000 0.08525502099994593241 0.00000000000000000000
3.0500000000 0.08511893080384387578 0.00000000000000000000
3.0600000000 0.08498414023934081074 0.00000000000000000000
3.0700000000 0.08485063119789038044 0.00000000000000000000
3.0800000000 0.08471838589457281188 0.00000000000000000000
3.0900000000 0.08458738686119504635 0.00000000000000000000
3.1000000000 0.08445761693956002625 0.00000000000000000000
3.1100000000 0.08432905927489768583 0.00000000000000000000
3.1200000000 0.08420169730945648023 0.00000000000000000000
3.1300000000 0.08407551477624795877 0.00000000000000000000
3.1400000000 0.08395049569294357750 0.00000000000000000000
3.1500000000 0.08382662435591654859 0.00000000000000000000
3.1600000000 0.08370388533442646439 0.00000000000000000000
3.1700000000 0.08358226346494421199 0.00000000000000000000
3.1800000000 0.08346174384560879622 0.00000000000000000000
3.1900000000 0.08334231183081970695 0.00000000000000000000
3.2000000000 0.08322395302595385347 0.00000000000000000000
3.2100000000 0.08310665328220964709 0.00000000000000000000
3.2200000000 0.08299039869156972504 0.00000000000000000000
3.2300000000 0.08287517558188610411 0.00000000000000000000
3.2400000000 0.08276097051207587096 0.00000000000000000000
3.2500000000 0.08264777026743193311 0.00000000000000000000
3.2600000000 0.08253556185504225262 0.00000000000000000000
3.2700000000 0.08242433249931520323 0.00000000000000000000
3.2800000000 0.08231406963760835860 0.00000000000000000000
3.2900000000 0.08220476091595943502 0.00000000000000000000
3.3000000000 0.08209639418491347651 0.00000000000000000000
3.3100000000 0.08198895749544844735 0.00000000000000000000
3.3200000000 0.08188243909499176576 0.00000000000000000000
3.3300000000 0.08177682742352983258 0.00000000000000000000
3.3400000000 0.08167211110980522604 0.00000000000000000000
3.3500000000 0.08156827896759891172 0.00000000000000000000
3.3600000000 0.08146531999210070152 0.00000000000000000000
3.3700000000 0.08136322335635734482 0.00000000000000000000
3.3800000000 0.08126197840780299830 0.00000000000000000000
3.3900000000 0.08116157466486784156 0.00000000000000000000
3.4000000000 0.08106200181366114699 0.00000000000000000000
3.4100000000 0.08096324970473059435 0.00000000000000000000
3.4200000000 0.08086530834989164029 0.00000000000000000000
3.4300000000 0.08076816791912985738 0.00000000000000000000
3.4400000000 0.08067181873756898436 0.00000000000000000000
3.4500000000 0.08057625128250918423 0.00000000000000000000
3.4600000000 0.08048145618052833516 0.00000000000000000000
3.4700000000 0.08038742420464745075 0.00000000000000000000
3.4800000000 0.08029414627155999351 0.00000000000000000000
3.4900000000 0.08020161343891950290 0.00000000000000000000
3.5000000000 0.08010981690268706434 0.00000000000000000000
3.5100000000 0.08001874799453871645 0.00000000000000000000
3.5200000000 0.07992839817932512192 0.00000000000000000000
3.5300000000 0.07983875905258977501 0.00000000000000000000
3.5400000000 0.07974982233813868171 0.00000000000000000000
3.5500000000 0.07966157988566359427 0.00000000000000000000
3.5600000000 0.07957402366841559438 0.00000000000000000000
3.5700000000 0.07948714578092859473 0.00000000000000000000
3.5800000000 0.07940093843679107977 0.00000000000000000000
3.5900000000 0.07931539396646677953 0.00000000000000000000
3.6000000000 0.07923050481515998833 0.00000000000000000000
3.6100000000 0.07914626354072665237 0.00000000000000000000
3.6200000000 0.07906266281162983856 0.00000000000000000000
3.6300000000 0.07897969540493840479 0.00000000000000000000
3.6400000000 0.07889735420436683189 0.00000000000000000000
3.6500000000 0.07881563219835743817 0.00000000000000000000
3.6600000000 0.07873452247820149352 0.00000000000000000000
3.6700000000 0.07865401823620042643 0.00000000000000000000
3.6800000000 0.07857411276386443155 0.00000000000000000000
3.6900000000 0.07849479945014925519 0.00000000000000000000
3.7000000000 0.07841607177972896581 0.00000000000000000000
3.7100000000 0.07833792333130408514 0.00000000000000000000
3.7200000000 0.07826034777594567671 0.00000000000000000000
3.7300000000 0.07818333887547165850 0.00000000000000000000
3.7400000000 0.07810689048085796282 0.00000000000000000000
3.7500000000 0.07803099653068110153 0.00000000000000000000
3.7600000000 0.07795565104959321923 0.00000000000000000000
3.7700000000 0.07788084814682699752 0.00000000000000000000
3.7800000000 0.07780658201473210356 0.00000000000000000000
3.7900000000 0.07773284692734055978 0.00000000000000000000
3.8000000000 0.07765963723896049387 0.00000000000000000000
3.8100000000 0.07758694738279903191 0.00000000000000000000
3.8200000000 0.07751477186961280852 0.00000000000000000000
3.8300000000 0.07744310528638424784 0.00000000000000000000
3.8400000000 0.07737194229502553089 0.00000000000000000000
3.8500000000 0.07730127763110779260 0.00000000000000000000
3.8600000000 0.07723110610261557651 0.00000000000000000000
3.8700000000 0.07716142258872550619 0.00000000000000000000
3.8800000000 0.07709222203860977007 0.00000000000000000000
3.8900000000 0.07702349947026243537 0.00000000000000000000
3.9000000000 0.07695524996934943740 0.00000000000000000000
3.9100000000 0.07688746868808063462 0.00000000000000000000
3.9200000000 0.07682015084410390160 0.00000000000000000000
3.9300000000 0.07675329171942053830 0.00000000000000000000
3.9400000000 0.07668688665932257842 0.00000000000000000000
3.9500000000 0.07662093107134976266 0.00000000000000000000
3.9600000000 0.07655542042426671800 0.00000000000000000000
3.9700000000 0.07649035024706067609 0.00000000000000000000
3.9800000000 0.07642571612795744096 0.00000000000000000000
3.9900000000 0.07636151371345654970 0.00000000000000000000
4.0000000000 0.07629773870738522368 0.00000000000000000000
4.0100000000 0.07623438686996943103 0.00000000000000000000
4.0200000000 0.07617145401692444751 0.00000000000000000000
4.0300000000 0.07610893601855989177 0.00000000000000000000
4.0400000000 0.07604682879890441172 0.00000000000000000000
4.0500000000 0.07598512833484492857 0.00000000000000000000
4.0600000000 0.07592383065528329755 0.00000000000000000000
4.0700000000 0.07586293184030794279 0.00000000000000000000
4.0800000000 0.07580242802038149319 0.00000000000000000000
4.0900000000 0.07574231537554371174 0.00000000000000000000
4.1000000000 0.07568259013462810825 0.00000000000000000000
4.1100000000 0.07562324857449516380 0.00000000000000000000
4.1200000000 0.07556428701927758729 0.00000000000000000000
4.1300000000 0.07550570183964090687 0.00000000000000000000
4.1400000000 0.07544748945205714818 0.00000000000000000000
4.1500000000 0.07538964631809182138 0.00000000000000000000
4.1600000000 0.07533216894370432792 0.00000000000000000000
4.1700000000 0.07527505387856076036 0.00000000000000000000
4.1800000000 0.07521829771535951115 0.00000000000000000000
4.1900000000 0.07516189708916899692 0.00000000000000000000
4.2000000000 0.07510584867677716492 0.00000000000000000000
4.2100000000 0.07505014919605322576 0.00000000000000000000
4.2200000000 0.07499479540532102972 0.00000000000000000000
4.2300000000 0.07493978410274275415 0.00000000000000000000
4.2400000000 0.07488511212571455355 0.00000000000000000000
4.2500000000 0.07483077635027274299 0.00000000000000000000
4.2600000000 0.07477677369051087541 0.00000000000000000000
4.2700000000 0.07472310109800642253 0.00000000000000000000
4.2800000000 0.07466975556125829416 0.00000000000000000000
4.2900000000 0.07461673410513441906 0.00000000000000000000
4.3000000000 0.07456403379032862377 0.00000000000000000000
4.3100000000 0.07451165171282736477 0.00000000000000000000
4.3200000000 0.07445958500338548114 0.00000000000000000000
4.3300000000 0.07440783082701199480 0.00000000000000000000
4.3400000000 0.07435638638246377941 0.00000000000000000000
4.3500000000 0.07430524890174891595 0.00000000000000000000
4.3600000000 0.07425441564963874974 0.00000000000000000000
4.3700000000 0.07420388392318702508 0.00000000000000000000
4.3800000000 0.07415365105125941436 0.00000000000000000000
4.3900000000 0.07410371439406975014 0.00000000000000000000
4.4000000000 0.07405407134272465330 0.00000000000000000000
4.4100000000 0.07400471931877602993 0.00000000000000000000
4.4200000000 0.07395565577378097888 0.00000000000000000000
4.4300000000 0.07390687818886974847 0.00000000000000000000
4.4400000000 0.07385838407432072927 0.00000000000000000000
4.4500000000 0.07381017096914226083 0.00000000000000000000
4.4600000000 0.07376223644066264018 0.00000000000000000000
4.4700000000 0.07371457808412563983 0.00000000000000000000
4.4800000000 0.07366719352229457451 0.00000000000000000000
4.4900000000 0.07362008040506075324 0.00000000000000000000
4.5000000000 0.07357323640906136830 0.00000000000000000000
4.5100000000 0.07352665923730095088 0.00000000000000000000
4.5200000000 0.07348034661878113938 0.00000000000000000000
4.5300000000 0.07343429630813574915 0.00000000000000000000
4.5400000000 0.07338850608527221209 0.00000000000000000000
4.5500000000 0.07334297375501856731 0.00000000000000000000
4.5600000000 0.07329769714677702996 0.00000000000000000000
4.5700000000 0.07325267411418207031 0.00000000000000000000
4.5800000000 0.07320790253476604226 0.00000000000000000000
4.5900000000 0.07316338030962794836 0.00000000000000000000
4.6000000000 0.07311910536310953224 0.00000000000000000000
4.6100000000 0.07307507564247561760 0.00000000000000000000
4.6200000000 0.07303128911760035924 0.00000000000000000000
4.6300000000 0.07298774378065785162 0.00000000000000000000
4.6400000000 0.07294443764581834411 0.00000000000000000000
4.6500000000 0.07290136874894918850 0.00000000000000000000
4.6600000000 0.07285853514732047731 0.00000000000000000000
4.6700000000 0.07281593491931573348 0.00000000000000000000
4.6800000000 0.07277356616414652757 0.00000000000000000000
4.6900000000 0.07273142700157320117 0.00000000000000000000
4.7000000000 0.07268951557162801891 0.00000000000000000000
4.7100000000 0.07264783003434430175 0.00000000000000000000
4.7200000000 0.07260636856948921025 0.00000000000000000000
4.7300000000 0.07256512937630103799 0.00000000000000000000
4.7400000000 0.07252411067323023819 0.00000000000000000000
4.7500000000 0.07248331069768494672 0.00000000000000000000
4.7600000000 0.07244272770578050191 0.00000000000000000000
4.7700000000 0.07240235997209278074 0.00000000000000000000
4.7800000000 0.07236220578941535142 0.00000000000000000000
4.7900000000 0.07232226346852008159 0.00000000000000000000
4.8000000000 0.07228253133792267304 0.00000000000000000000
4.8100000000 0.07224300774365054190 0.00000000000000000000
4.8200000000 0.07220369104901484814 0.00000000000000000000
4.8300000000 0.07216457963438611956 0.00000000000000000000
4.8400000000 0.07212567189697327574 0.00000000000000000000
4.8500000000 0.07208696625060592722 0.00000000000000000000
4.8600000000 0.07204846112552022730 0.00000000000000000000
4.8700000000 0.07201015496814767991 0.00000000000000000000
4.8800000000 0.07197204624090798586 0.00000000000000000000
4.8900000000 0.07193413342200358218 0.00000000000000000000
4.9000000000 0.07189641500521902484 0.00000000000000000000
4.9100000000 0.07185888949972236983 0.00000000000000000000
4.9200000000 0.07182155542986924657 0.00000000000000000000
4.9300000000 0.07178441133501137217 0.00000000000000000000
4.9400000000 0.07174745576930635638 0.00000000000000000000
4.9500000000 0.07171068730153117021 0.00000000000000000000
4.9600000000 0.07167410451489837631 0.00000000000000000000
4.9700000000 0.07163770600687512091 0.00000000000000000000
4.9800000000 0.07160149038900448515 0.00000000000000000000
4.9900000000 0.07156545628672994486 0.00000000000000000000
5.0000000000 0.07152960233922206479 0.00000000000000000000
