0.1000000000 3.14939727001316160937 0.00000000000000000000
0.1100000000 3.06011155254357891664 0.00000000000000000000
0.1200000000 2.97279308691762356176 0.00000000000000000000
0.1300000000 2.88745799229817956544 0.00000000000000000000
0.1400000000 2.80411735809951334630 0.00000000000000000000
0.1500000000 2.72277742578303083576 0.00000000000000000000
0.1600000000 2.64343979785151184103 0.00000000000000000000
0.1700000000 2.56610166917682658294 0.00000000000000000000
0.1800000000 2.49075607591186765077 0.00000000000000000000
0.1900000000 2.41739215745567337379 0.00000000000000000000
0.2000000000 2.34599542723911769215 0.00000000000000000000
0.2100000000 2.27654804845458302864 0.00000000000000000000
0.2200000000 2.20902911124639267371 0.00000000000000000000
0.2300000000 2.14341490829082204073 0.00000000000000000000
0.2400000000 2.07967920610998868725 0.00000000000000000000
0.2500000000 2.01779350987006811380 0.00000000000000000000
0.2600000000 1.95772731980157277398 0.00000000000000000000
0.2700000000 1.89944837774083286064 0.00000000000000000000
0.2800000000 1.84292290262299363057 0.00000000000000000000
0.2900000000 1.78811581405511565990 0.00000000000000000000
0.3000000000 1.73499094336263803839 0.00000000000000000000
0.3100000000 1.68351123173397754229 0.00000000000000000000
0.3200000000 1.63363891528764804129 0.00000000000000000000
0.3300000000 1.58533569705608967659 0.00000000000000000000
0.3400000000 1.53856290602277900881 0.00000000000000000000
0.3500000000 1.49328164346658565087 0.00000000000000000000
0.3600000000 1.44945291696255074143 0.00000000000000000000
0.3700000000 1.40703776246371536907 0.00000000000000000000
0.3800000000 1.36599735494676877146 0.00000000000000000000
0.3900000000 1.32629310814748757608 0.00000000000000000000
0.4000000000 1.28788676394209411491 0.00000000000000000000
0.4100000000 1.25074047194986848197 0.00000000000000000000
0.4200000000 1.21481685994206034529 0.00000000000000000000
0.4300000000 1.18007909564405832903 0.00000000000000000000
0.4400000000 1.14649094051308497733 0.00000000000000000000
0.4500000000 1.11401679606361025954 0.00000000000000000000
0.4600000000 1.08262174329825255903 0.00000000000000000000
0.4700000000 1.05227157578400221105 0.00000000000000000000
0.4800000000 1.02293282689299624977 0.00000000000000000000
0.4900000000 0.99457279170448054106 0.00000000000000000000
0.5000000000 0.96715954404045345605 0.00000000000000000000
0.5100000000 0.94066194908257338980 0.00000000000000000000
0.5200000000 0.91504967199231346253 0.00000000000000000000
0.5300000000 0.89029318293073522739 0.00000000000000000000
0.5400000000 0.86636375884871452691 0.00000000000000000000
0.5500000000 0.84323348239329454223 0.00000000000000000000
0.5600000000 0.82087523825138464240 0.00000000000000000000
0.5700000000 0.79926270722820558223 0.00000000000000000000
0.5800000000 0.77837035833501211357 0.00000000000000000000
0.5900000000 0.75817343913876267258 0.00000000000000000000
0.6000000000 0.73864796460548665102 0.00000000000000000000
0.6100000000 0.71977070464944192807 0.00000000000000000000
0.6200000000 0.70151917058136925576 0.00000000000000000000
0.6300000000 0.68387160063182284020 0.00000000000000000000
0.6400000000 0.66680694470892121206 0.00000000000000000000
0.6500000000 0.65030484853477910079 0.00000000000000000000
0.6600000000 0.63434563729044901592 0.00000000000000000000
0.6700000000 0.61891029888616200250 0.00000000000000000000
0.6800000000 0.60398046696131535427 0.00000000000000000000
0.6900000000 0.58953840370749310829 0.00000000000000000000
0.7000000000 0.57556698259740424195 0.00000000000000000000
0.7100000000 0.56204967109313885842 0.00000000000000000000
0.7200000000 0.54897051339845126527 0.00000000000000000000
0.7300000000 0.53631411331185074864 0.00000000000000000000
0.7400000000 0.52406561723005784525 0.00000000000000000000
0.7500000000 0.51221069734476609714 0.00000000000000000000
0.7600000000 0.50073553506981116623 0.00000000000000000000
0.7700000000 0.48962680473028308281 0.00000000000000000000
0.7800000000 0.47887165754046101540 0.00000000000000000000
0.7900000000 0.46845770589292357045 0.00000000000000000000
0.8000000000 0.45837300797726110435 0.00000000000000000000
0.8100000000 0.44860605274341824877 0.00000000000000000000
0.8200000000 0.43914574522138605239 0.00000000000000000000
0.8300000000 0.42998139220628761592 0.00000000000000000000
0.8400000000 0.42110268831527564171 0.00000000000000000000
0.8500000000 0.41249970242063083159 0.00000000000000000000
0.8600000000 0.40416286446124605192 0.00000000000000000000
0.8700000000 0.39608295263326903646 0.00000000000000000000
0.8800000000 0.38825108095887811421 0.00000000000000000000
0.8900000000 0.38065868723107953997 0.00000000000000000000
0.9000000000 0.37329752133111648860 0.00000000000000000000
0.9100000000 0.36615963391424066753 0.00000000000000000000
0.9200000000 0.35923736545863388381 0.00000000000000000000
0.9300000000 0.35252333567153448790 0.00000000000000000000
0.9400000000 0.34601043324636376886 0.00000000000000000000
0.9500000000 0.33969180596350101453 0.00000000000000000000
0.9600000000 0.33356085112748024013 0.00000000000000000000
0.9700000000 0.32761120633323492779 0.00000000000000000000
0.9800000000 0.32183674055268784997 0.00000000000000000000
0.9900000000 0.31623154553419685620 0.00000000000000000000
1.0000000000 0.31078992750656109223 0.00000000000000000000
1.0100000000 0.30550639917796246214 0.00000000000000000000
1.0200000000 0.30037567202364495733 0.00000000000000000000
1.0300000000 0.29539264885218907697 0.00000000000000000000
1.0400000000 0.29055241664206615804 0.00000000000000000000
1.0500000000 0.28585023964086486714 0.00000000000000000000
1.0600000000 0.28128155271858495956 0.00000000000000000000
1.0700000000 0.27684195496675528814 0.00000000000000000000
1.0800000000 0.27252720353532111641 0.00000000000000000000
1.0900000000 0.26833320769958296514 0.00000000000000000000
1.1000000000 0.26425602314932672421 0.00000000000000000000
1.1100000000 0.26029184649237380178 0.00000000000000000000
1.1200000000 0.25643700996558871363 0.00000000000000000000
1.1300000000 0.25268797634553463727 0.00000000000000000000
1.1400000000 0.24904133405214401442 0.00000000000000000000
1.1500000000 0.24549379243832245012 0.00000000000000000000
1.1600000000 0.24204217725878532375 0.00000000000000000000
1.1700000000 0.23868342631170741397 0.00000000000000000000
1.1800000000 0.23541458524681821429 0.00000000000000000000
1.1900000000 0.23223280353378333851 0.00000000000000000000
1.2000000000 0.22913533058500260009 0.00000000000000000000
1.2100000000 0.22611951202702415542 0.00000000000000000000
1.2200000000 0.22318278611502356812 0.00000000000000000000
1.2300000000 0.22032268028493826040 0.00000000000000000000
1.2400000000 0.21753680783810946942 0.00000000000000000000
1.2500000000 0.21482286475332013076 0.00000000000000000000
1.2600000000 0.21217862662144543195 0.00000000000000000000
1.2700000000 0.20960194569797921393 0.00000000000000000000
1.2800000000 0.20709074806892904808 0.00000000000000000000
1.2900000000 0.20464303092572330711 0.00000000000000000000
1.3000000000 0.20225685994490233410 0.00000000000000000000
1.3100000000 0.19993036676857878220 0.00000000000000000000
1.3200000000 0.19766174658171528633 0.00000000000000000000
1.3300000000 0.19544925578247601683 0.00000000000000000000
1.3400000000 0.19329120974205885042 0.00000000000000000000
1.3500000000 0.19118598065047423540 0.00000000000000000000
1.3600000000 0.18913199544495501447 0.00000000000000000000
1.3700000000 0.18712773381772729309 0.00000000000000000000
1.3800000000 0.18517172630009554046 0.00000000000000000000
1.3900000000 0.18326255241979022559 0.00000000000000000000
1.4000000000 0.18139883892875366400 0.00000000000000000000
1.4100000000 0.17957925809859018318 0.00000000000000000000
1.4200000000 0.17780252608099750278 0.00000000000000000000
1.4300000000 0.17606740133069009868 0.00000000000000000000
1.4400000000 0.17437268308828418606 0.00000000000000000000
1.4500000000 0.17271720992086767033 0.00000000000000000000
1.4600000000 0.17109985831792301481 0.00000000000000000000
1.4700000000 0.16951954134047253486 0.00000000000000000000
1.4800000000 0.16797520732134901822 0.00000000000000000000
1.4900000000 0.16646583861456187847 0.00000000000000000000
1.5000000000 0.16499045039185825101 0.00000000000000000000
1.5100000000 0.16354808948462781770 0.00000000000000000000
1.5200000000 0.16213783326934336215 0.00000000000000000000
1.5300000000 0.16075878859487041650 0.00000000000000000000
1.5400000000 0.15941009074997930517 0.00000000000000000000
1.5500000000 0.15809090246949500380 0.00000000000000000000
1.5600000000 0.15680041297758276486 0.00000000000000000000
1.5700000000 0.15553783706668969367 0.00000000000000000000
1.5800000000 0.15430241421079049502 0.00000000000000000000
1.5900000000 0.15309340771156904060 0.00000000000000000000
1.6000000000 0.15191010387626224798 0.00000000000000000000
1.6100000000 0.15075181122593195315 0.00000000000000000000
1.6200000000 0.14961785973299271402 0.00000000000000000000
1.6300000000 0.14850760008683641655 0.00000000000000000000
1.6400000000 0.14742040298648750873 0.00000000000000000000
1.6500000000 0.14635565845922393624 0.00000000000000000000
1.6600000000 0.14531277520417665294 0.00000000000000000000
1.6700000000 0.14429117995991688761 0.00000000000000000000
1.6800000000 0.14329031689514054593 0.00000000000000000000
1.6900000000 0.14230964702151338575 0.00000000000000000000
1.7000000000 0.14134864762788290626 0.00000000000000000000
1.7100000000 0.14040681173497213119 0.00000000000000000000
1.7200000000 0.13948364756982581381 0.00000000000000000000
1.7300000000 0.13857867805921053606 0.00000000000000000000
1.7400000000 0.13769144034127009379 0.00000000000000000000
1.7500000000 0.13682148529473228682 0.00000000000000000000
1.7600000000 0.13596837708498077379 0.00000000000000000000
1.7700000000 0.13513169272638358986 0.00000000000000000000
1.7800000000 0.13431102166023048405 0.00000000000000000000
1.7900000000 0.13350596534769929025 0.00000000000000000000
1.8000000000 0.13271613687729005848 0.00000000000000000000
1.8100000000 0.13194116058616278675 0.00000000000000000000
1.8200000000 0.13118067169486555268 0.00000000000000000000
1.8300000000 0.13043431595494822672 0.00000000000000000000
1.8400000000 0.12970174930897715448 0.00000000000000000000
1.8500000000 0.12898263756248168344 0.00000000000000000000
1.8600000000 0.12827665606738911097 0.00000000000000000000
1.8700000000 0.12758348941651756481 0.00000000000000000000
1.8800000000 0.12690283114871636627 0.00000000000000000000
1.8900000000 0.12623438346425372436 0.00000000000000000000
1.9000000000 0.12557785695007844806 0.00000000000000000000
1.9100000000 0.12493297031457611945 0.00000000000000000000
1.9200000000 0.12429945013148431532 0.00000000000000000000
1.9300000000 0.12367703059261793419 0.00000000000000000000
1.9400000000 0.12306545326908352456 0.00000000000000000000
1.9500000000 0.12246446688067184894 0.00000000000000000000
1.9600000000 0.12187382707312244268 0.00000000000000000000
1.9700000000 0.12129329620298362480 0.00000000000000000000
1.9800000000 0.12072264312977673550 0.00000000000000000000
1.9900000000 0.12016164301520521063 0.00000000000000000000
2.0000000000 0.11961007712915794343 0.00000000000000000000
2.0100000000 0.11906773266224750241 0.00000000000000000000
2.0200000000 0.11853440254465506809 0.00000000000000000000
2.0300000000 0.11800988527105193970 0.00000000000000000000
2.0400000000 0.11749398473138131238 0.00000000000000000000
2.0500000000 0.11698651004728052860 0.00000000000000000000
2.0600000000 0.11648727541395584306 0.00000000000000000000
2.0700000000 0.11599609994729817575 0.00000000000000000000
2.0800000000 0.11551280753606554819 0.00000000000000000000
2.0900000000 0.11503722669894407560 0.00000000000000000000
2.1000000000 0.11456919044631390381 0.00000000000000000000
2.1100000000 0.11410853614656396582 0.00000000000000000000
2.1200000000 0.11365510539677414759 0.00000000000000000000
2.1300000000 0.11320874389763185830 0.00000000000000000000
2.1400000000 0.11276930133241758192 0.00000000000000000000
2.1500000000 0.11233663124992662730 0.00000000000000000000
2.1600000000 0.11191059095118326139 0.00000000000000000000
2.1700000000 0.11149104137981714902 0.00000000000000000000
2.1800000000 0.11107784701597264720 0.00000000000000000000
2.1900000000 0.11067087577362956508 0.00000000000000000000
2.2000000000 0.11026999890121313985 0.00000000000000000000
2.2100000000 0.10987509088538656432 0.00000000000000000000
2.2200000000 0.10948602935790614776 0.00000000000000000000
2.2300000000 0.10910269500543957888 0.00000000000000000000
2.2400000000 0.10872497148224778696 0.00000000000000000000
2.2500000000 0.10835274532562494398 0.00000000000000000000
2.2600000000 0.10798590587400246077 0.00000000000000000000
2.2700000000 0.10762434518763908109 0.00000000000000000000
2.2800000000 0.10726795797178613479 0.00000000000000000000
2.2900000000 0.10691664150226562469 0.00000000000000000000
2.3000000000 0.10657029555336615390 0.00000000000000000000
2.3100000000 0.10622882232798322444 0.00000000000000000000
2.3200000000 0.10589212638992552551 0.00000000000000000000
2.3300000000 0.10556011459831655952 0.00000000000000000000
2.3400000000 0.10523269604402092636 0.00000000000000000000
2.3500000000 0.10490978198802576593 0.00000000000000000000
2.3600000000 0.10459128580171327128 0.00000000000000000000
2.3700000000 0.10427712290895971292 0.00000000000000000000
2.3800000000 0.10396721073000481095 0.00000000000000000000
2.3900000000 0.10366146862702443898 0.00000000000000000000
2.4000000000 0.10335981785135753275 0.00000000000000000000
2.4100000000 0.10306218149233258019 0.00000000000000000000
2.4200000000 0.10276848442763149294 0.00000000000000000000
2.4300000000 0.10247865327515526257 0.00000000000000000000
2.4400000000 0.10219261634632756386 0.00000000000000000000
2.4500000000 0.10191030360080088890 0.00000000000000000000
2.4600000000 0.10163164660251101934 0.00000000000000000000
2.4700000000 0.10135657847704128420 0.00000000000000000000
2.4800000000 0.10108503387025018216 0.00000000000000000000
2.4900000000 0.10081694890812738230 0.00000000000000000000
2.5000000000 0.10055226115782824048 0.00000000000000000000
2.5100000000 0.10029090958986272564 0.00000000000000000000
2.5200000000 0.10003283454138750530 0.00000000000000000000
2.5300000000 0.09977797768057528049 0.00000000000000000000
2.5400000000 0.09952628197202416371 0.00000000000000000000
2.5500000000 0.09927769164317348793 0.00000000000000000000
2.5600000000 0.09903215215169361429 0.00000000000000000000
2.5700000000 0.09878961015381933219 0.00000000000000000000
2.5800000000 0.09855001347359958197 0.00000000000000000000
2.5900000000 0.09831331107302801464 0.00000000000000000000
2.6000000000 0.09807945302303490431 0.00000000000000000000
2.6100000000 0.09784839047530602407 0.00000000000000000000
2.6200000000 0.09762007563490798789 0.00000000000000000000
2.6300000000 0.09739446173369140092 0.00000000000000000000
2.6400000000 0.09717150300444886424 0.00000000000000000000
2.6500000000 0.09695115465580418646 0.00000000000000000000
2.6600000000 0.09673337284781156897 0.00000000000000000000
2.6700000000 0.09651811466823800867 0.00000000000000000000
2.6800000000 0.09630533810951651119 0.00000000000000000000
2.6900000000 0.09609500204633804332 0.00000000000000000000
2.7000000000 0.09588706621387337037 0.00000000000000000000
2.7100000000 0.09568149118660020103 0.00000000000000000000
2.7200000000 0.09547823835771429568 0.00000000000000000000
2.7300000000 0.09527726991911503185 0.00000000000000000000
2.7400000000 0.09507854884194014145 0.00000000000000000000
2.7500000000 0.09488203885763576984 0.00000000000000000000
2.7600000000 0.09468770443954858951 0.00000000000000000000
2.7700000000 0.09449551078501836066 0.00000000000000000000
2.7800000000 0.09430542379796083563 0.00000000000000000000
2.7900000000 0.09411741007192427066 0.00000000000000000000
2.8000000000 0.09393143687360476501 0.00000000000000000000
2.8100000000 0.09374747212680777098 0.00000000000000000000
2.8200000000 0.09356548439684347906 0.00000000000000000000
2.8300000000 0.09338544287534056298 0.00000000000000000000
2.8400000000 0.09320731736546597479 0.00000000000000000000
2.8500000000 0.09303107826754421217 0.00000000000000000000
2.8600000000 0.09285669656505628200 0.00000000000000000000
2.8700000000 0.09268414381101107435 0.00000000000000000000
2.8800000000 0.09251339211468176393 0.00000000000000000000
2.8900000000 0.09234441412868954480 0.00000000000000000000
2.9000000000 0.09217718303642738475 0.00000000000000000000
2.9100000000 0.09201167253981872018 0.00000000000000000000
2.9200000000 0.09184785684739310563 0.00000000000000000000
2.9300000000 0.09168571066267468261 0.00000000000000000000
2.9400000000 0.09152520917287484958 0.00000000000000000000
2.9500000000 0.09136632803787668455 0.00000000000000000000
2.9600000000 0.09120904337950745677 0.00000000000000000000
2.9700000000 0.09105333177108511367 0.00000000000000000000
2.9800000000 0.09089917022723764672 0.00000000000000000000
2.9900000000 0.09074653619398295734 0.00000000000000000000
3.0000000000 0.09059540753906140942 0.00000000000000000000
3.0100000000 0.09044576254251807113 0.00000000000000000000
3.0200000000 0.09029757988752375175 0.00000000000000000000
3.0300000000 0.09015083865142839437 0.00000000000000000000
3.0400000000 0.09000551829704322992 0.00000000000000000000
3.0500000000 0.08986159866414134001 0.00000000000000000000
3.0600000000 0.08971905996117450488 0.00000000000000000000
3.0700000000 0.08957788275719576199 0.00000000000000000000
3.0800000000 0.08943804797398620388 0.00000000000000000000
3.0900000000 0.08929953687837742515 0.00000000000000000000
3.1000000000 0.08916233107476674580 0.00000000000000000000
3.1100000000 0.08902641249781620414 0.00000000000000000000
3.1200000000 0.08889176340533457010 0.00000000000000000000
3.1300000000 0.08875836637133360796 0.00000000000000000000
3.1400000000 0.08862620427925642363 0.00000000000000000000
3.1500000000 0.08849526031537219284 0.00000000000000000000
3.1600000000 0.08836551796233108047 0.00000000000000000000
3.1700000000 0.08823696099287890726 0.00000000000000000000
3.1800000000 0.08810957346372369492 0.00000000000000000000
3.1900000000 0.08798333970955080074 0.00000000000000000000
3.2000000000 0.08785824433718396331 0.00000000000000000000
3.2100000000 0.08773427221988658320 0.00000000000000000000
3.2200000000 0.08761140849180058809 0.00000000000000000000
3.2300000000 0.08748963854251944061 0.00000000000000000000
3.2400000000 0.08736894801178948788 0.00000000000000000000
3.2500000000 0.08724932278433922272 0.00000000000000000000
3.2600000000 0.08713074898483236241 0.00000000000000000000
3.2700000000 0.08701321297293708457 0.00000000000000000000
3.2800000000 0.08689670133851763734 0.00000000000000000000
3.2900000000 0.08678120089693362738 0.00000000000000000000
3.3000000000 0.08666669868445475711 0.00000000000000000000
3.3100000000 0.08655318195378008950 0.00000000000000000000
3.3200000000 0.08644063816966411629 0.00000000000000000000
3.3300000000 0.08632905500464310711 0.00000000000000000000
3.3400000000 0.08621842033486271095 0.00000000000000000000
3.3500000000 0.08610872223600153641 0.00000000000000000000
3.3600000000 0.08599994897928867066 0.00000000000000000000
3.3700000000 0.08589208902761445719 0.00000000000000000000
3.3800000000 0.08578513103172839827 0.00000000000000000000
3.3900000000 0.08567906382652783204 0.00000000000000000000
3.4000000000 0.08557387642742808609 0.00000000000000000000
3.4100000000 0.08546955802681752146 0.00000000000000000000
3.4200000000 0.08536609799059219350 0.00000000000000000000
3.4300000000 0.08526348585476974107 0.00000000000000000000
3.4400000000 0.08516171132218058881 0.00000000000000000000
3.4500000000 0.08506076425923130013 0.00000000000000000000
3.4600000000 0.08496063469274356406 0.00000000000000000000
3.4700000000 0.08486131280686227962 0.00000000000000000000
3.4800000000 0.08476278894003425046 0.00000000000000000000
3.4900000000 0.08466505358205274334 0.00000000000000000000
3.5000000000 0.08456809737116816050 0.00000000000000000000
3.5100000000 0.08447191109126435393 0.00000000000000000000
3.5200000000 0.08437648566909540515 0.00000000000000000000
3.5300000000 0.08428181217158386973 0.00000000000000000000
3.5400000000 0.08418788180317969549 0.00000000000000000000
3.5500000000 0.08409468590327495718 0.00000000000000000000
3.5600000000 0.08400221594367689171 0.00000000000000000000
3.5700000000 0.08391046352613554249 0.00000000000000000000
3.5800000000 0.08381942037992462513 0.00000000000000000000
3.5900000000 0.08372907835947529520 0.00000000000000000000
3.6000000000 0.08363942944206140262 0.00000000000000000000
3.6100000000 0.08355046572553394280 0.00000000000000000000
3.6200000000 0.08346217942610481555 0.00000000000000000000
3.6300000000 0.08337456287617797668 0.00000000000000000000
3.6400000000 0.08328760852222631683 0.00000000000000000000
3.6500000000 0.08320130892271505874 0.00000000000000000000
3.6600000000 0.08311565674606830045 0.00000000000000000000
3.6700000000 0.08303064476867877408 0.00000000000000000000
3.6800000000 0.08294626587296015374 0.00000000000000000000
3.6900000000 0.08286251304544040019 0.00000000000000000000
3.7000000000 0.08277937937489442122 0.00000000000000000000
3.7100000000 0.08269685805051667227 0.00000000000000000000
3.7200000000 0.08261494236013194881 0.00000000000000000000
3.7300000000 0.08253362568844292702 0.00000000000000000000
3.7400000000 0.08245290151531439737 0.00000000000000000000
3.7500000000 0.08237276341409328906 0.00000000000000000000
3.7600000000 0.08229320504996354146 0.00000000000000000000
3.7700000000 0.08221422017833387996 0.00000000000000000000
3.7800000000 0.08213580264326035552 0.00000000000000000000
3.7900000000 0.08205794637589944318 0.00000000000000000000
3.8000000000 0.08198064539299447506 0.00000000000000000000
3.8100000000 0.08190389379539149417 0.00000000000000000000
3.8200000000 0.08182768576658601412 0.00000000000000000000
3.8300000000 0.08175201557129974095 0.00000000000000000000
3.8400000000 0.08167687755408435668 0.00000000000000000000
3.8500000000 0.08160226613795572292 0.00000000000000000000
3.8600000000 0.08152817582305321720 0.00000000000000000000
3.8700000000 0.08145460118532815708 0.00000000000000000000
3.8800000000 0.08138153687525656599 0.00000000000000000000
3.8900000000 0.08130897761657884804 0.00000000000000000000
3.9000000000 0.08123691820506410977 0.00000000000000000000
3.9100000000 0.08116535350729892073 0.00000000000000000000
3.9200000000 0.08109427845949963853 0.00000000000000000000
3.9300000000 0.08102368806634918652 0.00000000000000000000
3.9400000000 0.08095357739985602208 0.00000000000000000000
3.9500000000 0.08088394159823536489 0.00000000000000000000
3.9600000000 0.08081477586481219944 0.00000000000000000000
3.9700000000 0.08074607546694677340 0.00000000000000000000
3.9800000000 0.08067783573497928906 0.00000000000000000000
3.9900000000 0.08061005206119679911 0.00000000000000000000
4.0000000000 0.08054271989881839344 0.00000000000000000000
4.0100000000 0.08047583476100171607 0.00000000000000000000
4.0200000000 0.08040939221986669050 0.00000000000000000000
4.0300000000 0.08034338790553971488 0.00000000000000000000
4.0400000000 0.08027781750521528759 0.00000000000000000000
4.0500000000 0.08021267676223511889 0.00000000000000000000
4.0600000000 0.08014796147518586655 0.00000000000000000000
4.0700000000 0.08008366749701309462 0.00000000000000000000
4.0800000000 0.08001979073415244059 0.00000000000000000000
4.0900000000 0.07995632714567693644 0.00000000000000000000
4.1000000000 0.07989327274245998367 0.00000000000000000000
4.1100000000 0.07983062358635596711 0.00000000000000000000
4.1200000000 0.07976837578939291462 0.00000000000000000000
4.1300000000 0.07970652551298364197 0.00000000000000000000
4.1400000000 0.07964506896714881878 0.00000000000000000000
4.1500000000 0.07958400240975652129 0.00000000000000000000
4.1600000000 0.07952332214577438607 0.00000000000000000000
4.1700000000 0.07946302452653659920 0.00000000000000000000
4.1800000000 0.07940310594902351415 0.00000000000000000000
4.1900000000 0.07934356285515559160 0.00000000000000000000
4.2000000000 0.07928439173109863569 0.00000000000000000000
4.2100000000 0.07922558910658379638 0.00000000000000000000
4.2200000000 0.07916715155423822980 0.00000000000000000000
4.2300000000 0.07910907568892826258 0.00000000000000000000
4.2400000000 0.07905135816711565677 0.00000000000000000000
4.2500000000 0.07899399568622372803 0.00000000000000000000
4.2600000000 0.07893698498401623131 0.00000000000000000000
4.2700000000 0.07888032283798666888 0.00000000000000000000
4.2800000000 0.07882400606475928329 0.00000000000000000000
4.2900000000 0.07876803151949926529 0.00000000000000000000
4.3000000000 0.07871239609533542403 0.00000000000000000000
4.3100000000 0.07865709672279230791 0.00000000000000000000
4.3200000000 0.07860213036923113794 0.00000000000000000000
4.3300000000 0.07854749403830287025 0.00000000000000000000
4.3400000000 0.07849318476940969624 0.00000000000000000000
4.3500000000 0.07843919963717503607 0.00000000000000000000
4.3600000000 0.07838553575092527259 0.00000000000000000000
4.3700000000 0.07833219025417867409 0.00000000000000000000
4.3800000000 0.07827916032414354575 0.00000000000000000000
4.3900000000 0.07822644317122545710 0.00000000000000000000
4.4000000000 0.07817403603854305993 0.00000000000000000000
4.4100000000 0.07812193620145199691 0.00000000000000000000
4.4200000000 0.07807014096707712292 0.00000000000000000000
4.4300000000 0.07801864767385291444 0.00000000000000000000
4.4400000000 0.07796745369107173362 0.00000000000000000000
4.4500000000 0.07791655641843965585 0.00000000000000000000
4.4600000000 0.07786595328564002716 0.00000000000000000000
4.4700000000 0.07781564175190454347 0.00000000000000000000
4.4800000000 0.07776561930559131031 0.00000000000000000000
4.4900000000 0.07771588346377070189 0.00000000000000000000
4.5000000000 0.07766643177181761781 0.00000000000000000000
4.5100000000 0.07761726180301009581 0.00000000000000000000
4.5200000000 0.07756837115813673689 0.00000000000000000000
4.5300000000 0.07751975746510822440 0.00000000000000000000
4.5400000000 0.07747141837857701718 0.00000000000000000000
4.5500000000 0.07742335157956267699 0.00000000000000000000
4.5600000000 0.07737555477508374635 0.00000000000000000000
4.5700000000 0.07732802569779538560 0.00000000000000000000
4.5800000000 0.07728076210563347703 0.00000000000000000000
4.5900000000 0.07723376178146439119 0.00000000000000000000
4.6000000000 0.07718702253274022096 0.00000000000000000000
4.6100000000 0.07714054219116021904 0.00000000000000000000
4.6200000000 0.07709431861233745353 0.00000000000000000000
4.6300000000 0.07704834967547080637 0.00000000000000000000
4.6400000000 0.07700263328302324461 0.00000000000000000000
4.6500000000 0.07695716736040351946 0.00000000000000000000
4.6600000000 0.07691194985565479036 0.00000000000000000000
4.6700000000 0.07686697873914768997 0.00000000000000000000
4.6800000000 0.07682225200327789938 0.00000000000000000000
4.6900000000 0.07677776766216903859 0.00000000000000000000
4.7000000000 0.07673352375138037251 0.00000000000000000000
4.7100000000 0.07668951832761924936 0.00000000000000000000
4.7200000000 0.07664574946845743864 0.00000000000000000000
4.7300000000 0.07660221527205304803 0.00000000000000000000
4.7400000000 0.07655891385687607631 0.00000000000000000000
4.7500000000 0.07651584336143868459 0.00000000000000000000
4.7600000000 0.07647300194402963103 0.00000000000000000000
4.7700000000 0.07643038778245263287 0.00000000000000000000
4.7800000000 0.07638799907376983556 0.00000000000000000000
4.7900000000 0.07634583403404764101 0.00000000000000000000
4.8000000000 0.07630389089810835079 0.00000000000000000000
4.8100000000 0.07626216791928412675 0.00000000000000000000
4.8200000000 0.07622066336917589224 0.00000000000000000000
4.8300000000 0.07617937553741550849 0.00000000000000000000
4.8400000000 0.07613830273143179506 0.00000000000000000000
4.8500000000 0.07609744327621954796 0.00000000000000000000
4.8600000000 0.07605679551411331785 0.00000000000000000000
4.8700000000 0.07601635780456368618 0.00000000000000000000
4.8800000000 0.07597612852391742722 0.00000000000000000000
4.8900000000 0.07593610606520068140 0.00000000000000000000
4.9000000000 0.07589628883790598690 0.00000000000000000000
4.9100000000 0.07585667526778219760 0.00000000000000000000
4.9200000000 0.07581726379662720450 0.00000000000000000000
4.9300000000 0.07577805288208509793 0.00000000000000000000
4.9400000000 0.07573904099744455110 0.00000000000000000000
4.9500000000 0.07570022663144225505 0.00000000000000000000
4.9600000000 0.07566160828806743621 0.00000000000000000000
4.9700000000 0.07562318448637089796 0.00000000000000000000
4.9800000000 0.07558495376027561663 0.00000000000000000000
4.9900000000 0.07554691465839136200 0.00000000000000000000
5.0000000000 0.07550906574383098313 0.00000000000000000000
