0.1000000000 2.79116496579503881037 0.00000000000000000000
0.1100000000 2.67254776801299342992 0.00000000000000000000
0.1200000000 2.55888314335344624340 0.00000000000000000000
0.1300000000 2.45022419727465701200 0.00000000000000000000
0.1400000000 2.34657364311728411366 0.00000000000000000000
0.1500000000 2.24788700634988858340 0.00000000000000000000
0.1600000000 2.15407727943883475774 0.00000000000000000000
0.1700000000 2.06502063339210817361 0.00000000000000000000
0.1800000000 1.98056276120434660015 0.00000000000000000000
0.1900000000 1.90052544287630076347 0.00000000000000000000
0.2000000000 1.82471297191699122209 0.00000000000000000000
0.2100000000 1.75291815649857607440 0.00000000000000000000
0.2200000000 1.68492769159284150327 0.00000000000000000000
0.2300000000 1.62052678021933416197 0.00000000000000000000
0.2400000000 1.55950295425919827075 0.00000000000000000000
0.2500000000 1.50164910346394142593 0.00000000000000000000
0.2600000000 1.44676576370261789073 0.00000000000000000000
0.2700000000 1.39466274282587776590 0.00000000000000000000
0.2800000000 1.34516017689273281732 0.00000000000000000000
0.2900000000 1.29808911368139412446 0.00000000000000000000
0.3000000000 1.25329171725290611228 0.00000000000000000000
0.3100000000 1.21062117944017066939 0.00000000000000000000
0.3200000000 1.16994141361578085636 0.00000000000000000000
0.3300000000 1.13112659455361241889 0.00000000000000000000
0.3400000000 1.09406059676029032701 0.00000000000000000000
0.3500000000 1.05863637302427160414 0.00000000000000000000
0.3600000000 1.02475530550439541955 0.00000000000000000000
0.3700000000 0.99232655361888744139 0.00000000000000000000
0.3800000000 0.96126641630649789505 0.00000000000000000000
0.3900000000 0.93149772082496440362 0.00000000000000000000
0.4000000000 0.90294924598763370849 0.00000000000000000000
0.4100000000 0.87555518445513946801 0.00000000000000000000
0.4200000000 0.84925464623243174245 0.00000000000000000000
0.4300000000 0.82399120371986023237 0.00000000000000000000
0.4400000000 0.79971247739486261974 0.00000000000000000000
0.4500000000 0.77636976034170690486 0.00000000000000000000
0.4600000000 0.75391767930372521889 0.00000000000000000000
0.4700000000 0.73231388962629984096 0.00000000000000000000
0.4800000000 0.71151880132615974439 0.00000000000000000000
0.4900000000 0.69149533351362868494 0.00000000000000000000
0.5000000000 0.67220869447086062376 0.00000000000000000000
0.5100000000 0.65362618482134615672 0.00000000000000000000
0.5200000000 0.63571702139259456121 0.00000000000000000000
0.5300000000 0.61845217955843256874 0.00000000000000000000
0.5400000000 0.60180425203860865579 0.00000000000000000000
0.5500000000 0.58574732232321558012 0.00000000000000000000
0.5600000000 0.57025685107239254545 0.00000000000000000000
0.5700000000 0.55530957401454994482 0.00000000000000000000
0.5800000000 0.54088341002690654147 0.00000000000000000000
0.5900000000 0.52695737822934241024 0.00000000000000000000
0.6000000000 0.51351152305662950415 0.00000000000000000000
0.6100000000 0.50052684639476319184 0.00000000000000000000
0.6200000000 0.48798524597534209679 0.00000000000000000000
0.6300000000 0.47586945931852631109 0.00000000000000000000
0.6400000000 0.46416301260057057920 0.00000000000000000000
0.6500000000 0.45285017389779791408 0.00000000000000000000
0.6600000000 0.44191591032563143360 0.00000000000000000000
0.6700000000 0.43134584864993907871 0.00000000000000000000
0.6800000000 0.42112623899974510611 0.00000000000000000000
0.6900000000 0.41124392135531001591 0.00000000000000000000
0.7000000000 0.40168629452528725743 0.00000000000000000000
0.7100000000 0.39244128736129835211 0.00000000000000000000
0.7200000000 0.38349733198830704417 0.00000000000000000000
0.7300000000 0.37484333885580706225 0.00000000000000000000
0.7400000000 0.36646867343763372959 0.00000000000000000000
0.7500000000 0.35836313442857470335 0.00000000000000000000
0.7600000000 0.35051693330324923403 0.00000000000000000000
0.7700000000 0.34292067511827789561 0.00000000000000000000
0.7800000000 0.33556534045198876948 0.00000000000000000000
0.7900000000 0.32844226838771511945 0.00000000000000000000
0.8000000000 0.32154314045681425815 0.00000000000000000000
0.8100000000 0.31485996546676875418 0.00000000000000000000
0.8200000000 0.30838506514712493711 0.00000000000000000000
0.8300000000 0.30211106055343639465 0.00000000000000000000
0.8400000000 0.29603085917493476842 0.00000000000000000000
0.8500000000 0.29013764269721131761 0.00000000000000000000
0.8600000000 0.28442485537584227817 0.00000000000000000000
0.8700000000 0.27888619298093014764 0.00000000000000000000
0.8800000000 0.27351559227620741988 0.00000000000000000000
0.8900000000 0.26830722099961834548 0.00000000000000000000
0.9000000000 0.26325546831501206446 0.00000000000000000000
0.9100000000 0.25835493570728268464 0.00000000000000000000
0.9200000000 0.25360042829538903542 0.00000000000000000000
0.9300000000 0.24898694653994285497 0.00000000000000000000
0.9400000000 0.24450967832335060437 0.00000000000000000000
0.9500000000 0.24016399138298169524 0.00000000000000000000
0.9600000000 0.23594542607805024659 0.00000000000000000000
0.9700000000 0.23184968847371348333 0.00000000000000000000
0.9800000000 0.22787264372549526081 0.00000000000000000000
0.9900000000 0.22401030974964369902 0.00000000000000000000
1.0000000000 0.22025885116458301938 0.00000000000000000000
1.0100000000 0.21661457349180357479 0.00000000000000000000
1.0200000000 0.21307391760120278357 0.00000000000000000000
1.0300000000 0.20963345439199299047 0.00000000000000000000
1.0400000000 0.20628987969652717860 0.00000000000000000000
1.0500000000 0.20304000939723404473 0.00000000000000000000
1.0600000000 0.19988077474685148061 0.00000000000000000000
1.0700000000 0.19680921788268498918 0.00000000000000000000
1.0800000000 0.19382248752627306843 0.00000000000000000000
1.0900000000 0.19091783486009264448 0.00000000000000000000
1.1000000000 0.18809260957340370735 0.00000000000000000000
1.1100000000 0.18534425606994475721 0.00000000000000000000
1.1200000000 0.18267030983028345603 0.00000000000000000000
1.1300000000 0.18006839392210446937 0.00000000000000000000
1.1400000000 0.17753621565212068800 0.00000000000000000000
1.1500000000 0.17507156335337817343 0.00000000000000000000
1.1600000000 0.17267230330228822144 0.00000000000000000000
1.1700000000 0.17033637675976437409 0.00000000000000000000
1.1800000000 0.16806179713120475427 0.00000000000000000000
1.1900000000 0.16584664724036121686 0.00000000000000000000
1.2000000000 0.16368907671216731403 0.00000000000000000000
1.2100000000 0.16158729946006045175 0.00000000000000000000
1.2200000000 0.15953959127334141344 0.00000000000000000000
1.2300000000 0.15754428750042248630 0.00000000000000000000
1.2400000000 0.15559978082399084087 0.00000000000000000000
1.2500000000 0.15370451912418212070 0.00000000000000000000
1.2600000000 0.15185700342621308301 0.00000000000000000000
1.2700000000 0.15005578592893106804 0.00000000000000000000
1.2800000000 0.14829946811089955716 0.00000000000000000000
1.2900000000 0.14658669891092665494 0.00000000000000000000
1.3000000000 0.14491617297986611468 0.00000000000000000000
1.3100000000 0.14328662900084265797 0.00000000000000000000
1.3200000000 0.14169684807506055524 0.00000000000000000000
1.3300000000 0.14014565217052432633 0.00000000000000000000
1.3400000000 0.13863190263110783396 0.00000000000000000000
1.3500000000 0.13715449874350374437 0.00000000000000000000
1.3600000000 0.13571237635970553881 0.00000000000000000000
1.3700000000 0.13430450657276055138 0.00000000000000000000
1.3800000000 0.13292989444365060914 0.00000000000000000000
1.3900000000 0.13158757777720747617 0.00000000000000000000
1.4000000000 0.13027662594509059613 0.00000000000000000000
1.4100000000 0.12899613875394863594 0.00000000000000000000
1.4200000000 0.12774524535690651161 0.00000000000000000000
1.4300000000 0.12652310320665938193 0.00000000000000000000
1.4400000000 0.12532889704851607471 0.00000000000000000000
1.4500000000 0.12416183795175696203 0.00000000000000000000
1.4600000000 0.12302116237778878971 0.00000000000000000000
1.4700000000 0.12190613128363422812 0.00000000000000000000
1.4800000000 0.12081602925933672410 0.00000000000000000000
1.4900000000 0.11975016369792614024 0.00000000000000000000
1.5000000000 0.11870786399666220789 0.00000000000000000000
1.5100000000 0.11768848078830156101 0.00000000000000000000
1.5200000000 0.11669138520120440894 0.00000000000000000000
1.5300000000 0.11571596814714042722 0.00000000000000000000
1.5400000000 0.11476163963569521731 0.00000000000000000000
1.5500000000 0.11382782811422749447 0.00000000000000000000
1.5600000000 0.11291397983238089797 0.00000000000000000000
1.5700000000 0.11201955823017493985 0.00000000000000000000
1.5800000000 0.11114404334874131153 0.00000000000000000000
1.5900000000 0.11028693126284898340 0.00000000000000000000
1.6000000000 0.10944773353432470098 0.00000000000000000000
1.6100000000 0.10862597668559603736 0.00000000000000000000
1.6200000000 0.10782120169253156527 0.00000000000000000000
1.6300000000 0.10703296349586560732 0.00000000000000000000
1.6400000000 0.10626083053044285687 0.00000000000000000000
1.6500000000 0.10550438427164776645 0.00000000000000000000
1.6600000000 0.10476321879829521289 0.00000000000000000000
1.6700000000 0.10403694037139023243 0.00000000000000000000
1.6800000000 0.10332516702811939124 0.00000000000000000000
1.6900000000 0.10262752819050438569 0.00000000000000000000
1.7000000000 0.10194366428814802261 0.00000000000000000000
1.7100000000 0.10127322639452235320 0.00000000000000000000
1.7200000000 0.10061587587630176077 0.00000000000000000000
1.7300000000 0.09997128405522723305 0.00000000000000000000
1.7400000000 0.09933913188203054301 0.00000000000000000000
1.7500000000 0.09871910962195297456 0.00000000000000000000
1.7600000000 0.09811091655143285017 0.00000000000000000000
1.7700000000 0.09751426066552107419 0.00000000000000000000
1.7800000000 0.09692885839563576689 0.00000000000000000000
1.7900000000 0.09635443433725146556 0.00000000000000000000
1.8000000000 0.09579072098715660233 0.00000000000000000000
1.8100000000 0.09523745848992538898 0.00000000000000000000
1.8200000000 0.09469439439324310592 0.00000000000000000000
1.8300000000 0.09416128341176992211 0.00000000000000000000
1.8400000000 0.09363788719921040116 0.00000000000000000000
1.8500000000 0.09312397412829735710 0.00000000000000000000
1.8600000000 0.09261931907838324984 0.00000000000000000000
1.8700000000 0.09212370323036329911 0.00000000000000000000
1.8800000000 0.09163691386865803479 0.00000000000000000000
1.8900000000 0.09115874418999704576 0.00000000000000000000
1.9000000000 0.09068899311874538405 0.00000000000000000000
1.9100000000 0.09022746512854171175 0.00000000000000000000
1.9200000000 0.08977397007001190754 0.00000000000000000000
1.9300000000 0.08932832300433356243 0.00000000000000000000
1.9400000000 0.08889034404244550158 0.00000000000000000000
1.9500000000 0.08845985818968458980 0.00000000000000000000
1.9600000000 0.08803669519566716117 0.00000000000000000000
1.9700000000 0.08762068940921045879 0.00000000000000000000
1.9800000000 0.08721167963812309631 0.00000000000000000000
1.9900000000 0.08680950901368385264 0.00000000000000000000
2.0000000000 0.08641402485963470270 0.00000000000000000000
2.0100000000 0.08602507856554061916 0.00000000000000000000
2.0200000000 0.08564252546434193702 0.00000000000000000000
2.0300000000 0.08526622471396222425 0.00000000000000000000
2.0400000000 0.08489603918282159767 0.00000000000000000000
2.0500000000 0.08453183533911692860 0.00000000000000000000
2.0600000000 0.08417348314373519769 0.00000000000000000000
2.0700000000 0.08382085594667317008 0.00000000000000000000
2.0800000000 0.08347383038683552081 0.00000000000000000000
2.0900000000 0.08313228629509764045 0.00000000000000000000
2.1000000000 0.08279610660051148208 0.00000000000000000000
2.1100000000 0.08246517723955194834 0.00000000000000000000
2.1200000000 0.08213938706829133907 0.00000000000000000000
2.1300000000 0.08181862777740084303 0.00000000000000000000
2.1400000000 0.08150279380988263711 0.00000000000000000000
2.1500000000 0.08119178228143704434 0.00000000000000000000
2.1600000000 0.08088549290337131159 0.00000000000000000000
2.1700000000 0.08058382790796439488 0.00000000000000000000
2.1800000000 0.08028669197620116882 0.00000000000000000000
2.1900000000 0.07999399216779853883 0.00000000000000000000
2.2000000000 0.07970563785343703911 0.00000000000000000000
2.2100000000 0.07942154064913022060 0.00000000000000000000
2.2200000000 0.07914161435265731903 0.00000000000000000000
2.2300000000 0.07886577488198268093 0.00000000000000000000
2.2400000000 0.07859394021560230092 0.00000000000000000000
2.2500000000 0.07832603033474744292 0.00000000000000000000
2.2600000000 0.07806196716738644792 0.00000000000000000000
2.2700000000 0.07780167453395593624 0.00000000000000000000
2.2800000000 0.07754507809477501068 0.00000000000000000000
2.2900000000 0.07729210529907673544 0.00000000000000000000
2.3000000000 0.07704268533560404419 0.00000000000000000000
2.3100000000 0.07679674908472416961 0.00000000000000000000
2.3200000000 0.07655422907200140625 0.00000000000000000000
2.3300000000 0.07631505942318667080 0.00000000000000000000
2.3400000000 0.07607917582057674433 0.00000000000000000000
2.3500000000 0.07584651546069212658 0.00000000000000000000
2.3600000000 0.07561701701323772506 0.00000000000000000000
2.3700000000 0.07539062058129618327 0.00000000000000000000
2.3800000000 0.07516726766272260885 0.00000000000000000000
2.3900000000 0.07494690111269142196 0.00000000000000000000
2.4000000000 0.07472946510736476478 0.00000000000000000000
2.4100000000 0.07451490510864521022 0.00000000000000000000
2.4200000000 0.07430316782997223313 0.00000000000000000000
2.4300000000 0.07409420120313631175 0.00000000000000000000
2.4400000000 0.07388795434607088597 0.00000000000000000000
2.4500000000 0.07368437753159634562 0.00000000000000000000
2.4600000000 0.07348342215708023040 0.00000000000000000000
2.4700000000 0.07328504071498780081 0.00000000000000000000
2.4800000000 0.07308918676429397576 0.00000000000000000000
2.4900000000 0.07289581490272764586 0.00000000000000000000
2.5000000000 0.07270488073982357691 0.00000000000000000000
2.5100000000 0.07251634087075416180 0.00000000000000000000
2.5200000000 0.07233015285091905222 0.00000000000000000000
2.5300000000 0.07214627517126762091 0.00000000000000000000
2.5400000000 0.07196466723432780321 0.00000000000000000000
2.5500000000 0.07178528933092641340 0.00000000000000000000
2.5600000000 0.07160810261757115380 0.00000000000000000000
2.5700000000 0.07143306909448099429 0.00000000000000000000
2.5800000000 0.07126015158423680551 0.00000000000000000000
2.5900000000 0.07108931371104128261 0.00000000000000000000
2.6000000000 0.07092051988056399803 0.00000000000000000000
2.6100000000 0.07075373526035284855 0.00000000000000000000
2.6200000000 0.07058892576079883741 0.00000000000000000000
2.6300000000 0.07042605801663283371 0.00000000000000000000
2.6400000000 0.07026509936894054231 0.00000000000000000000
2.6500000000 0.07010601784767937772 0.00000000000000000000
2.6600000000 0.06994878215467954796 0.00000000000000000000
2.6700000000 0.06979336164711771873 0.00000000000000000000
2.6800000000 0.06963972632144928288 0.00000000000000000000
2.6900000000 0.06948784679778033380 0.00000000000000000000
2.7000000000 0.06933769430467194572 0.00000000000000000000
2.7100000000 0.06918924066435989950 0.00000000000000000000
2.7200000000 0.06904245827837927896 0.00000000000000000000
2.7300000000 0.06889732011358123964 0.00000000000000000000
2.7400000000 0.06875379968852853019 0.00000000000000000000
2.7500000000 0.06861187106026239713 0.00000000000000000000
2.7600000000 0.06847150881142526069 0.00000000000000000000
2.7700000000 0.06833268803773187572 0.00000000000000000000
2.7800000000 0.06819538433577691794 0.00000000000000000000
2.7900000000 0.06805957379117018313 0.00000000000000000000
2.8000000000 0.06792523296698770030 0.00000000000000000000
2.8100000000 0.06779233889253397094 0.00000000000000000000
2.8200000000 0.06766086905239845906 0.00000000000000000000
2.8300000000 0.06753080137580770581 0.00000000000000000000
2.8400000000 0.06740211422625402848 0.00000000000000000000
2.8500000000 0.06727478639140241357 0.00000000000000000000
2.8600000000 0.06714879707325865921 0.00000000000000000000
2.8700000000 0.06702412587859921111 0.00000000000000000000
2.8800000000 0.06690075280964842552 0.00000000000000000000
2.8900000000 0.06677865825500188535 0.00000000000000000000
2.9000000000 0.06665782298078219703 0.00000000000000000000
2.9100000000 0.06653822812202880854 0.00000000000000000000
2.9200000000 0.06641985517430570862 0.00000000000000000000
2.9300000000 0.06630268598553031023 0.00000000000000000000
2.9400000000 0.06618670274800916853 0.00000000000000000000
2.9500000000 0.06607188799067971463 0.00000000000000000000
2.9600000000 0.06595822457155037233 0.00000000000000000000
2.9700000000 0.06584569567033303483 0.00000000000000000000
2.9800000000 0.06573428478126350227 0.00000000000000000000
2.9900000000 0.06562397570610424558 0.00000000000000000000
3.0000000000 0.06551475254732387621 0.00000000000000000000
3.0100000000 0.06540659970144892255 0.00000000000000000000
3.0200000000 0.06529950185258318052 0.00000000000000000000
3.0300000000 0.06519344396608928172 0.00000000000000000000
3.0400000000 0.06508841128242844054 0.00000000000000000000
3.0500000000 0.06498438931115513295 0.00000000000000000000
3.0600000000 0.06488136382505890754 0.00000000000000000000
3.0700000000 0.06477932085445479993 0.00000000000000000000
3.0800000000 0.06467824668161165080 0.00000000000000000000
3.0900000000 0.06457812783532067280 0.00000000000000000000
3.1000000000 0.06447895108559702215 0.00000000000000000000
3.1100000000 0.06438070343851021171 0.00000000000000000000
3.1200000000 0.06428337213114301840 0.00000000000000000000
3.1300000000 0.06418694462667204337 0.00000000000000000000
3.1400000000 0.06409140860956892560 0.00000000000000000000
3.1500000000 0.06399675198091732409 0.00000000000000000000
3.1600000000 0.06390296285384454433 0.00000000000000000000
3.1700000000 0.06381002954906166147 0.00000000000000000000
3.1800000000 0.06371794059051336112 0.00000000000000000000
3.1900000000 0.06362668470112946284 0.00000000000000000000
3.2000000000 0.06353625079868106817 0.00000000000000000000
3.2100000000 0.06344662799173382550 0.00000000000000000000
3.2200000000 0.06335780557569803406 0.00000000000000000000
3.2300000000 0.06326977302897271449 0.00000000000000000000
3.2400000000 0.06318252000918139766 0.00000000000000000000
3.2500000000 0.06309603634949574602 0.00000000000000000000
3.2600000000 0.06301031205504717403 0.00000000000000000000
3.2700000000 0.06292533729942129117 0.00000000000000000000
3.2800000000 0.06284110242123638890 0.00000000000000000000
3.2900000000 0.06275759792079921295 0.00000000000000000000
3.3000000000 0.06267481445684171260 0.00000000000000000000
3.3100000000 0.06259274284333125882 0.00000000000000000000
3.3200000000 0.06251137404635570549 0.00000000000000000000
3.3300000000 0.06243069918108066357 0.00000000000000000000
3.3400000000 0.06235070950877638629 0.00000000000000000000
3.3500000000 0.06227139643391343266 0.00000000000000000000
3.3600000000 0.06219275150132416718 0.00000000000000000000
3.3700000000 0.06211476639343008199 0.00000000000000000000
3.3800000000 0.06203743292753201993 0.00000000000000000000
3.3900000000 0.06196074305316138370 0.00000000000000000000
3.4000000000 0.06188468884949231696 0.00000000000000000000
3.4100000000 0.06180926252281149919 0.00000000000000000000
3.4200000000 0.06173445640404606749 0.00000000000000000000
3.4300000000 0.06166026294634577298 0.00000000000000000000
3.4400000000 0.06158667472272056492 0.00000000000000000000
3.4500000000 0.06151368442373025130 0.00000000000000000000
3.4600000000 0.06144128485522621502 0.00000000000000000000
3.4700000000 0.06136946893614270843 0.00000000000000000000
3.4800000000 0.06129822969633769852 0.00000000000000000000
3.4900000000 0.06122756027448103544 0.00000000000000000000
3.5000000000 0.06115745391599006209 0.00000000000000000000
3.5100000000 0.06108790397100898051 0.00000000000000000000
3.5200000000 0.06101890389243424390 0.00000000000000000000
3.5300000000 0.06095044723398236608 0.00000000000000000000
3.5400000000 0.06088252764829994029 0.00000000000000000000
3.5500000000 0.06081513888511460436 0.00000000000000000000
3.5600000000 0.06074827478942652903 0.00000000000000000000
3.5700000000 0.06068192929973865307 0.00000000000000000000
3.5800000000 0.06061609644632561661 0.00000000000000000000
3.5900000000 0.06055077034953893628 0.00000000000000000000
3.6000000000 0.06048594521815021247 0.00000000000000000000
3.6100000000 0.06042161534772772652 0.00000000000000000000
3.6200000000 0.06035777511904951570 0.00000000000000000000
3.6300000000 0.06029441899654924136 0.00000000000000000000
3.6400000000 0.06023154152679524587 0.00000000000000000000
3.6500000000 0.06016913733700191003 0.00000000000000000000
3.6600000000 0.06010720113357196498 0.00000000000000000000
3.6700000000 0.06004572770067075765 0.00000000000000000000
3.6800000000 0.05998471189882853549 0.00000000000000000000
3.6900000000 0.05992414866357387987 0.00000000000000000000
3.7000000000 0.05986403300409424283 0.00000000000000000000
3.7100000000 0.05980436000192556473 0.00000000000000000000
3.7200000000 0.05974512480966780864 0.00000000000000000000
3.7300000000 0.05968632264972843077 0.00000000000000000000
3.7400000000 0.05962794881309083778 0.00000000000000000000
3.7500000000 0.05956999865810843481 0.00000000000000000000
3.7600000000 0.05951246760932402124 0.00000000000000000000
3.7700000000 0.05945535115631239709 0.00000000000000000000
3.7800000000 0.05939864485254729709 0.00000000000000000000
3.7900000000 0.05934234431429160489 0.00000000000000000000
3.8000000000 0.05928644521950904300 0.00000000000000000000
3.8100000000 0.05923094330679940650 0.00000000000000000000
3.8200000000 0.05917583437435389171 0.00000000000000000000
3.8300000000 0.05912111427893233795 0.00000000000000000000
3.8400000000 0.05906677893486109859 0.00000000000000000000
3.8500000000 0.05901282431305031329 0.00000000000000000000
3.8600000000 0.05895924644003146253 0.00000000000000000000
3.8700000000 0.05890604139701359487 0.00000000000000000000
3.8800000000 0.05885320531895911478 0.00000000000000000000
3.8900000000 0.05880073439367693167 0.00000000000000000000
3.9000000000 0.05874862486093416353 0.00000000000000000000
3.9100000000 0.05869687301158493103 0.00000000000000000000
3.9200000000 0.05864547518671720666 0.00000000000000000000
3.9300000000 0.05859442777681500569 0.00000000000000000000
3.9400000000 0.05854372722093799386 0.00000000000000000000
3.9500000000 0.05849337000591706137 0.00000000000000000000
3.9600000000 0.05844335266556471148 0.00000000000000000000
3.9700000000 0.05839367177990216484 0.00000000000000000000
3.9800000000 0.05834432397439970330 0.00000000000000000000
3.9900000000 0.05829530591923339639 0.00000000000000000000
4.0000000000 0.05824661432855453291 0.00000000000000000000
4.0100000000 0.05819824595977475534 0.00000000000000000000
4.0200000000 0.05815019761286329553 0.00000000000000000000
4.0300000000 0.05810246612965867113 0.00000000000000000000
4.0400000000 0.05805504839319297616 0.00000000000000000000
4.0500000000 0.05800794132702940392 0.00000000000000000000
4.0600000000 0.05796114189461175348 0.00000000000000000000
4.0700000000 0.05791464709862702981 0.00000000000000000000
4.0800000000 0.05786845398037900740 0.00000000000000000000
4.0900000000 0.05782255961917463077 0.00000000000000000000
4.1000000000 0.05777696113172144793 0.00000000000000000000
4.1100000000 0.05773165567153567407 0.00000000000000000000
4.1200000000 0.05768664042836262051 0.00000000000000000000
4.1300000000 0.05764191262760701845 0.00000000000000000000
4.1400000000 0.05759746952977349427 0.00000000000000000000
4.1500000000 0.05755330842991867452 0.00000000000000000000
4.1600000000 0.05750942665711254731 0.00000000000000000000
4.1700000000 0.05746582157390949658 0.00000000000000000000
4.1800000000 0.05742249057582984179 0.00000000000000000000
4.1900000000 0.05737943109085009985 0.00000000000000000000
4.2000000000 0.05733664057890312110 0.00000000000000000000
4.2100000000 0.05729411653138714172 0.00000000000000000000
4.2200000000 0.05725185647068326000 0.00000000000000000000
4.2300000000 0.05720985794968262705 0.00000000000000000000
4.2400000000 0.05716811855132133968 0.00000000000000000000
4.2500000000 0.05712663588812402077 0.00000000000000000000
4.2600000000 0.05708540760175562223 0.00000000000000000000
4.2700000000 0.05704443136258131181 0.00000000000000000000
4.2800000000 0.05700370486923378444 0.00000000000000000000
4.2900000000 0.05696322584818895585 0.00000000000000000000
4.3000000000 0.05692299205334875462 0.00000000000000000000
4.3100000000 0.05688300126563154702 0.00000000000000000000
4.3200000000 0.05684325129256950077 0.00000000000000000000
4.3300000000 0.05680373996791310276 0.00000000000000000000
4.3400000000 0.05676446515124326797 0.00000000000000000000
4.3500000000 0.05672542472758911741 0.00000000000000000000
4.3600000000 0.05668661660705350686 0.00000000000000000000
4.3700000000 0.05664803872444466870 0.00000000000000000000
4.3800000000 0.05660968903891390458 0.00000000000000000000
4.3900000000 0.05657156553360001561 0.00000000000000000000
4.4000000000 0.05653366621528021357 0.00000000000000000000
4.4100000000 0.05649598911402598650 0.00000000000000000000
4.4200000000 0.05645853228286609043 0.00000000000000000000
4.4300000000 0.05642129379745448176 0.00000000000000000000
4.4400000000 0.05638427175574428629 0.00000000000000000000
4.4500000000 0.05634746427766731958 0.00000000000000000000
4.4600000000 0.05631086950481911657 0.00000000000000000000
4.4700000000 0.05627448560014909618 0.00000000000000000000
4.4800000000 0.05623831074765638788 0.00000000000000000000
4.4900000000 0.05620234315209038378 0.00000000000000000000
4.5000000000 0.05616658103865633522 0.00000000000000000000
4.5100000000 0.05613102265272643804 0.00000000000000000000
4.5200000000 0.05609566625955543506 0.00000000000000000000
4.5300000000 0.05606051014400036114 0.00000000000000000000
4.5400000000 0.05602555261024633193 0.00000000000000000000
4.5500000000 0.05599079198153561476 0.00000000000000000000
4.5600000000 0.05595622659990200087 0.00000000000000000000
4.5700000000 0.05592185482590917439 0.00000000000000000000
4.5800000000 0.05588767503839370265 0.00000000000000000000
4.5900000000 0.05585368563421160004 0.00000000000000000000
4.6000000000 0.05581988502799040824 0.00000000000000000000
4.6100000000 0.05578627165188372594 0.00000000000000000000
4.6200000000 0.05575284395533091492 0.00000000000000000000
4.6300000000 0.05571960040482033805 0.00000000000000000000
4.6400000000 0.05568653948365631656 0.00000000000000000000
4.6500000000 0.05565365969173003552 0.00000000000000000000
4.6600000000 0.05562095954529424485 0.00000000000000000000
4.6700000000 0.05558843757674152702 0.00000000000000000000
4.6800000000 0.05555609233438588840 0.00000000000000000000
4.6900000000 0.05552392238224838905 0.00000000000000000000
4.7000000000 0.05549192629984558284 0.00000000000000000000
4.7100000000 0.05546010268198203752 0.00000000000000000000
4.7200000000 0.05542845013854540148 0.00000000000000000000
4.7300000000 0.05539696729430552274 0.00000000000000000000
4.7400000000 0.05536565278871603824 0.00000000000000000000
4.7500000000 0.05533450527571975169 0.00000000000000000000
4.7600000000 0.05530352342355646794 0.00000000000000000000
4.7700000000 0.05527270591457423415 0.00000000000000000000
4.7800000000 0.05524205144504382159 0.00000000000000000000
4.7900000000 0.05521155872497533063 0.00000000000000000000
4.8000000000 0.05518122647793817503 0.00000000000000000000
4.8100000000 0.05515105344088417488 0.00000000000000000000
4.8200000000 0.05512103836397248824 0.00000000000000000000
4.8300000000 0.05509118001039838008 0.00000000000000000000
4.8400000000 0.05506147715622375372 0.00000000000000000000
4.8500000000 0.05503192859021065891 0.00000000000000000000
4.8600000000 0.05500253311365720099 0.00000000000000000000
4.8700000000 0.05497328954023666253 0.00000000000000000000
4.8800000000 0.05494419669583790189 0.00000000000000000000
4.8900000000 0.05491525341840920033 0.00000000000000000000
4.9000000000 0.05488645855780396876 0.00000000000000000000
4.9100000000 0.05485781097562920927 0.00000000000000000000
4.9200000000 0.05482930954509558641 0.00000000000000000000
4.9300000000 0.05480095315087080143 0.00000000000000000000
4.9400000000 0.05477274068893422249 0.00000000000000000000
4.9500000000 0.05474467106643401276 0.00000000000000000000
4.9600000000 0.05471674320154697874 0.00000000000000000000
4.9700000000 0.05468895602333944533 0.00000000000000000000
4.9800000000 0.05466130847163130219 0.00000000000000000000
4.9900000000 0.05463379949686126419 0.00000000000000000000
5.0000000000 0.05460642805995463006 0.00000000000000000000
