0.1000000000 3.97417776824461466134 0.00000000000000000000
0.1100000000 3.82701439003501198144 0.00000000000000000000
0.1200000000 3.68388346663286858629 0.00000000000000000000
0.1300000000 3.54502578629197806492 0.00000000000000000000
0.1400000000 3.41064311387291052569 0.00000000000000000000
0.1500000000 3.28089456743745966349 0.00000000000000000000
0.1600000000 3.15589449658700216261 0.00000000000000000000
0.1700000000 3.03571194951335110446 0.00000000000000000000
0.1800000000 2.92037169648142480582 0.00000000000000000000
0.1900000000 2.80985666633849362483 0.00000000000000000000
0.2000000000 2.70411156277787423363 0.00000000000000000000
0.2100000000 2.60304736737007980096 0.00000000000000000000
0.2200000000 2.50654641031626912451 0.00000000000000000000
0.2300000000 2.41446769570946662142 0.00000000000000000000
0.2400000000 2.32665219993228555850 0.00000000000000000000
0.2500000000 2.24292791143724512537 0.00000000000000000000
0.2600000000 2.16311443875825659688 0.00000000000000000000
0.2700000000 2.08702707332022141529 0.00000000000000000000
0.2800000000 2.01448024841536454943 0.00000000000000000000
0.2900000000 1.94529038174515611637 0.00000000000000000000
0.3000000000 1.87927812439273189682 0.00000000000000000000
0.3100000000 1.81627006385843547953 0.00000000000000000000
0.3200000000 1.75609994386924506138 0.00000000000000000000
0.3300000000 1.69860947071288914678 0.00000000000000000000
0.3400000000 1.64364877673157749882 0.00000000000000000000
0.3500000000 1.59107660816412077587 0.00000000000000000000
0.3600000000 1.54076029834206540414 0.00000000000000000000
0.3700000000 1.49257557960917575102 0.00000000000000000000
0.3800000000 1.44640627920471365186 0.00000000000000000000
0.3900000000 1.40214393639692924687 0.00000000000000000000
0.4000000000 1.35968737079644896859 0.00000000000000000000
0.4100000000 1.31894222525212301278 0.00000000000000000000
0.4200000000 1.27982050112888656734 0.00000000000000000000
0.4300000000 1.24224009908848054273 0.00000000000000000000
0.4400000000 1.20612437468106792338 0.00000000000000000000
0.4500000000 1.17140171501794232434 0.00000000000000000000
0.4600000000 1.13800514042781819590 0.00000000000000000000
0.4700000000 1.10587193319497445465 0.00000000000000000000
0.4800000000 1.07494329413653066929 0.00000000000000000000
0.4900000000 1.04516402680806130832 0.00000000000000000000
0.5000000000 1.01648224845286905271 0.00000000000000000000
0.5100000000 0.98884912636482247272 0.00000000000000000000
0.5200000000 0.96221863806277985187 0.00000000000000000000
0.5300000000 0.93654735353205154080 0.00000000000000000000
0.5400000000 0.91179423774022150262 0.00000000000000000000
0.5500000000 0.88792047165268406239 0.00000000000000000000
0.5600000000 0.86488929003721259914 0.00000000000000000000
0.5700000000 0.84266583443953679833 0.00000000000000000000
0.5800000000 0.82121701982220907112 0.00000000000000000000
0.5900000000 0.80051141347748921984 0.00000000000000000000
0.6000000000 0.78051912494586306313 0.00000000000000000000
0.6100000000 0.76121170579015073887 0.00000000000000000000
0.6200000000 0.74256205818896958704 0.00000000000000000000
0.6300000000 0.72454435141964468325 0.00000000000000000000
0.6400000000 0.70713394539962926011 0.00000000000000000000
0.6500000000 0.69030732054596122271 0.00000000000000000000
0.6600000000 0.67404201329428348188 0.00000000000000000000
0.6700000000 0.65831655669321087476 0.00000000000000000000
0.6800000000 0.64311042555594910564 0.00000000000000000000
0.6900000000 0.62840398571056288457 0.00000000000000000000
0.7000000000 0.61417844694258905136 0.00000000000000000000
0.7100000000 0.60041581927056886236 0.00000000000000000000
0.7200000000 0.58709887223612200469 0.00000000000000000000
0.7300000000 0.57421109692647309686 0.00000000000000000000
0.7400000000 0.56173667047949926712 0.00000000000000000000
0.7500000000 0.54966042284930283213 0.00000000000000000000
0.7600000000 0.53796780563521218177 0.00000000000000000000
0.7700000000 0.52664486279855560191 0.00000000000000000000
0.7800000000 0.51567820311118428567 0.00000000000000000000
0.7900000000 0.50505497419567046968 0.00000000000000000000
0.8000000000 0.49476283803256665417 0.00000000000000000000
0.8100000000 0.48478994782266748853 0.00000000000000000000
0.8200000000 0.47512492610342421662 0.00000000000000000000
0.8300000000 0.46575684402940414897 0.00000000000000000000
0.8400000000 0.45667520173443776343 0.00000000000000000000
0.8500000000 0.44786990970190748707 0.00000000000000000000
0.8600000000 0.43933127107572828018 0.00000000000000000000
0.8700000000 0.43104996485131225059 0.00000000000000000000
0.8800000000 0.42301702989056000348 0.00000000000000000000
0.8900000000 0.41522384971030512624 0.00000000000000000000
0.9000000000 0.40766213799727868405 0.00000000000000000000
0.9100000000 0.40032392480754119823 0.00000000000000000000
0.9200000000 0.39320154340977375718 0.00000000000000000000
0.9300000000 0.38628761773733955032 0.00000000000000000000
0.9400000000 0.37957505041492695108 0.00000000000000000000
0.9500000000 0.37305701132831120548 0.00000000000000000000
0.9600000000 0.36672692670900747247 0.00000000000000000000
0.9700000000 0.36057846870631571345 0.00000000000000000000
0.9800000000 0.35460554542157157742 0.00000000000000000000
0.9900000000 0.34880229138245988363 0.00000000000000000000
1.0000000000 0.34316305842999672571 0.00000000000000000000
1.0100000000 0.33768240701266361015 0.00000000000000000000
1.0200000000 0.33235509784553457502 0.00000000000000000000
1.0300000000 0.32717608393009461887 0.00000000000000000000
1.0400000000 0.32214050292445622903 0.00000000000000000000
1.0500000000 0.31724366983137414211 0.00000000000000000000
1.0600000000 0.31248106999880548296 0.00000000000000000000
1.0700000000 0.30784835241656433036 0.00000000000000000000
1.0800000000 0.30334132329523272320 0.00000000000000000000
1.0900000000 0.29895593991468571993 0.00000000000000000000
1.1000000000 0.29468830472959844924 0.00000000000000000000
1.1100000000 0.29053465972083464264 0.00000000000000000000
1.1200000000 0.28649138098132381769 0.00000000000000000000
1.1300000000 0.28255497352634501018 0.00000000000000000000
1.1400000000 0.27872206631789558928 0.00000000000000000000
1.1500000000 0.27498940749396760808 0.00000000000000000000
1.1600000000 0.27135385979372939058 0.00000000000000000000
1.1700000000 0.26781239616995455854 0.00000000000000000000
1.1800000000 0.26436209558056117386 0.00000000000000000000
1.1900000000 0.26100013895166129796 0.00000000000000000000
1.2000000000 0.25772380530449773284 0.00000000000000000000
1.2100000000 0.25453046803937307008 0.00000000000000000000
1.2200000000 0.25141759136980329492 0.00000000000000000000
1.2300000000 0.24838272690039991941 0.00000000000000000000
1.2400000000 0.24542351034249282327 0.00000000000000000000
1.2500000000 0.24253765836156876423 0.00000000000000000000
1.2600000000 0.23972296555084768310 0.00000000000000000000
1.2700000000 0.23697730152587595520 0.00000000000000000000
1.2800000000 0.23429860813486208526 0.00000000000000000000
1.2900000000 0.23168489677994272280 0.00000000000000000000
1.3000000000 0.22913424584473135459 0.00000000000000000000
1.3100000000 0.22664479822371214057 0.00000000000000000000
1.3200000000 0.22421475894922057726 0.00000000000000000000
1.3300000000 0.22184239291187868304 0.00000000000000000000
1.3400000000 0.21952602267073401121 0.00000000000000000000
1.3500000000 0.21726402634922889479 0.00000000000000000000
1.3600000000 0.21505483561358196276 0.00000000000000000000
1.3700000000 0.21289693373008750088 0.00000000000000000000
1.3800000000 0.21078885369808264549 0.00000000000000000000
1.3900000000 0.20872917645554292521 0.00000000000000000000
1.4000000000 0.20671652915422861208 0.00000000000000000000
1.4100000000 0.20474958350158553588 0.00000000000000000000
1.4200000000 0.20282705416667987097 0.00000000000000000000
1.4300000000 0.20094769724748176576 0.00000000000000000000
1.4400000000 0.19911030879710836516 0.00000000000000000000
1.4500000000 0.19731372340650549235 0.00000000000000000000
1.4600000000 0.19555681284138323739 0.00000000000000000000
1.4700000000 0.19383848473113454713 0.00000000000000000000
1.4800000000 0.19215768130766147648 0.00000000000000000000
1.4900000000 0.19051337819212713076 0.00000000000000000000
1.5000000000 0.18890458322760902976 0.00000000000000000000
1.5100000000 0.18733033535594115215 0.00000000000000000000
1.5200000000 0.18578970353684889916 0.00000000000000000000
1.5300000000 0.18428178570774891853 0.00000000000000000000
1.5400000000 0.18280570778258722897 0.00000000000000000000
1.5500000000 0.18136062268812755405 0.00000000000000000000
1.5600000000 0.17994570943622950621 0.00000000000000000000
1.5700000000 0.17856017223067260913 0.00000000000000000000
1.5800000000 0.17720323960715059219 0.00000000000000000000
1.5900000000 0.17587416360514368519 0.00000000000000000000
1.6000000000 0.17457221897038913139 0.00000000000000000000
1.6100000000 0.17329670238675215499 0.00000000000000000000
1.6200000000 0.17204693173635371428 0.00000000000000000000
1.6300000000 0.17082224538682580506 0.00000000000000000000
1.6400000000 0.16962200150463388471 0.00000000000000000000
1.6500000000 0.16844557739346838199 0.00000000000000000000
1.6600000000 0.16729236885671278090 0.00000000000000000000
1.6700000000 0.16616178958304250735 0.00000000000000000000
1.6800000000 0.16505327055427534977 0.00000000000000000000
1.6900000000 0.16396625947460197192 0.00000000000000000000
1.7000000000 0.16290022022036579341 0.00000000000000000000
1.7100000000 0.16185463230961075198 0.00000000000000000000
1.7200000000 0.16082899039063133784 0.00000000000000000000
1.7300000000 0.15982280374878060636 0.00000000000000000000
1.7400000000 0.15883559583087117351 0.00000000000000000000
1.7500000000 0.15786690378645154564 0.00000000000000000000
1.7600000000 0.15691627802535745850 0.00000000000000000000
1.7700000000 0.15598328179088610801 0.00000000000000000000
1.7800000000 0.15506749074802195221 0.00000000000000000000
1.7900000000 0.15416849258612735918 0.00000000000000000000
1.8000000000 0.15328588663556372285 0.00000000000000000000
1.8100000000 0.15241928349770889062 0.00000000000000000000
1.8200000000 0.15156830468787862998 0.00000000000000000000
1.8300000000 0.15073258229065270020 0.00000000000000000000
1.8400000000 0.14991175862714811728 0.00000000000000000000
1.8500000000 0.14910548593380010263 0.00000000000000000000
1.8600000000 0.14831342605221395359 0.00000000000000000000
1.8700000000 0.14753525012966708929 0.00000000000000000000
1.8800000000 0.14677063832989675762 0.00000000000000000000
1.8900000000 0.14601927955375537671 0.00000000000000000000
1.9000000000 0.14528087116939356060 0.00000000000000000000
1.9100000000 0.14455511875161902724 0.00000000000000000000
1.9200000000 0.14384173583007853203 0.00000000000000000000
1.9300000000 0.14314044364595943093 0.00000000000000000000
1.9400000000 0.14245097091688213586 0.00000000000000000000
1.9500000000 0.14177305360970021697 0.00000000000000000000
1.9600000000 0.14110643472090611539 0.00000000000000000000
1.9700000000 0.14045086406438250792 0.00000000000000000000
1.9800000000 0.13980609806621199787 0.00000000000000000000
1.9900000000 0.13917189956631953462 0.00000000000000000000
2.0000000000 0.13854803762666670353 0.00000000000000000000
2.0100000000 0.13793428734580015504 0.00000000000000000000
2.0200000000 0.13733042967949135593 0.00000000000000000000
2.0300000000 0.13673625126727370627 0.00000000000000000000
2.0400000000 0.13615154426466272164 0.00000000000000000000
2.0500000000 0.13557610618084700582 0.00000000000000000000
2.0600000000 0.13500973972166510628 0.00000000000000000000
2.0700000000 0.13445225263768079138 0.00000000000000000000
2.0800000000 0.13390345757717819763 0.00000000000000000000
2.0900000000 0.13336317194389266105 0.00000000000000000000
2.1000000000 0.13283121775932793529 0.00000000000000000000
2.1100000000 0.13230742152948687940 0.00000000000000000000
2.1200000000 0.13179161411586354236 0.00000000000000000000
2.1300000000 0.13128363061055633998 0.00000000000000000000
2.1400000000 0.13078331021534869705 0.00000000000000000000
2.1500000000 0.13029049612462323404 0.00000000000000000000
2.1600000000 0.12980503541198312734 0.00000000000000000000
2.1700000000 0.12932677892044469603 0.00000000000000000000
2.1800000000 0.12885558115607817498 0.00000000000000000000
2.1900000000 0.12839130018499328445 0.00000000000000000000
2.2000000000 0.12793379753353098516 0.00000000000000000000
2.2100000000 0.12748293809157429379 0.00000000000000000000
2.2200000000 0.12703859001886091962 0.00000000000000000000
2.2300000000 0.12660062465419524846 0.00000000000000000000
2.2400000000 0.12616891642746980162 0.00000000000000000000
2.2500000000 0.12574334277439283558 0.00000000000000000000
2.2600000000 0.12532378405383456932 0.00000000000000000000
2.2700000000 0.12491012346770397068 0.00000000000000000000
2.2800000000 0.12450224698327706785 0.00000000000000000000
2.2900000000 0.12410004325787894752 0.00000000000000000000
2.3000000000 0.12370340356586326247 0.00000000000000000000
2.3100000000 0.12331222172779308932 0.00000000000000000000
2.3200000000 0.12292639404176218532 0.00000000000000000000
2.3300000000 0.12254581921678377177 0.00000000000000000000
2.3400000000 0.12217039830817481849 0.00000000000000000000
2.3500000000 0.12180003465487465597 0.00000000000000000000
2.3600000000 0.12143463381863188466 0.00000000000000000000
2.3700000000 0.12107410352500179440 0.00000000000000000000
2.3800000000 0.12071835360609094179 0.00000000000000000000
2.3900000000 0.12036729594499485929 0.00000000000000000000
2.4000000000 0.12002084442187646585 0.00000000000000000000
2.4100000000 0.11967891486162528236 0.00000000000000000000
2.4200000000 0.11934142498305277957 0.00000000000000000000
2.4300000000 0.11900829434957298225 0.00000000000000000000
2.4400000000 0.11867944432131795340 0.00000000000000000000
2.4500000000 0.11835479800864776023 0.00000000000000000000
2.4600000000 0.11803428022700306055 0.00000000000000000000
2.4700000000 0.11771781745306686418 0.00000000000000000000
2.4800000000 0.11740533778218230354 0.00000000000000000000
2.4900000000 0.11709677088699982361 0.00000000000000000000
2.5000000000 0.11679204797730569076 0.00000000000000000000
2.5100000000 0.11649110176099640446 0.00000000000000000000
2.5200000000 0.11619386640616588546 0.00000000000000000000
2.5300000000 0.11590027750426951103 0.00000000000000000000
2.5400000000 0.11561027203432765187 0.00000000000000000000
2.5500000000 0.11532378832814400849 0.00000000000000000000
2.5600000000 0.11504076603649994459 0.00000000000000000000
2.5700000000 0.11476114609629567420 0.00000000000000000000
2.5800000000 0.11448487069861862375 0.00000000000000000000
2.5900000000 0.11421188325769242311 0.00000000000000000000
2.6000000000 0.11394212838069842086 0.00000000000000000000
2.6100000000 0.11367555183842908972 0.00000000000000000000
2.6200000000 0.11341210053675665481 0.00000000000000000000
2.6300000000 0.11315172248888537287 0.00000000000000000000
2.6400000000 0.11289436678837075356 0.00000000000000000000
2.6500000000 0.11263998358287670432 0.00000000000000000000
2.6600000000 0.11238852404864956014 0.00000000000000000000
2.6700000000 0.11213994036569135959 0.00000000000000000000
2.6800000000 0.11189418569360391753 0.00000000000000000000
2.6900000000 0.11165121414809227318 0.00000000000000000000
2.7000000000 0.11141098077810013267 0.00000000000000000000
2.7100000000 0.11117344154356455233 0.00000000000000000000
2.7200000000 0.11093855329376503538 0.00000000000000000000
2.7300000000 0.11070627374625927053 0.00000000000000000000
2.7400000000 0.11047656146637326036 0.00000000000000000000
2.7500000000 0.11024937584724707473 0.00000000000000000000
2.7600000000 0.11002467709040580912 0.00000000000000000000
2.7700000000 0.10980242618684570022 0.00000000000000000000
2.7800000000 0.10958258489862286733 0.00000000000000000000
2.7900000000 0.10936511574092593058 0.00000000000000000000
2.8000000000 0.10914998196461836444 0.00000000000000000000
2.8100000000 0.10893714753924120531 0.00000000000000000000
2.8200000000 0.10872657713645828004 0.00000000000000000000
2.8300000000 0.10851823611393419944 0.00000000000000000000
2.8400000000 0.10831209049962797764 0.00000000000000000000
2.8500000000 0.10810810697649973766 0.00000000000000000000
2.8600000000 0.10790625286760625878 0.00000000000000000000
2.8700000000 0.10770649612158639252 0.00000000000000000000
2.8800000000 0.10750880529851471190 0.00000000000000000000
2.8900000000 0.10731314955612036854 0.00000000000000000000
2.9000000000 0.10711949863635866764 0.00000000000000000000
2.9100000000 0.10692782285232228789 0.00000000000000000000
2.9200000000 0.10673809307548845493 0.00000000000000000000
2.9300000000 0.10655028072328602551 0.00000000000000000000
2.9400000000 0.10636435774697990120 0.00000000000000000000
2.9500000000 0.10618029661985854684 0.00000000000000000000
2.9600000000 0.10599807032572003407 0.00000000000000000000
2.9700000000 0.10581765234764432815 0.00000000000000000000
2.9800000000 0.10563901665705006938 0.00000000000000000000
2.9900000000 0.10546213770301991752 0.00000000000000000000
3.0000000000 0.10528699040189436198 0.00000000000000000000
3.0100000000 0.10511355012712252088 0.00000000000000000000
3.0200000000 0.10494179269936276810 0.00000000000000000000
3.0300000000 0.10477169437682831710 0.00000000000000000000
3.0400000000 0.10460323184587240475 0.00000000000000000000
3.0500000000 0.10443638221179896153 0.00000000000000000000
3.0600000000 0.10427112298990266759 0.00000000000000000000
3.0700000000 0.10410743209672630727 0.00000000000000000000
3.0800000000 0.10394528784152973211 0.00000000000000000000
3.0900000000 0.10378466891796597760 0.00000000000000000000
3.1000000000 0.10362555439595955153 0.00000000000000000000
3.1100000000 0.10346792371377984410 0.00000000000000000000
3.1200000000 0.10331175667030442766 0.00000000000000000000
3.1300000000 0.10315703341747128885 0.00000000000000000000
3.1400000000 0.10300373445290622598 0.00000000000000000000
3.1500000000 0.10285184061273049128 0.00000000000000000000
3.1600000000 0.10270133306453917144 0.00000000000000000000
3.1700000000 0.10255219330054217430 0.00000000000000000000
3.1800000000 0.10240440313087287305 0.00000000000000000000
3.1900000000 0.10225794467705111301 0.00000000000000000000
3.2000000000 0.10211280036560130280 0.00000000000000000000
3.2100000000 0.10196895292181944181 0.00000000000000000000
3.2200000000 0.10182638536368808502 0.00000000000000000000
3.2300000000 0.10168508099592975247 0.00000000000000000000
3.2400000000 0.10154502340420275275 0.00000000000000000000
3.2500000000 0.10140619644942817923 0.00000000000000000000
3.2600000000 0.10126858426225147924 0.00000000000000000000
3.2700000000 0.10113217123762917315 0.00000000000000000000
3.2800000000 0.10099694202954100086 0.00000000000000000000
3.2900000000 0.10086288154582578880 0.00000000000000000000
3.3000000000 0.10072997494313097600 0.00000000000000000000
3.3100000000 0.10059820762198236344 0.00000000000000000000
3.3200000000 0.10046756522196216566 0.00000000000000000000
3.3300000000 0.10033803361699988876 0.00000000000000000000
3.3400000000 0.10020959891076715309 0.00000000000000000000
3.3500000000 0.10008224743217779273 0.00000000000000000000
3.3600000000 0.09995596573099059523 0.00000000000000000000
3.3700000000 0.09983074057350820041 0.00000000000000000000
3.3800000000 0.09970655893837358785 0.00000000000000000000
3.3900000000 0.09958340801246207130 0.00000000000000000000
3.4000000000 0.09946127518686258273 0.00000000000000000000
3.4100000000 0.09934014805294888451 0.00000000000000000000
3.4200000000 0.09922001439853889160 0.00000000000000000000
3.4300000000 0.09910086220413744096 0.00000000000000000000
3.4400000000 0.09898267963926377089 0.00000000000000000000
3.4500000000 0.09886545505885777074 0.00000000000000000000
3.4600000000 0.09874917699976595853 0.00000000000000000000
3.4700000000 0.09863383417730518798 0.00000000000000000000
3.4800000000 0.09851941548189957487 0.00000000000000000000
3.4900000000 0.09840590997579179433 0.00000000000000000000
3.5000000000 0.09829330688982597375 0.00000000000000000000
3.5100000000 0.09818159562029883658 0.00000000000000000000
3.5200000000 0.09807076572588058205 0.00000000000000000000
3.5300000000 0.09796080692459996353 0.00000000000000000000
3.5400000000 0.09785170909089691005 0.00000000000000000000
3.5500000000 0.09774346225273501665 0.00000000000000000000
3.5600000000 0.09763605658877849702 0.00000000000000000000
3.5700000000 0.09752948242562732573 0.00000000000000000000
3.5800000000 0.09742373023511220753 0.00000000000000000000
3.5900000000 0.09731879063164677879 0.00000000000000000000
3.6000000000 0.09721465436963480644 0.00000000000000000000
3.6100000000 0.09711131234093346720 0.00000000000000000000
3.6200000000 0.09700875557236864066 0.00000000000000000000
3.6300000000 0.09690697522330304903 0.00000000000000000000
3.6400000000 0.09680596258325513404 0.00000000000000000000
3.6500000000 0.09670570906956776902 0.00000000000000000000
3.6600000000 0.09660620622512394728 0.00000000000000000000
3.6700000000 0.09650744571611266642 0.00000000000000000000
3.6800000000 0.09640941932983831952 0.00000000000000000000
3.6900000000 0.09631211897257696553 0.00000000000000000000
3.7000000000 0.09621553666747562072 0.00000000000000000000
3.7100000000 0.09611966455249601471 0.00000000000000000000
3.7200000000 0.09602449487839857800 0.00000000000000000000
3.7300000000 0.09593002000676917329 0.00000000000000000000
3.7400000000 0.09583623240808576693 0.00000000000000000000
3.7500000000 0.09574312465982356968 0.00000000000000000000
3.7600000000 0.09565068944459864664 0.00000000000000000000
3.7700000000 0.09555891954835021851 0.00000000000000000000
3.7800000000 0.09546780785855844831 0.00000000000000000000
3.7900000000 0.09537734736249832423 0.00000000000000000000
3.8000000000 0.09528753114552852843 0.00000000000000000000
3.8100000000 0.09519835238941450062 0.00000000000000000000
3.8200000000 0.09510980437068534965 0.00000000000000000000
3.8300000000 0.09502188045902254521 0.00000000000000000000
3.8400000000 0.09493457411568161086 0.00000000000000000000
3.8500000000 0.09484787889194427890 0.00000000000000000000
3.8600000000 0.09476178842760143994 0.00000000000000000000
3.8700000000 0.09467629644946584655 0.00000000000000000000
3.8800000000 0.09459139676991447365 0.00000000000000000000
3.8900000000 0.09450708328545835701 0.00000000000000000000
3.9000000000 0.09442334997534189422 0.00000000000000000000
3.9100000000 0.09434019090016744491 0.00000000000000000000
3.9200000000 0.09425760020054922694 0.00000000000000000000
3.9300000000 0.09417557209579047184 0.00000000000000000000
3.9400000000 0.09409410088258807203 0.00000000000000000000
3.9500000000 0.09401318093376161145 0.00000000000000000000
3.9600000000 0.09393280669700680707 0.00000000000000000000
3.9700000000 0.09385297269367265383 0.00000000000000000000
3.9800000000 0.09377367351756253633 0.00000000000000000000
3.9900000000 0.09369490383375719822 0.00000000000000000000
4.0000000000 0.09361665837746153962 0.00000000000000000000
4.0100000000 0.09353893195287167617 0.00000000000000000000
4.0200000000 0.09346171943206510457 0.00000000000000000000
4.0300000000 0.09338501575391022769 0.00000000000000000000
4.0400000000 0.09330881592299709870 0.00000000000000000000
4.0500000000 0.09323311500858914858 0.00000000000000000000
4.0600000000 0.09315790814359257987 0.00000000000000000000
4.0700000000 0.09308319052354720180 0.00000000000000000000
4.0800000000 0.09300895740563401570 0.00000000000000000000
4.0900000000 0.09293520410770257645 0.00000000000000000000
4.1000000000 0.09286192600731621449 0.00000000000000000000
4.1100000000 0.09278911854081477173 0.00000000000000000000
4.1200000000 0.09271677720239383802 0.00000000000000000000
4.1300000000 0.09264489754320251458 0.00000000000000000000
4.1400000000 0.09257347517045665108 0.00000000000000000000
4.1500000000 0.09250250574656793123 0.00000000000000000000
4.1600000000 0.09243198498829006959 0.00000000000000000000
4.1700000000 0.09236190866588003812 0.00000000000000000000
4.1800000000 0.09229227260227369778 0.00000000000000000000
4.1900000000 0.09222307267227793093 0.00000000000000000000
4.2000000000 0.09215430480177611017 0.00000000000000000000
4.2100000000 0.09208596496694815281 0.00000000000000000000
4.2200000000 0.09201804919350463352 0.00000000000000000000
4.2300000000 0.09195055355593569069 0.00000000000000000000
4.2400000000 0.09188347417677129869 0.00000000000000000000
4.2500000000 0.09181680722585638943 0.00000000000000000000
4.2600000000 0.09175054891963825565 0.00000000000000000000
4.2700000000 0.09168469552046683291 0.00000000000000000000
4.2800000000 0.09161924333590666658 0.00000000000000000000
4.2900000000 0.09155418871806225711 0.00000000000000000000
4.3000000000 0.09148952806291424378 0.00000000000000000000
4.3100000000 0.09142525780966777316 0.00000000000000000000
4.3200000000 0.09136137444011173392 0.00000000000000000000
4.3300000000 0.09129787447799050937 0.00000000000000000000
4.3400000000 0.09123475448838452850 0.00000000000000000000
4.3500000000 0.09117201107710384833 0.00000000000000000000
4.3600000000 0.09110964089009082612 0.00000000000000000000
4.3700000000 0.09104764061283333876 0.00000000000000000000
4.3800000000 0.09098600696978897950 0.00000000000000000000
4.3900000000 0.09092473672381766459 0.00000000000000000000
4.4000000000 0.09086382667562563353 0.00000000000000000000
4.4100000000 0.09080327366321762350 0.00000000000000000000
4.4200000000 0.09074307456135931316 0.00000000000000000000
4.4300000000 0.09068322628104849570 0.00000000000000000000
4.4400000000 0.09062372576899538346 0.00000000000000000000
4.4500000000 0.09056457000711122529 0.00000000000000000000
4.4600000000 0.09050575601200686049 0.00000000000000000000
4.4700000000 0.09044728083449830869 0.00000000000000000000
4.4800000000 0.09038914155912129711 0.00000000000000000000
4.4900000000 0.09033133530365436425 0.00000000000000000000
4.5000000000 0.09027385921864870821 0.00000000000000000000
4.5100000000 0.09021671048696780493 0.00000000000000000000
4.5200000000 0.09015988632333261921 0.00000000000000000000
4.5300000000 0.09010338397387587794 0.00000000000000000000
4.5400000000 0.09004720071570301854 0.00000000000000000000
4.5500000000 0.08999133385646074235 0.00000000000000000000
4.5600000000 0.08993578073391216010 0.00000000000000000000
4.5700000000 0.08988053871552013907 0.00000000000000000000
4.5800000000 0.08982560519803547971 0.00000000000000000000
4.5900000000 0.08977097760709439045 0.00000000000000000000
4.6000000000 0.08971665339681995921 0.00000000000000000000
4.6100000000 0.08966263004943228476 0.00000000000000000000
4.6200000000 0.08960890507486325707 0.00000000000000000000
4.6300000000 0.08955547601037892880 0.00000000000000000000
4.6400000000 0.08950234042020720204 0.00000000000000000000
4.6500000000 0.08944949589517145472 0.00000000000000000000
4.6600000000 0.08939694005233095320 0.00000000000000000000
4.6700000000 0.08934467053462601116 0.00000000000000000000
4.6800000000 0.08929268501052921303 0.00000000000000000000
4.6900000000 0.08924098117370254934 0.00000000000000000000
4.7000000000 0.08918955674265971467 0.00000000000000000000
4.7100000000 0.08913840946043341540 0.00000000000000000000
4.7200000000 0.08908753709424885314 0.00000000000000000000
4.7300000000 0.08903693743520159354 0.00000000000000000000
4.7400000000 0.08898660829794101390 0.00000000000000000000
4.7500000000 0.08893654752035808075 0.00000000000000000000
4.7600000000 0.08888675296327903930 0.00000000000000000000
4.7700000000 0.08883722251016303029 0.00000000000000000000
4.7800000000 0.08878795406680473068 0.00000000000000000000
4.7900000000 0.08873894556104196252 0.00000000000000000000
4.8000000000 0.08869019494246725699 0.00000000000000000000
4.8100000000 0.08864170018214431734 0.00000000000000000000
4.8200000000 0.08859345927232868678 0.00000000000000000000
4.8300000000 0.08854547022619316254 0.00000000000000000000
4.8400000000 0.08849773107755647128 0.00000000000000000000
4.8500000000 0.08845023988061714859 0.00000000000000000000
4.8600000000 0.08840299470969122109 0.00000000000000000000
4.8700000000 0.08835599365895333013 0.00000000000000000000
4.8800000000 0.08830923484218272668 0.00000000000000000000
4.8900000000 0.08826271639251229151 0.00000000000000000000
4.9000000000 0.08821643646218195467 0.00000000000000000000
4.9100000000 0.08817039322229566767 0.00000000000000000000
4.9200000000 0.08812458486258195611 0.00000000000000000000
4.9300000000 0.08807900959115819162 0.00000000000000000000
4.9400000000 0.08803366563429840252 0.00000000000000000000
4.9500000000 0.08798855123620460961 0.00000000000000000000
4.9600000000 0.08794366465878135364 0.00000000000000000000
4.9700000000 0.08789900418141412264 0.00000000000000000000
4.9800000000 0.08785456810075058243 0.00000000000000000000
4.9900000000 0.08781035473048497131 0.00000000000000000000
5.0000000000 0.08776636240114646381 0.00000000000000000000
