0.1000000000 3.97563033451714220590 0.00000000000000000000
0.1100000000 3.82829719827509684649 0.00000000000000000000
0.1200000000 3.68500916669629008382 0.00000000000000000000
0.1300000000 3.54600726983693315120 0.00000000000000000000
0.1400000000 3.41149332330617971465 0.00000000000000000000
0.1500000000 3.28162630276872313573 0.00000000000000000000
0.1600000000 3.15652022994335501593 0.00000000000000000000
0.1700000000 3.03624365639416504692 0.00000000000000000000
0.1800000000 2.92082071129879849991 0.00000000000000000000
0.1900000000 2.81023356761727205466 0.00000000000000000000
0.2000000000 2.70442609088997443223 0.00000000000000000000
0.2100000000 2.60330837517884372545 0.00000000000000000000
0.2200000000 2.50676184489477771322 0.00000000000000000000
0.2300000000 2.41464460757562360271 0.00000000000000000000
0.2400000000 2.32679677511346838514 0.00000000000000000000
0.2500000000 2.24304552114126343199 0.00000000000000000000
0.2600000000 2.16320970141196244896 0.00000000000000000000
0.2700000000 2.08710392412332179646 0.00000000000000000000
0.2800000000 2.01454201220864703714 0.00000000000000000000
0.2900000000 1.94533984578161911472 0.00000000000000000000
0.3000000000 1.87931760841973449772 0.00000000000000000000
0.3100000000 1.81630148569154026283 0.00000000000000000000
0.3200000000 1.75612487931524108298 0.00000000000000000000
0.3300000000 1.69862920725604915617 0.00000000000000000000
0.3400000000 1.64366436082911571148 0.00000000000000000000
0.3500000000 1.59108888631150602322 0.00000000000000000000
0.3600000000 1.54076995228194224552 0.00000000000000000000
0.3700000000 1.49258315618723513829 0.00000000000000000000
0.3800000000 1.44641221544084297435 0.00000000000000000000
0.3900000000 1.40214858035741296582 0.00000000000000000000
0.4000000000 1.35969099883735333734 0.00000000000000000000
0.4100000000 1.31894505616720403296 0.00000000000000000000
0.4200000000 1.27982270768636441360 0.00000000000000000000
0.4300000000 1.24224181738653816076 0.00000000000000000000
0.4400000000 1.20612571169664994919 0.00000000000000000000
0.4500000000 1.17140275467025323231 0.00000000000000000000
0.4600000000 1.13800594842878655122 0.00000000000000000000
0.4700000000 1.10587256091497510013 0.00000000000000000000
0.4800000000 1.07494378167485971076 0.00000000000000000000
0.4900000000 1.04516440542426392035 0.00000000000000000000
0.5000000000 1.01648254248654446030 0.00000000000000000000
0.5100000000 0.98884935474769686259 0.00000000000000000000
0.5200000000 0.96221881550681542805 0.00000000000000000000
0.5300000000 0.93654749146108373647 0.00000000000000000000
0.5400000000 0.91179434501905098909 0.00000000000000000000
0.5500000000 0.88792055515667556165 0.00000000000000000000
0.5600000000 0.86488935509657083323 0.00000000000000000000
0.5700000000 0.84266588518538176888 0.00000000000000000000
0.5800000000 0.82121705945576950469 0.00000000000000000000
0.5900000000 0.80051144447929578618 0.00000000000000000000
0.6000000000 0.78051914923811882563 0.00000000000000000000
0.6100000000 0.76121172486268851021 0.00000000000000000000
0.6200000000 0.74256207319684885970 0.00000000000000000000
0.6300000000 0.72454436325876547809 0.00000000000000000000
0.6400000000 0.70713395476526308414 0.00000000000000000000
0.6500000000 0.69030732797802363265 0.00000000000000000000
0.6600000000 0.67404201921240469719 0.00000000000000000000
0.6700000000 0.65831656142381922425 0.00000000000000000000
0.6800000000 0.64311042935324602698 0.00000000000000000000
0.6900000000 0.62840398877274117329 0.00000000000000000000
0.7000000000 0.61417844942436672362 0.00000000000000000000
0.7100000000 0.60041582129291926062 0.00000000000000000000
0.7200000000 0.58709887389378156985 0.00000000000000000000
0.7300000000 0.57421109829374983313 0.00000000000000000000
0.7400000000 0.56173667161480178578 0.00000000000000000000
0.7500000000 0.54966042379864765710 0.00000000000000000000
0.7600000000 0.53796780643488040230 0.00000000000000000000
0.7700000000 0.52664486347731653826 0.00000000000000000000
0.7800000000 0.51567820369181316398 0.00000000000000000000
0.7900000000 0.50505497469630533658 0.00000000000000000000
0.8000000000 0.49476283846766605512 0.00000000000000000000
0.8100000000 0.48478994820379711639 0.00000000000000000000
0.8200000000 0.47512492643988940566 0.00000000000000000000
0.8300000000 0.46575684432869340901 0.00000000000000000000
0.8400000000 0.45667520200261041419 0.00000000000000000000
0.8500000000 0.44786990994385383891 0.00000000000000000000
0.8600000000 0.43933127129548027456 0.00000000000000000000
0.8700000000 0.43104996505211262692 0.00000000000000000000
0.8800000000 0.42301703007513768995 0.00000000000000000000
0.8900000000 0.41522384988083521629 0.00000000000000000000
0.9000000000 0.40766213815567597933 0.00000000000000000000
0.9100000000 0.40032392495528973386 0.00000000000000000000
0.9200000000 0.39320154354815400888 0.00000000000000000000
0.9300000000 0.38628761786752152663 0.00000000000000000000
0.9400000000 0.37957505053773810122 0.00000000000000000000
0.9500000000 0.37305701144458286445 0.00000000000000000000
0.9600000000 0.36672692681937579806 0.00000000000000000000
0.9700000000 0.36057846881131838668 0.00000000000000000000
0.9800000000 0.35460554552167844466 0.00000000000000000000
0.9900000000 0.34880229147807129131 0.00000000000000000000
1.0000000000 0.34316305852189521453 0.00000000000000000000
1.0100000000 0.33768240710103553104 0.00000000000000000000
1.0200000000 0.33235509793051343230 0.00000000000000000000
1.0300000000 0.32717608401188802425 0.00000000000000000000
1.0400000000 0.32214050300334279298 0.00000000000000000000
1.0500000000 0.31724366990754848672 0.00000000000000000000
1.0600000000 0.31248107007245079503 0.00000000000000000000
1.0700000000 0.30784835248783420925 0.00000000000000000000
1.0800000000 0.30334132336431707255 0.00000000000000000000
1.0900000000 0.29895593998169267547 0.00000000000000000000
1.1000000000 0.29468830479467655881 0.00000000000000000000
1.1100000000 0.29053465978407688741 0.00000000000000000000
1.1200000000 0.28649138104284999073 0.00000000000000000000
1.1300000000 0.28255497358624370730 0.00000000000000000000
1.1400000000 0.27872206637624813430 0.00000000000000000000
1.1500000000 0.27498940755085227172 0.00000000000000000000
1.1600000000 0.27135385984923260372 0.00000000000000000000
1.1700000000 0.26781239622413910428 0.00000000000000000000
1.1800000000 0.26436209563349616358 0.00000000000000000000
1.1900000000 0.26100013900340240935 0.00000000000000000000
1.2000000000 0.25772380535509809008 0.00000000000000000000
1.2100000000 0.25453046808889506769 0.00000000000000000000
1.2200000000 0.25141759141828817770 0.00000000000000000000
1.2300000000 0.24838272694789298445 0.00000000000000000000
1.2400000000 0.24542351038904361427 0.00000000000000000000
1.2500000000 0.24253765840721452918 0.00000000000000000000
1.2600000000 0.23972296559562575324 0.00000000000000000000
1.2700000000 0.23697730156982449445 0.00000000000000000000
1.2800000000 0.23429860817801215211 0.00000000000000000000
1.2900000000 0.23168489682232726312 0.00000000000000000000
1.3000000000 0.22913424588637759660 0.00000000000000000000
1.3100000000 0.22664479826465291912 0.00000000000000000000
1.3200000000 0.22421475898948114991 0.00000000000000000000
1.3300000000 0.22184239295148813764 0.00000000000000000000
1.3400000000 0.21952602270970708598 0.00000000000000000000
1.3500000000 0.21726402638759478858 0.00000000000000000000
1.3600000000 0.21505483565136274127 0.00000000000000000000
1.3700000000 0.21289693376730306484 0.00000000000000000000
1.3800000000 0.21078885373475506060 0.00000000000000000000
1.3900000000 0.20872917649169228649 0.00000000000000000000
1.4000000000 0.20671652918986671565 0.00000000000000000000
1.4100000000 0.20474958353673577971 0.00000000000000000000
1.4200000000 0.20282705420135357932 0.00000000000000000000
1.4300000000 0.20094769728169808998 0.00000000000000000000
1.4400000000 0.19911030883088084997 0.00000000000000000000
1.4500000000 0.19731372343984807105 0.00000000000000000000
1.4600000000 0.19555681287431095350 0.00000000000000000000
1.4700000000 0.19383848476365800328 0.00000000000000000000
1.4800000000 0.19215768133979804766 0.00000000000000000000
1.4900000000 0.19051337822388331178 0.00000000000000000000
1.5000000000 0.18890458325899864289 0.00000000000000000000
1.5100000000 0.18733033538697552167 0.00000000000000000000
1.5200000000 0.18578970356753735094 0.00000000000000000000
1.5300000000 0.18428178573810111152 0.00000000000000000000
1.5400000000 0.18280570781261590296 0.00000000000000000000
1.5500000000 0.18136062271783900957 0.00000000000000000000
1.5600000000 0.17994570946563517855 0.00000000000000000000
1.5700000000 0.17856017225978024210 0.00000000000000000000
1.5800000000 0.17720323963596804062 0.00000000000000000000
1.5900000000 0.17587416363368002514 0.00000000000000000000
1.6000000000 0.17457221899865071890 0.00000000000000000000
1.6100000000 0.17329670241474667836 0.00000000000000000000
1.6200000000 0.17204693176408844546 0.00000000000000000000
1.6300000000 0.17082224541430790499 0.00000000000000000000
1.6400000000 0.16962200153186943186 0.00000000000000000000
1.6500000000 0.16844557742046487037 0.00000000000000000000
1.6600000000 0.16729236888347637224 0.00000000000000000000
1.6700000000 0.16616178960957747601 0.00000000000000000000
1.6800000000 0.16505327058058980039 0.00000000000000000000
1.6900000000 0.16396625950070004007 0.00000000000000000000
1.7000000000 0.16290022024625233632 0.00000000000000000000
1.7100000000 0.16185463233529231997 0.00000000000000000000
1.7200000000 0.16082899041611095625 0.00000000000000000000
1.7300000000 0.15982280377406576921 0.00000000000000000000
1.7400000000 0.15883559585596454533 0.00000000000000000000
1.7500000000 0.15786690381135848327 0.00000000000000000000
1.7600000000 0.15691627805008201424 0.00000000000000000000
1.7700000000 0.15598328181543308357 0.00000000000000000000
1.7800000000 0.15506749077239487256 0.00000000000000000000
1.7900000000 0.15416849261033072072 0.00000000000000000000
1.8000000000 0.15328588665960124482 0.00000000000000000000
1.8100000000 0.15241928352158382043 0.00000000000000000000
1.8200000000 0.15156830471159568607 0.00000000000000000000
1.8300000000 0.15073258231421393649 0.00000000000000000000
1.8400000000 0.14991175865055733629 0.00000000000000000000
1.8500000000 0.14910548595706218933 0.00000000000000000000
1.8600000000 0.14831342607533046229 0.00000000000000000000
1.8700000000 0.14753525015264226661 0.00000000000000000000
1.8800000000 0.14677063835273226888 0.00000000000000000000
1.8900000000 0.14601927957645466361 0.00000000000000000000
1.9000000000 0.14528087119195942645 0.00000000000000000000
1.9100000000 0.14455511877405494148 0.00000000000000000000
1.9200000000 0.14384173585238646531 0.00000000000000000000
1.9300000000 0.14314044366814207554 0.00000000000000000000
1.9400000000 0.14245097093894243390 0.00000000000000000000
1.9500000000 0.14177305363164025009 0.00000000000000000000
1.9600000000 0.14110643474272829834 0.00000000000000000000
1.9700000000 0.14045086408608889461 0.00000000000000000000
1.9800000000 0.13980609808780522507 0.00000000000000000000
1.9900000000 0.13917189958780201708 0.00000000000000000000
2.0000000000 0.13854803764804021760 0.00000000000000000000
2.0100000000 0.13793428736706705995 0.00000000000000000000
2.0200000000 0.13733042970065351129 0.00000000000000000000
2.0300000000 0.13673625128833322151 0.00000000000000000000
2.0400000000 0.13615154428562117883 0.00000000000000000000
2.0500000000 0.13557610620170645888 0.00000000000000000000
2.0600000000 0.13500973974242758135 0.00000000000000000000
2.0700000000 0.13445225265834781503 0.00000000000000000000
2.0800000000 0.13390345759775201806 0.00000000000000000000
2.0900000000 0.13336317196437455501 0.00000000000000000000
2.1000000000 0.13283121777971884647 0.00000000000000000000
2.1100000000 0.13230742154978947234 0.00000000000000000000
2.1200000000 0.13179161413607912157 0.00000000000000000000
2.1300000000 0.13128363063068634875 0.00000000000000000000
2.1400000000 0.13078331023539471745 0.00000000000000000000
2.1500000000 0.13029049614458629303 0.00000000000000000000
2.1600000000 0.12980503543186514004 0.00000000000000000000
2.1700000000 0.12932677894024666165 0.00000000000000000000
2.1800000000 0.12885558117580170334 0.00000000000000000000
2.1900000000 0.12839130020464004089 0.00000000000000000000
2.2000000000 0.12793379755310138601 0.00000000000000000000
2.2100000000 0.12748293811106994888 0.00000000000000000000
2.2200000000 0.12703859003828280039 0.00000000000000000000
2.2300000000 0.12660062467354538107 0.00000000000000000000
2.2400000000 0.12616891644674868567 0.00000000000000000000
2.2500000000 0.12574334279360199762 0.00000000000000000000
2.2600000000 0.12532378407297461997 0.00000000000000000000
2.2700000000 0.12491012348677639487 0.00000000000000000000
2.2800000000 0.12450224700228290642 0.00000000000000000000
2.2900000000 0.12410004327681906089 0.00000000000000000000
2.3000000000 0.12370340358473871922 0.00000000000000000000
2.3100000000 0.12331222174660505519 0.00000000000000000000
2.3200000000 0.12292639406051134032 0.00000000000000000000
2.3300000000 0.12254581923547114286 0.00000000000000000000
2.3400000000 0.12217039832680154365 0.00000000000000000000
2.3500000000 0.12180003467344140133 0.00000000000000000000
2.3600000000 0.12143463383713981596 0.00000000000000000000
2.3700000000 0.12107410354345146675 0.00000000000000000000
2.3800000000 0.12071835362448334050 0.00000000000000000000
2.3900000000 0.12036729596333084480 0.00000000000000000000
2.4000000000 0.12002084444015675979 0.00000000000000000000
2.4100000000 0.11967891487985077292 0.00000000000000000000
2.4200000000 0.11934142500122432717 0.00000000000000000000
2.4300000000 0.11900829436769123915 0.00000000000000000000
2.4400000000 0.11867944433938364124 0.00000000000000000000
2.4500000000 0.11835479802666190596 0.00000000000000000000
2.4600000000 0.11803428024496596949 0.00000000000000000000
2.4700000000 0.11771781747097952164 0.00000000000000000000
2.4800000000 0.11740533780004512587 0.00000000000000000000
2.4900000000 0.11709677090481361572 0.00000000000000000000
2.5000000000 0.11679204799507122980 0.00000000000000000000
2.5100000000 0.11649110177871419003 0.00000000000000000000
2.5200000000 0.11619386642383669472 0.00000000000000000000
2.5300000000 0.11590027752189381582 0.00000000000000000000
2.5400000000 0.11561027205190625711 0.00000000000000000000
2.5500000000 0.11532378834567730275 0.00000000000000000000
2.5600000000 0.11504076605398851074 0.00000000000000000000
2.5700000000 0.11476114611374017838 0.00000000000000000000
2.5800000000 0.11448487071601952392 0.00000000000000000000
2.5900000000 0.11421188327505060744 0.00000000000000000000
2.6000000000 0.11394212839801423631 0.00000000000000000000
2.6100000000 0.11367555185570316079 0.00000000000000000000
2.6200000000 0.11341210055398923129 0.00000000000000000000
2.6300000000 0.11315172250607714866 0.00000000000000000000
2.6400000000 0.11289436680552220049 0.00000000000000000000
2.6500000000 0.11263998359998840526 0.00000000000000000000
2.6600000000 0.11238852406572191756 0.00000000000000000000
2.6700000000 0.11213994038272490084 0.00000000000000000000
2.6800000000 0.11189418571059926710 0.00000000000000000000
2.6900000000 0.11165121416504973639 0.00000000000000000000
2.7000000000 0.11141098079501998708 0.00000000000000000000
2.7100000000 0.11117344156044722814 0.00000000000000000000
2.7200000000 0.11093855331061133751 0.00000000000000000000
2.7300000000 0.11070627376306935163 0.00000000000000000000
2.7400000000 0.11047656148314766167 0.00000000000000000000
2.7500000000 0.11024937586398617095 0.00000000000000000000
2.7600000000 0.11002467710710996107 0.00000000000000000000
2.7700000000 0.10980242620351529648 0.00000000000000000000
2.7800000000 0.10958258491525821321 0.00000000000000000000
2.7900000000 0.10936511575752765058 0.00000000000000000000
2.8000000000 0.10914998198118681938 0.00000000000000000000
2.8100000000 0.10893714755577681152 0.00000000000000000000
2.8200000000 0.10872657715296125958 0.00000000000000000000
2.8300000000 0.10851823613040476046 0.00000000000000000000
2.8400000000 0.10831209051606685567 0.00000000000000000000
2.8500000000 0.10810810699290702985 0.00000000000000000000
2.8600000000 0.10790625288398231207 0.00000000000000000000
2.8700000000 0.10770649613793169264 0.00000000000000000000
2.8800000000 0.10750880531482949476 0.00000000000000000000
2.8900000000 0.10731314957240489782 0.00000000000000000000
2.9000000000 0.10711949865261331805 0.00000000000000000000
2.9100000000 0.10692782286854729534 0.00000000000000000000
2.9200000000 0.10673809309168420800 0.00000000000000000000
2.9300000000 0.10655028073945288503 0.00000000000000000000
2.9400000000 0.10636435776311824186 0.00000000000000000000
2.9500000000 0.10618029663596852130 0.00000000000000000000
2.9600000000 0.10599807034180193377 0.00000000000000000000
2.9700000000 0.10581765236369847227 0.00000000000000000000
2.9800000000 0.10563901667307681875 0.00000000000000000000
2.9900000000 0.10546213771901942480 0.00000000000000000000
3.0000000000 0.10528699041786701573 0.00000000000000000000
3.0100000000 0.10511355014306852929 0.00000000000000000000
3.0200000000 0.10494179271528225605 0.00000000000000000000
3.0300000000 0.10477169439272186746 0.00000000000000000000
3.0400000000 0.10460323186174008692 0.00000000000000000000
3.0500000000 0.10443638222764101142 0.00000000000000000000
3.0600000000 0.10427112300571941828 0.00000000000000000000
3.0700000000 0.10410743211251803630 0.00000000000000000000
3.0800000000 0.10394528785729661990 0.00000000000000000000
3.0900000000 0.10378466893370821844 0.00000000000000000000
3.1000000000 0.10362555441167740911 0.00000000000000000000
3.1100000000 0.10346792372947349881 0.00000000000000000000
3.1200000000 0.10331175668597421258 0.00000000000000000000
3.1300000000 0.10315703343311732887 0.00000000000000000000
3.1400000000 0.10300373446852865988 0.00000000000000000000
3.1500000000 0.10285184062832990193 0.00000000000000000000
3.1600000000 0.10270133308011555884 0.00000000000000000000
3.1700000000 0.10255219331609577438 0.00000000000000000000
3.1800000000 0.10240440314640376906 0.00000000000000000000
3.1900000000 0.10225794469255974906 0.00000000000000000000
3.2000000000 0.10211280038108773438 0.00000000000000000000
3.2100000000 0.10196895293728383547 0.00000000000000000000
3.2200000000 0.10182638537913069054 0.00000000000000000000
3.2300000000 0.10168508101135095845 0.00000000000000000000
3.2400000000 0.10154502341960250367 0.00000000000000000000
3.2500000000 0.10140619646480672489 0.00000000000000000000
3.2600000000 0.10126858427760900005 0.00000000000000000000
3.2700000000 0.10113217125296582177 0.00000000000000000000
3.2800000000 0.10099694204485719362 0.00000000000000000000
3.2900000000 0.10086288156112134529 0.00000000000000000000
3.3000000000 0.10072997495840635418 0.00000000000000000000
3.3100000000 0.10059820763723760495 0.00000000000000000000
3.3200000000 0.10046756523719743703 0.00000000000000000000
3.3300000000 0.10033803363221539817 0.00000000000000000000
3.3400000000 0.10020959892596308094 0.00000000000000000000
3.3500000000 0.10008224744735425005 0.00000000000000000000
3.3600000000 0.09995596574614791507 0.00000000000000000000
3.3700000000 0.09983074058864642442 0.00000000000000000000
3.3800000000 0.09970655895349292419 0.00000000000000000000
3.3900000000 0.09958340802756261712 0.00000000000000000000
3.4000000000 0.09946127520194456006 0.00000000000000000000
3.4100000000 0.09934014806801232111 0.00000000000000000000
3.4200000000 0.09922001441358402340 0.00000000000000000000
3.4300000000 0.09910086221916451776 0.00000000000000000000
3.4400000000 0.09898267965427286208 0.00000000000000000000
3.4500000000 0.09886545507384900122 0.00000000000000000000
3.4600000000 0.09874917701473949483 0.00000000000000000000
3.4700000000 0.09863383419226121052 0.00000000000000000000
3.4800000000 0.09851941549683805588 0.00000000000000000000
3.4900000000 0.09840590999071303913 0.00000000000000000000
3.5000000000 0.09829330690473005172 0.00000000000000000000
3.5100000000 0.09818159563518605304 0.00000000000000000000
3.5200000000 0.09807076574075074271 0.00000000000000000000
3.5300000000 0.09796080693945347084 0.00000000000000000000
3.5400000000 0.09785170910573393055 0.00000000000000000000
3.5500000000 0.09774346226755553646 0.00000000000000000000
3.5600000000 0.09763605660358266880 0.00000000000000000000
3.5700000000 0.09752948244041530212 0.00000000000000000000
3.5800000000 0.09742373024988401631 0.00000000000000000000
3.5900000000 0.09731879064640269750 0.00000000000000000000
3.6000000000 0.09721465438437484896 0.00000000000000000000
3.6100000000 0.09711131235565773068 0.00000000000000000000
3.6200000000 0.09700875558707737489 0.00000000000000000000
3.6300000000 0.09690697523799639279 0.00000000000000000000
3.6400000000 0.09680596259793308733 0.00000000000000000000
3.6500000000 0.09670570908423048451 0.00000000000000000000
3.6600000000 0.09660620623977146659 0.00000000000000000000
3.6700000000 0.09650744573074521160 0.00000000000000000000
3.6800000000 0.09640941934445604322 0.00000000000000000000
3.6900000000 0.09631211898717986775 0.00000000000000000000
3.7000000000 0.09621553668206393739 0.00000000000000000000
3.7100000000 0.09611966456706967643 0.00000000000000000000
3.7200000000 0.09602449489295780682 0.00000000000000000000
3.7300000000 0.09593002002131408024 0.00000000000000000000
3.7400000000 0.09583623242261646302 0.00000000000000000000
3.7500000000 0.09574312467434001328 0.00000000000000000000
3.7600000000 0.09565068945910104592 0.00000000000000000000
3.7700000000 0.09555891956283872612 0.00000000000000000000
3.7800000000 0.09546780787303309201 0.00000000000000000000
3.7900000000 0.09537734737695921505 0.00000000000000000000
3.8000000000 0.09528753115997580514 0.00000000000000000000
3.8100000000 0.09519835240384819097 0.00000000000000000000
3.8200000000 0.09510980438510556467 0.00000000000000000000
3.8300000000 0.09502188047342940980 0.00000000000000000000
3.8400000000 0.09493457413007529155 0.00000000000000000000
3.8500000000 0.09484787890632476182 0.00000000000000000000
3.8600000000 0.09476178844196894713 0.00000000000000000000
3.8700000000 0.09467629646382030861 0.00000000000000000000
3.8800000000 0.09459139678425607101 0.00000000000000000000
3.8900000000 0.09450708329978706190 0.00000000000000000000
3.9000000000 0.09442334998965792869 0.00000000000000000000
3.9100000000 0.09434019091447089223 0.00000000000000000000
3.9200000000 0.09425760021484015649 0.00000000000000000000
3.9300000000 0.09417557211006885587 0.00000000000000000000
3.9400000000 0.09409410089685416034 0.00000000000000000000
3.9500000000 0.09401318094801544567 0.00000000000000000000
3.9600000000 0.09393280671124841497 0.00000000000000000000
3.9700000000 0.09385297270790218804 0.00000000000000000000
3.9800000000 0.09377367353177999687 0.00000000000000000000
3.9900000000 0.09369490384796273774 0.00000000000000000000
4.0000000000 0.09361665839165518588 0.00000000000000000000
4.0100000000 0.09353893196705349855 0.00000000000000000000
4.0200000000 0.09346171944623526961 0.00000000000000000000
4.0300000000 0.09338501576806867988 0.00000000000000000000
4.0400000000 0.09330881593714400457 0.00000000000000000000
4.0500000000 0.09323311502272453588 0.00000000000000000000
4.0600000000 0.09315790815771661515 0.00000000000000000000
4.0700000000 0.09308319053765991280 0.00000000000000000000
4.0800000000 0.09300895741973540243 0.00000000000000000000
4.0900000000 0.09293520412179280543 0.00000000000000000000
4.1000000000 0.09286192602139527186 0.00000000000000000000
4.1100000000 0.09278911855488281013 0.00000000000000000000
4.1200000000 0.09271677721645091297 0.00000000000000000000
4.1300000000 0.09264489755724875097 0.00000000000000000000
4.1400000000 0.09257347518449200729 0.00000000000000000000
4.1500000000 0.09250250576059247665 0.00000000000000000000
4.1600000000 0.09243198500230395687 0.00000000000000000000
4.1700000000 0.09236190867988326725 0.00000000000000000000
4.1800000000 0.09229227261626637979 0.00000000000000000000
4.1900000000 0.09222307268626016297 0.00000000000000000000
4.2000000000 0.09215430481574786448 0.00000000000000000000
4.2100000000 0.09208596498090954041 0.00000000000000000000
4.2200000000 0.09201804920745566829 0.00000000000000000000
4.2300000000 0.09195055356987651141 0.00000000000000000000
4.2400000000 0.09188347419070198863 0.00000000000000000000
4.2500000000 0.09181680723977696246 0.00000000000000000000
4.2600000000 0.09175054893354882279 0.00000000000000000000
4.2700000000 0.09168469553436742192 0.00000000000000000000
4.2800000000 0.09161924334979727746 0.00000000000000000000
4.2900000000 0.09155418873194295926 0.00000000000000000000
4.3000000000 0.09148952807678517596 0.00000000000000000000
4.3100000000 0.09142525782352893537 0.00000000000000000000
4.3200000000 0.09136137445396326495 0.00000000000000000000
4.3300000000 0.09129787449183233983 0.00000000000000000000
4.3400000000 0.09123475450221682492 0.00000000000000000000
4.3500000000 0.09117201109092663847 0.00000000000000000000
4.3600000000 0.09110964090390417935 0.00000000000000000000
4.3700000000 0.09104764062663728286 0.00000000000000000000
4.3800000000 0.09098600698358354222 0.00000000000000000000
4.3900000000 0.09092473673760295694 0.00000000000000000000
4.4000000000 0.09086382668940158613 0.00000000000000000000
4.4100000000 0.09080327367698445840 0.00000000000000000000
4.4200000000 0.09074307457511704422 0.00000000000000000000
4.4300000000 0.09068322629479717845 0.00000000000000000000
4.4400000000 0.09062372578273497625 0.00000000000000000000
4.4500000000 0.09056457002084185304 0.00000000000000000000
4.4600000000 0.09050575602572857870 0.00000000000000000000
4.4700000000 0.09044728084821115899 0.00000000000000000000
4.4800000000 0.09038914157282533501 0.00000000000000000000
4.4900000000 0.09033133531734960364 0.00000000000000000000
4.5000000000 0.09027385923233524623 0.00000000000000000000
4.5100000000 0.09021671050064569708 0.00000000000000000000
4.5200000000 0.09015988633700189325 0.00000000000000000000
4.5300000000 0.09010338398753657552 0.00000000000000000000
4.5400000000 0.09004720072935519515 0.00000000000000000000
4.5500000000 0.08999133387010446739 0.00000000000000000000
4.5600000000 0.08993578074754747520 0.00000000000000000000
4.5700000000 0.08988053872914704423 0.00000000000000000000
4.5800000000 0.08982560521165401657 0.00000000000000000000
4.5900000000 0.08977097762070471165 0.00000000000000000000
4.6000000000 0.08971665341042202313 0.00000000000000000000
4.6100000000 0.08966263006302617466 0.00000000000000000000
4.6200000000 0.08960890508844902846 0.00000000000000000000
4.6300000000 0.08955547602395660944 0.00000000000000000000
4.6400000000 0.08950234043377676418 0.00000000000000000000
4.6500000000 0.08944949590873302325 0.00000000000000000000
4.6600000000 0.08939694006588458364 0.00000000000000000000
4.6700000000 0.08934467054817164799 0.00000000000000000000
4.6800000000 0.08929268502406698116 0.00000000000000000000
4.6900000000 0.08924098118723251816 0.00000000000000000000
4.7000000000 0.08918955675618187029 0.00000000000000000000
4.7100000000 0.08913840947394778558 0.00000000000000000000
4.7200000000 0.08908753710775553503 0.00000000000000000000
4.7300000000 0.08903693744870057325 0.00000000000000000000
4.7400000000 0.08898660831143236083 0.00000000000000000000
4.7500000000 0.08893654753384190592 0.00000000000000000000
4.7600000000 0.08888675297675527331 0.00000000000000000000
4.7700000000 0.08883722252363171479 0.00000000000000000000
4.7800000000 0.08878795408026594893 0.00000000000000000000
4.7900000000 0.08873894557449575615 0.00000000000000000000
4.8000000000 0.08869019495591365376 0.00000000000000000000
4.8100000000 0.08864170019558333113 0.00000000000000000000
4.8200000000 0.08859345928576045637 0.00000000000000000000
4.8300000000 0.08854547023961763241 0.00000000000000000000
4.8400000000 0.08849773109097369694 0.00000000000000000000
4.8500000000 0.08845023989402718556 0.00000000000000000000
4.8600000000 0.08840299472309408324 0.00000000000000000000
4.8700000000 0.08835599367234908685 0.00000000000000000000
4.8800000000 0.08830923485557136410 0.00000000000000000000
4.8900000000 0.08826271640589386513 0.00000000000000000000
4.9000000000 0.08821643647555650614 0.00000000000000000000
4.9100000000 0.08817039323566330800 0.00000000000000000000
4.9200000000 0.08812458487594261591 0.00000000000000000000
4.9300000000 0.08807900960451191252 0.00000000000000000000
4.9400000000 0.08803366564764524005 0.00000000000000000000
4.9500000000 0.08798855124954463314 0.00000000000000000000
4.9600000000 0.08794366467211454930 0.00000000000000000000
4.9700000000 0.08789900419474055981 0.00000000000000000000
4.9800000000 0.08785456811407028888 0.00000000000000000000
4.9900000000 0.08781035474379797479 0.00000000000000000000
5.0000000000 0.08776636241445286146 0.00000000000000000000
