0.1000000000 3.15143693102450184185 0.00000000000000000000
0.1100000000 3.06231999537888777141 0.00000000000000000000
0.1200000000 2.97516535287978722835 0.00000000000000000000
0.1300000000 2.88998948303466773879 0.00000000000000000000
0.1400000000 2.80680381951153545828 0.00000000000000000000
0.1500000000 2.72561492763380419646 0.00000000000000000000
0.1600000000 2.64642470985931854699 0.00000000000000000000
0.1700000000 2.56923063439429677501 0.00000000000000000000
0.1800000000 2.49402598218274640374 0.00000000000000000000
0.1900000000 2.42080010770772968698 0.00000000000000000000
0.2000000000 2.34953870932059061261 0.00000000000000000000
0.2100000000 2.28022410515607276693 0.00000000000000000000
0.2200000000 2.21283551107436693428 0.00000000000000000000
0.2300000000 2.14734931747709900662 0.00000000000000000000
0.2400000000 2.08373936225715361559 0.00000000000000000000
0.2500000000 2.02197719754902083267 0.00000000000000000000
0.2600000000 1.96203234833673856308 0.00000000000000000000
0.2700000000 1.90387256134320104195 0.00000000000000000000
0.2800000000 1.84746404296238475595 0.00000000000000000000
0.2900000000 1.79277168530196417962 0.00000000000000000000
0.3000000000 1.73975927967669408147 0.00000000000000000000
0.3100000000 1.68838971713269581088 0.00000000000000000000
0.3200000000 1.63862517579061028883 0.00000000000000000000
0.3300000000 1.59042729497315549203 0.00000000000000000000
0.3400000000 1.54375733623215927182 0.00000000000000000000
0.3500000000 1.49857633151412006356 0.00000000000000000000
0.3600000000 1.45484521880428863128 0.00000000000000000000
0.3700000000 1.41252496566969698577 0.00000000000000000000
0.3800000000 1.37157668118398290424 0.00000000000000000000
0.3900000000 1.33196171676350982871 0.00000000000000000000
0.4000000000 1.29364175647729040541 0.00000000000000000000
0.4100000000 1.25657889741452222232 0.00000000000000000000
0.4200000000 1.22073572070498315156 0.00000000000000000000
0.4300000000 1.18607535379050443858 0.00000000000000000000
0.4400000000 1.15256152454171956201 0.00000000000000000000
0.4500000000 1.12015860780464615587 0.00000000000000000000
0.4600000000 1.08883166494716543404 0.00000000000000000000
0.4700000000 1.05854647695741466151 0.00000000000000000000
0.4800000000 1.02926957162507837218 0.00000000000000000000
0.4900000000 1.00096824531339767539 0.00000000000000000000
0.5000000000 0.97361057980503273868 0.00000000000000000000
0.5100000000 0.94716545467914892154 0.00000000000000000000
0.5200000000 0.92160255565088244900 0.00000000000000000000
0.5300000000 0.89689237927781806370 0.00000000000000000000
0.5400000000 0.87300623441185409845 0.00000000000000000000
0.5500000000 0.84991624074893479257 0.00000000000000000000
0.5600000000 0.82759532480380593178 0.00000000000000000000
0.5700000000 0.80601721361254730081 0.00000000000000000000
0.5800000000 0.78515642644200633882 0.00000000000000000000
0.5900000000 0.76498826476277848041 0.00000000000000000000
0.6000000000 0.74548880072093848259 0.00000000000000000000
0.6100000000 0.72663486432338819654 0.00000000000000000000
0.6200000000 0.70840402953262593400 0.00000000000000000000
0.6300000000 0.69077459944871777431 0.00000000000000000000
0.6400000000 0.67372559073945503805 0.00000000000000000000
0.6500000000 0.65723671746406364669 0.00000000000000000000
0.6600000000 0.64128837442123276524 0.00000000000000000000
0.6700000000 0.62586162013877078003 0.00000000000000000000
0.6800000000 0.61093815960975050849 0.00000000000000000000
0.6900000000 0.59650032686854370656 0.00000000000000000000
0.7000000000 0.58253106748958816130 0.00000000000000000000
0.7100000000 0.56901392108217896393 0.00000000000000000000
0.7200000000 0.55593300384560762062 0.00000000000000000000
0.7300000000 0.54327299124104722061 0.00000000000000000000
0.7400000000 0.53101910082927872292 0.00000000000000000000
0.7500000000 0.51915707531666477337 0.00000000000000000000
0.7600000000 0.50767316584571020588 0.00000000000000000000
0.7700000000 0.49655411556140310880 0.00000000000000000000
0.7800000000 0.48578714347919171868 0.00000000000000000000
0.7900000000 0.47535992867654697225 0.00000000000000000000
0.8000000000 0.46526059482568704606 0.00000000000000000000
0.8100000000 0.45547769508192154087 0.00000000000000000000
0.8200000000 0.44600019733850743142 0.00000000000000000000
0.8300000000 0.43681746985651292992 0.00000000000000000000
0.8400000000 0.42791926727540074982 0.00000000000000000000
0.8500000000 0.41929571700804640910 0.00000000000000000000
0.8600000000 0.41093730602187494849 0.00000000000000000000
0.8700000000 0.40283486800615875278 0.00000000000000000000
0.8800000000 0.39497957092395857837 0.00000000000000000000
0.8900000000 0.38736290494608155432 0.00000000000000000000
0.9000000000 0.37997667076300506439 0.00000000000000000000
0.9100000000 0.37281296827018611806 0.00000000000000000000
0.9200000000 0.36586418562105793573 0.00000000000000000000
0.9300000000 0.35912298864123776143 0.00000000000000000000
0.9400000000 0.35258231059725098078 0.00000000000000000000
0.9500000000 0.34623534231244229575 0.00000000000000000000
0.9600000000 0.34007552262211382388 0.00000000000000000000
0.9700000000 0.33409652916012350099 0.00000000000000000000
0.9800000000 0.32829226946831041589 0.00000000000000000000
0.9900000000 0.32265687242098134435 0.00000000000000000000
1.0000000000 0.31718467995492344302 0.00000000000000000000
1.0100000000 0.31187023909652156206 0.00000000000000000000
1.0200000000 0.30670829427834783720 0.00000000000000000000
1.0300000000 0.30169377993657942039 0.00000000000000000000
1.0400000000 0.29682181337762125750 0.00000000000000000000
1.0500000000 0.29208768790959932504 0.00000000000000000000
1.0600000000 0.28748686622780544875 0.00000000000000000000
1.0700000000 0.28301497404648218170 0.00000000000000000000
1.0800000000 0.27866779396863283758 0.00000000000000000000
1.0900000000 0.27444125958594839387 0.00000000000000000000
1.1000000000 0.27033144980085754838 0.00000000000000000000
1.1100000000 0.26633458336321180759 0.00000000000000000000
1.1200000000 0.26244701361384104032 0.00000000000000000000
1.1300000000 0.25866522342785930322 0.00000000000000000000
1.1400000000 0.25498582035046324368 0.00000000000000000000
1.1500000000 0.25140553191834791313 0.00000000000000000000
1.1600000000 0.24792120115994420448 0.00000000000000000000
1.1700000000 0.24452978226795238359 0.00000000000000000000
1.1800000000 0.24122833643780636215 0.00000000000000000000
1.1900000000 0.23801402786587938509 0.00000000000000000000
1.2000000000 0.23488411990154831055 0.00000000000000000000
1.2100000000 0.23183597134718372801 0.00000000000000000000
1.2200000000 0.22886703290066481853 0.00000000000000000000
1.2300000000 0.22597484373485743347 0.00000000000000000000
1.2400000000 0.22315702820893670855 0.00000000000000000000
1.2500000000 0.22041129270646092619 0.00000000000000000000
1.2600000000 0.21773542259536107779 0.00000000000000000000
1.2700000000 0.21512727930513794727 0.00000000000000000000
1.2800000000 0.21258479751675102287 0.00000000000000000000
1.2900000000 0.21010598246082137774 0.00000000000000000000
1.3000000000 0.20768890731996733634 0.00000000000000000000
1.3100000000 0.20533171073120404237 0.00000000000000000000
1.3200000000 0.20303259438452142538 0.00000000000000000000
1.3300000000 0.20078982071386455854 0.00000000000000000000
1.3400000000 0.19860171067693821456 0.00000000000000000000
1.3500000000 0.19646664162031729495 0.00000000000000000000
1.3600000000 0.19438304522655894258 0.00000000000000000000
1.3700000000 0.19234940554005705571 0.00000000000000000000
1.3800000000 0.19036425706858770002 0.00000000000000000000
1.3900000000 0.18842618295753699176 0.00000000000000000000
1.4000000000 0.18653381323397164038 0.00000000000000000000
1.4100000000 0.18468582311779024874 0.00000000000000000000
1.4200000000 0.18288093139733418990 0.00000000000000000000
1.4300000000 0.18111789886689799722 0.00000000000000000000
1.4400000000 0.17939552682370979442 0.00000000000000000000
1.4500000000 0.17771265562204893729 0.00000000000000000000
1.4600000000 0.17606816328223418022 0.00000000000000000000
1.4700000000 0.17446096415234046972 0.00000000000000000000
1.4800000000 0.17289000762054429483 0.00000000000000000000
1.4900000000 0.17135427687613108416 0.00000000000000000000
1.5000000000 0.16985278771723599789 0.00000000000000000000
1.5100000000 0.16838458740348302700 0.00000000000000000000
1.5200000000 0.16694875355175756160 0.00000000000000000000
1.5300000000 0.16554439307342297405 0.00000000000000000000
1.5400000000 0.16417064115134841207 0.00000000000000000000
1.5500000000 0.16282666025520242670 0.00000000000000000000
1.5600000000 0.16151163919348415776 0.00000000000000000000
1.5700000000 0.16022479220088606255 0.00000000000000000000
1.5800000000 0.15896535805959050025 0.00000000000000000000
1.5900000000 0.15773259925317154040 0.00000000000000000000
1.6000000000 0.15652580115184097642 0.00000000000000000000
1.6100000000 0.15534427122781210850 0.00000000000000000000
1.6200000000 0.15418733829960684645 0.00000000000000000000
1.6300000000 0.15305435180417875651 0.00000000000000000000
1.6400000000 0.15194468109578754267 0.00000000000000000000
1.6500000000 0.15085771477056073020 0.00000000000000000000
1.6600000000 0.14979286001578115406 0.00000000000000000000
1.6700000000 0.14874954198291037710 0.00000000000000000000
1.6800000000 0.14772720318345605728 0.00000000000000000000
1.6900000000 0.14672530290679727805 0.00000000000000000000
1.7000000000 0.14574331665911174905 0.00000000000000000000
1.7100000000 0.14478073562260615481 0.00000000000000000000
1.7200000000 0.14383706613426941456 0.00000000000000000000
1.7300000000 0.14291182918339093155 0.00000000000000000000
1.7400000000 0.14200455992713917341 0.00000000000000000000
1.7500000000 0.14111480722350555617 0.00000000000000000000
1.7600000000 0.14024213318094319591 0.00000000000000000000
1.7700000000 0.13938611272408577002 0.00000000000000000000
1.7800000000 0.13854633317491213407 0.00000000000000000000
1.7900000000 0.13772239384879184088 0.00000000000000000000
1.8000000000 0.13691390566483227498 0.00000000000000000000
1.8100000000 0.13612049077000171193 0.00000000000000000000
1.8200000000 0.13534178217649506237 0.00000000000000000000
1.8300000000 0.13457742341185113810 0.00000000000000000000
1.8400000000 0.13382706818134998406 0.00000000000000000000
1.8500000000 0.13309038004221360185 0.00000000000000000000
1.8600000000 0.13236703208917596775 0.00000000000000000000
1.8700000000 0.13165670665101600334 0.00000000000000000000
1.8800000000 0.13095909499760033379 0.00000000000000000000
1.8900000000 0.13027389705710171186 0.00000000000000000000
1.9000000000 0.12960082114296972433 0.00000000000000000000
1.9100000000 0.12893958369031127686 0.00000000000000000000
1.9200000000 0.12828990900134235043 0.00000000000000000000
1.9300000000 0.12765152899955392596 0.00000000000000000000
1.9400000000 0.12702418299229326082 0.00000000000000000000
1.9500000000 0.12640761744143749756 0.00000000000000000000
1.9600000000 0.12580158574186872666 0.00000000000000000000
1.9700000000 0.12520584800746442644 0.00000000000000000000
1.9800000000 0.12462017086433364865 0.00000000000000000000
1.9900000000 0.12404432725102325363 0.00000000000000000000
2.0000000000 0.12347809622545703745 0.00000000000000000000
2.0100000000 0.12292126277835248305 0.00000000000000000000
2.0200000000 0.12237361765288155835 0.00000000000000000000
2.0300000000 0.12183495717035859596 0.00000000000000000000
2.0400000000 0.12130508306172878286 0.00000000000000000000
2.0500000000 0.12078380230465600442 0.00000000000000000000
2.0600000000 0.12027092696600860666 0.00000000000000000000
2.0700000000 0.11976627404954143241 0.00000000000000000000
2.0800000000 0.11926966534860251878 0.00000000000000000000
2.0900000000 0.11878092730367789676 0.00000000000000000000
2.1000000000 0.11829989086460254710 0.00000000000000000000
2.1100000000 0.11782639135727544788 0.00000000000000000000
2.1200000000 0.11736026835471681518 0.00000000000000000000
2.1300000000 0.11690136555231701865 0.00000000000000000000
2.1400000000 0.11644953064712752766 0.00000000000000000000
2.1500000000 0.11600461522105838530 0.00000000000000000000
2.1600000000 0.11556647462782906888 0.00000000000000000000
2.1700000000 0.11513496788356809841 0.00000000000000000000
2.1800000000 0.11470995756090937578 0.00000000000000000000
2.1900000000 0.11429130968647550903 0.00000000000000000000
2.2000000000 0.11387889364163306105 0.00000000000000000000
2.2100000000 0.11347258206640092881 0.00000000000000000000
2.2200000000 0.11307225076640288475 0.00000000000000000000
2.2300000000 0.11267777862276558143 0.00000000000000000000
2.2400000000 0.11228904750485642350 0.00000000000000000000
2.2500000000 0.11190594218576295493 0.00000000000000000000
2.2600000000 0.11152835026042415278 0.00000000000000000000
2.2700000000 0.11115616206632168705 0.00000000000000000000
2.2800000000 0.11078927060664292559 0.00000000000000000000
2.2900000000 0.11042757147583376343 0.00000000000000000000
2.3000000000 0.11007096278745802376 0.00000000000000000000
2.3100000000 0.10971934510428994758 0.00000000000000000000
2.3200000000 0.10937262137056173728 0.00000000000000000000
2.3300000000 0.10903069684629114466 0.00000000000000000000
2.3400000000 0.10869347904362641755 0.00000000000000000000
2.3500000000 0.10836087766513589903 0.00000000000000000000
2.3600000000 0.10803280454397937160 0.00000000000000000000
2.3700000000 0.10770917358589643387 0.00000000000000000000
2.3800000000 0.10738990071295763384 0.00000000000000000000
2.3900000000 0.10707490380901285576 0.00000000000000000000
2.4000000000 0.10676410266678630634 0.00000000000000000000
2.4100000000 0.10645741893656004984 0.00000000000000000000
2.4200000000 0.10615477607639865754 0.00000000000000000000
2.4300000000 0.10585609930385807276 0.00000000000000000000
2.4400000000 0.10556131554913977810 0.00000000000000000000
2.4500000000 0.10527035340963011856 0.00000000000000000000
2.4600000000 0.10498314310579512365 0.00000000000000000000
2.4700000000 0.10469961643837182030 0.00000000000000000000
2.4800000000 0.10441970674682736486 0.00000000000000000000
2.4900000000 0.10414334886903450772 0.00000000000000000000
2.5000000000 0.10387047910213258184 0.00000000000000000000
2.5100000000 0.10360103516453077199 0.00000000000000000000
2.5200000000 0.10333495615901824860 0.00000000000000000000
2.5300000000 0.10307218253694674925 0.00000000000000000000
2.5400000000 0.10281265606345399433 0.00000000000000000000
2.5500000000 0.10255631978368755231 0.00000000000000000000
2.5600000000 0.10230311799000454953 0.00000000000000000000
2.5700000000 0.10205299619011445889 0.00000000000000000000
2.5800000000 0.10180590107613431139 0.00000000000000000000
2.5900000000 0.10156178049452599388 0.00000000000000000000
2.6000000000 0.10132058341689434422 0.00000000000000000000
2.6100000000 0.10108225991161096102 0.00000000000000000000
2.6200000000 0.10084676111624432671 0.00000000000000000000
2.6300000000 0.10061403921076908508 0.00000000000000000000
2.6400000000 0.10038404739152706480 0.00000000000000000000
2.6500000000 0.10015673984592406154 0.00000000000000000000
2.6600000000 0.09993207172783338810 0.00000000000000000000
2.6700000000 0.09970999913368533418 0.00000000000000000000
2.6800000000 0.09949047907922464740 0.00000000000000000000
2.6900000000 0.09927346947691352563 0.00000000000000000000
2.7000000000 0.09905892911395992873 0.00000000000000000000
2.7100000000 0.09884681763095176654 0.00000000000000000000
2.7200000000 0.09863709550108168411 0.00000000000000000000
2.7300000000 0.09842972400994119686 0.00000000000000000000
2.7400000000 0.09822466523586827203 0.00000000000000000000
2.7500000000 0.09802188203083235518 0.00000000000000000000
2.7600000000 0.09782133800183902272 0.00000000000000000000
2.7700000000 0.09762299749283986916 0.00000000000000000000
2.7800000000 0.09742682556713286313 0.00000000000000000000
2.7900000000 0.09723278799023735153 0.00000000000000000000
2.8000000000 0.09704085121323050012 0.00000000000000000000
2.8100000000 0.09685098235653065435 0.00000000000000000000
2.8200000000 0.09666314919411614359 0.00000000000000000000
2.8300000000 0.09647732013816336105 0.00000000000000000000
2.8400000000 0.09629346422409681971 0.00000000000000000000
2.8500000000 0.09611155109603303215 0.00000000000000000000
2.8600000000 0.09593155099261110874 0.00000000000000000000
2.8700000000 0.09575343473319865295 0.00000000000000000000
2.8800000000 0.09557717370445831251 0.00000000000000000000
2.8900000000 0.09540273984726956036 0.00000000000000000000
2.9000000000 0.09523010564398969036 0.00000000000000000000
2.9100000000 0.09505924410605118280 0.00000000000000000000
2.9200000000 0.09489012876187896683 0.00000000000000000000
2.9300000000 0.09472273364512190374 0.00000000000000000000
2.9400000000 0.09455703328318960932 0.00000000000000000000
2.9500000000 0.09439300268608528943 0.00000000000000000000
2.9600000000 0.09423061733552434704 0.00000000000000000000
2.9700000000 0.09406985317433459726 0.00000000000000000000
2.9800000000 0.09391068659612511471 0.00000000000000000000
2.9900000000 0.09375309443522171493 0.00000000000000000000
3.0000000000 0.09359705395685624651 0.00000000000000000000
3.0100000000 0.09344254284760483698 0.00000000000000000000
3.0200000000 0.09328953920607035988 0.00000000000000000000
3.0300000000 0.09313802153379747983 0.00000000000000000000
3.0400000000 0.09298796872641819367 0.00000000000000000000
3.0500000000 0.09283936006501788962 0.00000000000000000000
3.0600000000 0.09269217520771867724 0.00000000000000000000
3.0700000000 0.09254639418147249386 0.00000000000000000000
3.0800000000 0.09240199737405806191 0.00000000000000000000
3.0900000000 0.09225896552627643743 0.00000000000000000000
3.1000000000 0.09211727972433973732 0.00000000000000000000
3.1100000000 0.09197692139244850740 0.00000000000000000000
3.1200000000 0.09183787228555001514 0.00000000000000000000
3.1300000000 0.09170011448227513573 0.00000000000000000000
3.1400000000 0.09156363037804908511 0.00000000000000000000
3.1500000000 0.09142840267836743751 0.00000000000000000000
3.1600000000 0.09129441439223878740 0.00000000000000000000
3.1700000000 0.09116164882578463302 0.00000000000000000000
3.1800000000 0.09103008957599496853 0.00000000000000000000
3.1900000000 0.09089972052463264618 0.00000000000000000000
3.2000000000 0.09077052583228781280 0.00000000000000000000
3.2100000000 0.09064248993257129072 0.00000000000000000000
3.2200000000 0.09051559752645005341 0.00000000000000000000
3.2300000000 0.09038983357671517838 0.00000000000000000000
3.2400000000 0.09026518330258229139 0.00000000000000000000
3.2500000000 0.09014163217442137943 0.00000000000000000000
3.2600000000 0.09001916590860951917 0.00000000000000000000
3.2700000000 0.08989777046250593817 0.00000000000000000000
3.2800000000 0.08977743202954419077 0.00000000000000000000
3.2900000000 0.08965813703444118488 0.00000000000000000000
3.3000000000 0.08953987212851682864 0.00000000000000000000
3.3100000000 0.08942262418512375577 0.00000000000000000000
3.3200000000 0.08930638029518195298 0.00000000000000000000
3.3300000000 0.08919112776281931665 0.00000000000000000000
3.3400000000 0.08907685410111006175 0.00000000000000000000
3.3500000000 0.08896354702791445246 0.00000000000000000000
3.3600000000 0.08885119446181113934 0.00000000000000000000
3.3700000000 0.08873978451812603030 0.00000000000000000000
3.3800000000 0.08862930550504941052 0.00000000000000000000
3.3900000000 0.08851974591984193563 0.00000000000000000000
3.4000000000 0.08841109444512902649 0.00000000000000000000
3.4100000000 0.08830333994527674035 0.00000000000000000000
3.4200000000 0.08819647146285038153 0.00000000000000000000
3.4300000000 0.08809047821515433863 0.00000000000000000000
3.4400000000 0.08798534959084777785 0.00000000000000000000
3.4500000000 0.08788107514663671960 0.00000000000000000000
3.4600000000 0.08777764460404161029 0.00000000000000000000
3.4700000000 0.08767504784623507408 0.00000000000000000000
3.4800000000 0.08757327491495062177 0.00000000000000000000
3.4900000000 0.08747231600746060987 0.00000000000000000000
3.5000000000 0.08737216147361981378 0.00000000000000000000
3.5100000000 0.08727280181297508710 0.00000000000000000000
3.5200000000 0.08717422767193855337 0.00000000000000000000
3.5300000000 0.08707642984102242911 0.00000000000000000000
3.5400000000 0.08697939925213443724 0.00000000000000000000
3.5500000000 0.08688312697593197909 0.00000000000000000000
3.5600000000 0.08678760421923428781 0.00000000000000000000
3.5700000000 0.08669282232249075903 0.00000000000000000000
3.5800000000 0.08659877275730365476 0.00000000000000000000
3.5900000000 0.08650544712400394520 0.00000000000000000000
3.6000000000 0.08641283714928035820 0.00000000000000000000
3.6100000000 0.08632093468385836077 0.00000000000000000000
3.6200000000 0.08622973170022886491 0.00000000000000000000
3.6300000000 0.08613922029042556106 0.00000000000000000000
3.6400000000 0.08604939266385019936 0.00000000000000000000
3.6500000000 0.08596024114514241865 0.00000000000000000000
3.6600000000 0.08587175817209617701 0.00000000000000000000
3.6700000000 0.08578393629361928674 0.00000000000000000000
3.6800000000 0.08569676816773584560 0.00000000000000000000
3.6900000000 0.08561024655963139773 0.00000000000000000000
3.7000000000 0.08552436433973759078 0.00000000000000000000
3.7100000000 0.08543911448185870228 0.00000000000000000000
3.7200000000 0.08535449006133494221 0.00000000000000000000
3.7300000000 0.08527048425324529335 0.00000000000000000000
3.7400000000 0.08518709033064759961 0.00000000000000000000
3.7500000000 0.08510430166285405662 0.00000000000000000000
3.7600000000 0.08502211171374310372 0.00000000000000000000
3.7700000000 0.08494051404010485862 0.00000000000000000000
3.7800000000 0.08485950229002188483 0.00000000000000000000
3.7900000000 0.08477907020128186422 0.00000000000000000000
3.8000000000 0.08469921159982246595 0.00000000000000000000
3.8100000000 0.08461992039820899481 0.00000000000000000000
3.8200000000 0.08454119059414147430 0.00000000000000000000
3.8300000000 0.08446301626899262172 0.00000000000000000000
3.8400000000 0.08438539158637541060 0.00000000000000000000
3.8500000000 0.08430831079073808354 0.00000000000000000000
3.8600000000 0.08423176820598955727 0.00000000000000000000
3.8700000000 0.08415575823414979395 0.00000000000000000000
3.8800000000 0.08408027535402910757 0.00000000000000000000
3.8900000000 0.08400531411993200637 0.00000000000000000000
3.9000000000 0.08393086916038834666 0.00000000000000000000
3.9100000000 0.08385693517690732957 0.00000000000000000000
3.9200000000 0.08378350694275933652 0.00000000000000000000
3.9300000000 0.08371057930177784601 0.00000000000000000000
3.9400000000 0.08363814716718737108 0.00000000000000000000
3.9500000000 0.08356620552045414263 0.00000000000000000000
3.9600000000 0.08349474941015805340 0.00000000000000000000
3.9700000000 0.08342377395088705627 0.00000000000000000000
3.9800000000 0.08335327432215326737 0.00000000000000000000
3.9900000000 0.08328324576732970552 0.00000000000000000000
4.0000000000 0.08321368359260747360 0.00000000000000000000
4.0100000000 0.08314458316597336807 0.00000000000000000000
4.0200000000 0.08307593991620619567 0.00000000000000000000
4.0300000000 0.08300774933189349059 0.00000000000000000000
4.0400000000 0.08294000696046606447 0.00000000000000000000
4.0500000000 0.08287270840725126375 0.00000000000000000000
4.0600000000 0.08280584933454393504 0.00000000000000000000
4.0700000000 0.08273942546069516790 0.00000000000000000000
4.0800000000 0.08267343255921838496 0.00000000000000000000
4.0900000000 0.08260786645791173832 0.00000000000000000000
4.1000000000 0.08254272303799733979 0.00000000000000000000
4.1100000000 0.08247799823327651991 0.00000000000000000000
4.1200000000 0.08241368802930081061 0.00000000000000000000
4.1300000000 0.08234978846255835983 0.00000000000000000000
4.1400000000 0.08228629561967533423 0.00000000000000000000
4.1500000000 0.08222320563663235160 0.00000000000000000000
4.1600000000 0.08216051469799512397 0.00000000000000000000
4.1700000000 0.08209821903615933947 0.00000000000000000000
4.1800000000 0.08203631493060968560 0.00000000000000000000
4.1900000000 0.08197479870719147355 0.00000000000000000000
4.2000000000 0.08191366673739713944 0.00000000000000000000
4.2100000000 0.08185291543766418099 0.00000000000000000000
4.2200000000 0.08179254126868676367 0.00000000000000000000
4.2300000000 0.08173254073473988635 0.00000000000000000000
4.2400000000 0.08167291038301473238 0.00000000000000000000
4.2500000000 0.08161364680296698260 0.00000000000000000000
4.2600000000 0.08155474662567666067 0.00000000000000000000
4.2700000000 0.08149620652321956649 0.00000000000000000000
4.2800000000 0.08143802320804878481 0.00000000000000000000
4.2900000000 0.08138019343238919734 0.00000000000000000000
4.3000000000 0.08132271398764101544 0.00000000000000000000
4.3100000000 0.08126558170379494239 0.00000000000000000000
4.3200000000 0.08120879344885675866 0.00000000000000000000
4.3300000000 0.08115234612828327310 0.00000000000000000000
4.3400000000 0.08109623668442728084 0.00000000000000000000
4.3500000000 0.08104046209599247153 0.00000000000000000000
4.3600000000 0.08098501937749771895 0.00000000000000000000
4.3700000000 0.08092990557875145985 0.00000000000000000000
4.3800000000 0.08087511778433402465 0.00000000000000000000
4.3900000000 0.08082065311309034883 0.00000000000000000000
4.4000000000 0.08076650871762984518 0.00000000000000000000
4.4100000000 0.08071268178383658731 0.00000000000000000000
4.4200000000 0.08065916953038677895 0.00000000000000000000
4.4300000000 0.08060596920827531320 0.00000000000000000000
4.4400000000 0.08055307810034909033 0.00000000000000000000
4.4500000000 0.08050049352085018872 0.00000000000000000000
4.4600000000 0.08044821281496565557 0.00000000000000000000
4.4700000000 0.08039623335838469442 0.00000000000000000000
4.4800000000 0.08034455255686465125 0.00000000000000000000
4.4900000000 0.08029316784580278754 0.00000000000000000000
4.5000000000 0.08024207668981674091 0.00000000000000000000
4.5100000000 0.08019127658233049516 0.00000000000000000000
4.5200000000 0.08014076504516898236 0.00000000000000000000
4.5300000000 0.08009053962815837480 0.00000000000000000000
4.5400000000 0.08004059790873292723 0.00000000000000000000
4.5500000000 0.07999093749154935484 0.00000000000000000000
4.5600000000 0.07994155600810690099 0.00000000000000000000
4.5700000000 0.07989245111637317820 0.00000000000000000000
4.5800000000 0.07984362050041805825 0.00000000000000000000
4.5900000000 0.07979506187005122597 0.00000000000000000000
4.6000000000 0.07974677296046760178 0.00000000000000000000
4.6100000000 0.07969875153189753814 0.00000000000000000000
4.6200000000 0.07965099536926326107 0.00000000000000000000
4.6300000000 0.07960350228184021049 0.00000000000000000000
4.6400000000 0.07955627010292525003 0.00000000000000000000
4.6500000000 0.07950929668950856843 0.00000000000000000000
4.6600000000 0.07946257992195228381 0.00000000000000000000
4.6700000000 0.07941611770367330847 0.00000000000000000000
4.6800000000 0.07936990796083209787 0.00000000000000000000
4.6900000000 0.07932394864202586826 0.00000000000000000000
4.7000000000 0.07927823771798686581 0.00000000000000000000
4.7100000000 0.07923277318128528479 0.00000000000000000000
4.7200000000 0.07918755304603754264 0.00000000000000000000
4.7300000000 0.07914257534761882928 0.00000000000000000000
4.7400000000 0.07909783814237954236 0.00000000000000000000
4.7500000000 0.07905333950736752324 0.00000000000000000000
4.7600000000 0.07900907754005376260 0.00000000000000000000
4.7700000000 0.07896505035806275496 0.00000000000000000000
4.7800000000 0.07892125609890675297 0.00000000000000000000
4.7900000000 0.07887769291972493435 0.00000000000000000000
4.8000000000 0.07883435899702574690 0.00000000000000000000
4.8100000000 0.07879125252643409683 0.00000000000000000000
4.8200000000 0.07874837172244178451 0.00000000000000000000
4.8300000000 0.07870571481816214521 0.00000000000000000000
4.8400000000 0.07866328006508871429 0.00000000000000000000
4.8500000000 0.07862106573285702893 0.00000000000000000000
4.8600000000 0.07857907010901062084 0.00000000000000000000
4.8700000000 0.07853729149877082538 0.00000000000000000000
4.8800000000 0.07849572822480883894 0.00000000000000000000
4.8900000000 0.07845437862702295262 0.00000000000000000000
4.9000000000 0.07841324106231811752 0.00000000000000000000
4.9100000000 0.07837231390438910428 0.00000000000000000000
4.9200000000 0.07833159554350704878 0.00000000000000000000
4.9300000000 0.07829108438630921762 0.00000000000000000000
4.9400000000 0.07825077885559195146 0.00000000000000000000
4.9500000000 0.07821067739010657827 0.00000000000000000000
4.9600000000 0.07817077844435858791 0.00000000000000000000
4.9700000000 0.07813108048841004016 0.00000000000000000000
4.9800000000 0.07809158200768398506 0.00000000000000000000
4.9900000000 0.07805228150277324084 0.00000000000000000000
5.0000000000 0.07801317748925069850 0.00000000000000000000
