0.1000000000 2.88650731845997965408 0.00000000000000000000
0.1100000000 2.76035553452048132428 0.00000000000000000000
0.1200000000 2.63949301548833625830 0.00000000000000000000
0.1300000000 2.52401218422096684790 0.00000000000000000000
0.1400000000 2.41394591891671739248 0.00000000000000000000
0.1500000000 2.30927019966895885617 0.00000000000000000000
0.1600000000 2.20990879075795687569 0.00000000000000000000
0.1700000000 2.11573950346663419708 0.00000000000000000000
0.1800000000 2.02660150808605710182 0.00000000000000000000
0.1900000000 1.94230315328961178345 0.00000000000000000000
0.2000000000 1.86262979688127194855 0.00000000000000000000
0.2100000000 1.78735123771748893873 0.00000000000000000000
0.2200000000 1.71622844554639253367 0.00000000000000000000
0.2300000000 1.64901939625483073826 0.00000000000000000000
0.2400000000 1.58548392123856385361 0.00000000000000000000
0.2500000000 1.52538756301007660809 0.00000000000000000000
0.2600000000 1.46850449118521964031 0.00000000000000000000
0.2700000000 1.41461957382726799537 0.00000000000000000000
0.2800000000 1.36352972138663619539 0.00000000000000000000
0.2900000000 1.31504462797964638554 0.00000000000000000000
0.3000000000 1.26898703159397818752 0.00000000000000000000
0.3100000000 1.22519260474271551864 0.00000000000000000000
0.3200000000 1.18350957320390359762 0.00000000000000000000
0.3300000000 1.14379814510998456534 0.00000000000000000000
0.3400000000 1.10592981740567730675 0.00000000000000000000
0.3500000000 1.06978661258412954815 0.00000000000000000000
0.3600000000 1.03526028618356469302 0.00000000000000000000
0.3700000000 1.00225153499147245917 0.00000000000000000000
0.3800000000 0.97066922725119630933 0.00000000000000000000
0.3900000000 0.94042966925567073044 0.00000000000000000000
0.4000000000 0.91145591733579311988 0.00000000000000000000
0.4100000000 0.88367714017322052111 0.00000000000000000000
0.4200000000 0.85702803335883792624 0.00000000000000000000
0.4300000000 0.83144828596740805171 0.00000000000000000000
0.4400000000 0.80688209744092043163 0.00000000000000000000
0.4500000000 0.78327774211164435947 0.00000000000000000000
0.4600000000 0.76058717812249576617 0.00000000000000000000
0.4700000000 0.73876569721411067260 0.00000000000000000000
0.4800000000 0.71777161176358428296 0.00000000000000000000
0.4900000000 0.69756597551695309622 0.00000000000000000000
0.5000000000 0.67811233460814024365 0.00000000000000000000
0.5100000000 0.65937650566612537872 0.00000000000000000000
0.5200000000 0.64132637805339109960 0.00000000000000000000
0.5300000000 0.62393173753378994295 0.00000000000000000000
0.5400000000 0.60716410892387462361 0.00000000000000000000
0.5500000000 0.59099661552985993662 0.00000000000000000000
0.5600000000 0.57540385340713695594 0.00000000000000000000
0.5700000000 0.56036177869749737024 0.00000000000000000000
0.5800000000 0.54584760649923080855 0.00000000000000000000
0.5900000000 0.53183971990686218501 0.00000000000000000000
0.6000000000 0.51831758802035599043 0.00000000000000000000
0.6100000000 0.50526169186957414770 0.00000000000000000000
0.6200000000 0.49265345732922743993 0.00000000000000000000
0.6300000000 0.48047519421409146112 0.00000000000000000000
0.6400000000 0.46871004084521333821 0.00000000000000000000
0.6500000000 0.45734191346647135035 0.00000000000000000000
0.6600000000 0.44635545996839365301 0.00000000000000000000
0.6700000000 0.43573601744422180149 0.00000000000000000000
0.6800000000 0.42546957316233952051 0.00000000000000000000
0.6900000000 0.41554272859093827064 0.00000000000000000000
0.7000000000 0.40594266615578683544 0.00000000000000000000
0.7100000000 0.39665711845117418433 0.00000000000000000000
0.7200000000 0.38767433965822478692 0.00000000000000000000
0.7300000000 0.37898307895439875548 0.00000000000000000000
0.7400000000 0.37057255572384345532 0.00000000000000000000
0.7500000000 0.36243243640074268574 0.00000000000000000000
0.7600000000 0.35455281279728018129 0.00000000000000000000
0.7700000000 0.34692418178494710546 0.00000000000000000000
0.7800000000 0.33953742621273558244 0.00000000000000000000
0.7900000000 0.33238379695868575103 0.00000000000000000000
0.8000000000 0.32545489602252247741 0.00000000000000000000
0.8100000000 0.31874266057715966438 0.00000000000000000000
0.8200000000 0.31223934790520269100 0.00000000000000000000
0.8300000000 0.30593752115446165574 0.00000000000000000000
0.8400000000 0.29983003585288048320 0.00000000000000000000
0.8500000000 0.29391002712936609154 0.00000000000000000000
0.8600000000 0.28817089759180547492 0.00000000000000000000
0.8700000000 0.28260630581858786625 0.00000000000000000000
0.8800000000 0.27721015542332194670 0.00000000000000000000
0.8900000000 0.27197658465671648020 0.00000000000000000000
0.9000000000 0.26689995651195125292 0.00000000000000000000
0.9100000000 0.26197484930345421583 0.00000000000000000000
0.9200000000 0.25719604769076304107 0.00000000000000000000
0.9300000000 0.25255853412196616059 0.00000000000000000000
0.9400000000 0.24805748067296468085 0.00000000000000000000
0.9500000000 0.24368824126024604682 0.00000000000000000000
0.9600000000 0.23944634420740454339 0.00000000000000000000
0.9700000000 0.23532748514588558431 0.00000000000000000000
0.9800000000 0.23132752023293631782 0.00000000000000000000
0.9900000000 0.22744245966995235708 0.00000000000000000000
1.0000000000 0.22366846150545377503 0.00000000000000000000
1.0100000000 0.22000182571077331328 0.00000000000000000000
1.0200000000 0.21643898851098744562 0.00000000000000000000
1.0300000000 0.21297651696175037839 0.00000000000000000000
1.0400000000 0.20961110375938324379 0.00000000000000000000
1.0500000000 0.20633956227244223958 0.00000000000000000000
1.0600000000 0.20315882178479929832 0.00000000000000000000
1.0700000000 0.20006592293999267418 0.00000000000000000000
1.0800000000 0.19705801337787312577 0.00000000000000000000
1.0900000000 0.19413234355435859957 0.00000000000000000000
1.1000000000 0.19128626273611337716 0.00000000000000000000
1.1100000000 0.18851721516203606699 0.00000000000000000000
1.1200000000 0.18582273636429605390 0.00000000000000000000
1.1300000000 0.18320044964147227939 0.00000000000000000000
1.1400000000 0.18064806267727306910 0.00000000000000000000
1.1500000000 0.17816336429819509823 0.00000000000000000000
1.1600000000 0.17574422136421222196 0.00000000000000000000
1.1700000000 0.17338857578640856638 0.00000000000000000000
1.1800000000 0.17109444166627646444 0.00000000000000000000
1.1900000000 0.16885990255121538506 0.00000000000000000000
1.2000000000 0.16668310880128825446 0.00000000000000000000
1.2100000000 0.16456227506243270575 0.00000000000000000000
1.2200000000 0.16249567784153459704 0.00000000000000000000
1.2300000000 0.16048165317905413452 0.00000000000000000000
1.2400000000 0.15851859441500590342 0.00000000000000000000
1.2500000000 0.15660495004433949706 0.00000000000000000000
1.2600000000 0.15473922165795583883 0.00000000000000000000
1.2700000000 0.15291996196572488209 0.00000000000000000000
1.2800000000 0.15114577289803549087 0.00000000000000000000
1.2900000000 0.14941530378263945256 0.00000000000000000000
1.3000000000 0.14772724959357741437 0.00000000000000000000
1.3100000000 0.14608034926918886387 0.00000000000000000000
1.3200000000 0.14447338409637716650 0.00000000000000000000
1.3300000000 0.14290517615828604581 0.00000000000000000000
1.3400000000 0.14137458684286755006 0.00000000000000000000
1.3500000000 0.13988051540972087916 0.00000000000000000000
1.3600000000 0.13842189761286488592 0.00000000000000000000
1.3700000000 0.13699770437711494830 0.00000000000000000000
1.3800000000 0.13560694052586252933 0.00000000000000000000
1.3900000000 0.13424864355815799288 0.00000000000000000000
1.4000000000 0.13292188247306468973 0.00000000000000000000
1.4100000000 0.13162575663937942094 0.00000000000000000000
1.4200000000 0.13035939470883359248 0.00000000000000000000
1.4300000000 0.12912195357105002436 0.00000000000000000000
1.4400000000 0.12791261734852105159 0.00000000000000000000
1.4500000000 0.12673059643001508001 0.00000000000000000000
1.4600000000 0.12557512654085009607 0.00000000000000000000
1.4700000000 0.12444546784852826560 0.00000000000000000000
1.4800000000 0.12334090410234879731 0.00000000000000000000
1.4900000000 0.12226074180558901827 0.00000000000000000000
1.5000000000 0.12120430941897951393 0.00000000000000000000
1.5100000000 0.12017095659419806120 0.00000000000000000000
1.5200000000 0.11916005343621130508 0.00000000000000000000
1.5300000000 0.11817098979328032049 0.00000000000000000000
1.5400000000 0.11720317457355208801 0.00000000000000000000
1.5500000000 0.11625603508717914647 0.00000000000000000000
1.5600000000 0.11532901641294633632 0.00000000000000000000
1.5700000000 0.11442158078844066882 0.00000000000000000000
1.5800000000 0.11353320702283746513 0.00000000000000000000
1.5900000000 0.11266338993140778690 0.00000000000000000000
1.6000000000 0.11181163979089142613 0.00000000000000000000
1.6100000000 0.11097748181492522734 0.00000000000000000000
1.6200000000 0.11016045564873236384 0.00000000000000000000
1.6300000000 0.10936011488232003086 0.00000000000000000000
1.6400000000 0.10857602658147755270 0.00000000000000000000
1.6500000000 0.10780777083585418863 0.00000000000000000000
1.6600000000 0.10705494032348840394 0.00000000000000000000
1.6700000000 0.10631713989112444307 0.00000000000000000000
1.6800000000 0.10559398614970663677 0.00000000000000000000
1.6900000000 0.10488510708449218234 0.00000000000000000000
1.7000000000 0.10419014167917968472 0.00000000000000000000
1.7100000000 0.10350873955354851497 0.00000000000000000000
1.7200000000 0.10284056061407333138 0.00000000000000000000
1.7300000000 0.10218527471701989440 0.00000000000000000000
1.7400000000 0.10154256134354634755 0.00000000000000000000
1.7500000000 0.10091210928635933886 0.00000000000000000000
1.7600000000 0.10029361634746752907 0.00000000000000000000
1.7700000000 0.09968678904663617890 0.00000000000000000000
1.7800000000 0.09909134234011601761 0.00000000000000000000
1.7900000000 0.09850699934926460122 0.00000000000000000000
1.8000000000 0.09793349109870067015 0.00000000000000000000
1.8100000000 0.09737055626360860416 0.00000000000000000000
1.8200000000 0.09681794092587152345 0.00000000000000000000
1.8300000000 0.09627539833868968555 0.00000000000000000000
1.8400000000 0.09574268869937378745 0.00000000000000000000
1.8500000000 0.09521957893000038142 0.00000000000000000000
1.8600000000 0.09470584246564921205 0.00000000000000000000
1.8700000000 0.09420125904993097155 0.00000000000000000000
1.8800000000 0.09370561453753689651 0.00000000000000000000
1.8900000000 0.09321870070355828264 0.00000000000000000000
1.9000000000 0.09274031505931501496 0.00000000000000000000
1.9100000000 0.09227026067446603141 0.00000000000000000000
1.9200000000 0.09180834600515964949 0.00000000000000000000
1.9300000000 0.09135438472801137022 0.00000000000000000000
1.9400000000 0.09090819557969408160 0.00000000000000000000
1.9500000000 0.09046960220193209223 0.00000000000000000000
1.9600000000 0.09003843299171168657 0.00000000000000000000
1.9700000000 0.08961452095650533634 0.00000000000000000000
1.9800000000 0.08919770357434550490 0.00000000000000000000
1.9900000000 0.08878782265855873768 0.00000000000000000000
2.0000000000 0.08838472422699819586 0.00000000000000000000
2.0100000000 0.08798825837561413676 0.00000000000000000000
2.0200000000 0.08759827915620438388 0.00000000000000000000
2.0300000000 0.08721464445819784861 0.00000000000000000000
2.0400000000 0.08683721589432387422 0.00000000000000000000
2.0500000000 0.08646585869003388380 0.00000000000000000000
2.0600000000 0.08610044157653835850 0.00000000000000000000
2.0700000000 0.08574083668733400998 0.00000000000000000000
2.0800000000 0.08538691945809452621 0.00000000000000000000
2.0900000000 0.08503856852981149517 0.00000000000000000000
2.1000000000 0.08469566565506633782 0.00000000000000000000
2.1100000000 0.08435809560732684953 0.00000000000000000000
2.1200000000 0.08402574609316025567 0.00000000000000000000
2.1300000000 0.08369850766726649738 0.00000000000000000000
2.1400000000 0.08337627365022268200 0.00000000000000000000
2.1500000000 0.08305894004885938653 0.00000000000000000000
2.1600000000 0.08274640547916298217 0.00000000000000000000
2.1700000000 0.08243857109163042762 0.00000000000000000000
2.1800000000 0.08213534049897983080 0.00000000000000000000
2.1900000000 0.08183661970614419801 0.00000000000000000000
2.2000000000 0.08154231704246987789 0.00000000000000000000
2.2100000000 0.08125234309603683591 0.00000000000000000000
2.2200000000 0.08096661065003760149 0.00000000000000000000
2.2300000000 0.08068503462114109959 0.00000000000000000000
2.2400000000 0.08040753199977031251 0.00000000000000000000
2.2500000000 0.08013402179223713673 0.00000000000000000000
2.2600000000 0.07986442496466700236 0.00000000000000000000
2.2700000000 0.07959866438864708627 0.00000000000000000000
2.2800000000 0.07933666478855679050 0.00000000000000000000
2.2900000000 0.07907835269050579596 0.00000000000000000000
2.3000000000 0.07882365637283721138 0.00000000000000000000
2.3100000000 0.07857250581814193002 0.00000000000000000000
2.3200000000 0.07832483266672968236 0.00000000000000000000
2.3300000000 0.07808057017151584511 0.00000000000000000000
2.3400000000 0.07783965315426684406 0.00000000000000000000
2.3500000000 0.07760201796317327261 0.00000000000000000000
2.3600000000 0.07736760243169127360 0.00000000000000000000
2.3700000000 0.07713634583862610805 0.00000000000000000000
2.3800000000 0.07690818886940310739 0.00000000000000000000
2.3900000000 0.07668307357849937778 0.00000000000000000000
2.4000000000 0.07646094335298826705 0.00000000000000000000
2.4100000000 0.07624174287717011556 0.00000000000000000000
2.4200000000 0.07602541809824582553 0.00000000000000000000
2.4300000000 0.07581191619300266249 0.00000000000000000000
2.4400000000 0.07560118553548360321 0.00000000000000000000
2.4500000000 0.07539317566560149730 0.00000000000000000000
2.4600000000 0.07518783725867253520 0.00000000000000000000
2.4700000000 0.07498512209583943489 0.00000000000000000000
2.4800000000 0.07478498303535294212 0.00000000000000000000
2.4900000000 0.07458737398468882895 0.00000000000000000000
2.5000000000 0.07439224987346826357 0.00000000000000000000
2.5100000000 0.07419956662716341300 0.00000000000000000000
2.5200000000 0.07400928114155537474 0.00000000000000000000
2.5300000000 0.07382135125792718688 0.00000000000000000000
2.5400000000 0.07363573573896656232 0.00000000000000000000
2.5500000000 0.07345239424535397743 0.00000000000000000000
2.5600000000 0.07327128731301933706 0.00000000000000000000
2.5700000000 0.07309237633104118115 0.00000000000000000000
2.5800000000 0.07291562352017416648 0.00000000000000000000
2.5900000000 0.07274099191197876124 0.00000000000000000000
2.6000000000 0.07256844532854078711 0.00000000000000000000
2.6100000000 0.07239794836275890988 0.00000000000000000000
2.6200000000 0.07222946635918339742 0.00000000000000000000
2.6300000000 0.07206296539538897816 0.00000000000000000000
2.6400000000 0.07189841226386746442 0.00000000000000000000
2.6500000000 0.07173577445442128053 0.00000000000000000000
2.6600000000 0.07157502013704460098 0.00000000000000000000
2.6700000000 0.07141611814527688840 0.00000000000000000000
2.6800000000 0.07125903796001392676 0.00000000000000000000
2.6900000000 0.07110374969376356824 0.00000000000000000000
2.7000000000 0.07095022407533208009 0.00000000000000000000
2.7100000000 0.07079843243492760230 0.00000000000000000000
2.7200000000 0.07064834668967080733 0.00000000000000000000
2.7300000000 0.07049993932949585873 0.00000000000000000000
2.7400000000 0.07035318340343567345 0.00000000000000000000
2.7500000000 0.07020805250627575045 0.00000000000000000000
2.7600000000 0.07006452076556675401 0.00000000000000000000
2.7700000000 0.06992256282898731690 0.00000000000000000000
2.7800000000 0.06978215385204279697 0.00000000000000000000
2.7900000000 0.06964326948609445012 0.00000000000000000000
2.8000000000 0.06950588586670586322 0.00000000000000000000
2.8100000000 0.06936997960229851490 0.00000000000000000000
2.8200000000 0.06923552776310859525 0.00000000000000000000
2.8300000000 0.06910250787043506482 0.00000000000000000000
2.8400000000 0.06897089788616926620 0.00000000000000000000
2.8500000000 0.06884067620260174436 0.00000000000000000000
2.8600000000 0.06871182163249429931 0.00000000000000000000
2.8700000000 0.06858431339941027660 0.00000000000000000000
2.8800000000 0.06845813112830015368 0.00000000000000000000
2.8900000000 0.06833325483632674002 0.00000000000000000000
2.9000000000 0.06820966492393223946 0.00000000000000000000
2.9100000000 0.06808734216613331058 0.00000000000000000000
2.9200000000 0.06796626770404079476 0.00000000000000000000
2.9300000000 0.06784642303659767226 0.00000000000000000000
2.9400000000 0.06772779001252822451 0.00000000000000000000
2.9500000000 0.06761035082249290673 0.00000000000000000000
2.9600000000 0.06749408799144319959 0.00000000000000000000
2.9700000000 0.06737898437116904282 0.00000000000000000000
2.9800000000 0.06726502313303835134 0.00000000000000000000
2.9900000000 0.06715218776091617936 0.00000000000000000000
3.0000000000 0.06704046204426432343 0.00000000000000000000
3.0100000000 0.06692983007141461993 0.00000000000000000000
3.0200000000 0.06682027622300872050 0.00000000000000000000
3.0300000000 0.06671178516560359595 0.00000000000000000000
3.0400000000 0.06660434184543573277 0.00000000000000000000
3.0500000000 0.06649793148234064977 0.00000000000000000000
3.0600000000 0.06639253956382132338 0.00000000000000000000
3.0700000000 0.06628815183926584087 0.00000000000000000000
3.0800000000 0.06618475431430542733 0.00000000000000000000
3.0900000000 0.06608233324531205544 0.00000000000000000000
3.1000000000 0.06598087513403079474 0.00000000000000000000
3.1100000000 0.06588036672234330593 0.00000000000000000000
3.1200000000 0.06578079498715837248 0.00000000000000000000
3.1300000000 0.06568214713542763761 0.00000000000000000000
3.1400000000 0.06558441059928199479 0.00000000000000000000
3.1500000000 0.06548757303128431573 0.00000000000000000000
3.1600000000 0.06539162229979776642 0.00000000000000000000
3.1700000000 0.06529654648446596432 0.00000000000000000000
3.1800000000 0.06520233387180007778 0.00000000000000000000
3.1900000000 0.06510897295087175740 0.00000000000000000000
3.2000000000 0.06501645240911012313 0.00000000000000000000
3.2100000000 0.06492476112819713097 0.00000000000000000000
3.2200000000 0.06483388818006072252 0.00000000000000000000
3.2300000000 0.06474382282296298197 0.00000000000000000000
3.2400000000 0.06465455449768064966 0.00000000000000000000
3.2500000000 0.06456607282377518908 0.00000000000000000000
3.2600000000 0.06447836759595017286 0.00000000000000000000
3.2700000000 0.06439142878049425311 0.00000000000000000000
3.2800000000 0.06430524651180703766 0.00000000000000000000
3.2900000000 0.06421981108900590152 0.00000000000000000000
3.3000000000 0.06413511297261087485 0.00000000000000000000
3.3100000000 0.06405114278130745464 0.00000000000000000000
3.3200000000 0.06396789128878282993 0.00000000000000000000
3.3300000000 0.06388534942063545108 0.00000000000000000000
3.3400000000 0.06380350825135613912 0.00000000000000000000
3.3500000000 0.06372235900137714071 0.00000000000000000000
3.3600000000 0.06364189303418937849 0.00000000000000000000
3.3700000000 0.06356210185352519082 0.00000000000000000000
3.3800000000 0.06348297710060453458 0.00000000000000000000
3.3900000000 0.06340451055144420700 0.00000000000000000000
3.4000000000 0.06332669411422767181 0.00000000000000000000
3.4100000000 0.06324951982673322759 0.00000000000000000000
3.4200000000 0.06317297985382160086 0.00000000000000000000
3.4300000000 0.06309706648497837023 0.00000000000000000000
3.4400000000 0.06302177213191165195 0.00000000000000000000
3.4500000000 0.06294708932620365904 0.00000000000000000000
3.4600000000 0.06287301071701435762 0.00000000000000000000
3.4700000000 0.06279952906883536079 0.00000000000000000000
3.4800000000 0.06272663725929428225 0.00000000000000000000
3.4900000000 0.06265432827700702367 0.00000000000000000000
3.5000000000 0.06258259521947735771 0.00000000000000000000
3.5100000000 0.06251143129104178020 0.00000000000000000000
3.5200000000 0.06244082980086156087 0.00000000000000000000
3.5300000000 0.06237078416095567790 0.00000000000000000000
3.5400000000 0.06230128788427808512 0.00000000000000000000
3.5500000000 0.06223233458283683461 0.00000000000000000000
3.5600000000 0.06216391796585298696 0.00000000000000000000
3.5700000000 0.06209603183795993353 0.00000000000000000000
3.5800000000 0.06202867009744089666 0.00000000000000000000
3.5900000000 0.06196182673450503081 0.00000000000000000000
3.6000000000 0.06189549582959904400 0.00000000000000000000
3.6100000000 0.06182967155175628227 0.00000000000000000000
3.6200000000 0.06176434815697976616 0.00000000000000000000
3.6300000000 0.06169951998666075438 0.00000000000000000000
3.6400000000 0.06163518146602923325 0.00000000000000000000
3.6500000000 0.06157132710263862885 0.00000000000000000000
3.6600000000 0.06150795148488099467 0.00000000000000000000
3.6700000000 0.06144504928053436815 0.00000000000000000000
3.6800000000 0.06138261523534048469 0.00000000000000000000
3.6900000000 0.06132064417161161435 0.00000000000000000000
3.7000000000 0.06125913098686637526 0.00000000000000000000
3.7100000000 0.06119807065249473210 0.00000000000000000000
3.7200000000 0.06113745821244977868 0.00000000000000000000
3.7300000000 0.06107728878196668626 0.00000000000000000000
3.7400000000 0.06101755754630856787 0.00000000000000000000
3.7500000000 0.06095825975953719778 0.00000000000000000000
3.7600000000 0.06089939074330962682 0.00000000000000000000
3.7700000000 0.06084094588569950723 0.00000000000000000000
3.7800000000 0.06078292064004113537 0.00000000000000000000
3.7900000000 0.06072531052379884914 0.00000000000000000000
3.8000000000 0.06066811111745817192 0.00000000000000000000
3.8100000000 0.06061131806343897366 0.00000000000000000000
3.8200000000 0.06055492706503212003 0.00000000000000000000
3.8300000000 0.06049893388535538402 0.00000000000000000000
3.8400000000 0.06044333434633264446 0.00000000000000000000
3.8500000000 0.06038812432769136151 0.00000000000000000000
3.8600000000 0.06033329976598107020 0.00000000000000000000
3.8700000000 0.06027885665361164269 0.00000000000000000000
3.8800000000 0.06022479103791002208 0.00000000000000000000
3.8900000000 0.06017109902019554535 0.00000000000000000000
3.9000000000 0.06011777675487409850 0.00000000000000000000
3.9100000000 0.06006482044855008390 0.00000000000000000000
3.9200000000 0.06001222635915461068 0.00000000000000000000
3.9300000000 0.05995999079509249652 0.00000000000000000000
3.9400000000 0.05990811011440463213 0.00000000000000000000
3.9500000000 0.05985658072394701296 0.00000000000000000000
3.9600000000 0.05980539907858585524 0.00000000000000000000
3.9700000000 0.05975456168040862992 0.00000000000000000000
3.9800000000 0.05970406507794905060 0.00000000000000000000
3.9900000000 0.05965390586542844431 0.00000000000000000000
4.0000000000 0.05960408068201093063 0.00000000000000000000
4.0100000000 0.05955458621107274919 0.00000000000000000000
4.0200000000 0.05950541917948642956 0.00000000000000000000
4.0300000000 0.05945657635691711795 0.00000000000000000000
4.0400000000 0.05940805455513412103 0.00000000000000000000
4.0500000000 0.05935985062733353107 0.00000000000000000000
4.0600000000 0.05931196146747523545 0.00000000000000000000
4.0700000000 0.05926438400963158354 0.00000000000000000000
4.0800000000 0.05921711522734864064 0.00000000000000000000
4.0900000000 0.05917015213301945326 0.00000000000000000000
4.1000000000 0.05912349177726830551 0.00000000000000000000
4.1100000000 0.05907713124834777785 0.00000000000000000000
4.1200000000 0.05903106767154577689 0.00000000000000000000
4.1300000000 0.05898529820860427819 0.00000000000000000000
4.1400000000 0.05893982005714876182 0.00000000000000000000
4.1500000000 0.05889463045012747339 0.00000000000000000000
4.1600000000 0.05884972665526238406 0.00000000000000000000
4.1700000000 0.05880510597450871318 0.00000000000000000000
4.1800000000 0.05876076574352573356 0.00000000000000000000
4.1900000000 0.05871670333115561885 0.00000000000000000000
4.2000000000 0.05867291613891354590 0.00000000000000000000
4.2100000000 0.05862940160048620009 0.00000000000000000000
4.2200000000 0.05858615718123871829 0.00000000000000000000
4.2300000000 0.05854318037773215133 0.00000000000000000000
4.2400000000 0.05850046871724780967 0.00000000000000000000
4.2500000000 0.05845801975732164285 0.00000000000000000000
4.2600000000 0.05841583108528641127 0.00000000000000000000
4.2700000000 0.05837390031782151156 0.00000000000000000000
4.2800000000 0.05833222510051173232 0.00000000000000000000
4.2900000000 0.05829080310741351773 0.00000000000000000000
4.3000000000 0.05824963204062830885 0.00000000000000000000
4.3100000000 0.05820870962988488467 0.00000000000000000000
4.3200000000 0.05816803363212734446 0.00000000000000000000
4.3300000000 0.05812760183111165269 0.00000000000000000000
4.3400000000 0.05808741203700875516 0.00000000000000000000
4.3500000000 0.05804746208601452989 0.00000000000000000000
4.3600000000 0.05800774983996689893 0.00000000000000000000
4.3700000000 0.05796827318596924766 0.00000000000000000000
4.3800000000 0.05792903003602068585 0.00000000000000000000
4.3900000000 0.05789001832665278263 0.00000000000000000000
4.4000000000 0.05785123601857195680 0.00000000000000000000
4.4100000000 0.05781268109630888913 0.00000000000000000000
4.4200000000 0.05777435156787341652 0.00000000000000000000
4.4300000000 0.05773624546441540745 0.00000000000000000000
4.4400000000 0.05769836083989161868 0.00000000000000000000
4.4500000000 0.05766069577073824892 0.00000000000000000000
4.4600000000 0.05762324835554868963 0.00000000000000000000
4.4700000000 0.05758601671475729877 0.00000000000000000000
4.4800000000 0.05754899899032801802 0.00000000000000000000
4.4900000000 0.05751219334544863809 0.00000000000000000000
4.5000000000 0.05747559796423011569 0.00000000000000000000
4.5100000000 0.05743921105141065048 0.00000000000000000000
4.5200000000 0.05740303083206539647 0.00000000000000000000
4.5300000000 0.05736705555132014245 0.00000000000000000000
4.5400000000 0.05733128347407035613 0.00000000000000000000
4.5500000000 0.05729571288470518969 0.00000000000000000000
4.5600000000 0.05726034208683494775 0.00000000000000000000
4.5700000000 0.05722516940302437016 0.00000000000000000000
4.5800000000 0.05719019317452950224 0.00000000000000000000
4.5900000000 0.05715541176103893645 0.00000000000000000000
4.6000000000 0.05712082354041986970 0.00000000000000000000
4.6100000000 0.05708642690846773421 0.00000000000000000000
4.6200000000 0.05705222027866006795 0.00000000000000000000
4.6300000000 0.05701820208191466649 0.00000000000000000000
4.6400000000 0.05698437076635125276 0.00000000000000000000
4.6500000000 0.05695072479705737267 0.00000000000000000000
4.6600000000 0.05691726265585794059 0.00000000000000000000
4.6700000000 0.05688398284108837216 0.00000000000000000000
4.6800000000 0.05685088386737176258 0.00000000000000000000
4.6900000000 0.05681796426539912487 0.00000000000000000000
4.7000000000 0.05678522258171339598 0.00000000000000000000
4.7100000000 0.05675265737849728709 0.00000000000000000000
4.7200000000 0.05672026723336352771 0.00000000000000000000
4.7300000000 0.05668805073914969656 0.00000000000000000000
4.7400000000 0.05665600650371533514 0.00000000000000000000
4.7500000000 0.05662413314974266976 0.00000000000000000000
4.7600000000 0.05659242931454031011 0.00000000000000000000
4.7700000000 0.05656089364985027873 0.00000000000000000000
4.7800000000 0.05652952482165812115 0.00000000000000000000
4.7900000000 0.05649832151000541702 0.00000000000000000000
4.8000000000 0.05646728240880596883 0.00000000000000000000
4.8100000000 0.05643640622566423876 0.00000000000000000000
4.8200000000 0.05640569168169717179 0.00000000000000000000
4.8300000000 0.05637513751135827395 0.00000000000000000000
4.8400000000 0.05634474246226475053 0.00000000000000000000
4.8500000000 0.05631450529502724650 0.00000000000000000000
4.8600000000 0.05628442478308193220 0.00000000000000000000
4.8700000000 0.05625449971252577397 0.00000000000000000000
4.8800000000 0.05622472888195356733 0.00000000000000000000
4.8900000000 0.05619511110229827994 0.00000000000000000000
4.9000000000 0.05616564519667302524 0.00000000000000000000
4.9100000000 0.05613633000021600594 0.00000000000000000000
4.9200000000 0.05610716435993771262 0.00000000000000000000
4.9300000000 0.05607814713457029421 0.00000000000000000000
4.9400000000 0.05604927719441916284 0.00000000000000000000
4.9500000000 0.05602055342121708970 0.00000000000000000000
4.9600000000 0.05599197470798031318 0.00000000000000000000
4.9700000000 0.05596353995886684668 0.00000000000000000000
4.9800000000 0.05593524808903688195 0.00000000000000000000
4.9900000000 0.05590709802451533650 0.00000000000000000000
5.0000000000 0.05587908870205643419 0.00000000000000000000
