0.1000000000 1.05242844088257769819 0.00000000000000000000
0.1100000000 1.02252413367598649074 0.00000000000000000000
0.1200000000 0.99327839021246733253 0.00000000000000000000
0.1300000000 0.96469345763659963833 0.00000000000000000000
0.1400000000 0.93677037879614999394 0.00000000000000000000
0.1500000000 0.90950902946948619654 0.00000000000000000000
0.1600000000 0.88290816071148103816 0.00000000000000000000
0.1700000000 0.85696544569098309641 0.00000000000000000000
0.1800000000 0.83167753037707892183 0.00000000000000000000
0.1900000000 0.80704008742695065859 0.00000000000000000000
0.2000000000 0.78304787263435005062 0.00000000000000000000
0.2100000000 0.75969478331347051192 0.00000000000000000000
0.2200000000 0.73697391801717027082 0.00000000000000000000
0.2300000000 0.71487763701978124242 0.00000000000000000000
0.2400000000 0.69339762303181373682 0.00000000000000000000
0.2500000000 0.67252494165548482030 0.00000000000000000000
0.2600000000 0.65225010113478509854 0.00000000000000000000
0.2700000000 0.63256311100068862707 0.00000000000000000000
0.2800000000 0.61345353925989443145 0.00000000000000000000
0.2900000000 0.59491056782325613117 0.00000000000000000000
0.3000000000 0.57692304591693110982 0.00000000000000000000
0.3100000000 0.55947954126452759116 0.00000000000000000000
0.3200000000 0.54256838887159364315 0.00000000000000000000
0.3300000000 0.52617773728417593926 0.00000000000000000000
0.3400000000 0.51029559223056286665 0.00000000000000000000
0.3500000000 0.49490985758949140871 0.00000000000000000000
0.3600000000 0.48000837365889825747 0.00000000000000000000
0.3700000000 0.46557895272668969877 0.00000000000000000000
0.3800000000 0.45160941196903731099 0.00000000000000000000
0.3900000000 0.43808760372247967929 0.00000000000000000000
0.4000000000 0.42500144319370408708 0.00000000000000000000
0.4100000000 0.41233893368558205417 0.00000000000000000000
0.4200000000 0.40008818942993235046 0.00000000000000000000
0.4300000000 0.38823745612687698969 0.00000000000000000000
0.4400000000 0.37677512929776674211 0.00000000000000000000
0.4500000000 0.36568977056367441003 0.00000000000000000000
0.4600000000 0.35497012196467825351 0.00000000000000000000
0.4700000000 0.34460511843675850630 0.00000000000000000000
0.4800000000 0.33458389856336634427 0.00000000000000000000
0.4900000000 0.32489581371776016239 0.00000000000000000000
0.5000000000 0.31553043571024541603 0.00000000000000000000
0.5100000000 0.30647756305170675839 0.00000000000000000000
0.5200000000 0.29772722594134415353 0.00000000000000000000
0.5300000000 0.28926969008258712757 0.00000000000000000000
0.5400000000 0.28109545942679353692 0.00000000000000000000
0.5500000000 0.27319527793966769114 0.00000000000000000000
0.5600000000 0.26556013048050647329 0.00000000000000000000
0.5700000000 0.25818124287939425709 0.00000000000000000000
0.5800000000 0.25105008129249661852 0.00000000000000000000
0.5900000000 0.24415835091058771256 0.00000000000000000000
0.6000000000 0.23749799409103258818 0.00000000000000000000
0.6100000000 0.23106118797865393688 0.00000000000000000000
0.6200000000 0.22484034167621216871 0.00000000000000000000
0.6300000000 0.21882809302071601354 0.00000000000000000000
0.6400000000 0.21301730501748167290 0.00000000000000000000
0.6500000000 0.20740106197968177781 0.00000000000000000000
0.6600000000 0.20197266541723149502 0.00000000000000000000
0.6700000000 0.19672562971511914354 0.00000000000000000000
0.6800000000 0.19165367763778923260 0.00000000000000000000
0.6900000000 0.18675073569288591635 0.00000000000000000000
0.7000000000 0.18201092938458873771 0.00000000000000000000
0.7100000000 0.17742857838386297264 0.00000000000000000000
0.7200000000 0.17299819164030008634 0.00000000000000000000
0.7300000000 0.16871446245768778605 0.00000000000000000000
0.7400000000 0.16457226355317394750 0.00000000000000000000
0.7500000000 0.16056664211771437545 0.00000000000000000000
0.7600000000 0.15669281489357270165 0.00000000000000000000
0.7700000000 0.15294616328277996220 0.00000000000000000000
0.7800000000 0.14932222849882054172 0.00000000000000000000
0.7900000000 0.14581670677228730781 0.00000000000000000000
0.8000000000 0.14242544461985420789 0.00000000000000000000
0.8100000000 0.13914443418461036606 0.00000000000000000000
0.8200000000 0.13596980865471128275 0.00000000000000000000
0.8300000000 0.13289783776617095090 0.00000000000000000000
0.8400000000 0.12992492339471103935 0.00000000000000000000
0.8500000000 0.12704759524072128940 0.00000000000000000000
0.8600000000 0.12426250661058160785 0.00000000000000000000
0.8700000000 0.12156643029691840963 0.00000000000000000000
0.8800000000 0.11895625455972146101 0.00000000000000000000
0.8900000000 0.11642897920968589554 0.00000000000000000000
0.9000000000 0.11398171179466963510 0.00000000000000000000
0.9100000000 0.11161166388966720087 0.00000000000000000000
0.9200000000 0.10931614749029962275 0.00000000000000000000
0.9300000000 0.10709257150954741566 0.00000000000000000000
0.9400000000 0.10493843837702140909 0.00000000000000000000
0.9500000000 0.10285134073991962500 0.00000000000000000000
0.9600000000 0.10082895826447869914 0.00000000000000000000
0.9700000000 0.09886905453660276011 0.00000000000000000000
0.9800000000 0.09696947406011710568 0.00000000000000000000
0.9900000000 0.09512813935101903373 0.00000000000000000000
1.0000000000 0.09334304812596341816 0.00000000000000000000
1.0100000000 0.09161227058267105983 0.00000000000000000000
1.0200000000 0.08993394677103663803 0.00000000000000000000
1.0300000000 0.08830628405243320933 0.00000000000000000000
1.0400000000 0.08672755464470972842 0.00000000000000000000
1.0500000000 0.08519609325150097334 0.00000000000000000000
1.0600000000 0.08371029477322175505 0.00000000000000000000
1.0700000000 0.08226861209761331117 0.00000000000000000000
1.0800000000 0.08086955396768696902 0.00000000000000000000
1.0900000000 0.07951168292483264122 0.00000000000000000000
1.1000000000 0.07819361332492621997 0.00000000000000000000
1.1100000000 0.07691400942522344519 0.00000000000000000000
1.1200000000 0.07567158353993180819 0.00000000000000000000
1.1300000000 0.07446509426228239970 0.00000000000000000000
1.1400000000 0.07329334475104620772 0.00000000000000000000
1.1500000000 0.07215518107939437875 0.00000000000000000000
1.1600000000 0.07104949064410187587 0.00000000000000000000
1.1700000000 0.06997520063308657057 0.00000000000000000000
1.1800000000 0.06893127654935345128 0.00000000000000000000
1.1900000000 0.06791672078942911916 0.00000000000000000000
1.2000000000 0.06693057127442535170 0.00000000000000000000
1.2100000000 0.06597190013193801605 0.00000000000000000000
1.2200000000 0.06503981242699090337 0.00000000000000000000
1.2300000000 0.06413344494032535703 0.00000000000000000000
1.2400000000 0.06325196499234739256 0.00000000000000000000
1.2500000000 0.06239456931112439403 0.00000000000000000000
1.2600000000 0.06156048294283683608 0.00000000000000000000
1.2700000000 0.06074895820316621176 0.00000000000000000000
1.2800000000 0.05995927366813755266 0.00000000000000000000
1.2900000000 0.05919073320296125429 0.00000000000000000000
1.3000000000 0.05844266502750807002 0.00000000000000000000
1.3100000000 0.05771442081704301896 0.00000000000000000000
1.3200000000 0.05700537483693558088 0.00000000000000000000
1.3300000000 0.05631492311007188500 0.00000000000000000000
1.3400000000 0.05564248261575980431 0.00000000000000000000
1.3500000000 0.05498749051894339518 0.00000000000000000000
1.3600000000 0.05434940342859269358 0.00000000000000000000
1.3700000000 0.05372769668417506916 0.00000000000000000000
1.3800000000 0.05312186366913970725 0.00000000000000000000
1.3900000000 0.05253141515040725407 0.00000000000000000000
1.4000000000 0.05195587864286806828 0.00000000000000000000
1.4100000000 0.05139479779794228070 0.00000000000000000000
1.4200000000 0.05084773181529170932 0.00000000000000000000
1.4300000000 0.05031425487679325875 0.00000000000000000000
1.4400000000 0.04979395560193060344 0.00000000000000000000
1.4500000000 0.04928643652378026513 0.00000000000000000000
1.4600000000 0.04879131358480604669 0.00000000000000000000
1.4700000000 0.04830821565170394238 0.00000000000000000000
1.4800000000 0.04783678404856517297 0.00000000000000000000
1.4900000000 0.04737667210765101472 0.00000000000000000000
1.5000000000 0.04692754473710965962 0.00000000000000000000
1.5100000000 0.04648907800497866644 0.00000000000000000000
1.5200000000 0.04606095873884363118 0.00000000000000000000
1.5300000000 0.04564288414055798354 0.00000000000000000000
1.5400000000 0.04523456141543914094 0.00000000000000000000
1.5500000000 0.04483570741538139837 0.00000000000000000000
1.5600000000 0.04444604829535588053 0.00000000000000000000
1.5700000000 0.04406531918277456494 0.00000000000000000000
1.5800000000 0.04369326385922720629 0.00000000000000000000
1.5900000000 0.04332963445411296133 0.00000000000000000000
1.6000000000 0.04297419114970989218 0.00000000000000000000
1.6100000000 0.04262670189723690578 0.00000000000000000000
1.6200000000 0.04228694214349296154 0.00000000000000000000
1.6300000000 0.04195469456765750504 0.00000000000000000000
1.6400000000 0.04162974882786721342 0.00000000000000000000
1.6500000000 0.04131190131719333913 0.00000000000000000000
1.6600000000 0.04100095492864973268 0.00000000000000000000
1.6700000000 0.04069671882889865089 0.00000000000000000000
1.6800000000 0.04039900824030624032 0.00000000000000000000
1.6900000000 0.04010764423103586190 0.00000000000000000000
1.7000000000 0.03982245351287079516 0.00000000000000000000
1.7100000000 0.03954326824646447330 0.00000000000000000000
1.7200000000 0.03926992585373995787 0.00000000000000000000
1.7300000000 0.03900226883716105541 0.00000000000000000000
1.7400000000 0.03874014460561697043 0.00000000000000000000
1.7500000000 0.03848340530666113923 0.00000000000000000000
1.7600000000 0.03823190766486995323 0.00000000000000000000
1.7700000000 0.03798551282608083474 0.00000000000000000000
1.7800000000 0.03774408620729068076 0.00000000000000000000
1.7900000000 0.03750749735199814666 0.00000000000000000000
1.8000000000 0.03727561979078240773 0.00000000000000000000
1.8100000000 0.03704833090691848213 0.00000000000000000000
1.8200000000 0.03682551180684363185 0.00000000000000000000
1.8300000000 0.03660704719528305728 0.00000000000000000000
1.8400000000 0.03639282525486685349 0.00000000000000000000
1.8500000000 0.03618273753006297222 0.00000000000000000000
1.8600000000 0.03597667881526619982 0.00000000000000000000
1.8700000000 0.03577454704688592946 0.00000000000000000000
1.8800000000 0.03557624319928232026 0.00000000000000000000
1.8900000000 0.03538167118440725678 0.00000000000000000000
1.9000000000 0.03519073775500997092 0.00000000000000000000
1.9100000000 0.03500335241127247587 0.00000000000000000000
1.9200000000 0.03481942731075342995 0.00000000000000000000
1.9300000000 0.03463887718150601702 0.00000000000000000000
1.9400000000 0.03446161923826132623 0.00000000000000000000
1.9500000000 0.03428757310155872151 0.00000000000000000000
1.9600000000 0.03411666071971290043 0.00000000000000000000
1.9700000000 0.03394880629351480772 0.00000000000000000000
1.9800000000 0.03378393620356488075 0.00000000000000000000
1.9900000000 0.03362197894013840144 0.00000000000000000000
2.0000000000 0.03346286503549388003 0.00000000000000000000
2.0100000000 0.03330652699852973408 0.00000000000000000000
2.0200000000 0.03315289925170687019 0.00000000000000000000
2.0300000000 0.03300191807015325635 0.00000000000000000000
2.0400000000 0.03285352152286533101 0.00000000000000000000
2.0500000000 0.03270764941593883035 0.00000000000000000000
2.0600000000 0.03256424323774530921 0.00000000000000000000
2.0700000000 0.03242324610599064960 0.00000000000000000000
2.0800000000 0.03228460271658212255 0.00000000000000000000
2.0900000000 0.03214825929424133810 0.00000000000000000000
2.1000000000 0.03201416354479785786 0.00000000000000000000
2.1100000000 0.03188226460910344173 0.00000000000000000000
2.1200000000 0.03175251301850879476 0.00000000000000000000
2.1300000000 0.03162486065184437478 0.00000000000000000000
2.1400000000 0.03149926069385381583 0.00000000000000000000
2.1500000000 0.03137566759502584401 0.00000000000000000000
2.1600000000 0.03125403703277421924 0.00000000000000000000
2.1700000000 0.03113432587391992690 0.00000000000000000000
2.1800000000 0.03101649213842583991 0.00000000000000000000
2.1900000000 0.03090049496434101040 0.00000000000000000000
2.2000000000 0.03078629457391122634 0.00000000000000000000
2.2100000000 0.03067385224081442541 0.00000000000000000000
2.2200000000 0.03056313025848055379 0.00000000000000000000
2.2300000000 0.03045409190945752229 0.00000000000000000000
2.2400000000 0.03034670143578676108 0.00000000000000000000
2.2500000000 0.03024092401035314084 0.00000000000000000000
2.2600000000 0.03013672570917346263 0.00000000000000000000
2.2700000000 0.03003407348459107701 0.00000000000000000000
2.2800000000 0.02993293513934654204 0.00000000000000000000
2.2900000000 0.02983327930149121815 0.00000000000000000000
2.3000000000 0.02973507540011515252 0.00000000000000000000
2.3100000000 0.02963829364186290963 0.00000000000000000000
2.3200000000 0.02954290498820533531 0.00000000000000000000
2.3300000000 0.02944888113344627800 0.00000000000000000000
2.3400000000 0.02935619448343544310 0.00000000000000000000
2.3500000000 0.02926481813496396509 0.00000000000000000000
2.3600000000 0.02917472585581798797 0.00000000000000000000
2.3700000000 0.02908589206547142203 0.00000000000000000000
2.3800000000 0.02899829181638943765 0.00000000000000000000
2.3900000000 0.02891190077592906138 0.00000000000000000000
2.4000000000 0.02882669520881016648 0.00000000000000000000
2.4100000000 0.02874265196014116897 0.00000000000000000000
2.4200000000 0.02865974843898012533 0.00000000000000000000
2.4300000000 0.02857796260241069614 0.00000000000000000000
2.4400000000 0.02849727294011827200 0.00000000000000000000
2.4500000000 0.02841765845944842217 0.00000000000000000000
2.4600000000 0.02833909867092996096 0.00000000000000000000
2.4700000000 0.02826157357424935804 0.00000000000000000000
2.4800000000 0.02818506364465943673 0.00000000000000000000
2.4900000000 0.02810954981980839582 0.00000000000000000000
2.5000000000 0.02803501348697617912 0.00000000000000000000
2.5100000000 0.02796143647070187602 0.00000000000000000000
2.5200000000 0.02788880102079234827 0.00000000000000000000
2.5300000000 0.02781708980069681411 0.00000000000000000000
2.5400000000 0.02774628587623691883 0.00000000000000000000
2.5500000000 0.02767637270467906627 0.00000000000000000000
2.5600000000 0.02760733412414002191 0.00000000000000000000
2.5700000000 0.02753915434331088985 0.00000000000000000000
2.5800000000 0.02747181793149413784 0.00000000000000000000
2.5900000000 0.02740530980893846405 0.00000000000000000000
2.6000000000 0.02733961523746469835 0.00000000000000000000
2.6100000000 0.02727471981137309653 0.00000000000000000000
2.6200000000 0.02721060944862128267 0.00000000000000000000
2.6300000000 0.02714727038226498815 0.00000000000000000000
2.6400000000 0.02708468915215374653 0.00000000000000000000
2.6500000000 0.02702285259687187483 0.00000000000000000000
2.6600000000 0.02696174784591829493 0.00000000000000000000
2.6700000000 0.02690136231211570639 0.00000000000000000000
2.6800000000 0.02684168368424350373 0.00000000000000000000
2.6900000000 0.02678269991988652468 0.00000000000000000000
2.7000000000 0.02672439923849195473 0.00000000000000000000
2.7100000000 0.02666677011462965236 0.00000000000000000000
2.7200000000 0.02660980127144734961 0.00000000000000000000
2.7300000000 0.02655348167431537468 0.00000000000000000000
2.7400000000 0.02649780052465613295 0.00000000000000000000
2.7500000000 0.02644274725394954451 0.00000000000000000000
2.7600000000 0.02638831151791259239 0.00000000000000000000
2.7700000000 0.02633448319084355851 0.00000000000000000000
2.7800000000 0.02628125236012964980 0.00000000000000000000
2.7900000000 0.02622860932090999644 0.00000000000000000000
2.8000000000 0.02617654457089027900 0.00000000000000000000
2.8100000000 0.02612504880530430035 0.00000000000000000000
2.8200000000 0.02607411291201811726 0.00000000000000000000
2.8300000000 0.02602372796677165923 0.00000000000000000000
2.8400000000 0.02597388522855357401 0.00000000000000000000
2.8500000000 0.02592457613510668404 0.00000000000000000000
2.8600000000 0.02587579229855747204 0.00000000000000000000
2.8700000000 0.02582752550116827403 0.00000000000000000000
2.8800000000 0.02577976769120671544 0.00000000000000000000
2.8900000000 0.02573251097893001008 0.00000000000000000000
2.9000000000 0.02568574763267908803 0.00000000000000000000
2.9100000000 0.02563947007508131717 0.00000000000000000000
2.9200000000 0.02559367087935640953 0.00000000000000000000
2.9300000000 0.02554834276572380547 0.00000000000000000000
2.9400000000 0.02550347859790811147 0.00000000000000000000
2.9500000000 0.02545907137973891718 0.00000000000000000000
2.9600000000 0.02541511425184366652 0.00000000000000000000
2.9700000000 0.02537160048842909341 0.00000000000000000000
2.9800000000 0.02532852349414975099 0.00000000000000000000
2.9900000000 0.02528587680106057431 0.00000000000000000000
3.0000000000 0.02524365406565139483 0.00000000000000000000
3.0100000000 0.02520184906595960075 0.00000000000000000000
3.0200000000 0.02516045569876144278 0.00000000000000000000
3.0300000000 0.02511946797683594843 0.00000000000000000000
3.0400000000 0.02507888002630255173 0.00000000000000000000
3.0500000000 0.02503868608402861143 0.00000000000000000000
3.0600000000 0.02499888049510494425 0.00000000000000000000
3.0700000000 0.02495945771038767316 0.00000000000000000000
3.0800000000 0.02492041228410441650 0.00000000000000000000
3.0900000000 0.02488173887152320476 0.00000000000000000000
3.1000000000 0.02484343222668097470 0.00000000000000000000
3.1100000000 0.02480548720017207789 0.00000000000000000000
3.1200000000 0.02476789873699309849 0.00000000000000000000
3.1300000000 0.02473066187444386207 0.00000000000000000000
3.1400000000 0.02469377174008146464 0.00000000000000000000
3.1500000000 0.02465722354972797042 0.00000000000000000000
3.1600000000 0.02462101260552703591 0.00000000000000000000
3.1700000000 0.02458513429405220080 0.00000000000000000000
3.1800000000 0.02454958408446159673 0.00000000000000000000
3.1900000000 0.02451435752669963927 0.00000000000000000000
3.2000000000 0.02447945024974463105 0.00000000000000000000
3.2100000000 0.02444485795989970178 0.00000000000000000000
3.2200000000 0.02441057643912692560 0.00000000000000000000
3.2300000000 0.02437660154342314450 0.00000000000000000000
3.2400000000 0.02434292920123598547 0.00000000000000000000
3.2500000000 0.02430955541191913774 0.00000000000000000000
3.2600000000 0.02427647624422641856 0.00000000000000000000
3.2700000000 0.02424368783484257342 0.00000000000000000000
3.2800000000 0.02421118638694967976 0.00000000000000000000
3.2900000000 0.02417896816883023658 0.00000000000000000000
3.3000000000 0.02414702951250248184 0.00000000000000000000
3.3100000000 0.02411536681239103558 0.00000000000000000000
3.3200000000 0.02408397652402758521 0.00000000000000000000
3.3300000000 0.02405285516278530752 0.00000000000000000000
3.3400000000 0.02402199930264200742 0.00000000000000000000
3.3500000000 0.02399140557497414505 0.00000000000000000000
3.3600000000 0.02396107066737935068 0.00000000000000000000
3.3700000000 0.02393099132252737155 0.00000000000000000000
3.3800000000 0.02390116433703799032 0.00000000000000000000
3.3900000000 0.02387158656038617516 0.00000000000000000000
3.4000000000 0.02384225489383279620 0.00000000000000000000
3.4100000000 0.02381316628938066199 0.00000000000000000000
3.4200000000 0.02378431774875534171 0.00000000000000000000
3.4300000000 0.02375570632240975311 0.00000000000000000000
3.4400000000 0.02372732910855195748 0.00000000000000000000
3.4500000000 0.02369918325219606825 0.00000000000000000000
3.4600000000 0.02367126594423477753 0.00000000000000000000
3.4700000000 0.02364357442053348704 0.00000000000000000000
3.4800000000 0.02361610596104566848 0.00000000000000000000
3.4900000000 0.02358885788894825655 0.00000000000000000000
3.5000000000 0.02356182756979738682 0.00000000000000000000
3.5100000000 0.02353501241070251812 0.00000000000000000000
3.5200000000 0.02350840985952104903 0.00000000000000000000
3.5300000000 0.02348201740406916788 0.00000000000000000000
3.5400000000 0.02345583257135264166 0.00000000000000000000
3.5500000000 0.02342985292681365461 0.00000000000000000000
3.5600000000 0.02340407607359500444 0.00000000000000000000
3.5700000000 0.02337849965182129189 0.00000000000000000000
3.5800000000 0.02335312133789573322 0.00000000000000000000
3.5900000000 0.02332793884381230420 0.00000000000000000000
3.6000000000 0.02330294991648452704 0.00000000000000000000
3.6100000000 0.02327815233708762158 0.00000000000000000000
3.6200000000 0.02325354392041657781 0.00000000000000000000
3.6300000000 0.02322912251425725272 0.00000000000000000000
3.6400000000 0.02320488599877196939 0.00000000000000000000
3.6500000000 0.02318083228589864347 0.00000000000000000000
3.6600000000 0.02315695931876259051 0.00000000000000000000
3.6700000000 0.02313326507110174263 0.00000000000000000000
3.6800000000 0.02310974754670338388 0.00000000000000000000
3.6900000000 0.02308640477885457939 0.00000000000000000000
3.7000000000 0.02306323482980305109 0.00000000000000000000
3.7100000000 0.02304023579023041848 0.00000000000000000000
3.7200000000 0.02301740577873647928 0.00000000000000000000
3.7300000000 0.02299474294133488361 0.00000000000000000000
3.7400000000 0.02297224545095898768 0.00000000000000000000
3.7500000000 0.02294991150697872975 0.00000000000000000000
3.7600000000 0.02292773933472744274 0.00000000000000000000
3.7700000000 0.02290572718503888078 0.00000000000000000000
3.7800000000 0.02288387333379389085 0.00000000000000000000
3.7900000000 0.02286217608147658384 0.00000000000000000000
3.8000000000 0.02284063375273967869 0.00000000000000000000
3.8100000000 0.02281924469597957847 0.00000000000000000000
3.8200000000 0.02279800728291925954 0.00000000000000000000
3.8300000000 0.02277691990820057341 0.00000000000000000000
3.8400000000 0.02275598098898486479 0.00000000000000000000
3.8500000000 0.02273518896456151392 0.00000000000000000000
3.8600000000 0.02271454229596503102 0.00000000000000000000
3.8700000000 0.02269403946559949911 0.00000000000000000000
3.8800000000 0.02267367897687084383 0.00000000000000000000
3.8900000000 0.02265345935382693382 0.00000000000000000000
3.9000000000 0.02263337914080466168 0.00000000000000000000
3.9100000000 0.02261343690208397414 0.00000000000000000000
3.9200000000 0.02259363122154936163 0.00000000000000000000
3.9300000000 0.02257396070235814789 0.00000000000000000000
3.9400000000 0.02255442396661468465 0.00000000000000000000
3.9500000000 0.02253501965505229701 0.00000000000000000000
3.9600000000 0.02251574642672035317 0.00000000000000000000
3.9700000000 0.02249660295867840845 0.00000000000000000000
3.9800000000 0.02247758794569605298 0.00000000000000000000
3.9900000000 0.02245870009995874425 0.00000000000000000000
4.0000000000 0.02243993815077941281 0.00000000000000000000
4.0100000000 0.02242130084431573703 0.00000000000000000000
4.0200000000 0.02240278694329332285 0.00000000000000000000
4.0300000000 0.02238439522673339385 0.00000000000000000000
4.0400000000 0.02236612448968695530 0.00000000000000000000
4.0500000000 0.02234797354297300004 0.00000000000000000000
4.0600000000 0.02232994121292272358 0.00000000000000000000
4.0700000000 0.02231202634112807240 0.00000000000000000000
4.0800000000 0.02229422778419523979 0.00000000000000000000
4.0900000000 0.02227654441350315415 0.00000000000000000000
4.1000000000 0.02225897511496630760 0.00000000000000000000
4.1100000000 0.02224151878880229957 0.00000000000000000000
4.1200000000 0.02222417434930346394 0.00000000000000000000
4.1300000000 0.02220694072461340193 0.00000000000000000000
4.1400000000 0.02218981685650732102 0.00000000000000000000
4.1500000000 0.02217280170017644700 0.00000000000000000000
4.1600000000 0.02215589422401678318 0.00000000000000000000
4.1700000000 0.02213909340942174508 0.00000000000000000000
4.1800000000 0.02212239825057852813 0.00000000000000000000
4.1900000000 0.02210580775426853120 0.00000000000000000000
4.2000000000 0.02208932093967107269 0.00000000000000000000
4.2100000000 0.02207293683817119351 0.00000000000000000000
4.2200000000 0.02205665449317071106 0.00000000000000000000
4.2300000000 0.02204047295990303398 0.00000000000000000000
4.2400000000 0.02202439130525087399 0.00000000000000000000
4.2500000000 0.02200840860756812442 0.00000000000000000000
4.2600000000 0.02199252395650382053 0.00000000000000000000
4.2700000000 0.02197673645283073490 0.00000000000000000000
4.2800000000 0.02196104520827563480 0.00000000000000000000
4.2900000000 0.02194544934535392830 0.00000000000000000000
4.3000000000 0.02192994799720603821 0.00000000000000000000
4.3100000000 0.02191454030743795675 0.00000000000000000000
4.3200000000 0.02189922542996370833 0.00000000000000000000
4.3300000000 0.02188400252885105285 0.00000000000000000000
4.3400000000 0.02186887077816999231 0.00000000000000000000
4.3500000000 0.02185382936184363661 0.00000000000000000000
4.3600000000 0.02183887747350220579 0.00000000000000000000
4.3700000000 0.02182401431633917283 0.00000000000000000000
4.3800000000 0.02180923910297028964 0.00000000000000000000
4.3900000000 0.02179455105529460104 0.00000000000000000000
4.4000000000 0.02177994940435867485 0.00000000000000000000
4.4100000000 0.02176543339022235513 0.00000000000000000000
4.4200000000 0.02175100226182762747 0.00000000000000000000
4.4300000000 0.02173665527686899357 0.00000000000000000000
4.4400000000 0.02172239170166697167 0.00000000000000000000
4.4500000000 0.02170821081104284261 0.00000000000000000000
4.4600000000 0.02169411188819639347 0.00000000000000000000
4.4700000000 0.02168009422458530566 0.00000000000000000000
4.4800000000 0.02166615711980663175 0.00000000000000000000
4.4900000000 0.02165229988148046139 0.00000000000000000000
4.5000000000 0.02163852182513549896 0.00000000000000000000
4.5100000000 0.02162482227409652166 0.00000000000000000000
4.5200000000 0.02161120055937392967 0.00000000000000000000
4.5300000000 0.02159765601955489916 0.00000000000000000000
4.5400000000 0.02158418800069667257 0.00000000000000000000
4.5500000000 0.02157079585622138918 0.00000000000000000000
4.5600000000 0.02155747894681285526 0.00000000000000000000
4.5700000000 0.02154423664031482680 0.00000000000000000000
4.5800000000 0.02153106831163151963 0.00000000000000000000
4.5900000000 0.02151797334262892450 0.00000000000000000000
4.6000000000 0.02150495112203850909 0.00000000000000000000
4.6100000000 0.02149200104536228007 0.00000000000000000000
4.6200000000 0.02147912251477918089 0.00000000000000000000
4.6300000000 0.02146631493905337695 0.00000000000000000000
4.6400000000 0.02145357773344382796 0.00000000000000000000
4.6500000000 0.02144091031961552901 0.00000000000000000000
4.6600000000 0.02142831212555193487 0.00000000000000000000
4.6700000000 0.02141578258546897665 0.00000000000000000000
4.6800000000 0.02140332113973062583 0.00000000000000000000
4.6900000000 0.02139092723476550967 0.00000000000000000000
4.7000000000 0.02137860032298510848 0.00000000000000000000
4.7100000000 0.02136633986270310842 0.00000000000000000000
4.7200000000 0.02135414531805629110 0.00000000000000000000
4.7300000000 0.02134201615892632187 0.00000000000000000000
4.7400000000 0.02132995186086330749 0.00000000000000000000
4.7500000000 0.02131795190501003037 0.00000000000000000000
4.7600000000 0.02130601577802768501 0.00000000000000000000
4.7700000000 0.02129414297202278025 0.00000000000000000000
4.7800000000 0.02128233298447524541 0.00000000000000000000
4.7900000000 0.02127058531816738637 0.00000000000000000000
4.8000000000 0.02125889948111437874 0.00000000000000000000
4.8100000000 0.02124727498649555193 0.00000000000000000000
4.8200000000 0.02123571135258678008 0.00000000000000000000
4.8300000000 0.02122420810269397967 0.00000000000000000000
4.8400000000 0.02121276476508785966 0.00000000000000000000
4.8500000000 0.02120138087293931342 0.00000000000000000000
4.8600000000 0.02119005596425595564 0.00000000000000000000
4.8700000000 0.02117878958181973123 0.00000000000000000000
4.8800000000 0.02116758127312540552 0.00000000000000000000
4.8900000000 0.02115643059032005363 0.00000000000000000000
4.9000000000 0.02114533709014341373 0.00000000000000000000
4.9100000000 0.02113430033386918747 0.00000000000000000000
4.9200000000 0.02112331988724733267 0.00000000000000000000
4.9300000000 0.02111239532044682787 0.00000000000000000000
4.9400000000 0.02110152620799997727 0.00000000000000000000
4.9500000000 0.02109071212874720491 0.00000000000000000000
4.9600000000 0.02107995266578226515 0.00000000000000000000
4.9700000000 0.02106924740639914626 0.00000000000000000000
4.9800000000 0.02105859594203917523 0.00000000000000000000
4.9900000000 0.02104799786823889976 0.00000000000000000000
5.0000000000 0.02103745278457922613 0.00000000000000000000
