0.1000000000 1.57799058497552224800 0.00000000000000000000
0.1100000000 1.53315445157013874322 0.00000000000000000000
0.1200000000 1.48932242691812977142 0.00000000000000000000
0.1300000000 1.44649770225132767720 0.00000000000000000000
0.1400000000 1.40468155966571583981 0.00000000000000000000
0.1500000000 1.36387343361730040137 0.00000000000000000000
0.1600000000 1.32407098104085796386 0.00000000000000000000
0.1700000000 1.28527015899628271889 0.00000000000000000000
0.1800000000 1.24746530871757244086 0.00000000000000000000
0.1900000000 1.21064924493144010498 0.00000000000000000000
0.2000000000 1.17481334932453984621 0.00000000000000000000
0.2100000000 1.13994766706827688196 0.00000000000000000000
0.2200000000 1.10604100535586824527 0.00000000000000000000
0.2300000000 1.07308103296519785630 0.00000000000000000000
0.2400000000 1.04105437993047345024 0.00000000000000000000
0.2500000000 1.00994673648323862736 0.00000000000000000000
0.2600000000 0.97974295050635162863 0.00000000000000000000
0.2700000000 0.95042712283093022663 0.00000000000000000000
0.2800000000 0.92198269979371316740 0.00000000000000000000
0.2900000000 0.89439256255914789673 0.00000000000000000000
0.3000000000 0.86763911279496974682 0.00000000000000000000
0.3100000000 0.84170435437098123366 0.00000000000000000000
0.3200000000 0.81656997082695592649 0.00000000000000000000
0.3300000000 0.79221739842640470641 0.00000000000000000000
0.3400000000 0.76862789467773562357 0.00000000000000000000
0.3500000000 0.74578260226281845036 0.00000000000000000000
0.3600000000 0.72366260836496065778 0.00000000000000000000
0.3700000000 0.70224899943385010737 0.00000000000000000000
0.3800000000 0.68152291146427701474 0.00000000000000000000
0.3900000000 0.66146557589862775561 0.00000000000000000000
0.4000000000 0.64205836129067606066 0.00000000000000000000
0.4100000000 0.62328281089038239937 0.00000000000000000000
0.4200000000 0.60512067632677779550 0.00000000000000000000
0.4300000000 0.58755394757893386615 0.00000000000000000000
0.4400000000 0.57056487943407174779 0.00000000000000000000
0.4500000000 0.55413601463739559083 0.00000000000000000000
0.4600000000 0.53825020394077127683 0.00000000000000000000
0.4700000000 0.52289062325734358971 0.00000000000000000000
0.4800000000 0.50804078812690256495 0.00000000000000000000
0.4900000000 0.49368456569276875090 0.00000000000000000000
0.5000000000 0.47980618438539474058 0.00000000000000000000
0.5100000000 0.46639024150116081824 0.00000000000000000000
0.5200000000 0.45342170885716659434 0.00000000000000000000
0.5300000000 0.44088593669453174373 0.00000000000000000000
0.5400000000 0.42876865599388719330 0.00000000000000000000
0.5500000000 0.41705597935768962126 0.00000000000000000000
0.5600000000 0.40573440060477461433 0.00000000000000000000
0.5700000000 0.39479079321331861374 0.00000000000000000000
0.5800000000 0.38421240773927300971 0.00000000000000000000
0.5900000000 0.37398686832839617145 0.00000000000000000000
0.6000000000 0.36410216843130138731 0.00000000000000000000
0.6100000000 0.35454666582257376994 0.00000000000000000000
0.6200000000 0.34530907701694835144 0.00000000000000000000
0.6300000000 0.33637847116791286251 0.00000000000000000000
0.6400000000 0.32774426352679664198 0.00000000000000000000
0.6500000000 0.31939620853356026631 0.00000000000000000000
0.6600000000 0.31132439260404215498 0.00000000000000000000
0.6700000000 0.30351922667237102305 0.00000000000000000000
0.6800000000 0.29597143854159918552 0.00000000000000000000
0.6900000000 0.28867206509036041906 0.00000000000000000000
0.7000000000 0.28161244437848997890 0.00000000000000000000
0.7100000000 0.27478420769001604684 0.00000000000000000000
0.7200000000 0.26817927154775422771 0.00000000000000000000
0.7300000000 0.26178982972997183465 0.00000000000000000000
0.7400000000 0.25560834531595438834 0.00000000000000000000
0.7500000000 0.24962754278422141785 0.00000000000000000000
0.7600000000 0.24384040018405100936 0.00000000000000000000
0.7700000000 0.23824014139840676840 0.00000000000000000000
0.7800000000 0.23282022851383130102 0.00000000000000000000
0.7900000000 0.22757435431070030529 0.00000000000000000000
0.8000000000 0.22249643488519063594 0.00000000000000000000
0.8100000000 0.21758060241250051781 0.00000000000000000000
0.8200000000 0.21282119805928262357 0.00000000000000000000
0.8300000000 0.20821276505163643922 0.00000000000000000000
0.8400000000 0.20375004190384560232 0.00000000000000000000
0.8500000000 0.19942795581176206432 0.00000000000000000000
0.8600000000 0.19524161621369057196 0.00000000000000000000
0.8700000000 0.19118630852071444304 0.00000000000000000000
0.8800000000 0.18725748801756597617 0.00000000000000000000
0.8900000000 0.18345077393435554880 0.00000000000000000000
0.9000000000 0.17976194368895173636 0.00000000000000000000
0.9100000000 0.17618692729900378713 0.00000000000000000000
0.9200000000 0.17272180196240494165 0.00000000000000000000
0.9300000000 0.16936278680425606580 0.00000000000000000000
0.9400000000 0.16610623778830729824 0.00000000000000000000
0.9500000000 0.16294864279019241615 0.00000000000000000000
0.9600000000 0.15988661682995131130 0.00000000000000000000
0.9700000000 0.15691689746063761102 0.00000000000000000000
0.9800000000 0.15403634030986987358 0.00000000000000000000
0.9900000000 0.15124191477117884808 0.00000000000000000000
1.0000000000 0.14853069984144448568 0.00000000000000000000
1.0100000000 0.14589988010101570537 0.00000000000000000000
1.0200000000 0.14334674183292406280 0.00000000000000000000
1.0300000000 0.14086866927744143285 0.00000000000000000000
1.0400000000 0.13846314101828524623 0.00000000000000000000
1.0500000000 0.13612772649684290460 0.00000000000000000000
1.0600000000 0.13386008265067866896 0.00000000000000000000
1.0700000000 0.13165795067253435735 0.00000000000000000000
1.0800000000 0.12951915288636001167 0.00000000000000000000
1.0900000000 0.12744158973654801104 0.00000000000000000000
1.1000000000 0.12542323688696110917 0.00000000000000000000
1.1100000000 0.12346214242608961886 0.00000000000000000000
1.1200000000 0.12155642417499068486 0.00000000000000000000
1.1300000000 0.11970426709452980374 0.00000000000000000000
1.1400000000 0.11790392078861859637 0.00000000000000000000
1.1500000000 0.11615369710021669625 0.00000000000000000000
1.1600000000 0.11445196779687275002 0.00000000000000000000
1.1700000000 0.11279716234272393893 0.00000000000000000000
1.1800000000 0.11118776575392064210 0.00000000000000000000
1.1900000000 0.10962231653454126978 0.00000000000000000000
1.2000000000 0.10809940469010397013 0.00000000000000000000
1.2100000000 0.10661766981593207015 0.00000000000000000000
1.2200000000 0.10517579925762839121 0.00000000000000000000
1.2300000000 0.10377252634107063389 0.00000000000000000000
1.2400000000 0.10240662866936890707 0.00000000000000000000
1.2500000000 0.10107692648432724247 0.00000000000000000000
1.2600000000 0.09978228109001895108 0.00000000000000000000
1.2700000000 0.09852159333618794312 0.00000000000000000000
1.2800000000 0.09729380215922610320 0.00000000000000000000
1.2900000000 0.09609788317857571871 0.00000000000000000000
1.3000000000 0.09493284734648595180 0.00000000000000000000
1.3100000000 0.09379773964909471351 0.00000000000000000000
1.3200000000 0.09269163785690469337 0.00000000000000000000
1.3300000000 0.09161365132278262435 0.00000000000000000000
1.3400000000 0.09056291982566114229 0.00000000000000000000
1.3500000000 0.08953861245821236048 0.00000000000000000000
1.3600000000 0.08853992655681457158 0.00000000000000000000
1.3700000000 0.08756608667217997966 0.00000000000000000000
1.3800000000 0.08661634357909651916 0.00000000000000000000
1.3900000000 0.08568997332377142895 0.00000000000000000000
1.4000000000 0.08478627630734222875 0.00000000000000000000
1.4100000000 0.08390457640414425433 0.00000000000000000000
1.4200000000 0.08304422011340975573 0.00000000000000000000
1.4300000000 0.08220457574310079119 0.00000000000000000000
1.4400000000 0.08138503262463051002 0.00000000000000000000
1.4500000000 0.08058500035728535793 0.00000000000000000000
1.4600000000 0.07980390808119862400 0.00000000000000000000
1.4700000000 0.07904120377775754325 0.00000000000000000000
1.4800000000 0.07829635359639962322 0.00000000000000000000
1.4900000000 0.07756884120676088568 0.00000000000000000000
1.5000000000 0.07685816717520108088 0.00000000000000000000
1.5100000000 0.07616384836475642572 0.00000000000000000000
1.5200000000 0.07548541735761450655 0.00000000000000000000
1.5300000000 0.07482242189924155629 0.00000000000000000000
1.5400000000 0.07417442436331164735 0.00000000000000000000
1.5500000000 0.07354100123664657207 0.00000000000000000000
1.5600000000 0.07292174262337831891 0.00000000000000000000
1.5700000000 0.07231625176759881590 0.00000000000000000000
1.5800000000 0.07172414459377761398 0.00000000000000000000
1.5900000000 0.07114504926425684050 0.00000000000000000000
1.6000000000 0.07057860575317248530 0.00000000000000000000
1.6100000000 0.07002446543616007435 0.00000000000000000000
1.6200000000 0.06948229069523140233 0.00000000000000000000
1.6300000000 0.06895175453825240497 0.00000000000000000000
1.6400000000 0.06843254023244066397 0.00000000000000000000
1.6500000000 0.06792434095135654881 0.00000000000000000000
1.6600000000 0.06742685943486172173 0.00000000000000000000
1.6700000000 0.06693980766154915274 0.00000000000000000000
1.6800000000 0.06646290653316298813 0.00000000000000000000
1.6900000000 0.06599588557055309501 0.00000000000000000000
1.7000000000 0.06553848262071755582 0.00000000000000000000
1.7100000000 0.06509044357450984031 0.00000000000000000000
1.7200000000 0.06465152209460471588 0.00000000000000000000
1.7300000000 0.06422147935333064050 0.00000000000000000000
1.7400000000 0.06380008377998955260 0.00000000000000000000
1.7500000000 0.06338711081730527552 0.00000000000000000000
1.7600000000 0.06298234268665552082 0.00000000000000000000
1.7700000000 0.06258556816174694337 0.00000000000000000000
1.7800000000 0.06219658235041986005 0.00000000000000000000
1.7900000000 0.06181518648427185986 0.00000000000000000000
1.8000000000 0.06144118771580303617 0.00000000000000000000
1.8100000000 0.06107439892280141364 0.00000000000000000000
1.8200000000 0.06071463851969628039 0.00000000000000000000
1.8300000000 0.06036173027560995386 0.00000000000000000000
1.8400000000 0.06001550313886859500 0.00000000000000000000
1.8500000000 0.05967579106771713632 0.00000000000000000000
1.8600000000 0.05934243286701149783 0.00000000000000000000
1.8700000000 0.05901527203066930793 0.00000000000000000000
1.8800000000 0.05869415658965127652 0.00000000000000000000
1.8900000000 0.05837893896528189436 0.00000000000000000000
1.9000000000 0.05806947582769716315 0.00000000000000000000
1.9100000000 0.05776562795924088112 0.00000000000000000000
1.9200000000 0.05746726012261592353 0.00000000000000000000
1.9300000000 0.05717424093362052234 0.00000000000000000000
1.9400000000 0.05688644273829773085 0.00000000000000000000
1.9500000000 0.05660374149433691771 0.00000000000000000000
1.9600000000 0.05632601665656833401 0.00000000000000000000
1.9700000000 0.05605315106640150480 0.00000000000000000000
1.9800000000 0.05578503084506493404 0.00000000000000000000
1.9900000000 0.05552154529050191967 0.00000000000000000000
2.0000000000 0.05526258677779628120 0.00000000000000000000
2.0100000000 0.05500805066299400276 0.00000000000000000000
2.0200000000 0.05475783519019965240 0.00000000000000000000
2.0300000000 0.05451184140182570997 0.00000000000000000000
2.0400000000 0.05426997305188568238 0.00000000000000000000
2.0500000000 0.05403213652221439817 0.00000000000000000000
2.0600000000 0.05379824074151469404 0.00000000000000000000
2.0700000000 0.05356819710712681926 0.00000000000000000000
2.0800000000 0.05334191940942263621 0.00000000000000000000
2.0900000000 0.05311932375872809725 0.00000000000000000000
2.1000000000 0.05290032851468993991 0.00000000000000000000
2.1100000000 0.05268485421799080914 0.00000000000000000000
2.1200000000 0.05247282352433533387 0.00000000000000000000
2.1300000000 0.05226416114062283624 0.00000000000000000000
2.1400000000 0.05205879376323239299 0.00000000000000000000
2.1500000000 0.05185665001833855009 0.00000000000000000000
2.1600000000 0.05165766040419645516 0.00000000000000000000
2.1700000000 0.05146175723531475066 0.00000000000000000000
2.1800000000 0.05126887458846082074 0.00000000000000000000
2.1900000000 0.05107894825042420123 0.00000000000000000000
2.2000000000 0.05089191566748618029 0.00000000000000000000
2.2100000000 0.05070771589652536132 0.00000000000000000000
2.2200000000 0.05052628955771219788 0.00000000000000000000
2.2300000000 0.05034757878872865577 0.00000000000000000000
2.2400000000 0.05017152720046638703 0.00000000000000000000
2.2500000000 0.04999807983414789742 0.00000000000000000000
2.2600000000 0.04982718311982303749 0.00000000000000000000
2.2700000000 0.04965878483619313999 0.00000000000000000000
2.2800000000 0.04949283407171740229 0.00000000000000000000
2.2900000000 0.04932928118695689701 0.00000000000000000000
2.3000000000 0.04916807777811276620 0.00000000000000000000
2.3100000000 0.04900917664172104588 0.00000000000000000000
2.3200000000 0.04885253174045875446 0.00000000000000000000
2.3300000000 0.04869809817003114411 0.00000000000000000000
2.3400000000 0.04854583212709554646 0.00000000000000000000
2.3500000000 0.04839569087819226706 0.00000000000000000000
2.3600000000 0.04824763272964489869 0.00000000000000000000
2.3700000000 0.04810161699839948790 0.00000000000000000000
2.3800000000 0.04795760398377035827 0.00000000000000000000
2.3900000000 0.04781555494006096280 0.00000000000000000000
2.4000000000 0.04767543205003187123 0.00000000000000000000
2.4100000000 0.04753719839918655460 0.00000000000000000000
2.4200000000 0.04740081795084920280 0.00000000000000000000
2.4300000000 0.04726625552200448832 0.00000000000000000000
2.4400000000 0.04713347675987888952 0.00000000000000000000
2.4500000000 0.04700244811923613708 0.00000000000000000000
2.4600000000 0.04687313684036132494 0.00000000000000000000
2.4700000000 0.04674551092771595667 0.00000000000000000000
2.4800000000 0.04661953912923814253 0.00000000000000000000
2.4900000000 0.04649519091626594380 0.00000000000000000000
2.5000000000 0.04637243646406760678 0.00000000000000000000
2.5100000000 0.04625124663295464983 0.00000000000000000000
2.5200000000 0.04613159294996074106 0.00000000000000000000
2.5300000000 0.04601344759106788113 0.00000000000000000000
2.5400000000 0.04589678336396224578 0.00000000000000000000
2.5500000000 0.04578157369130088361 0.00000000000000000000
2.5600000000 0.04566779259447537043 0.00000000000000000000
2.5700000000 0.04555541467785417103 0.00000000000000000000
2.5800000000 0.04544441511348888685 0.00000000000000000000
2.5900000000 0.04533476962627158713 0.00000000000000000000
2.6000000000 0.04522645447952469006 0.00000000000000000000
2.6100000000 0.04511944646101270079 0.00000000000000000000
2.6200000000 0.04501372286936210915 0.00000000000000000000
2.6300000000 0.04490926150087498625 0.00000000000000000000
2.6400000000 0.04480604063672528892 0.00000000000000000000
2.6500000000 0.04470403903052400790 0.00000000000000000000
2.6600000000 0.04460323589624490270 0.00000000000000000000
2.6700000000 0.04450361089649386426 0.00000000000000000000
2.6800000000 0.04440514413111796427 0.00000000000000000000
2.6900000000 0.04430781612613707288 0.00000000000000000000
2.7000000000 0.04421160782299309033 0.00000000000000000000
2.7100000000 0.04411650056810327569 0.00000000000000000000
2.7200000000 0.04402247610271003281 0.00000000000000000000
2.7300000000 0.04392951655301775837 0.00000000000000000000
2.7400000000 0.04383760442060778695 0.00000000000000000000
2.7500000000 0.04374672257312184342 0.00000000000000000000
2.7600000000 0.04365685423520731384 0.00000000000000000000
2.7700000000 0.04356798297971624379 0.00000000000000000000
2.7800000000 0.04348009271914694135 0.00000000000000000000
2.7900000000 0.04339316769732692869 0.00000000000000000000
2.8000000000 0.04330719248132373911 0.00000000000000000000
2.8100000000 0.04322215195358060369 0.00000000000000000000
2.8200000000 0.04313803130426768773 0.00000000000000000000
2.8300000000 0.04305481602384541445 0.00000000000000000000
2.8400000000 0.04297249189582881546 0.00000000000000000000
2.8500000000 0.04289104498975224167 0.00000000000000000000
2.8600000000 0.04281046165432410289 0.00000000000000000000
2.8700000000 0.04273072851076808315 0.00000000000000000000
2.8800000000 0.04265183244634512816 0.00000000000000000000
2.8900000000 0.04257376060804925200 0.00000000000000000000
2.9000000000 0.04249650039647494271 0.00000000000000000000
2.9100000000 0.04242003945984724328 0.00000000000000000000
2.9200000000 0.04234436568821380725 0.00000000000000000000
2.9300000000 0.04226946720779046346 0.00000000000000000000
2.9400000000 0.04219533237545773641 0.00000000000000000000
2.9500000000 0.04212194977340461000 0.00000000000000000000
2.9600000000 0.04204930820391241525 0.00000000000000000000
2.9700000000 0.04197739668427737797 0.00000000000000000000
2.9800000000 0.04190620444186751031 0.00000000000000000000
2.9900000000 0.04183572090930730292 0.00000000000000000000
3.0000000000 0.04176593571979071023 0.00000000000000000000
3.0100000000 0.04169683870251483793 0.00000000000000000000
3.0200000000 0.04162841987823363843 0.00000000000000000000
3.0300000000 0.04156066945492550152 0.00000000000000000000
3.0400000000 0.04149357782357528807 0.00000000000000000000
3.0500000000 0.04142713555406213333 0.00000000000000000000
3.0600000000 0.04136133339115639213 0.00000000000000000000
3.0700000000 0.04129616225061623347 0.00000000000000000000
3.0800000000 0.04123161321538655610 0.00000000000000000000
3.0900000000 0.04116767753189311957 0.00000000000000000000
3.1000000000 0.04110434660643161320 0.00000000000000000000
3.1100000000 0.04104161200164863077 0.00000000000000000000
3.1200000000 0.04097946543311074830 0.00000000000000000000
3.1300000000 0.04091789876596114983 0.00000000000000000000
3.1400000000 0.04085690401165913144 0.00000000000000000000
3.1500000000 0.04079647332480278860 0.00000000000000000000
3.1600000000 0.04073659900002948864 0.00000000000000000000
3.1700000000 0.04067727346899475266 0.00000000000000000000
3.1800000000 0.04061848929742554321 0.00000000000000000000
3.1900000000 0.04056023918224760383 0.00000000000000000000
3.2000000000 0.04050251594878199329 0.00000000000000000000
3.2100000000 0.04044531254801250059 0.00000000000000000000
3.2200000000 0.04038862205391881288 0.00000000000000000000
3.2300000000 0.04033243766087588750 0.00000000000000000000
3.2400000000 0.04027675268111632206 0.00000000000000000000
3.2500000000 0.04022156054225464045 0.00000000000000000000
3.2600000000 0.04016685478487169725 0.00000000000000000000
3.2700000000 0.04011262906015766738 0.00000000000000000000
3.2800000000 0.04005887712761137254 0.00000000000000000000
3.2900000000 0.04000559285279611105 0.00000000000000000000
3.3000000000 0.03995277020514773070 0.00000000000000000000
3.3100000000 0.03990040325583653347 0.00000000000000000000
3.3200000000 0.03984848617567964685 0.00000000000000000000
3.3300000000 0.03979701323310266131 0.00000000000000000000
3.3400000000 0.03974597879215042290 0.00000000000000000000
3.3500000000 0.03969537731054402496 0.00000000000000000000
3.3600000000 0.03964520333778415867 0.00000000000000000000
3.3700000000 0.03959545151329902507 0.00000000000000000000
3.3800000000 0.03954611656463493524 0.00000000000000000000
3.3900000000 0.03949719330569020914 0.00000000000000000000
3.4000000000 0.03944867663498989596 0.00000000000000000000
3.4100000000 0.03940056153399974781 0.00000000000000000000
3.4200000000 0.03935284306548041122 0.00000000000000000000
3.4300000000 0.03930551637187921360 0.00000000000000000000
3.4400000000 0.03925857667375849680 0.00000000000000000000
3.4500000000 0.03921201926826066442 0.00000000000000000000
3.4600000000 0.03916583952760804149 0.00000000000000000000
3.4700000000 0.03912003289763707481 0.00000000000000000000
3.4800000000 0.03907459489636593009 0.00000000000000000000
3.4900000000 0.03902952111259447299 0.00000000000000000000
3.5000000000 0.03898480720453570414 0.00000000000000000000
3.5100000000 0.03894044889847876612 0.00000000000000000000
3.5200000000 0.03889644198748140602 0.00000000000000000000
3.5300000000 0.03885278233009163695 0.00000000000000000000
3.5400000000 0.03880946584909859137 0.00000000000000000000
3.5500000000 0.03876648853031103292 0.00000000000000000000
3.5600000000 0.03872384642136225685 0.00000000000000000000
3.5700000000 0.03868153563054271826 0.00000000000000000000
3.5800000000 0.03863955232565734199 0.00000000000000000000
3.5900000000 0.03859789273290903378 0.00000000000000000000
3.6000000000 0.03855655313580560323 0.00000000000000000000
3.6100000000 0.03851552987409159051 0.00000000000000000000
3.6200000000 0.03847481934270249870 0.00000000000000000000
3.6300000000 0.03843441799074315962 0.00000000000000000000
3.6400000000 0.03839432232048666654 0.00000000000000000000
3.6500000000 0.03835452888639601793 0.00000000000000000000
3.6600000000 0.03831503429416668188 0.00000000000000000000
3.6700000000 0.03827583519978947774 0.00000000000000000000
3.6800000000 0.03823692830863400366 0.00000000000000000000
3.6900000000 0.03819831037455106992 0.00000000000000000000
3.7000000000 0.03815997819899517168 0.00000000000000000000
3.7100000000 0.03812192863016437144 0.00000000000000000000
3.7200000000 0.03808415856215981166 0.00000000000000000000
3.7300000000 0.03804666493416190148 0.00000000000000000000
3.7400000000 0.03800944472962461407 0.00000000000000000000
3.7500000000 0.03797249497548595143 0.00000000000000000000
3.7600000000 0.03793581274139570109 0.00000000000000000000
3.7700000000 0.03789939513895902723 0.00000000000000000000
3.7800000000 0.03786323932099586870 0.00000000000000000000
3.7900000000 0.03782734248081534578 0.00000000000000000000
3.8000000000 0.03779170185150588362 0.00000000000000000000
3.8100000000 0.03775631470523944239 0.00000000000000000000
3.8200000000 0.03772117835259033297 0.00000000000000000000
3.8300000000 0.03768629014186805626 0.00000000000000000000
3.8400000000 0.03765164745846339561 0.00000000000000000000
3.8500000000 0.03761724772420870638 0.00000000000000000000
3.8600000000 0.03758308839674998764 0.00000000000000000000
3.8700000000 0.03754916696893299127 0.00000000000000000000
3.8800000000 0.03751548096820091910 0.00000000000000000000
3.8900000000 0.03748202795600442949 0.00000000000000000000
3.9000000000 0.03744880552722387040 0.00000000000000000000
3.9100000000 0.03741581130960247581 0.00000000000000000000
3.9200000000 0.03738304296319153175 0.00000000000000000000
3.9300000000 0.03735049817980638787 0.00000000000000000000
3.9400000000 0.03731817468249293973 0.00000000000000000000
3.9500000000 0.03728607022500517870 0.00000000000000000000
3.9600000000 0.03725418259129294890 0.00000000000000000000
3.9700000000 0.03722250959499967538 0.00000000000000000000
3.9800000000 0.03719104907896979284 0.00000000000000000000
3.9900000000 0.03715979891476648561 0.00000000000000000000
4.0000000000 0.03712875700219822606 0.00000000000000000000
4.0100000000 0.03709792126885460423 0.00000000000000000000
4.0200000000 0.03706728966965174704 0.00000000000000000000
4.0300000000 0.03703686018638550903 0.00000000000000000000
4.0400000000 0.03700663082729463427 0.00000000000000000000
4.0500000000 0.03697659962663101679 0.00000000000000000000
4.0600000000 0.03694676464423921058 0.00000000000000000000
4.0700000000 0.03691712396514348904 0.00000000000000000000
4.0800000000 0.03688767569914264133 0.00000000000000000000
4.0900000000 0.03685841798041337991 0.00000000000000000000
4.1000000000 0.03682934896711993755 0.00000000000000000000
4.1100000000 0.03680046684103233101 0.00000000000000000000
4.1200000000 0.03677176980715112647 0.00000000000000000000
4.1300000000 0.03674325609333913695 0.00000000000000000000
4.1400000000 0.03671492394996095365 0.00000000000000000000
4.1500000000 0.03668677164952811182 0.00000000000000000000
4.1600000000 0.03665879748635146596 0.00000000000000000000
4.1700000000 0.03663099977620008080 0.00000000000000000000
4.1800000000 0.03660337685596626311 0.00000000000000000000
4.1900000000 0.03657592708333692183 0.00000000000000000000
4.2000000000 0.03654864883647101353 0.00000000000000000000
4.2100000000 0.03652154051368245585 0.00000000000000000000
4.2200000000 0.03649460053312986174 0.00000000000000000000
4.2300000000 0.03646782733251097142 0.00000000000000000000
4.2400000000 0.03644121936876304479 0.00000000000000000000
4.2500000000 0.03641477511776904791 0.00000000000000000000
4.2600000000 0.03638849307406846062 0.00000000000000000000
4.2700000000 0.03636237175057398241 0.00000000000000000000
4.2800000000 0.03633640967829282475 0.00000000000000000000
4.2900000000 0.03631060540605379749 0.00000000000000000000
4.3000000000 0.03628495750023789934 0.00000000000000000000
4.3100000000 0.03625946454451566686 0.00000000000000000000
4.3200000000 0.03623412513958717412 0.00000000000000000000
4.3300000000 0.03620893790292861042 0.00000000000000000000
4.3400000000 0.03618390146854139761 0.00000000000000000000
4.3500000000 0.03615901448670766349 0.00000000000000000000
4.3600000000 0.03613427562374859486 0.00000000000000000000
4.3700000000 0.03610968356178764771 0.00000000000000000000
4.3800000000 0.03608523699851799021 0.00000000000000000000
4.3900000000 0.03606093464697395640 0.00000000000000000000
4.4000000000 0.03603677523530594839 0.00000000000000000000
4.4100000000 0.03601275750656046659 0.00000000000000000000
4.4200000000 0.03598888021846243651 0.00000000000000000000
4.4300000000 0.03596514214320289948 0.00000000000000000000
4.4400000000 0.03594154206722882661 0.00000000000000000000
4.4500000000 0.03591807879103781770 0.00000000000000000000
4.4600000000 0.03589475112897563824 0.00000000000000000000
4.4700000000 0.03587155790903744090 0.00000000000000000000
4.4800000000 0.03584849797267214422 0.00000000000000000000
4.4900000000 0.03582557017459075260 0.00000000000000000000
4.5000000000 0.03580277338257726455 0.00000000000000000000
4.5100000000 0.03578010647730299476 0.00000000000000000000
4.5200000000 0.03575756835214437268 0.00000000000000000000
4.5300000000 0.03573515791300344024 0.00000000000000000000
4.5400000000 0.03571287407813128478 0.00000000000000000000
4.5500000000 0.03569071577795484423 0.00000000000000000000
4.5600000000 0.03566868195490642546 0.00000000000000000000
4.5700000000 0.03564677156325590790 0.00000000000000000000
4.5800000000 0.03562498356894581303 0.00000000000000000000
4.5900000000 0.03560331694942938524 0.00000000000000000000
4.6000000000 0.03558177069351105976 0.00000000000000000000
4.6100000000 0.03556034380118952565 0.00000000000000000000
4.6200000000 0.03553903528350357138 0.00000000000000000000
4.6300000000 0.03551784416238051856 0.00000000000000000000
4.6400000000 0.03549676947048677200 0.00000000000000000000
4.6500000000 0.03547581025108131197 0.00000000000000000000
4.6600000000 0.03545496555787099047 0.00000000000000000000
4.6700000000 0.03543423445486881124 0.00000000000000000000
4.6800000000 0.03541361601625410416 0.00000000000000000000
4.6900000000 0.03539310932623492001 0.00000000000000000000
4.7000000000 0.03537271347891290246 0.00000000000000000000
4.7100000000 0.03535242757815028336 0.00000000000000000000
4.7200000000 0.03533225073743881395 0.00000000000000000000
4.7300000000 0.03531218207977103452 0.00000000000000000000
4.7400000000 0.03529222073751328570 0.00000000000000000000
4.7500000000 0.03527236585228125249 0.00000000000000000000
4.7600000000 0.03525261657481705557 0.00000000000000000000
4.7700000000 0.03523297206486819544 0.00000000000000000000
4.7800000000 0.03521343149106892501 0.00000000000000000000
4.7900000000 0.03519399403082314887 0.00000000000000000000
4.8000000000 0.03517465887018916132 0.00000000000000000000
4.8100000000 0.03515542520376612606 0.00000000000000000000
4.8200000000 0.03513629223458274858 0.00000000000000000000
4.8300000000 0.03511725917398702407 0.00000000000000000000
4.8400000000 0.03509832524153840699 0.00000000000000000000
4.8500000000 0.03507948966490102155 0.00000000000000000000
4.8600000000 0.03506075167973912721 0.00000000000000000000
4.8700000000 0.03504211052961362510 0.00000000000000000000
4.8800000000 0.03502356546588052816 0.00000000000000000000
4.8900000000 0.03500511574759089528 0.00000000000000000000
4.9000000000 0.03498676064139238234 0.00000000000000000000
4.9100000000 0.03496849942143201440 0.00000000000000000000
4.9200000000 0.03495033136926069262 0.00000000000000000000
4.9300000000 0.03493225577373946372 0.00000000000000000000
4.9400000000 0.03491427193094617104 0.00000000000000000000
4.9500000000 0.03489637914408479785 0.00000000000000000000
4.9600000000 0.03487857672339527565 0.00000000000000000000
4.9700000000 0.03486086398606502712 0.00000000000000000000
4.9800000000 0.03484324025614196629 0.00000000000000000000
4.9900000000 0.03482570486444825503 0.00000000000000000000
5.0000000000 0.03480825714849589830 0.00000000000000000000
