0.1000000000 2.23575861366738459779 0.00000000000000000000
0.1100000000 2.12864864903820061315 0.00000000000000000000
0.1200000000 2.02716732308904967752 0.00000000000000000000
0.1300000000 1.93125670754400080575 0.00000000000000000000
0.1400000000 1.84080166773456843643 0.00000000000000000000
0.1500000000 1.75563797796041098920 0.00000000000000000000
0.1600000000 1.67556148538356830535 0.00000000000000000000
0.1700000000 1.60033763233916115354 0.00000000000000000000
0.1800000000 1.52971073338108065620 0.00000000000000000000
0.1900000000 1.46341253531478332484 0.00000000000000000000
0.2000000000 1.40116973870777905553 0.00000000000000000000
0.2100000000 1.34271030492974130510 0.00000000000000000000
0.2200000000 1.28776849778869606489 0.00000000000000000000
0.2300000000 1.23608870505092172110 0.00000000000000000000
0.2400000000 1.18742815077728924855 0.00000000000000000000
0.2500000000 1.14155864720267263834 0.00000000000000000000
0.2600000000 1.09826755003280385203 0.00000000000000000000
0.2700000000 1.05735807955746441422 0.00000000000000000000
0.2800000000 1.01864915759066088086 0.00000000000000000000
0.2900000000 0.98197489172779217625 0.00000000000000000000
0.3000000000 0.94718381738353429888 0.00000000000000000000
0.3100000000 0.91413798705077853324 0.00000000000000000000
0.3200000000 0.88271197675977353114 0.00000000000000000000
0.3300000000 0.85279186264729378575 0.00000000000000000000
0.3400000000 0.82427420618049240808 0.00000000000000000000
0.3500000000 0.79706507489534017541 0.00000000000000000000
0.3600000000 0.77107911628491376810 0.00000000000000000000
0.3700000000 0.74623869539119114247 0.00000000000000000000
0.3800000000 0.72247310136813869264 0.00000000000000000000
0.3900000000 0.69971782445650720916 0.00000000000000000000
0.4000000000 0.67791390213728153213 0.00000000000000000000
0.4100000000 0.65700733144857459411 0.00000000000000000000
0.4200000000 0.63694854334178041544 0.00000000000000000000
0.4300000000 0.61769193434034164181 0.00000000000000000000
0.4400000000 0.59919545050927558449 0.00000000000000000000
0.4500000000 0.58142021873760196815 0.00000000000000000000
0.4600000000 0.56433022049712278090 0.00000000000000000000
0.4700000000 0.54789200350839861731 0.00000000000000000000
0.4800000000 0.53207442707383423297 0.00000000000000000000
0.4900000000 0.51684843719624617986 0.00000000000000000000
0.5000000000 0.50218686796722222798 0.00000000000000000000
0.5100000000 0.48806426606779468313 0.00000000000000000000
0.5200000000 0.47445673556485157274 0.00000000000000000000
0.5300000000 0.46134180050467277212 0.00000000000000000000
0.5400000000 0.44869828309686854428 0.00000000000000000000
0.5500000000 0.43650619554695729851 0.00000000000000000000
0.5600000000 0.42474664383396804057 0.00000000000000000000
0.5700000000 0.41340174194196155355 0.00000000000000000000
0.5800000000 0.40245453524294266812 0.00000000000000000000
0.5900000000 0.39188893189490586755 0.00000000000000000000
0.6000000000 0.38168964126515386726 0.00000000000000000000
0.6100000000 0.37184211851702025919 0.00000000000000000000
0.6200000000 0.36233251461028548324 0.00000000000000000000
0.6300000000 0.35314763106302377027 0.00000000000000000000
0.6400000000 0.34427487890776370394 0.00000000000000000000
0.6500000000 0.33570224134854415032 0.00000000000000000000
0.6600000000 0.32741823968966055070 0.00000000000000000000
0.6700000000 0.31941190216241227562 0.00000000000000000000
0.6800000000 0.31167273532441308603 0.00000000000000000000
0.6900000000 0.30419069774771656522 0.00000000000000000000
0.7000000000 0.29695617574825089457 0.00000000000000000000
0.7100000000 0.28995996094027259860 0.00000000000000000000
0.7200000000 0.28319322942676339316 0.00000000000000000000
0.7300000000 0.27664752246014101544 0.00000000000000000000
0.7400000000 0.27031472842803278001 0.00000000000000000000
0.7500000000 0.26418706603652941656 0.00000000000000000000
0.7600000000 0.25825706857857078091 0.00000000000000000000
0.7700000000 0.25251756918856077538 0.00000000000000000000
0.7800000000 0.24696168699564619020 0.00000000000000000000
0.7900000000 0.24158281409831428022 0.00000000000000000000
0.8000000000 0.23637460329159468153 0.00000000000000000000
0.8100000000 0.23133095648579063419 0.00000000000000000000
0.8200000000 0.22644601376225825806 0.00000000000000000000
0.8300000000 0.22171414301764108545 0.00000000000000000000
0.8400000000 0.21712993015294182464 0.00000000000000000000
0.8500000000 0.21268816976825360987 0.00000000000000000000
0.8600000000 0.20838385632796224689 0.00000000000000000000
0.8700000000 0.20421217576449199327 0.00000000000000000000
0.8800000000 0.20016849749185225416 0.00000000000000000000
0.8900000000 0.19624836680273716194 0.00000000000000000000
0.9000000000 0.19244749762534776871 0.00000000000000000000
0.9100000000 0.18876176561824292710 0.00000000000000000000
0.9200000000 0.18518720158323134783 0.00000000000000000000
0.9300000000 0.18171998517796561501 0.00000000000000000000
0.9400000000 0.17835643891163499575 0.00000000000000000000
0.9500000000 0.17509302240793761518 0.00000000000000000000
0.9600000000 0.17192632692116394111 0.00000000000000000000
0.9700000000 0.16885307009204919559 0.00000000000000000000
0.9800000000 0.16587009093104218560 0.00000000000000000000
0.9900000000 0.16297434501749913371 0.00000000000000000000
1.0000000000 0.16016289990290569212 0.00000000000000000000
1.0100000000 0.15743293071239852776 0.00000000000000000000
1.0200000000 0.15478171592858819272 0.00000000000000000000
1.0300000000 0.15220663335156373042 0.00000000000000000000
1.0400000000 0.14970515623186142484 0.00000000000000000000
1.0500000000 0.14727484956033257135 0.00000000000000000000
1.0600000000 0.14491336651267380797 0.00000000000000000000
1.0700000000 0.14261844504010390278 0.00000000000000000000
1.0800000000 0.14038790460001268623 0.00000000000000000000
1.0900000000 0.13821964302002198721 0.00000000000000000000
1.1000000000 0.13611163348976701437 0.00000000000000000000
1.1100000000 0.13406192167481220667 0.00000000000000000000
1.1200000000 0.13206862294722035434 0.00000000000000000000
1.1300000000 0.13012991972794371587 0.00000000000000000000
1.1400000000 0.12824405893601983908 0.00000000000000000000
1.1500000000 0.12640934954019811265 0.00000000000000000000
1.1600000000 0.12462416020850339282 0.00000000000000000000
1.1700000000 0.12288691705166629453 0.00000000000000000000
1.1800000000 0.12119610145642306653 0.00000000000000000000
1.1900000000 0.11955024800495379911 0.00000000000000000000
1.2000000000 0.11794794247684112221 0.00000000000000000000
1.2100000000 0.11638781993008454063 0.00000000000000000000
1.2200000000 0.11486856285795771226 0.00000000000000000000
1.2300000000 0.11338889941847728193 0.00000000000000000000
1.2400000000 0.11194760173359194488 0.00000000000000000000
1.2500000000 0.11054348425512053322 0.00000000000000000000
1.2600000000 0.10917540219478256980 0.00000000000000000000
1.2700000000 0.10784225001563831070 0.00000000000000000000
1.2800000000 0.10654295998246862687 0.00000000000000000000
1.2900000000 0.10527650076865724404 0.00000000000000000000
1.3000000000 0.10404187611732358676 0.00000000000000000000
1.3100000000 0.10283812355444041375 0.00000000000000000000
1.3200000000 0.10166431315188882711 0.00000000000000000000
1.3300000000 0.10051954633839602082 0.00000000000000000000
1.3400000000 0.09940295475642932366 0.00000000000000000000
1.3500000000 0.09831369916318975777 0.00000000000000000000
1.3600000000 0.09725096837394900384 0.00000000000000000000
1.3700000000 0.09621397824600366744 0.00000000000000000000
1.3800000000 0.09520197070162790542 0.00000000000000000000
1.3900000000 0.09421421278845479308 0.00000000000000000000
1.4000000000 0.09324999577581087606 0.00000000000000000000
1.4100000000 0.09230863428553694183 0.00000000000000000000
1.4200000000 0.09138946545593581994 0.00000000000000000000
1.4300000000 0.09049184813752614298 0.00000000000000000000
1.4400000000 0.08961516211934530962 0.00000000000000000000
1.4500000000 0.08875880738456004559 0.00000000000000000000
1.4600000000 0.08792220339425554920 0.00000000000000000000
1.4700000000 0.08710478839826739372 0.00000000000000000000
1.4800000000 0.08630601877199146899 0.00000000000000000000
1.4900000000 0.08552536837814464499 0.00000000000000000000
1.5000000000 0.08476232795249295793 0.00000000000000000000
1.5100000000 0.08401640451260811160 0.00000000000000000000
1.5200000000 0.08328712078873254376 0.00000000000000000000
1.5300000000 0.08257401467590629041 0.00000000000000000000
1.5400000000 0.08187663870649751485 0.00000000000000000000
1.5500000000 0.08119455954236304285 0.00000000000000000000
1.5600000000 0.08052735748584259612 0.00000000000000000000
1.5700000000 0.07987462600888613207 0.00000000000000000000
1.5800000000 0.07923597129957023200 0.00000000000000000000
1.5900000000 0.07861101182535792931 0.00000000000000000000
1.6000000000 0.07799937791243548302 0.00000000000000000000
1.6100000000 0.07740071134049962553 0.00000000000000000000
1.6200000000 0.07681466495241255632 0.00000000000000000000
1.6300000000 0.07624090227812976850 0.00000000000000000000
1.6400000000 0.07567909717236584455 0.00000000000000000000
1.6500000000 0.07512893346546013762 0.00000000000000000000
1.6600000000 0.07459010462693366206 0.00000000000000000000
1.6700000000 0.07406231344125802085 0.00000000000000000000
1.6800000000 0.07354527169535683695 0.00000000000000000000
1.6900000000 0.07303869987739745884 0.00000000000000000000
1.7000000000 0.07254232688643783011 0.00000000000000000000
1.7100000000 0.07205588975252109896 0.00000000000000000000
1.7200000000 0.07157913336680715721 0.00000000000000000000
1.7300000000 0.07111181022136951746 0.00000000000000000000
1.7400000000 0.07065368015829373571 0.00000000000000000000
1.7500000000 0.07020451012770967392 0.00000000000000000000
1.7600000000 0.06976407395443744164 0.00000000000000000000
1.7700000000 0.06933215211290438829 0.00000000000000000000
1.7800000000 0.06890853151004074084 0.00000000000000000000
1.7900000000 0.06849300527583623843 0.00000000000000000000
1.8000000000 0.06808537256127898674 0.00000000000000000000
1.8100000000 0.06768543834339767196 0.00000000000000000000
1.8200000000 0.06729301323714727279 0.00000000000000000000
1.8300000000 0.06690791331386611307 0.00000000000000000000
1.8400000000 0.06652995992608357056 0.00000000000000000000
1.8500000000 0.06615897953841948231 0.00000000000000000000
1.8600000000 0.06579480356436359645 0.00000000000000000000
1.8700000000 0.06543726820871305361 0.00000000000000000000
1.8800000000 0.06508621431545576208 0.00000000000000000000
1.8900000000 0.06474148722090275476 0.00000000000000000000
1.9000000000 0.06440293661187472540 0.00000000000000000000
1.9100000000 0.06407041638875655976 0.00000000000000000000
1.9200000000 0.06374378453324403004 0.00000000000000000000
1.9300000000 0.06342290298060282439 0.00000000000000000000
1.9400000000 0.06310763749628836572 0.00000000000000000000
1.9500000000 0.06279785755675595937 0.00000000000000000000
1.9600000000 0.06249343623431229816 0.00000000000000000000
1.9700000000 0.06219425008586502296 0.00000000000000000000
1.9800000000 0.06190017904542528815 0.00000000000000000000
1.9900000000 0.06161110632022741285 0.00000000000000000000
2.0000000000 0.06132691829033855985 0.00000000000000000000
2.0100000000 0.06104750441163146052 0.00000000000000000000
2.0200000000 0.06077275712199470270 0.00000000000000000000
2.0300000000 0.06050257175067450671 0.00000000000000000000
2.0400000000 0.06023684643062564986 0.00000000000000000000
2.0500000000 0.05997548201377026628 0.00000000000000000000
2.0600000000 0.05971838198906020273 0.00000000000000000000
2.0700000000 0.05946545240324230958 0.00000000000000000000
2.0800000000 0.05921660178422923776 0.00000000000000000000
2.0900000000 0.05897174106698798574 0.00000000000000000000
2.1000000000 0.05873078352185435308 0.00000000000000000000
2.1100000000 0.05849364468518618299 0.00000000000000000000
2.1200000000 0.05826024229227960011 0.00000000000000000000
2.1300000000 0.05803049621246025858 0.00000000000000000000
2.1400000000 0.05780432838628059983 0.00000000000000000000
2.1500000000 0.05758166276474745854 0.00000000000000000000
2.1600000000 0.05736242525050724156 0.00000000000000000000
2.1700000000 0.05714654364092240646 0.00000000000000000000
2.1800000000 0.05693394757297615821 0.00000000000000000000
2.1900000000 0.05672456846993589180 0.00000000000000000000
2.2000000000 0.05651833948972194432 0.00000000000000000000
2.2100000000 0.05631519547491654204 0.00000000000000000000
2.2200000000 0.05611507290436199696 0.00000000000000000000
2.2300000000 0.05591790984628944999 0.00000000000000000000
2.2400000000 0.05572364591292743030 0.00000000000000000000
2.2500000000 0.05553222221654274815 0.00000000000000000000
2.2600000000 0.05534358132685822385 0.00000000000000000000
2.2700000000 0.05515766722980756931 0.00000000000000000000
2.2800000000 0.05497442528757653935 0.00000000000000000000
2.2900000000 0.05479380219989225115 0.00000000000000000000
2.3000000000 0.05461574596651325164 0.00000000000000000000
2.3100000000 0.05444020585088292508 0.00000000000000000000
2.3200000000 0.05426713234490849330 0.00000000000000000000
2.3300000000 0.05409647713482242104 0.00000000000000000000
2.3400000000 0.05392819306809849833 0.00000000000000000000
2.3500000000 0.05376223412137844798 0.00000000000000000000
2.3600000000 0.05359855536938233633 0.00000000000000000000
2.3700000000 0.05343711295476744755 0.00000000000000000000
2.3800000000 0.05327786405890263394 0.00000000000000000000
2.3900000000 0.05312076687353152471 0.00000000000000000000
2.4000000000 0.05296578057329297956 0.00000000000000000000
2.4100000000 0.05281286528907053884 0.00000000000000000000
2.4200000000 0.05266198208214502297 0.00000000000000000000
2.4300000000 0.05251309291912237276 0.00000000000000000000
2.4400000000 0.05236616064761451250 0.00000000000000000000
2.4500000000 0.05222114897264300976 0.00000000000000000000
2.4600000000 0.05207802243374936441 0.00000000000000000000
2.4700000000 0.05193674638278315825 0.00000000000000000000
2.4800000000 0.05179728696234797702 0.00000000000000000000
2.4900000000 0.05165961108488682091 0.00000000000000000000
2.5000000000 0.05152368641238090630 0.00000000000000000000
2.5100000000 0.05138948133664682227 0.00000000000000000000
2.5200000000 0.05125696496021163451 0.00000000000000000000
2.5300000000 0.05112610707774482843 0.00000000000000000000
2.5400000000 0.05099687815803473356 0.00000000000000000000
2.5500000000 0.05086924932648647507 0.00000000000000000000
2.5600000000 0.05074319234812887935 0.00000000000000000000
2.5700000000 0.05061867961111211900 0.00000000000000000000
2.5800000000 0.05049568411068241364 0.00000000000000000000
2.5900000000 0.05037417943361565537 0.00000000000000000000
2.6000000000 0.05025413974309987653 0.00000000000000000000
2.6100000000 0.05013553976404935830 0.00000000000000000000
2.6200000000 0.05001835476883675913 0.00000000000000000000
2.6300000000 0.04990256056343275737 0.00000000000000000000
2.6400000000 0.04978813347393830357 0.00000000000000000000
2.6500000000 0.04967505033349843557 0.00000000000000000000
2.6600000000 0.04956328846958425044 0.00000000000000000000
2.6700000000 0.04945282569163547692 0.00000000000000000000
2.6800000000 0.04934364027904637046 0.00000000000000000000
2.6900000000 0.04923571096949095477 0.00000000000000000000
2.7000000000 0.04912901694757311477 0.00000000000000000000
2.7100000000 0.04902353783379222868 0.00000000000000000000
2.7200000000 0.04891925367381626255 0.00000000000000000000
2.7300000000 0.04881614492805072536 0.00000000000000000000
2.7400000000 0.04871419246149742005 0.00000000000000000000
2.7500000000 0.04861337753388988298 0.00000000000000000000
2.7600000000 0.04851368179010257659 0.00000000000000000000
2.7700000000 0.04841508725082096370 0.00000000000000000000
2.7800000000 0.04831757630346760618 0.00000000000000000000
2.7900000000 0.04822113169337361588 0.00000000000000000000
2.8000000000 0.04812573651519279350 0.00000000000000000000
2.8100000000 0.04803137420454570844 0.00000000000000000000
2.8200000000 0.04793802852989089563 0.00000000000000000000
2.8300000000 0.04784568358461502302 0.00000000000000000000
2.8400000000 0.04775432377933542388 0.00000000000000000000
2.8500000000 0.04766393383440873516 0.00000000000000000000
2.8600000000 0.04757449877264006977 0.00000000000000000000
2.8700000000 0.04748600391218620737 0.00000000000000000000
2.8800000000 0.04739843485964773118 0.00000000000000000000
2.8900000000 0.04731177750334356752 0.00000000000000000000
2.9000000000 0.04722601800676482636 0.00000000000000000000
2.9100000000 0.04714114280219867947 0.00000000000000000000
2.9200000000 0.04705713858452271331 0.00000000000000000000
2.9300000000 0.04697399230515954954 0.00000000000000000000
2.9400000000 0.04689169116619099076 0.00000000000000000000
2.9500000000 0.04681022261462519651 0.00000000000000000000
2.9600000000 0.04672957433681241418 0.00000000000000000000
2.9700000000 0.04664973425300640575 0.00000000000000000000
2.9800000000 0.04657069051206520760 0.00000000000000000000
2.9900000000 0.04649243148629050859 0.00000000000000000000
3.0000000000 0.04641494576639700748 0.00000000000000000000
3.0100000000 0.04633822215661365790 0.00000000000000000000
3.0200000000 0.04626224966990740567 0.00000000000000000000
3.0300000000 0.04618701752333149307 0.00000000000000000000
3.0400000000 0.04611251513348918474 0.00000000000000000000
3.0500000000 0.04603873211211505917 0.00000000000000000000
3.0600000000 0.04596565826176614994 0.00000000000000000000
3.0700000000 0.04589328357162317934 0.00000000000000000000
3.0800000000 0.04582159821339579914 0.00000000000000000000
3.0900000000 0.04575059253733265718 0.00000000000000000000
3.1000000000 0.04568025706832885835 0.00000000000000000000
3.1100000000 0.04561058250213197163 0.00000000000000000000
3.1200000000 0.04554155970164241313 0.00000000000000000000
3.1300000000 0.04547317969330495757 0.00000000000000000000
3.1400000000 0.04540543366358964356 0.00000000000000000000
3.1500000000 0.04533831295555938723 0.00000000000000000000
3.1600000000 0.04527180906552271539 0.00000000000000000000
3.1700000000 0.04520591363976768362 0.00000000000000000000
3.1800000000 0.04514061847137557787 0.00000000000000000000
3.1900000000 0.04507591549711385120 0.00000000000000000000
3.2000000000 0.04501179679440241166 0.00000000000000000000
3.2100000000 0.04494825457835513460 0.00000000000000000000
3.2200000000 0.04488528119889240858 0.00000000000000000000
3.2300000000 0.04482286913792274397 0.00000000000000000000
3.2400000000 0.04476101100659354848 0.00000000000000000000
3.2500000000 0.04469969954260572670 0.00000000000000000000
3.2600000000 0.04463892760759525374 0.00000000000000000000
3.2700000000 0.04457868818457410426 0.00000000000000000000
3.2800000000 0.04451897437543458208 0.00000000000000000000
3.2900000000 0.04445977939851175620 0.00000000000000000000
3.3000000000 0.04440109658620290667 0.00000000000000000000
3.3100000000 0.04434291938264444538 0.00000000000000000000
3.3200000000 0.04428524134144271041 0.00000000000000000000
3.3300000000 0.04422805612345771104 0.00000000000000000000
3.3400000000 0.04417135749463948352 0.00000000000000000000
3.3500000000 0.04411513932391417786 0.00000000000000000000
3.3600000000 0.04405939558111945237 0.00000000000000000000
3.3700000000 0.04400412033498814907 0.00000000000000000000
3.3800000000 0.04394930775117809885 0.00000000000000000000
3.3900000000 0.04389495209034738332 0.00000000000000000000
3.4000000000 0.04384104770627431785 0.00000000000000000000
3.4100000000 0.04378758904401974794 0.00000000000000000000
3.4200000000 0.04373457063813246393 0.00000000000000000000
3.4300000000 0.04368198711089393838 0.00000000000000000000
3.4400000000 0.04362983317060477317 0.00000000000000000000
3.4500000000 0.04357810360990842236 0.00000000000000000000
3.4600000000 0.04352679330415402947 0.00000000000000000000
3.4700000000 0.04347589720979515293 0.00000000000000000000
3.4800000000 0.04342541036282529521 0.00000000000000000000
3.4900000000 0.04337532787724774491 0.00000000000000000000
3.5000000000 0.04332564494358058516 0.00000000000000000000
3.5100000000 0.04327635682739367634 0.00000000000000000000
3.5200000000 0.04322745886787962566 0.00000000000000000000
3.5300000000 0.04317894647645551670 0.00000000000000000000
3.5400000000 0.04313081513539546163 0.00000000000000000000
3.5500000000 0.04308306039649385799 0.00000000000000000000
3.5600000000 0.04303567787975769859 0.00000000000000000000
3.5700000000 0.04298866327212739341 0.00000000000000000000
3.5800000000 0.04294201232622602005 0.00000000000000000000
3.5900000000 0.04289572085913512939 0.00000000000000000000
3.6000000000 0.04284978475119773783 0.00000000000000000000
3.6100000000 0.04280419994484725016 0.00000000000000000000
3.6200000000 0.04275896244346098773 0.00000000000000000000
3.6300000000 0.04271406831023959183 0.00000000000000000000
3.6400000000 0.04266951366710885346 0.00000000000000000000
3.6500000000 0.04262529469364726570 0.00000000000000000000
3.6600000000 0.04258140762603416368 0.00000000000000000000
3.6700000000 0.04253784875602203974 0.00000000000000000000
3.6800000000 0.04249461442992966825 0.00000000000000000000
3.6900000000 0.04245170104765708802 0.00000000000000000000
3.7000000000 0.04240910506172097111 0.00000000000000000000
3.7100000000 0.04236682297631096106 0.00000000000000000000
3.7200000000 0.04232485134636484320 0.00000000000000000000
3.7300000000 0.04228318677666426800 0.00000000000000000000
3.7400000000 0.04224182592094823802 0.00000000000000000000
3.7500000000 0.04220076548104587100 0.00000000000000000000
3.7600000000 0.04216000220602683646 0.00000000000000000000
3.7700000000 0.04211953289136902145 0.00000000000000000000
3.7800000000 0.04207935437814455670 0.00000000000000000000
3.7900000000 0.04203946355222110826 0.00000000000000000000
3.8000000000 0.04199985734348068989 0.00000000000000000000
3.8100000000 0.04196053272505392839 0.00000000000000000000
3.8200000000 0.04192148671257022591 0.00000000000000000000
3.8300000000 0.04188271636342284776 0.00000000000000000000
3.8400000000 0.04184421877604950490 0.00000000000000000000
3.8500000000 0.04180599108922686269 0.00000000000000000000
3.8600000000 0.04176803048137980173 0.00000000000000000000
3.8700000000 0.04173033416990441780 0.00000000000000000000
3.8800000000 0.04169289941050415699 0.00000000000000000000
3.8900000000 0.04165572349654030754 0.00000000000000000000
3.9000000000 0.04161880375839428076 0.00000000000000000000
3.9100000000 0.04158213756284355467 0.00000000000000000000
3.9200000000 0.04154572231244917785 0.00000000000000000000
3.9300000000 0.04150955544495613797 0.00000000000000000000
3.9400000000 0.04147363443270514483 0.00000000000000000000
3.9500000000 0.04143795678205594579 0.00000000000000000000
3.9600000000 0.04140252003282247212 0.00000000000000000000
3.9700000000 0.04136732175771818537 0.00000000000000000000
3.9800000000 0.04133235956181319226 0.00000000000000000000
3.9900000000 0.04129763108200126820 0.00000000000000000000
4.0000000000 0.04126313398647752512 0.00000000000000000000
4.0100000000 0.04122886597422624477 0.00000000000000000000
4.0200000000 0.04119482477451814201 0.00000000000000000000
4.0300000000 0.04116100814641791839 0.00000000000000000000
4.0400000000 0.04112741387830111395 0.00000000000000000000
4.0500000000 0.04109403978737979912 0.00000000000000000000
4.0600000000 0.04106088371923775904 0.00000000000000000000
4.0700000000 0.04102794354737440696 0.00000000000000000000
4.0800000000 0.04099521717275751015 0.00000000000000000000
4.0900000000 0.04096270252338397866 0.00000000000000000000
4.1000000000 0.04093039755384924455 0.00000000000000000000
4.1100000000 0.04089830024492485672 0.00000000000000000000
4.1200000000 0.04086640860314379176 0.00000000000000000000
4.1300000000 0.04083472066039344622 0.00000000000000000000
4.1400000000 0.04080323447351677513 0.00000000000000000000
4.1500000000 0.04077194812392005013 0.00000000000000000000
4.1600000000 0.04074085971718862526 0.00000000000000000000
4.1700000000 0.04070996738270926674 0.00000000000000000000
4.1800000000 0.04067926927330018511 0.00000000000000000000
4.1900000000 0.04064876356484672937 0.00000000000000000000
4.2000000000 0.04061844845594524134 0.00000000000000000000
4.2100000000 0.04058832216755205169 0.00000000000000000000
4.2200000000 0.04055838294263974797 0.00000000000000000000
4.2300000000 0.04052862904585965292 0.00000000000000000000
4.2400000000 0.04049905876320977760 0.00000000000000000000
4.2500000000 0.04046967040170981050 0.00000000000000000000
4.2600000000 0.04044046228908104029 0.00000000000000000000
4.2700000000 0.04041143277343250961 0.00000000000000000000
4.2800000000 0.04038258022295308086 0.00000000000000000000
4.2900000000 0.04035390302560819265 0.00000000000000000000
4.3000000000 0.04032539958884293063 0.00000000000000000000
4.3100000000 0.04029706833928980991 0.00000000000000000000
4.3200000000 0.04026890772248204603 0.00000000000000000000
4.3300000000 0.04024091620257180812 0.00000000000000000000
4.3400000000 0.04021309226205330850 0.00000000000000000000
4.3500000000 0.04018543440149120738 0.00000000000000000000
4.3600000000 0.04015794113925337527 0.00000000000000000000
4.3700000000 0.04013061101124849178 0.00000000000000000000
4.3800000000 0.04010344257066820323 0.00000000000000000000
4.3900000000 0.04007643438773401956 0.00000000000000000000
4.4000000000 0.04004958504944817338 0.00000000000000000000
4.4100000000 0.04002289315934914882 0.00000000000000000000
4.4200000000 0.03999635733727156806 0.00000000000000000000
4.4300000000 0.03996997621910950566 0.00000000000000000000
4.4400000000 0.03994374845658497930 0.00000000000000000000
4.4500000000 0.03991767271701922304 0.00000000000000000000
4.4600000000 0.03989174768310902591 0.00000000000000000000
4.4700000000 0.03986597205270596411 0.00000000000000000000
4.4800000000 0.03984034453859987973 0.00000000000000000000
4.4900000000 0.03981486386830598856 0.00000000000000000000
4.5000000000 0.03978952878385560304 0.00000000000000000000
4.5100000000 0.03976433804159014429 0.00000000000000000000
4.5200000000 0.03973929041195884554 0.00000000000000000000
4.5300000000 0.03971438467932015409 0.00000000000000000000
4.5400000000 0.03968961964174567286 0.00000000000000000000
4.5500000000 0.03966499411082828608 0.00000000000000000000
4.5600000000 0.03964050691149267197 0.00000000000000000000
4.5700000000 0.03961615688180981226 0.00000000000000000000
4.5800000000 0.03959194287281351393 0.00000000000000000000
4.5900000000 0.03956786374832120534 0.00000000000000000000
4.6000000000 0.03954391838475683485 0.00000000000000000000
4.6100000000 0.03952010567097660049 0.00000000000000000000
4.6200000000 0.03949642450809839889 0.00000000000000000000
4.6300000000 0.03947287380933315465 0.00000000000000000000
4.6400000000 0.03944945249981957752 0.00000000000000000000
4.6500000000 0.03942615951646098738 0.00000000000000000000
4.6600000000 0.03940299380776544902 0.00000000000000000000
4.6700000000 0.03937995433368794707 0.00000000000000000000
4.6800000000 0.03935704006547554451 0.00000000000000000000
4.6900000000 0.03933424998551483115 0.00000000000000000000
4.7000000000 0.03931158308718158551 0.00000000000000000000
4.7100000000 0.03928903837469341354 0.00000000000000000000
4.7200000000 0.03926661486296433023 0.00000000000000000000
4.7300000000 0.03924431157746180454 0.00000000000000000000
4.7400000000 0.03922212755406599693 0.00000000000000000000
4.7500000000 0.03920006183893135626 0.00000000000000000000
4.7600000000 0.03917811348835035373 0.00000000000000000000
4.7700000000 0.03915628156861934717 0.00000000000000000000
4.7800000000 0.03913456515590642282 0.00000000000000000000
4.7900000000 0.03911296333612195725 0.00000000000000000000
4.8000000000 0.03909147520479023391 0.00000000000000000000
4.8100000000 0.03907009986692370346 0.00000000000000000000
4.8200000000 0.03904883643689918693 0.00000000000000000000
4.8300000000 0.03902768403833588307 0.00000000000000000000
4.8400000000 0.03900664180397515890 0.00000000000000000000
4.8500000000 0.03898570887556245673 0.00000000000000000000
4.8600000000 0.03896488440373083867 0.00000000000000000000
4.8700000000 0.03894416754788634222 0.00000000000000000000
4.8800000000 0.03892355747609523714 0.00000000000000000000
4.8900000000 0.03890305336497287825 0.00000000000000000000
4.9000000000 0.03888265439957439701 0.00000000000000000000
4.9100000000 0.03886235977328669766 0.00000000000000000000
4.9200000000 0.03884216868772279868 0.00000000000000000000
4.9300000000 0.03882208035261688200 0.00000000000000000000
4.9400000000 0.03880209398572185414 0.00000000000000000000
4.9500000000 0.03878220881270764281 0.00000000000000000000
4.9600000000 0.03876242406706162380 0.00000000000000000000
4.9700000000 0.03874273898999022053 0.00000000000000000000
4.9800000000 0.03872315283032214811 0.00000000000000000000
4.9900000000 0.03870366484441286475 0.00000000000000000000
5.0000000000 0.03868427429605087592 0.00000000000000000000
