0.1000000000 3.50090228638179024045 0.00000000000000000000
0.1100000000 3.36018173594138014337 0.00000000000000000000
0.1200000000 3.22412082923639298215 0.00000000000000000000
0.1300000000 3.09292865593155985593 0.00000000000000000000
0.1400000000 2.96676308252984011204 0.00000000000000000000
0.1500000000 2.84572861619690131718 0.00000000000000000000
0.1600000000 2.72987633595830381239 0.00000000000000000000
0.1700000000 2.61920580790254886594 0.00000000000000000000
0.1800000000 2.51366874933042616647 0.00000000000000000000
0.1900000000 2.41317409104001079356 0.00000000000000000000
0.2000000000 2.31759401859043645544 0.00000000000000000000
0.2100000000 2.22677055502331189274 0.00000000000000000000
0.2200000000 2.14052227367161984617 0.00000000000000000000
0.2300000000 2.05865078928224276567 0.00000000000000000000
0.2400000000 1.98094675515038565194 0.00000000000000000000
0.2500000000 1.90719518011650834843 0.00000000000000000000
0.2600000000 1.83717996132933847342 0.00000000000000000000
0.2700000000 1.77068759927447860747 0.00000000000000000000
0.2800000000 1.70751011685258635708 0.00000000000000000000
0.2900000000 1.64744724336663916908 0.00000000000000000000
0.3000000000 1.59030794835588751290 0.00000000000000000000
0.3100000000 1.53591142173835870643 0.00000000000000000000
0.3200000000 1.48408759862825667675 0.00000000000000000000
0.3300000000 1.43467732237376521809 0.00000000000000000000
0.3400000000 1.38753223034880002196 0.00000000000000000000
0.3500000000 1.34251443585723606589 0.00000000000000000000
0.3600000000 1.29949606766873593244 0.00000000000000000000
0.3700000000 1.25835871721980963045 0.00000000000000000000
0.3800000000 1.21899283300747995895 0.00000000000000000000
0.3900000000 1.18129709249919967462 0.00000000000000000000
0.4000000000 1.14517777409382515152 0.00000000000000000000
0.4100000000 1.11054814526507672490 0.00000000000000000000
0.4200000000 1.07732787788956119179 0.00000000000000000000
0.4300000000 1.04544249775123332391 0.00000000000000000000
0.4400000000 1.01482287215445543538 0.00000000000000000000
0.4500000000 0.98540473730301514355 0.00000000000000000000
0.4600000000 0.95712826546050788767 0.00000000000000000000
0.4700000000 0.92993767076516886672 0.00000000000000000000
0.4800000000 0.90378085181627887401 0.00000000000000000000
0.4900000000 0.87860906868600074926 0.00000000000000000000
0.5000000000 0.85437665176451460525 0.00000000000000000000
0.5100000000 0.83104073975727155155 0.00000000000000000000
0.5200000000 0.80856104417463070533 0.00000000000000000000
0.5300000000 0.78689963775001758872 0.00000000000000000000
0.5400000000 0.76602076436611121757 0.00000000000000000000
0.5500000000 0.74589066823973493303 0.00000000000000000000
0.5600000000 0.72647744030022276540 0.00000000000000000000
0.5700000000 0.70775087988324336674 0.00000000000000000000
0.5800000000 0.68968237004527910283 0.00000000000000000000
0.5900000000 0.67224476497863072666 0.00000000000000000000
0.6000000000 0.65541228817011287777 0.00000000000000000000
0.6100000000 0.63916044009732697617 0.00000000000000000000
0.6200000000 0.62346591439344922758 0.00000000000000000000
0.6300000000 0.60830652153574038543 0.00000000000000000000
0.6400000000 0.59366111922386244348 0.00000000000000000000
0.6500000000 0.57950954871345450314 0.00000000000000000000
0.6600000000 0.56583257645822326865 0.00000000000000000000
0.6700000000 0.55261184049173328603 0.00000000000000000000
0.6800000000 0.53982980104844202618 0.00000000000000000000
0.6900000000 0.52746969498386342412 0.00000000000000000000
0.7000000000 0.51551549360655046783 0.00000000000000000000
0.7100000000 0.50395186358092380896 0.00000000000000000000
0.7200000000 0.49276413060031520885 0.00000000000000000000
0.7300000000 0.48193824556523112701 0.00000000000000000000
0.7400000000 0.47146075303254675326 0.00000000000000000000
0.7500000000 0.46131876172842067874 0.00000000000000000000
0.7600000000 0.45149991694149543831 0.00000000000000000000
0.7700000000 0.44199237463319651642 0.00000000000000000000
0.7800000000 0.43278477712036728109 0.00000000000000000000
0.7900000000 0.42386623020092956127 0.00000000000000000000
0.8000000000 0.41522628160727192981 0.00000000000000000000
0.8100000000 0.40685490068394131180 0.00000000000000000000
0.8200000000 0.39874245919710271657 0.00000000000000000000
0.8300000000 0.39087971319224479316 0.00000000000000000000
0.8400000000 0.38325778582500391600 0.00000000000000000000
0.8500000000 0.37586815109717786054 0.00000000000000000000
0.8600000000 0.36870261843622736952 0.00000000000000000000
0.8700000000 0.36175331806233390619 0.00000000000000000000
0.8800000000 0.35501268709225031195 0.00000000000000000000
0.8900000000 0.34847345633291731959 0.00000000000000000000
0.9000000000 0.34212863772267176898 0.00000000000000000000
0.9100000000 0.33597151238098421633 0.00000000000000000000
0.9200000000 0.32999561923017145526 0.00000000000000000000
0.9300000000 0.32419474415672283607 0.00000000000000000000
0.9400000000 0.31856290968105455130 0.00000000000000000000
0.9500000000 0.31309436510752519656 0.00000000000000000000
0.9600000000 0.30778357712864923279 0.00000000000000000000
0.9700000000 0.30262522085822385343 0.00000000000000000000
0.9800000000 0.29761417127197914434 0.00000000000000000000
0.9900000000 0.29274549503330105082 0.00000000000000000000
1.0000000000 0.28801444268148512773 0.00000000000000000000
1.0100000000 0.28341644117725534047 0.00000000000000000000
1.0200000000 0.27894708676639246026 0.00000000000000000000
1.0300000000 0.27460213815649858748 0.00000000000000000000
1.0400000000 0.27037751000296061932 0.00000000000000000000
1.0500000000 0.26626926666877309691 0.00000000000000000000
1.0600000000 0.26227361625651474109 0.00000000000000000000
1.0700000000 0.25838690489789317706 0.00000000000000000000
1.0800000000 0.25460561128725878177 0.00000000000000000000
1.0900000000 0.25092634144893477544 0.00000000000000000000
1.1000000000 0.24734582372659597027 0.00000000000000000000
1.1100000000 0.24386090398502371923 0.00000000000000000000
1.1200000000 0.24046854101404141479 0.00000000000000000000
1.1300000000 0.23716580212578702858 0.00000000000000000000
1.1400000000 0.23394985893618797101 0.00000000000000000000
1.1500000000 0.23081798332266748042 0.00000000000000000000
1.1600000000 0.22776754354992895246 0.00000000000000000000
1.1700000000 0.22479600055639811784 0.00000000000000000000
1.1800000000 0.22190090439418949653 0.00000000000000000000
1.1900000000 0.21907989081588064018 0.00000000000000000000
1.2000000000 0.21633067800134089809 0.00000000000000000000
1.2100000000 0.21365106341889109065 0.00000000000000000000
1.2200000000 0.21103892081456507301 0.00000000000000000000
1.2300000000 0.20849219732407314742 0.00000000000000000000
1.2400000000 0.20600891070206905908 0.00000000000000000000
1.2500000000 0.20358714666374028157 0.00000000000000000000
1.2600000000 0.20122505633374654366 0.00000000000000000000
1.2700000000 0.19892085379799318012 0.00000000000000000000
1.2800000000 0.19667281375384926267 0.00000000000000000000
1.2900000000 0.19447926925446795687 0.00000000000000000000
1.3000000000 0.19233860954338580229 0.00000000000000000000
1.3100000000 0.19024927797543311758 0.00000000000000000000
1.3200000000 0.18820977002036226589 0.00000000000000000000
1.3300000000 0.18621863134567265274 0.00000000000000000000
1.3400000000 0.18427445597531608157 0.00000000000000000000
1.3500000000 0.18237588452108707826 0.00000000000000000000
1.3600000000 0.18052160248363752215 0.00000000000000000000
1.3700000000 0.17871033862024279792 0.00000000000000000000
1.3800000000 0.17694086337647185747 0.00000000000000000000
1.3900000000 0.17521198737919826960 0.00000000000000000000
1.4000000000 0.17352255998829196892 0.00000000000000000000
1.4100000000 0.17187146790466464874 0.00000000000000000000
1.4200000000 0.17025763383226441561 0.00000000000000000000
1.4300000000 0.16868001519185713000 0.00000000000000000000
1.4400000000 0.16713760288441245616 0.00000000000000000000
1.4500000000 0.16562942010209064092 0.00000000000000000000
1.4600000000 0.16415452118489171074 0.00000000000000000000
1.4700000000 0.16271199052105650429 0.00000000000000000000
1.4800000000 0.16130094148948731503 0.00000000000000000000
1.4900000000 0.15992051544244320627 0.00000000000000000000
1.5000000000 0.15856988072691499680 0.00000000000000000000
1.5100000000 0.15724823174305321838 0.00000000000000000000
1.5200000000 0.15595478803822324099 0.00000000000000000000
1.5300000000 0.15468879343520780534 0.00000000000000000000
1.5400000000 0.15344951519318883459 0.00000000000000000000
1.5500000000 0.15223624320021184042 0.00000000000000000000
1.5600000000 0.15104828919584512015 0.00000000000000000000
1.5700000000 0.14988498602286801087 0.00000000000000000000
1.5800000000 0.14874568690678505178 0.00000000000000000000
1.5900000000 0.14762976476209324628 0.00000000000000000000
1.6000000000 0.14653661152422800540 0.00000000000000000000
1.6100000000 0.14546563750617941269 0.00000000000000000000
1.6200000000 0.14441627077879057306 0.00000000000000000000
1.6300000000 0.14338795657381644966 0.00000000000000000000
1.6400000000 0.14238015670885853514 0.00000000000000000000
1.6500000000 0.14139234903328171122 0.00000000000000000000
1.6600000000 0.14042402689433708396 0.00000000000000000000
1.6700000000 0.13947469862267097840 0.00000000000000000000
1.6800000000 0.13854388703647396719 0.00000000000000000000
1.6900000000 0.13763112896354828818 0.00000000000000000000
1.7000000000 0.13673597478060586785 0.00000000000000000000
1.7100000000 0.13585798796909967501 0.00000000000000000000
1.7200000000 0.13499674468700176289 0.00000000000000000000
1.7300000000 0.13415183335585881275 0.00000000000000000000
1.7400000000 0.13332285426258611016 0.00000000000000000000
1.7500000000 0.13250941917540012827 0.00000000000000000000
1.7600000000 0.13171115097336755229 0.00000000000000000000
1.7700000000 0.13092768328905002306 0.00000000000000000000
1.7800000000 0.13015866016374430525 0.00000000000000000000
1.7900000000 0.12940373571483168580 0.00000000000000000000
1.8000000000 0.12866257381479676014 0.00000000000000000000
1.8100000000 0.12793484778145489122 0.00000000000000000000
1.8200000000 0.12722024007898663500 0.00000000000000000000
1.8300000000 0.12651844202934908745 0.00000000000000000000
1.8400000000 0.12582915353369555911 0.00000000000000000000
1.8500000000 0.12515208280342635105 0.00000000000000000000
1.8600000000 0.12448694610049479414 0.00000000000000000000
1.8700000000 0.12383346748664333936 0.00000000000000000000
1.8800000000 0.12319137858123825613 0.00000000000000000000
1.8900000000 0.12256041832736029595 0.00000000000000000000
1.9000000000 0.12194033276588034376 0.00000000000000000000
1.9100000000 0.12133087481720075673 0.00000000000000000000
1.9200000000 0.12073180407039268980 0.00000000000000000000
1.9300000000 0.12014288657945174088 0.00000000000000000000
1.9400000000 0.11956389466641663410 0.00000000000000000000
1.9500000000 0.11899460673110182074 0.00000000000000000000
1.9600000000 0.11843480706719629325 0.00000000000000000000
1.9700000000 0.11788428568450372291 0.00000000000000000000
1.9800000000 0.11734283813710123801 0.00000000000000000000
1.9900000000 0.11681026535719957193 0.00000000000000000000
2.0000000000 0.11628637349450440808 0.00000000000000000000
2.0100000000 0.11577097376087497338 0.00000000000000000000
2.0200000000 0.11526388228009928905 0.00000000000000000000
2.0300000000 0.11476491994259432894 0.00000000000000000000
2.0400000000 0.11427391226485775211 0.00000000000000000000
2.0500000000 0.11379068925351079611 0.00000000000000000000
2.0600000000 0.11331508527375244721 0.00000000000000000000
2.0700000000 0.11284693892209068933 0.00000000000000000000
2.0800000000 0.11238609290317989886 0.00000000000000000000
2.0900000000 0.11193239391063211641 0.00000000000000000000
2.1000000000 0.11148569251166055849 0.00000000000000000000
2.1100000000 0.11104584303541806256 0.00000000000000000000
2.1200000000 0.11061270346490563454 0.00000000000000000000
2.1300000000 0.11018613533232173018 0.00000000000000000000
2.1400000000 0.10976600361774345449 0.00000000000000000000
2.1500000000 0.10935217665100689655 0.00000000000000000000
2.1600000000 0.10894452601669664393 0.00000000000000000000
2.1700000000 0.10854292646211929907 0.00000000000000000000
2.1800000000 0.10814725580817069472 0.00000000000000000000
2.1900000000 0.10775739486299426573 0.00000000000000000000
2.2000000000 0.10737322733832989352 0.00000000000000000000
2.2100000000 0.10699463976847201074 0.00000000000000000000
2.2200000000 0.10662152143173914132 0.00000000000000000000
2.2300000000 0.10625376427437328852 0.00000000000000000000
2.2400000000 0.10589126283678976237 0.00000000000000000000
2.2500000000 0.10553391418209086272 0.00000000000000000000
2.2600000000 0.10518161782677865057 0.00000000000000000000
2.2700000000 0.10483427567357990473 0.00000000000000000000
2.2800000000 0.10449179194632476908 0.00000000000000000000
2.2900000000 0.10415407312680155516 0.00000000000000000000
2.3000000000 0.10382102789352627703 0.00000000000000000000
2.3100000000 0.10349256706236580061 0.00000000000000000000
2.3200000000 0.10316860352894752229 0.00000000000000000000
2.3300000000 0.10284905221279892762 0.00000000000000000000
2.3400000000 0.10253383000316344809 0.00000000000000000000
2.3500000000 0.10222285570643424579 0.00000000000000000000
2.3600000000 0.10191604999515140040 0.00000000000000000000
2.3700000000 0.10161333535851731213 0.00000000000000000000
2.3800000000 0.10131463605437600328 0.00000000000000000000
2.3900000000 0.10101987806260885605 0.00000000000000000000
2.4000000000 0.10072898903990620822 0.00000000000000000000
2.4100000000 0.10044189827586089137 0.00000000000000000000
2.4200000000 0.10015853665035419351 0.00000000000000000000
2.4300000000 0.09987883659218028953 0.00000000000000000000
2.4400000000 0.09960273203887483329 0.00000000000000000000
2.4500000000 0.09933015839771275335 0.00000000000000000000
2.4600000000 0.09906105250783178717 0.00000000000000000000
2.4700000000 0.09879535260344865510 0.00000000000000000000
2.4800000000 0.09853299827813505329 0.00000000000000000000
2.4900000000 0.09827393045011684203 0.00000000000000000000
2.5000000000 0.09801809132856607876 0.00000000000000000000
2.5100000000 0.09776542438085474018 0.00000000000000000000
2.5200000000 0.09751587430073949125 0.00000000000000000000
2.5300000000 0.09726938697744813567 0.00000000000000000000
2.5400000000 0.09702590946564042251 0.00000000000000000000
2.5500000000 0.09678538995621571717 0.00000000000000000000
2.5600000000 0.09654777774794093270 0.00000000000000000000
2.5700000000 0.09631302321987512960 0.00000000000000000000
2.5800000000 0.09608107780456223712 0.00000000000000000000
2.5900000000 0.09585189396197275891 0.00000000000000000000
2.6000000000 0.09562542515417096767 0.00000000000000000000
2.6100000000 0.09540162582068030528 0.00000000000000000000
2.6200000000 0.09518045135453234717 0.00000000000000000000
2.6300000000 0.09496185807897551678 0.00000000000000000000
2.6400000000 0.09474580322482269168 0.00000000000000000000
2.6500000000 0.09453224490842053462 0.00000000000000000000
2.6600000000 0.09432114211021878913 0.00000000000000000000
2.6700000000 0.09411245465392600873 0.00000000000000000000
2.6800000000 0.09390614318622995949 0.00000000000000000000
2.6900000000 0.09370216915706676419 0.00000000000000000000
2.7000000000 0.09350049480042435524 0.00000000000000000000
2.7100000000 0.09330108311566343016 0.00000000000000000000
2.7200000000 0.09310389784933628676 0.00000000000000000000
2.7300000000 0.09290890347749861111 0.00000000000000000000
2.7400000000 0.09271606518848832246 0.00000000000000000000
2.7500000000 0.09252534886616667342 0.00000000000000000000
2.7600000000 0.09233672107360106629 0.00000000000000000000
2.7700000000 0.09215014903718414530 0.00000000000000000000
2.7800000000 0.09196560063116793193 0.00000000000000000000
2.7900000000 0.09178304436260907584 0.00000000000000000000
2.8000000000 0.09160244935670640298 0.00000000000000000000
2.8100000000 0.09142378534252412758 0.00000000000000000000
2.8200000000 0.09124702263908816835 0.00000000000000000000
2.8300000000 0.09107213214184252392 0.00000000000000000000
2.8400000000 0.09089908530945967069 0.00000000000000000000
2.8500000000 0.09072785415099192396 0.00000000000000000000
2.8600000000 0.09055841121335239663 0.00000000000000000000
2.8700000000 0.09039072956912247436 0.00000000000000000000
2.8800000000 0.09022478280466823819 0.00000000000000000000
2.8900000000 0.09006054500856384981 0.00000000000000000000
2.9000000000 0.08989799076030995095 0.00000000000000000000
2.9100000000 0.08973709511933881944 0.00000000000000000000
2.9200000000 0.08957783361429964841 0.00000000000000000000
2.9300000000 0.08942018223261403997 0.00000000000000000000
2.9400000000 0.08926411741029659230 0.00000000000000000000
2.9500000000 0.08910961602203089360 0.00000000000000000000
2.9600000000 0.08895665537149542723 0.00000000000000000000
2.9700000000 0.08880521318193097813 0.00000000000000000000
2.9800000000 0.08865526758694480813 0.00000000000000000000
2.9900000000 0.08850679712154305157 0.00000000000000000000
3.0000000000 0.08835978071338561335 0.00000000000000000000
3.0100000000 0.08821419767425912883 0.00000000000000000000
3.0200000000 0.08807002769175946433 0.00000000000000000000
3.0300000000 0.08792725082117827662 0.00000000000000000000
3.0400000000 0.08778584747759160534 0.00000000000000000000
3.0500000000 0.08764579842813960409 0.00000000000000000000
3.0600000000 0.08750708478449673033 0.00000000000000000000
3.0700000000 0.08736968799552363718 0.00000000000000000000
3.0800000000 0.08723358984010101680 0.00000000000000000000
3.0900000000 0.08709877242013167042 0.00000000000000000000
3.1000000000 0.08696521815371828501 0.00000000000000000000
3.1100000000 0.08683290976849943055 0.00000000000000000000
3.1200000000 0.08670183029515073081 0.00000000000000000000
3.1300000000 0.08657196306103767669 0.00000000000000000000
3.1400000000 0.08644329168402492547 0.00000000000000000000
3.1500000000 0.08631580006642837477 0.00000000000000000000
3.1600000000 0.08618947238911285613 0.00000000000000000000
3.1700000000 0.08606429310573242286 0.00000000000000000000
3.1800000000 0.08594024693710283769 0.00000000000000000000
3.1900000000 0.08581731886570857781 0.00000000000000000000
3.2000000000 0.08569549413033938912 0.00000000000000000000
3.2100000000 0.08557475822085273964 0.00000000000000000000
3.2200000000 0.08545509687305674618 0.00000000000000000000
3.2300000000 0.08533649606371636331 0.00000000000000000000
3.2400000000 0.08521894200567083077 0.00000000000000000000
3.2500000000 0.08510242114306988681 0.00000000000000000000
3.2600000000 0.08498692014671491157 0.00000000000000000000
3.2700000000 0.08487242590951152299 0.00000000000000000000
3.2800000000 0.08475892554202499318 0.00000000000000000000
3.2900000000 0.08464640636813858254 0.00000000000000000000
3.3000000000 0.08453485592081032285 0.00000000000000000000
3.3100000000 0.08442426193792700040 0.00000000000000000000
3.3200000000 0.08431461235825368772 0.00000000000000000000
3.3300000000 0.08420589531747370293 0.00000000000000000000
3.3400000000 0.08409809914431867761 0.00000000000000000000
3.3500000000 0.08399121235678656816 0.00000000000000000000
3.3600000000 0.08388522365844507112 0.00000000000000000000
3.3700000000 0.08378012193481668146 0.00000000000000000000
3.3800000000 0.08367589624984633767 0.00000000000000000000
3.3900000000 0.08357253584244682398 0.00000000000000000000
3.4000000000 0.08347003012312248504 0.00000000000000000000
3.4100000000 0.08336836867066599321 0.00000000000000000000
3.4200000000 0.08326754122893070820 0.00000000000000000000
3.4300000000 0.08316753770367300846 0.00000000000000000000
3.4400000000 0.08306834815946348427 0.00000000000000000000
3.4500000000 0.08296996281666906004 0.00000000000000000000
3.4600000000 0.08287237204849716432 0.00000000000000000000
3.4700000000 0.08277556637810812301 0.00000000000000000000
3.4800000000 0.08267953647578905885 0.00000000000000000000
3.4900000000 0.08258427315618863118 0.00000000000000000000
3.5000000000 0.08248976737561297679 0.00000000000000000000
3.5100000000 0.08239601022938013164 0.00000000000000000000
3.5200000000 0.08230299294923079656 0.00000000000000000000
3.5300000000 0.08221070690079490539 0.00000000000000000000
3.5400000000 0.08211914358111371826 0.00000000000000000000
3.5500000000 0.08202829461621345686 0.00000000000000000000
3.5600000000 0.08193815175873175871 0.00000000000000000000
3.5700000000 0.08184870688559454932 0.00000000000000000000
3.5800000000 0.08175995199574183359 0.00000000000000000000
3.5900000000 0.08167187920790215661 0.00000000000000000000
3.6000000000 0.08158448075841422120 0.00000000000000000000
3.6100000000 0.08149774899909331682 0.00000000000000000000
3.6200000000 0.08141167639514436394 0.00000000000000000000
3.6300000000 0.08132625552311714690 0.00000000000000000000
3.6400000000 0.08124147906890512305 0.00000000000000000000
3.6500000000 0.08115733982578542116 0.00000000000000000000
3.6600000000 0.08107383069250066743 0.00000000000000000000
3.6700000000 0.08099094467137911424 0.00000000000000000000
3.6800000000 0.08090867486649504225 0.00000000000000000000
3.6900000000 0.08082701448186616067 0.00000000000000000000
3.7000000000 0.08074595681968844973 0.00000000000000000000
3.7100000000 0.08066549527860761293 0.00000000000000000000
3.7200000000 0.08058562335202519578 0.00000000000000000000
3.7300000000 0.08050633462643982940 0.00000000000000000000
3.7400000000 0.08042762277982215546 0.00000000000000000000
3.7500000000 0.08034948158002262752 0.00000000000000000000
3.7600000000 0.08027190488321170325 0.00000000000000000000
3.7700000000 0.08019488663235120607 0.00000000000000000000
3.7800000000 0.08011842085569736982 0.00000000000000000000
3.7900000000 0.08004250166533267985 0.00000000000000000000
3.8000000000 0.07996712325572878644 0.00000000000000000000
3.8100000000 0.07989227990233617460 0.00000000000000000000
3.8200000000 0.07981796596020368506 0.00000000000000000000
3.8300000000 0.07974417586262481927 0.00000000000000000000
3.8400000000 0.07967090411981060660 0.00000000000000000000
3.8500000000 0.07959814531758946377 0.00000000000000000000
3.8600000000 0.07952589411613161796 0.00000000000000000000
3.8700000000 0.07945414524870016149 0.00000000000000000000
3.8800000000 0.07938289352042503244 0.00000000000000000000
3.8900000000 0.07931213380710226690 0.00000000000000000000
3.9000000000 0.07924186105401588576 0.00000000000000000000
3.9100000000 0.07917207027478312398 0.00000000000000000000
3.9200000000 0.07910275655022191987 0.00000000000000000000
3.9300000000 0.07903391502724095574 0.00000000000000000000
3.9400000000 0.07896554091774965478 0.00000000000000000000
3.9500000000 0.07889762949759109023 0.00000000000000000000
3.9600000000 0.07883017610549415688 0.00000000000000000000
3.9700000000 0.07876317614204612905 0.00000000000000000000
3.9800000000 0.07869662506868486951 0.00000000000000000000
3.9900000000 0.07863051840671055059 0.00000000000000000000
4.0000000000 0.07856485173631590213 0.00000000000000000000
4.0100000000 0.07849962069563465317 0.00000000000000000000
4.0200000000 0.07843482097980872259 0.00000000000000000000
4.0300000000 0.07837044834007206306 0.00000000000000000000
4.0400000000 0.07830649858285269882 0.00000000000000000000
4.0500000000 0.07824296756889087545 0.00000000000000000000
4.0600000000 0.07817985121237430723 0.00000000000000000000
4.0700000000 0.07811714548008905079 0.00000000000000000000
4.0800000000 0.07805484639058685170 0.00000000000000000000
4.0900000000 0.07799295001336706279 0.00000000000000000000
4.1000000000 0.07793145246807496596 0.00000000000000000000
4.1100000000 0.07787034992371381914 0.00000000000000000000
4.1200000000 0.07780963859787179415 0.00000000000000000000
4.1300000000 0.07774931475596345842 0.00000000000000000000
4.1400000000 0.07768937471048496801 0.00000000000000000000
4.1500000000 0.07762981482028251390 0.00000000000000000000
4.1600000000 0.07757063148983452117 0.00000000000000000000
4.1700000000 0.07751182116854780924 0.00000000000000000000
4.1800000000 0.07745338035006407718 0.00000000000000000000
4.1900000000 0.07739530557158161295 0.00000000000000000000
4.2000000000 0.07733759341318806324 0.00000000000000000000
4.2100000000 0.07728024049720433331 0.00000000000000000000
4.2200000000 0.07722324348754278089 0.00000000000000000000
4.2300000000 0.07716659908907411158 0.00000000000000000000
4.2400000000 0.07711030404700774943 0.00000000000000000000
4.2500000000 0.07705435514628201921 0.00000000000000000000
4.2600000000 0.07699874921096559743 0.00000000000000000000
4.2700000000 0.07694348310366953825 0.00000000000000000000
4.2800000000 0.07688855372497017948 0.00000000000000000000
4.2900000000 0.07683395801284131910 0.00000000000000000000
4.3000000000 0.07677969294209707751 0.00000000000000000000
4.3100000000 0.07672575552384461317 0.00000000000000000000
4.3200000000 0.07667214280494570600 0.00000000000000000000
4.3300000000 0.07661885186748886023 0.00000000000000000000
4.3400000000 0.07656587982826935923 0.00000000000000000000
4.3500000000 0.07651322383827958984 0.00000000000000000000
4.3600000000 0.07646088108220733259 0.00000000000000000000
4.3700000000 0.07640884877794321128 0.00000000000000000000
4.3800000000 0.07635712417609620550 0.00000000000000000000
4.3900000000 0.07630570455951825315 0.00000000000000000000
4.4000000000 0.07625458724283618039 0.00000000000000000000
4.4100000000 0.07620376957199211099 0.00000000000000000000
4.4200000000 0.07615324892379174426 0.00000000000000000000
4.4300000000 0.07610302270546027981 0.00000000000000000000
4.4400000000 0.07605308835420587776 0.00000000000000000000
4.4500000000 0.07600344333679023845 0.00000000000000000000
4.4600000000 0.07595408514910735598 0.00000000000000000000
4.4700000000 0.07590501131576785077 0.00000000000000000000
4.4800000000 0.07585621938969222544 0.00000000000000000000
4.4900000000 0.07580770695170924167 0.00000000000000000000
4.5000000000 0.07575947161016199916 0.00000000000000000000
4.5100000000 0.07571151100052037064 0.00000000000000000000
4.5200000000 0.07566382278499968195 0.00000000000000000000
4.5300000000 0.07561640465218617824 0.00000000000000000000
4.5400000000 0.07556925431666816628 0.00000000000000000000
4.5500000000 0.07552236951867405401 0.00000000000000000000
4.5600000000 0.07547574802371512237 0.00000000000000000000
4.5700000000 0.07542938762223547200 0.00000000000000000000
4.5800000000 0.07538328612926709082 0.00000000000000000000
4.5900000000 0.07533744138409052826 0.00000000000000000000
4.6000000000 0.07529185124990137035 0.00000000000000000000
4.6100000000 0.07524651361348179412 0.00000000000000000000
4.6200000000 0.07520142638487811726 0.00000000000000000000
4.6300000000 0.07515658749708287178 0.00000000000000000000
4.6400000000 0.07511199490572241511 0.00000000000000000000
4.6500000000 0.07506764658874937046 0.00000000000000000000
4.6600000000 0.07502354054614042422 0.00000000000000000000
4.6700000000 0.07497967479959850856 0.00000000000000000000
4.6800000000 0.07493604739225993849 0.00000000000000000000
4.6900000000 0.07489265638840648942 0.00000000000000000000
4.7000000000 0.07484949987318155473 0.00000000000000000000
4.7100000000 0.07480657595231129942 0.00000000000000000000
4.7200000000 0.07476388275182981047 0.00000000000000000000
4.7300000000 0.07472141841780920168 0.00000000000000000000
4.7400000000 0.07467918111609340992 0.00000000000000000000
4.7500000000 0.07463716903203629349 0.00000000000000000000
4.7600000000 0.07459538037024431023 0.00000000000000000000
4.7700000000 0.07455381335432231804 0.00000000000000000000
4.7800000000 0.07451246622662464902 0.00000000000000000000
4.7900000000 0.07447133724800868160 0.00000000000000000000
4.8000000000 0.07443042469759315882 0.00000000000000000000
4.8100000000 0.07438972687252011495 0.00000000000000000000
4.8200000000 0.07434924208772039633 0.00000000000000000000
4.8300000000 0.07430896867568255459 0.00000000000000000000
4.8400000000 0.07426890498622591708 0.00000000000000000000
4.8500000000 0.07422904938627623850 0.00000000000000000000
4.8600000000 0.07418940025964604335 0.00000000000000000000
4.8700000000 0.07414995600681725807 0.00000000000000000000
4.8800000000 0.07411071504472740989 0.00000000000000000000
4.8900000000 0.07407167580655955874 0.00000000000000000000
4.9000000000 0.07403283674153481042 0.00000000000000000000
4.9100000000 0.07399419631470854908 0.00000000000000000000
4.9200000000 0.07395575300676909825 0.00000000000000000000
4.9300000000 0.07391750531384019829 0.00000000000000000000
4.9400000000 0.07387945174728566267 0.00000000000000000000
4.9500000000 0.07384159083351775343 0.00000000000000000000
4.9600000000 0.07380392111380754128 0.00000000000000000000
4.9700000000 0.07376644114409910968 0.00000000000000000000
4.9800000000 0.07372914949482575753 0.00000000000000000000
4.9900000000 0.07369204475072915761 0.00000000000000000000
5.0000000000 0.07365512551068154057 0.00000000000000000000
