0.1000000000 2.79752428246049555938 0.00000000000000000000
0.1100000000 2.67829171804352084152 0.00000000000000000000
0.1200000000 2.56406161936382526179 0.00000000000000000000
0.1300000000 2.45488660242521428145 0.00000000000000000000
0.1400000000 2.35076811422245279815 0.00000000000000000000
0.1500000000 2.25165973561838539396 0.00000000000000000000
0.1600000000 2.15747196116459205584 0.00000000000000000000
0.1700000000 2.06807804984768406342 0.00000000000000000000
0.1800000000 1.98332051015407095917 0.00000000000000000000
0.1900000000 1.90301779892387545878 0.00000000000000000000
0.2000000000 1.82697086622976256898 0.00000000000000000000
0.2100000000 1.75496925465729636251 0.00000000000000000000
0.2200000000 1.68679654727437133843 0.00000000000000000000
0.2300000000 1.62223504267353590969 0.00000000000000000000
0.2400000000 1.56106960946725870087 0.00000000000000000000
0.2500000000 1.50309073181732832936 0.00000000000000000000
0.2600000000 1.44809680044999899984 0.00000000000000000000
0.2700000000 1.39589573095786123602 0.00000000000000000000
0.2800000000 1.34630600527224286722 0.00000000000000000000
0.2900000000 1.29915723591072751475 0.00000000000000000000
0.3000000000 1.25429034892995305839 0.00000000000000000000
0.3100000000 1.21155747310146533202 0.00000000000000000000
0.3200000000 1.17082161184310917790 0.00000000000000000000
0.3300000000 1.13195616250660879842 0.00000000000000000000
0.3400000000 1.09484433586921148240 0.00000000000000000000
0.3500000000 1.05937851781030523135 0.00000000000000000000
0.3600000000 1.02545960555628834499 0.00000000000000000000
0.3700000000 0.99299634269889491822 0.00000000000000000000
0.3800000000 0.96190467042908534001 0.00000000000000000000
0.3900000000 0.93210710698065912805 0.00000000000000000000
0.4000000000 0.90353216299541605494 0.00000000000000000000
0.4100000000 0.87611379723565585564 0.00000000000000000000
0.4200000000 0.84979091461159106391 0.00000000000000000000
0.4300000000 0.82450690670406756588 0.00000000000000000000
0.4400000000 0.80020923370834040611 0.00000000000000000000
0.4500000000 0.77684904588416103799 0.00000000000000000000
0.4600000000 0.75438084207257516400 0.00000000000000000000
0.4700000000 0.73276216255074966277 0.00000000000000000000
0.4800000000 0.71195331337886080814 0.00000000000000000000
0.4900000000 0.69191711939785827123 0.00000000000000000000
0.5000000000 0.67261870312508320602 0.00000000000000000000
0.5100000000 0.65402528693714401253 0.00000000000000000000
0.5200000000 0.63610601610450712151 0.00000000000000000000
0.5300000000 0.61883180043399355075 0.00000000000000000000
0.5400000000 0.60217517247237306588 0.00000000000000000000
0.5500000000 0.58611016041903252205 0.00000000000000000000
0.5600000000 0.57061217408238296134 0.00000000000000000000
0.5700000000 0.55565790239082224478 0.00000000000000000000
0.5800000000 0.54122522113193749504 0.00000000000000000000
0.5900000000 0.52729310974315168892 0.00000000000000000000
0.6000000000 0.51384157611242808894 0.00000000000000000000
0.6100000000 0.50085158846982968939 0.00000000000000000000
0.6200000000 0.48830501355986788425 0.00000000000000000000
0.6300000000 0.47618456038188683443 0.00000000000000000000
0.6400000000 0.46447372887205684577 0.00000000000000000000
0.6500000000 0.45315676297664725380 0.00000000000000000000
0.6600000000 0.44221860763357062618 0.00000000000000000000
0.6700000000 0.43164486923809203267 0.00000000000000000000
0.6800000000 0.42142177922053919437 0.00000000000000000000
0.6900000000 0.41153616040910950824 0.00000000000000000000
0.7000000000 0.40197539589070746535 0.00000000000000000000
0.7100000000 0.39272740011727791387 0.00000000000000000000
0.7200000000 0.38378059203564102164 0.00000000000000000000
0.7300000000 0.37512387004508790378 0.00000000000000000000
0.7400000000 0.36674658861017928047 0.00000000000000000000
0.7500000000 0.35863853637645798367 0.00000000000000000000
0.7600000000 0.35078991565410477804 0.00000000000000000000
0.7700000000 0.34319132315021638746 0.00000000000000000000
0.7800000000 0.33583373184361986485 0.00000000000000000000
0.7900000000 0.32870847390790269849 0.00000000000000000000
0.8000000000 0.32180722459859234519 0.00000000000000000000
0.8100000000 0.31512198702937838091 0.00000000000000000000
0.8200000000 0.30864507777012234468 0.00000000000000000000
0.8300000000 0.30236911320633796940 0.00000000000000000000
0.8400000000 0.29628699660570179120 0.00000000000000000000
0.8500000000 0.29039190584276758367 0.00000000000000000000
0.8600000000 0.28467728173749629050 0.00000000000000000000
0.8700000000 0.27913681696727715709 0.00000000000000000000
0.8800000000 0.27376444551623174695 0.00000000000000000000
0.8900000000 0.26855433262809574879 0.00000000000000000000
0.9000000000 0.26350086523255478177 0.00000000000000000000
0.9100000000 0.25859864281704653122 0.00000000000000000000
0.9200000000 0.25384246871815885349 0.00000000000000000000
0.9300000000 0.24922734180942590632 0.00000000000000000000
0.9400000000 0.24474844856343172528 0.00000000000000000000
0.9500000000 0.24040115546804946556 0.00000000000000000000
0.9600000000 0.23618100177839085330 0.00000000000000000000
0.9700000000 0.23208369258632136067 0.00000000000000000000
0.9800000000 0.22810509219266061898 0.00000000000000000000
0.9900000000 0.22424121776530434036 0.00000000000000000000
1.0000000000 0.22048823326993491345 0.00000000000000000000
1.0100000000 0.21684244366140628668 0.00000000000000000000
1.0200000000 0.21330028932071193326 0.00000000000000000000
1.0300000000 0.20985834072552689289 0.00000000000000000000
1.0400000000 0.20651329334875981325 0.00000000000000000000
1.0500000000 0.20326196276787339423 0.00000000000000000000
1.0600000000 0.20010127997896495766 0.00000000000000000000
1.0700000000 0.19702828690544621493 0.00000000000000000000
1.0800000000 0.19404013209267811924 0.00000000000000000000
1.0900000000 0.19113406657994258531 0.00000000000000000000
1.1000000000 0.18830743994220405790 0.00000000000000000000
1.1100000000 0.18555769649401029908 0.00000000000000000000
1.1200000000 0.18288237164838666571 0.00000000000000000000
1.1300000000 0.18027908842411077828 0.00000000000000000000
1.1400000000 0.17774555409479866896 0.00000000000000000000
1.1500000000 0.17527955697375491306 0.00000000000000000000
1.1600000000 0.17287896332876614980 0.00000000000000000000
1.1700000000 0.17054171442122023628 0.00000000000000000000
1.1800000000 0.16826582366433581739 0.00000000000000000000
1.1900000000 0.16604937389541979398 0.00000000000000000000
1.2000000000 0.16389051475728844132 0.00000000000000000000
1.2100000000 0.16178746018431647280 0.00000000000000000000
1.2200000000 0.15973848598872855686 0.00000000000000000000
1.2300000000 0.15774192754285923379 0.00000000000000000000
1.2400000000 0.15579617755343358465 0.00000000000000000000
1.2500000000 0.15389968392404793085 0.00000000000000000000
1.2600000000 0.15205094770212843058 0.00000000000000000000
1.2700000000 0.15024852110691461204 0.00000000000000000000
1.2800000000 0.14849100563510275741 0.00000000000000000000
1.2900000000 0.14677705024095263897 0.00000000000000000000
1.3000000000 0.14510534958775009318 0.00000000000000000000
1.3100000000 0.14347464236776930058 0.00000000000000000000
1.3200000000 0.14188370968783778348 0.00000000000000000000
1.3300000000 0.14033137351790103686 0.00000000000000000000
1.3400000000 0.13881649519993372044 0.00000000000000000000
1.3500000000 0.13733797401480604683 0.00000000000000000000
1.3600000000 0.13589474580469779186 0.00000000000000000000
1.3700000000 0.13448578164881569430 0.00000000000000000000
1.3800000000 0.13311008659026429823 0.00000000000000000000
1.3900000000 0.13176669841197330424 0.00000000000000000000
1.4000000000 0.13045468645971677879 0.00000000000000000000
1.4100000000 0.12917315051031547091 0.00000000000000000000
1.4200000000 0.12792121968319800085 0.00000000000000000000
1.4300000000 0.12669805139357542823 0.00000000000000000000
1.4400000000 0.12550283034556858341 0.00000000000000000000
1.4500000000 0.12433476756367203842 0.00000000000000000000
1.4600000000 0.12319309946101282549 0.00000000000000000000
1.4700000000 0.12207708694296073859 0.00000000000000000000
1.4800000000 0.12098601454464591454 0.00000000000000000000
1.4900000000 0.11991918960105368841 0.00000000000000000000
1.5000000000 0.11887594144839123966 0.00000000000000000000
1.5100000000 0.11785562065548572941 0.00000000000000000000
1.5200000000 0.11685759828402311755 0.00000000000000000000
1.5300000000 0.11588126517648024427 0.00000000000000000000
1.5400000000 0.11492603127066808311 0.00000000000000000000
1.5500000000 0.11399132493981999070 0.00000000000000000000
1.5600000000 0.11307659235722861135 0.00000000000000000000
1.5700000000 0.11218129688446769332 0.00000000000000000000
1.5800000000 0.11130491848225908258 0.00000000000000000000
1.5900000000 0.11044695314311664402 0.00000000000000000000
1.6000000000 0.10960691234489523815 0.00000000000000000000
1.6100000000 0.10878432252445048578 0.00000000000000000000
1.6200000000 0.10797872457059325135 0.00000000000000000000
1.6300000000 0.10718967333563396427 0.00000000000000000000
1.6400000000 0.10641673716474082945 0.00000000000000000000
1.6500000000 0.10565949744246598552 0.00000000000000000000
1.6600000000 0.10491754815575486670 0.00000000000000000000
1.6700000000 0.10419049547279564394 0.00000000000000000000
1.6800000000 0.10347795733711957766 0.00000000000000000000
1.6900000000 0.10277956307634261712 0.00000000000000000000
1.7000000000 0.10209495302500350145 0.00000000000000000000
1.7100000000 0.10142377816094443055 0.00000000000000000000
1.7200000000 0.10076569975472382534 0.00000000000000000000
1.7300000000 0.10012038903156619818 0.00000000000000000000
1.7400000000 0.09948752684536339708 0.00000000000000000000
1.7500000000 0.09886680336426752203 0.00000000000000000000
1.7600000000 0.09825791776745201878 0.00000000000000000000
1.7700000000 0.09766057795259651397 0.00000000000000000000
1.7800000000 0.09707450025370371882 0.00000000000000000000
1.7900000000 0.09649940916885454967 0.00000000000000000000
1.8000000000 0.09593503709752625175 0.00000000000000000000
1.8100000000 0.09538112408711782453 0.00000000000000000000
1.8200000000 0.09483741758833084956 0.00000000000000000000
1.8300000000 0.09430367221908744768 0.00000000000000000000
1.8400000000 0.09377964953664552628 0.00000000000000000000
1.8500000000 0.09326511781762966691 0.00000000000000000000
1.8600000000 0.09275985184566655495 0.00000000000000000000
1.8700000000 0.09226363270634846403 0.00000000000000000000
1.8800000000 0.09177624758925909121 0.00000000000000000000
1.8900000000 0.09129748959678637976 0.00000000000000000000
1.9000000000 0.09082715755949076486 0.00000000000000000000
1.9100000000 0.09036505585777299121 0.00000000000000000000
1.9200000000 0.08991099424961734865 0.00000000000000000000
1.9300000000 0.08946478770418676840 0.00000000000000000000
1.9400000000 0.08902625624105692248 0.00000000000000000000
1.9500000000 0.08859522477487954961 0.00000000000000000000
1.9600000000 0.08817152296528618649 0.00000000000000000000
1.9700000000 0.08775498507183102093 0.00000000000000000000
1.9800000000 0.08734544981380196194 0.00000000000000000000
1.9900000000 0.08694276023471673998 0.00000000000000000000
2.0000000000 0.08654676357133286868 0.00000000000000000000
2.0100000000 0.08615731112702453010 0.00000000000000000000
2.0200000000 0.08577425814934648562 0.00000000000000000000
2.0300000000 0.08539746371165636563 0.00000000000000000000
2.0400000000 0.08502679059863872679 0.00000000000000000000
2.0500000000 0.08466210519559676240 0.00000000000000000000
2.0600000000 0.08430327738137360916 0.00000000000000000000
2.0700000000 0.08395018042477996045 0.00000000000000000000
2.0800000000 0.08360269088440205887 0.00000000000000000000
2.0900000000 0.08326068851166489038 0.00000000000000000000
2.1000000000 0.08292405615705096544 0.00000000000000000000
2.1100000000 0.08259267967934391663 0.00000000000000000000
2.1200000000 0.08226644785781114799 0.00000000000000000000
2.1300000000 0.08194525230720525744 0.00000000000000000000
2.1400000000 0.08162898739549975802 0.00000000000000000000
2.1500000000 0.08131755016425584737 0.00000000000000000000
2.1600000000 0.08101084025153366952 0.00000000000000000000
2.1700000000 0.08070875981725507409 0.00000000000000000000
2.1800000000 0.08041121347093722893 0.00000000000000000000
2.1900000000 0.08011810820171857972 0.00000000000000000000
2.2000000000 0.07982935331058758910 0.00000000000000000000
2.2100000000 0.07954486034475111156 0.00000000000000000000
2.2200000000 0.07926454303406110791 0.00000000000000000000
2.2300000000 0.07898831722943444600 0.00000000000000000000
2.2400000000 0.07871610084319195788 0.00000000000000000000
2.2500000000 0.07844781379126206100 0.00000000000000000000
2.2600000000 0.07818337793717268502 0.00000000000000000000
2.2700000000 0.07792271703778308467 0.00000000000000000000
2.2800000000 0.07766575669068900845 0.00000000000000000000
2.2900000000 0.07741242428324995872 0.00000000000000000000
2.3000000000 0.07716264894317827194 0.00000000000000000000
2.3100000000 0.07691636149064895456 0.00000000000000000000
2.3200000000 0.07667349439186493809 0.00000000000000000000
2.3300000000 0.07643398171404072738 0.00000000000000000000
2.3400000000 0.07619775908175362156 0.00000000000000000000
2.3500000000 0.07596476363461560077 0.00000000000000000000
2.3600000000 0.07573493398622614670 0.00000000000000000000
2.3700000000 0.07550821018435896481 0.00000000000000000000
2.3800000000 0.07528453367234830274 0.00000000000000000000
2.3900000000 0.07506384725162860982 0.00000000000000000000
2.4000000000 0.07484609504539539715 0.00000000000000000000
2.4100000000 0.07463122246334789878 0.00000000000000000000
2.4200000000 0.07441917616748217057 0.00000000000000000000
2.4300000000 0.07420990403889214659 0.00000000000000000000
2.4400000000 0.07400335514555575478 0.00000000000000000000
2.4500000000 0.07379947971107055082 0.00000000000000000000
2.4600000000 0.07359822908430575794 0.00000000000000000000
2.4700000000 0.07339955570994348422 0.00000000000000000000
2.4800000000 0.07320341309988383227 0.00000000000000000000
2.4900000000 0.07300975580547874877 0.00000000000000000000
2.5000000000 0.07281853939057743308 0.00000000000000000000
2.5100000000 0.07262972040534865226 0.00000000000000000000
2.5200000000 0.07244325636086237918 0.00000000000000000000
2.5300000000 0.07225910570440244318 0.00000000000000000000
2.5400000000 0.07207722779548959846 0.00000000000000000000
2.5500000000 0.07189758288259004426 0.00000000000000000000
2.5600000000 0.07172013208049195232 0.00000000000000000000
2.5700000000 0.07154483734832502162 0.00000000000000000000
2.5800000000 0.07137166146820481116 0.00000000000000000000
2.5900000000 0.07120056802448329614 0.00000000000000000000
2.6000000000 0.07103152138358509449 0.00000000000000000000
2.6100000000 0.07086448667441162808 0.00000000000000000000
2.6200000000 0.07069942976929714795 0.00000000000000000000
2.6300000000 0.07053631726549737524 0.00000000000000000000
2.6400000000 0.07037511646719689373 0.00000000000000000000
2.6500000000 0.07021579536801600407 0.00000000000000000000
2.6600000000 0.07005832263400667281 0.00000000000000000000
2.6700000000 0.06990266758711641271 0.00000000000000000000
2.6800000000 0.06974880018911240598 0.00000000000000000000
2.6900000000 0.06959669102594667756 0.00000000000000000000
2.7000000000 0.06944631129255179891 0.00000000000000000000
2.7100000000 0.06929763277805364718 0.00000000000000000000
2.7200000000 0.06915062785138818835 0.00000000000000000000
2.7300000000 0.06900526944730937806 0.00000000000000000000
2.7400000000 0.06886153105277979802 0.00000000000000000000
2.7500000000 0.06871938669372724962 0.00000000000000000000
2.7600000000 0.06857881092216244756 0.00000000000000000000
2.7700000000 0.06843977880364122968 0.00000000000000000000
2.7800000000 0.06830226590506659201 0.00000000000000000000
2.7900000000 0.06816624828281461768 0.00000000000000000000
2.8000000000 0.06803170247118162095 0.00000000000000000000
2.8100000000 0.06789860547113539535 0.00000000000000000000
2.8200000000 0.06776693473936938605 0.00000000000000000000
2.8300000000 0.06763666817764420192 0.00000000000000000000
2.8400000000 0.06750778412241198456 0.00000000000000000000
2.8500000000 0.06738026133471503032 0.00000000000000000000
2.8600000000 0.06725407899034943626 0.00000000000000000000
2.8700000000 0.06712921667028606820 0.00000000000000000000
2.8800000000 0.06700565435134414605 0.00000000000000000000
2.8900000000 0.06688337239710502591 0.00000000000000000000
2.9000000000 0.06676235154906523528 0.00000000000000000000
2.9100000000 0.06664257291801696514 0.00000000000000000000
2.9200000000 0.06652401797565310471 0.00000000000000000000
2.9300000000 0.06640666854638674343 0.00000000000000000000
2.9400000000 0.06629050679938353063 0.00000000000000000000
2.9500000000 0.06617551524079667846 0.00000000000000000000
2.9600000000 0.06606167670620070875 0.00000000000000000000
2.9700000000 0.06594897435322003010 0.00000000000000000000
2.9800000000 0.06583739165434196461 0.00000000000000000000
2.9900000000 0.06572691238991522356 0.00000000000000000000
3.0000000000 0.06561752064132413131 0.00000000000000000000
3.0100000000 0.06550920078433360161 0.00000000000000000000
3.0200000000 0.06540193748260483830 0.00000000000000000000
3.0300000000 0.06529571568137115811 0.00000000000000000000
3.0400000000 0.06519052060127276949 0.00000000000000000000
3.0500000000 0.06508633773234570596 0.00000000000000000000
3.0600000000 0.06498315282816047311 0.00000000000000000000
3.0700000000 0.06488095190010514934 0.00000000000000000000
3.0800000000 0.06477972121181124754 0.00000000000000000000
3.0900000000 0.06467944727371648106 0.00000000000000000000
3.1000000000 0.06458011683776131162 0.00000000000000000000
3.1100000000 0.06448171689221557368 0.00000000000000000000
3.1200000000 0.06438423465663270506 0.00000000000000000000
3.1300000000 0.06428765757692583849 0.00000000000000000000
3.1400000000 0.06419197332056410243 0.00000000000000000000
3.1500000000 0.06409716977188674447 0.00000000000000000000
3.1600000000 0.06400323502752867932 0.00000000000000000000
3.1700000000 0.06391015739195804457 0.00000000000000000000
3.1800000000 0.06381792537312103164 0.00000000000000000000
3.1900000000 0.06372652767819003694 0.00000000000000000000
3.2000000000 0.06363595320941536904 0.00000000000000000000
3.2100000000 0.06354619106007414198 0.00000000000000000000
3.2200000000 0.06345723051051835317 0.00000000000000000000
3.2300000000 0.06336906102431322241 0.00000000000000000000
3.2400000000 0.06328167224447023287 0.00000000000000000000
3.2500000000 0.06319505398976724142 0.00000000000000000000
3.2600000000 0.06310919625115556097 0.00000000000000000000
3.2700000000 0.06302408918825266881 0.00000000000000000000
3.2800000000 0.06293972312591479545 0.00000000000000000000
3.2900000000 0.06285608855089190594 0.00000000000000000000
3.3000000000 0.06277317610855866203 0.00000000000000000000
3.3100000000 0.06269097659972329428 0.00000000000000000000
3.3200000000 0.06260948097750829167 0.00000000000000000000
3.3300000000 0.06252868034430494881 0.00000000000000000000
3.3400000000 0.06244856594879669154 0.00000000000000000000
3.3500000000 0.06236912918305223541 0.00000000000000000000
3.3600000000 0.06229036157968384502 0.00000000000000000000
3.3700000000 0.06221225480907148497 0.00000000000000000000
3.3800000000 0.06213480067664997608 0.00000000000000000000
3.3900000000 0.06205799112025807418 0.00000000000000000000
3.4000000000 0.06198181820754686266 0.00000000000000000000
3.4100000000 0.06190627413344772928 0.00000000000000000000
3.4200000000 0.06183135121769643694 0.00000000000000000000
3.4300000000 0.06175704190241395469 0.00000000000000000000
3.4400000000 0.06168333874974001041 0.00000000000000000000
3.4500000000 0.06161023443952135664 0.00000000000000000000
3.4600000000 0.06153772176704980917 0.00000000000000000000
3.4700000000 0.06146579364085204972 0.00000000000000000000
3.4800000000 0.06139444308052712657 0.00000000000000000000
3.4900000000 0.06132366321463341569 0.00000000000000000000
3.5000000000 0.06125344727861983113 0.00000000000000000000
3.5100000000 0.06118378861280520525 0.00000000000000000000
3.5200000000 0.06111468066039982966 0.00000000000000000000
3.5300000000 0.06104611696557121769 0.00000000000000000000
3.5400000000 0.06097809117155238157 0.00000000000000000000
3.5500000000 0.06091059701879002197 0.00000000000000000000
3.5600000000 0.06084362834313447599 0.00000000000000000000
3.5700000000 0.06077717907406744724 0.00000000000000000000
3.5800000000 0.06071124323296870490 0.00000000000000000000
3.5900000000 0.06064581493141988494 0.00000000000000000000
3.6000000000 0.06058088836954490103 0.00000000000000000000
3.6100000000 0.06051645783438511922 0.00000000000000000000
3.6200000000 0.06045251769831025412 0.00000000000000000000
3.6300000000 0.06038906241746247461 0.00000000000000000000
3.6400000000 0.06032608653023337208 0.00000000000000000000
3.6500000000 0.06026358465577360407 0.00000000000000000000
3.6600000000 0.06020155149253365867 0.00000000000000000000
3.6700000000 0.06013998181683573307 0.00000000000000000000
3.6800000000 0.06007887048147495662 0.00000000000000000000
3.6900000000 0.06001821241435047888 0.00000000000000000000
3.7000000000 0.05995800261712507656 0.00000000000000000000
3.7100000000 0.05989823616391212052 0.00000000000000000000
3.7200000000 0.05983890819999039545 0.00000000000000000000
3.7300000000 0.05978001394054539147 0.00000000000000000000
3.7400000000 0.05972154866943645696 0.00000000000000000000
3.7500000000 0.05966350773798936163 0.00000000000000000000
3.7600000000 0.05960588656381397149 0.00000000000000000000
3.7700000000 0.05954868062964528697 0.00000000000000000000
3.7800000000 0.05949188548220941952 0.00000000000000000000
3.7900000000 0.05943549673111150206 0.00000000000000000000
3.8000000000 0.05937951004774693481 0.00000000000000000000
3.8100000000 0.05932392116423448186 0.00000000000000000000
3.8200000000 0.05926872587237052431 0.00000000000000000000
3.8300000000 0.05921392002260515014 0.00000000000000000000
3.8400000000 0.05915949952303817261 0.00000000000000000000
3.8500000000 0.05910546033843564612 0.00000000000000000000
3.8600000000 0.05905179848926570690 0.00000000000000000000
3.8700000000 0.05899851005075423815 0.00000000000000000000
3.8800000000 0.05894559115195827786 0.00000000000000000000
3.8900000000 0.05889303797485877234 0.00000000000000000000
3.9000000000 0.05884084675347138471 0.00000000000000000000
3.9100000000 0.05878901377297328368 0.00000000000000000000
3.9200000000 0.05873753536884904203 0.00000000000000000000
3.9300000000 0.05868640792605239048 0.00000000000000000000
3.9400000000 0.05863562787818375061 0.00000000000000000000
3.9500000000 0.05858519170668530923 0.00000000000000000000
3.9600000000 0.05853509594005025518 0.00000000000000000000
3.9700000000 0.05848533715304837094 0.00000000000000000000
3.9800000000 0.05843591196596620990 0.00000000000000000000
3.9900000000 0.05838681704386199794 0.00000000000000000000
4.0000000000 0.05833804909583451687 0.00000000000000000000
4.0100000000 0.05828960487430693421 0.00000000000000000000
4.0200000000 0.05824148117432344229 0.00000000000000000000
4.0300000000 0.05819367483285951131 0.00000000000000000000
4.0400000000 0.05814618272814578437 0.00000000000000000000
4.0500000000 0.05809900177900427509 0.00000000000000000000
4.0600000000 0.05805212894419708308 0.00000000000000000000
4.0700000000 0.05800556122178813362 0.00000000000000000000
4.0800000000 0.05795929564851597798 0.00000000000000000000
4.0900000000 0.05791332929917922256 0.00000000000000000000
4.1000000000 0.05786765928603261611 0.00000000000000000000
4.1100000000 0.05782228275819549512 0.00000000000000000000
4.1200000000 0.05777719690107033929 0.00000000000000000000
4.1300000000 0.05773239893577221393 0.00000000000000000000
4.1400000000 0.05768788611856943971 0.00000000000000000000
4.1500000000 0.05764365574033427503 0.00000000000000000000
4.1600000000 0.05759970512600304238 0.00000000000000000000
4.1700000000 0.05755603163404752337 0.00000000000000000000
4.1800000000 0.05751263265595481927 0.00000000000000000000
4.1900000000 0.05746950561571728677 0.00000000000000000000
4.2000000000 0.05742664796933221599 0.00000000000000000000
4.2100000000 0.05738405720430928003 0.00000000000000000000
4.2200000000 0.05734173083918840674 0.00000000000000000000
4.2300000000 0.05729966642306560248 0.00000000000000000000
4.2400000000 0.05725786153512727600 0.00000000000000000000
4.2500000000 0.05721631378419341635 0.00000000000000000000
4.2600000000 0.05717502080826832728 0.00000000000000000000
4.2700000000 0.05713398027410029195 0.00000000000000000000
4.2800000000 0.05709318987674815576 0.00000000000000000000
4.2900000000 0.05705264733915619418 0.00000000000000000000
4.3000000000 0.05701235041173649543 0.00000000000000000000
4.3100000000 0.05697229687195870529 0.00000000000000000000
4.3200000000 0.05693248452394666231 0.00000000000000000000
4.3300000000 0.05689291119808295022 0.00000000000000000000
4.3400000000 0.05685357475061945248 0.00000000000000000000
4.3500000000 0.05681447306329552582 0.00000000000000000000
4.3600000000 0.05677560404296243951 0.00000000000000000000
4.3700000000 0.05673696562121439968 0.00000000000000000000
4.3800000000 0.05669855575402605458 0.00000000000000000000
4.3900000000 0.05666037242139657093 0.00000000000000000000
4.4000000000 0.05662241362699915737 0.00000000000000000000
4.4100000000 0.05658467739783736711 0.00000000000000000000
4.4200000000 0.05654716178390699344 0.00000000000000000000
4.4300000000 0.05650986485786384239 0.00000000000000000000
4.4400000000 0.05647278471469699412 0.00000000000000000000
4.4500000000 0.05643591947140817050 0.00000000000000000000
4.4600000000 0.05639926726669584195 0.00000000000000000000
4.4700000000 0.05636282626064536422 0.00000000000000000000
4.4800000000 0.05632659463442391684 0.00000000000000000000
4.4900000000 0.05629057058998104129 0.00000000000000000000
4.5000000000 0.05625475234975363392 0.00000000000000000000
4.5100000000 0.05621913815637648304 0.00000000000000000000
4.5200000000 0.05618372627239733019 0.00000000000000000000
4.5300000000 0.05614851497999690660 0.00000000000000000000
4.5400000000 0.05611350258071338970 0.00000000000000000000
4.5500000000 0.05607868739517164053 0.00000000000000000000
4.5600000000 0.05604406776281705554 0.00000000000000000000
4.5700000000 0.05600964204165349153 0.00000000000000000000
4.5800000000 0.05597540860798563833 0.00000000000000000000
4.5900000000 0.05594136585616599905 0.00000000000000000000
4.6000000000 0.05590751219834552699 0.00000000000000000000
4.6100000000 0.05587384606422858557 0.00000000000000000000
4.6200000000 0.05584036590083202994 0.00000000000000000000
4.6300000000 0.05580707017224791067 0.00000000000000000000
4.6400000000 0.05577395735941029220 0.00000000000000000000
4.6500000000 0.05574102595986588776 0.00000000000000000000
4.6600000000 0.05570827448754823302 0.00000000000000000000
4.6700000000 0.05567570147255555130 0.00000000000000000000
4.6800000000 0.05564330546093244900 0.00000000000000000000
4.6900000000 0.05561108501445458790 0.00000000000000000000
4.7000000000 0.05557903871041731253 0.00000000000000000000
4.7100000000 0.05554716514142757355 0.00000000000000000000
4.7200000000 0.05551546291519905002 0.00000000000000000000
4.7300000000 0.05548393065435031080 0.00000000000000000000
4.7400000000 0.05545256699620682711 0.00000000000000000000
4.7500000000 0.05542137059260549004 0.00000000000000000000
4.7600000000 0.05539034010970242394 0.00000000000000000000
4.7700000000 0.05535947422778417920 0.00000000000000000000
4.7800000000 0.05532877164108112450 0.00000000000000000000
4.7900000000 0.05529823105758469026 0.00000000000000000000
4.8000000000 0.05526785119886669373 0.00000000000000000000
4.8100000000 0.05523763079990187674 0.00000000000000000000
4.8200000000 0.05520756860889326767 0.00000000000000000000
4.8300000000 0.05517766338709975682 0.00000000000000000000
4.8400000000 0.05514791390866732868 0.00000000000000000000
4.8500000000 0.05511831896046150148 0.00000000000000000000
4.8600000000 0.05508887734190369423 0.00000000000000000000
4.8700000000 0.05505958786480953659 0.00000000000000000000
4.8800000000 0.05503044935322923270 0.00000000000000000000
4.8900000000 0.05500146064329133194 0.00000000000000000000
4.9000000000 0.05497262058304795695 0.00000000000000000000
4.9100000000 0.05494392803232300837 0.00000000000000000000
4.9200000000 0.05491538186256248594 0.00000000000000000000
4.9300000000 0.05488698095668685661 0.00000000000000000000
4.9400000000 0.05485872420894601781 0.00000000000000000000
4.9500000000 0.05483061052477633535 0.00000000000000000000
4.9600000000 0.05480263882065954800 0.00000000000000000000
4.9700000000 0.05477480802398420473 0.00000000000000000000
4.9800000000 0.05474711707290911417 0.00000000000000000000
4.9900000000 0.05471956491622842478 0.00000000000000000000
5.0000000000 0.05469215051323920995 0.00000000000000000000
