0.1000000000 3.40866124361562183864 0.00000000000000000000
0.1100000000 3.27367222187587270099 0.00000000000000000000
0.1200000000 3.14325842748274508764 0.00000000000000000000
0.1300000000 3.01758415442249416927 0.00000000000000000000
0.1400000000 2.89676584878274345769 0.00000000000000000000
0.1500000000 2.78087137684004970239 0.00000000000000000000
0.1600000000 2.66992104999266333110 0.00000000000000000000
0.1700000000 2.56389025440599560568 0.00000000000000000000
0.1800000000 2.46271342461551823178 0.00000000000000000000
0.1900000000 2.36628902706963240021 0.00000000000000000000
0.2000000000 2.27448518661964760312 0.00000000000000000000
0.2100000000 2.18714559453718715432 0.00000000000000000000
0.2200000000 2.10409537375863120445 0.00000000000000000000
0.2300000000 2.02514663566216857049 0.00000000000000000000
0.2400000000 1.95010353198246377815 0.00000000000000000000
0.2500000000 1.87876667582308898297 0.00000000000000000000
0.2600000000 1.81093686982239865380 0.00000000000000000000
0.2700000000 1.74641813278783586405 0.00000000000000000000
0.2800000000 1.68502005652386688261 0.00000000000000000000
0.2900000000 1.62655955215650638301 0.00000000000000000000
0.3000000000 1.57086206138186201819 0.00000000000000000000
0.3100000000 1.51776231484616808132 0.00000000000000000000
0.3200000000 1.46710471963296229525 0.00000000000000000000
0.3300000000 1.41874345279938096631 0.00000000000000000000
0.3400000000 1.37254232995769753778 0.00000000000000000000
0.3500000000 1.32837450852884941810 0.00000000000000000000
0.3600000000 1.28612207558942515107 0.00000000000000000000
0.3700000000 1.24567556092431885872 0.00000000000000000000
0.3800000000 1.20693340742716204161 0.00000000000000000000
0.3900000000 1.16980142358480221354 0.00000000000000000000
0.4000000000 1.13419223651069089875 0.00000000000000000000
0.4100000000 1.10002475882422467990 0.00000000000000000000
0.4200000000 1.06722367851751309686 0.00000000000000000000
0.4300000000 1.03571897768572940279 0.00000000000000000000
0.4400000000 1.00544548348989848385 0.00000000000000000000
0.4500000000 0.97634245284259357778 0.00000000000000000000
0.4600000000 0.94835319093824321790 0.00000000000000000000
0.4700000000 0.92142470278609811540 0.00000000000000000000
0.4800000000 0.89550737625575116407 0.00000000000000000000
0.4900000000 0.87055469473816737835 0.00000000000000000000
0.5000000000 0.84652297729900971568 0.00000000000000000000
0.5100000000 0.82337114410697254119 0.00000000000000000000
0.5200000000 0.80106050492017943920 0.00000000000000000000
0.5300000000 0.77955456847884541105 0.00000000000000000000
0.5400000000 0.75881887076000320569 0.00000000000000000000
0.5500000000 0.73882082018347006169 0.00000000000000000000
0.5600000000 0.71952955800519990959 0.00000000000000000000
0.5700000000 0.70091583228560483398 0.00000000000000000000
0.5800000000 0.68295188397064721109 0.00000000000000000000
0.5900000000 0.66561134376800579204 0.00000000000000000000
0.6000000000 0.64886913863693074234 0.00000000000000000000
0.6100000000 0.63270140683708309126 0.00000000000000000000
0.6200000000 0.61708542059783000333 0.00000000000000000000
0.6300000000 0.60199951557512376699 0.00000000000000000000
0.6400000000 0.58742302635845866643 0.00000000000000000000
0.6500000000 0.57333622737573608497 0.00000000000000000000
0.6600000000 0.55972027862013873367 0.00000000000000000000
0.6700000000 0.54655717569093154040 0.00000000000000000000
0.6800000000 0.53382970369984072967 0.00000000000000000000
0.6900000000 0.52152139464776403610 0.00000000000000000000
0.7000000000 0.50961648792310942913 0.00000000000000000000
0.7100000000 0.49809989361406037389 0.00000000000000000000
0.7200000000 0.48695715836304637181 0.00000000000000000000
0.7300000000 0.47617443352328520101 0.00000000000000000000
0.7400000000 0.46573844540494502287 0.00000000000000000000
0.7500000000 0.45563646742265340173 0.00000000000000000000
0.7600000000 0.44585629397738540947 0.00000000000000000000
0.7700000000 0.43638621592426474205 0.00000000000000000000
0.7800000000 0.42721499749420654979 0.00000000000000000000
0.7900000000 0.41833185455154270338 0.00000000000000000000
0.8000000000 0.40972643408216974370 0.00000000000000000000
0.8100000000 0.40138879481800260329 0.00000000000000000000
0.8200000000 0.39330938891295175175 0.00000000000000000000
0.8300000000 0.38547904459412007938 0.00000000000000000000
0.8400000000 0.37788894971953007618 0.00000000000000000000
0.8500000000 0.37053063618011344849 0.00000000000000000000
0.8600000000 0.36339596508965510413 0.00000000000000000000
0.8700000000 0.35647711271122839438 0.00000000000000000000
0.8800000000 0.34976655707378273563 0.00000000000000000000
0.8900000000 0.34325706523579091467 0.00000000000000000000
0.9000000000 0.33694168115713829526 0.00000000000000000000
0.9100000000 0.33081371414345561721 0.00000000000000000000
0.9200000000 0.32486672782954800764 0.00000000000000000000
0.9300000000 0.31909452967168161486 0.00000000000000000000
0.9400000000 0.31349116092085715923 0.00000000000000000000
0.9500000000 0.30805088705009114891 0.00000000000000000000
0.9600000000 0.30276818861254883863 0.00000000000000000000
0.9700000000 0.29763775250736362876 0.00000000000000000000
0.9800000000 0.29265446363178820866 0.00000000000000000000
0.9900000000 0.28781339690164586820 0.00000000000000000000
1.0000000000 0.28310980961574200299 0.00000000000000000000
1.0100000000 0.27853913416397746428 0.00000000000000000000
1.0200000000 0.27409697103786967443 0.00000000000000000000
1.0300000000 0.26977908214055362768 0.00000000000000000000
1.0400000000 0.26558138439638284689 0.00000000000000000000
1.0500000000 0.26149994362086437238 0.00000000000000000000
1.0600000000 0.25753096865419738970 0.00000000000000000000
1.0700000000 0.25367080574192879538 0.00000000000000000000
1.0800000000 0.24991593315195656522 0.00000000000000000000
1.0900000000 0.24626295601682843261 0.00000000000000000000
1.1000000000 0.24270860139136585243 0.00000000000000000000
1.1100000000 0.23924971351570198386 0.00000000000000000000
1.1200000000 0.23588324927480275317 0.00000000000000000000
1.1300000000 0.23260627384545021212 0.00000000000000000000
1.1400000000 0.22941595652267973704 0.00000000000000000000
1.1500000000 0.22630956671761118248 0.00000000000000000000
1.1600000000 0.22328447011920551923 0.00000000000000000000
1.1700000000 0.22033812501279675944 0.00000000000000000000
1.1800000000 0.21746807874868614996 0.00000000000000000000
1.1900000000 0.21467196435414276356 0.00000000000000000000
1.2000000000 0.21194749728280223855 0.00000000000000000000
1.2100000000 0.20929247229546013576 0.00000000000000000000
1.2200000000 0.20670476046669197800 0.00000000000000000000
1.2300000000 0.20418230631192299529 0.00000000000000000000
1.2400000000 0.20172312502981190607 0.00000000000000000000
1.2500000000 0.19932529985506991510 0.00000000000000000000
1.2600000000 0.19698697951710214538 0.00000000000000000000
1.2700000000 0.19470637579990002219 0.00000000000000000000
1.2800000000 0.19248176119900792247 0.00000000000000000000
1.2900000000 0.19031146667152681884 0.00000000000000000000
1.3000000000 0.18819387947511101444 0.00000000000000000000
1.3100000000 0.18612744109244563906 0.00000000000000000000
1.3200000000 0.18411064523745962473 0.00000000000000000000
1.3300000000 0.18214203594001546205 0.00000000000000000000
1.3400000000 0.18022020570572638842 0.00000000000000000000
1.3500000000 0.17834379374786318850 0.00000000000000000000
1.3600000000 0.17651148428831239801 0.00000000000000000000
1.3700000000 0.17472200492478384692 0.00000000000000000000
1.3800000000 0.17297412506153342360 0.00000000000000000000
1.3900000000 0.17126665440097851856 0.00000000000000000000
1.4000000000 0.16959844149372227395 0.00000000000000000000
1.4100000000 0.16796837234459482957 0.00000000000000000000
1.4200000000 0.16637536907245298323 0.00000000000000000000
1.4300000000 0.16481838862148415203 0.00000000000000000000
1.4400000000 0.16329642152199641547 0.00000000000000000000
1.4500000000 0.16180849069863734169 0.00000000000000000000
1.4600000000 0.16035365032412404740 0.00000000000000000000
1.4700000000 0.15893098471668573590 0.00000000000000000000
1.4800000000 0.15753960727939700370 0.00000000000000000000
1.4900000000 0.15617865947975628771 0.00000000000000000000
1.5000000000 0.15484730986788303175 0.00000000000000000000
1.5100000000 0.15354475313177409768 0.00000000000000000000
1.5200000000 0.15227020918814512807 0.00000000000000000000
1.5300000000 0.15102292230743855073 0.00000000000000000000
1.5400000000 0.14980216027161641357 0.00000000000000000000
1.5500000000 0.14860721356347000865 0.00000000000000000000
1.5600000000 0.14743739458614210647 0.00000000000000000000
1.5700000000 0.14629203691171804858 0.00000000000000000000
1.5800000000 0.14517049455769540089 0.00000000000000000000
1.5900000000 0.14407214129025674998 0.00000000000000000000
1.6000000000 0.14299636995326972522 0.00000000000000000000
1.6100000000 0.14194259182201551805 0.00000000000000000000
1.6200000000 0.14091023598068078138 0.00000000000000000000
1.6300000000 0.13989874872265253836 0.00000000000000000000
1.6400000000 0.13890759297276641937 0.00000000000000000000
1.6500000000 0.13793624773061546884 0.00000000000000000000
1.6600000000 0.13698420753412651751 0.00000000000000000000
1.6700000000 0.13605098194258810618 0.00000000000000000000
1.6800000000 0.13513609503841902959 0.00000000000000000000
1.6900000000 0.13423908494689465454 0.00000000000000000000
1.7000000000 0.13335950337320021108 0.00000000000000000000
1.7100000000 0.13249691515608541525 0.00000000000000000000
1.7200000000 0.13165089783753344821 0.00000000000000000000
1.7300000000 0.13082104124778912158 0.00000000000000000000
1.7400000000 0.13000694710518545527 0.00000000000000000000
1.7500000000 0.12920822863019437721 0.00000000000000000000
1.7600000000 0.12842451017314782113 0.00000000000000000000
1.7700000000 0.12765542685513747712 0.00000000000000000000
1.7800000000 0.12690062422156458966 0.00000000000000000000
1.7900000000 0.12615975790787781197 0.00000000000000000000
1.8000000000 0.12543249331703584803 0.00000000000000000000
1.8100000000 0.12471850530824640790 0.00000000000000000000
1.8200000000 0.12401747789657047161 0.00000000000000000000
1.8300000000 0.12332910396296566102 0.00000000000000000000
1.8400000000 0.12265308497440802205 0.00000000000000000000
1.8500000000 0.12198913071367373240 0.00000000000000000000
1.8600000000 0.12133695901846358600 0.00000000000000000000
1.8700000000 0.12069629552949605322 0.00000000000000000000
1.8800000000 0.12006687344724269184 0.00000000000000000000
1.8900000000 0.11944843329699678103 0.00000000000000000000
1.9000000000 0.11884072270194835641 0.00000000000000000000
1.9100000000 0.11824349616399036644 0.00000000000000000000
1.9200000000 0.11765651485195947890 0.00000000000000000000
1.9300000000 0.11707954639704531985 0.00000000000000000000
1.9400000000 0.11651236469510244109 0.00000000000000000000
1.9500000000 0.11595474971561528510 0.00000000000000000000
1.9600000000 0.11540648731708008645 0.00000000000000000000
1.9700000000 0.11486736906855410378 0.00000000000000000000
1.9800000000 0.11433719207716916411 0.00000000000000000000
1.9900000000 0.11381575882138332545 0.00000000000000000000
2.0000000000 0.11330287698976461430 0.00000000000000000000
2.0100000000 0.11279835932510796914 0.00000000000000000000
2.0200000000 0.11230202347369958038 0.00000000000000000000
2.0300000000 0.11181369183953894508 0.00000000000000000000
2.0400000000 0.11133319144334283268 0.00000000000000000000
2.0500000000 0.11086035378616458658 0.00000000000000000000
2.0600000000 0.11039501471746208938 0.00000000000000000000
2.0700000000 0.10993701430745679570 0.00000000000000000000
2.0800000000 0.10948619672363447963 0.00000000000000000000
2.0900000000 0.10904241011123799732 0.00000000000000000000
2.1000000000 0.10860550647761883780 0.00000000000000000000
2.1100000000 0.10817534158030629732 0.00000000000000000000
2.1200000000 0.10775177481866431151 0.00000000000000000000
2.1300000000 0.10733466912901622192 0.00000000000000000000
2.1400000000 0.10692389088311192447 0.00000000000000000000
2.1500000000 0.10651930978982475373 0.00000000000000000000
2.1600000000 0.10612079879996103027 0.00000000000000000000
2.1700000000 0.10572823401408507071 0.00000000000000000000
2.1800000000 0.10534149459324469722 0.00000000000000000000
2.1900000000 0.10496046267250729034 0.00000000000000000000
2.2000000000 0.10458502327719980396 0.00000000000000000000
2.2100000000 0.10421506424177483241 0.00000000000000000000
2.2200000000 0.10385047613119614829 0.00000000000000000000
2.2300000000 0.10349115216477500212 0.00000000000000000000
2.2400000000 0.10313698814235906787 0.00000000000000000000
2.2500000000 0.10278788237280905848 0.00000000000000000000
2.2600000000 0.10244373560467362472 0.00000000000000000000
2.2700000000 0.10210445095899373102 0.00000000000000000000
2.2800000000 0.10176993386416925691 0.00000000000000000000
2.2900000000 0.10144009199281221745 0.00000000000000000000
2.3000000000 0.10111483520052222396 0.00000000000000000000
2.3100000000 0.10079407546652109640 0.00000000000000000000
2.3200000000 0.10047772683608981181 0.00000000000000000000
2.3300000000 0.10016570536473667907 0.00000000000000000000
2.3400000000 0.09985792906405097091 0.00000000000000000000
2.3500000000 0.09955431784917956328 0.00000000000000000000
2.3600000000 0.09925479348787764888 0.00000000000000000000
2.3700000000 0.09895927955107935992 0.00000000000000000000
2.3800000000 0.09866770136493793752 0.00000000000000000000
2.3900000000 0.09837998596429198273 0.00000000000000000000
2.4000000000 0.09809606204750741243 0.00000000000000000000
2.4100000000 0.09781585993265171086 0.00000000000000000000
2.4200000000 0.09753931151495717766 0.00000000000000000000
2.4300000000 0.09726635022553299648 0.00000000000000000000
2.4400000000 0.09699691099128607275 0.00000000000000000000
2.4500000000 0.09673093019600766118 0.00000000000000000000
2.4600000000 0.09646834564259622324 0.00000000000000000000
2.4700000000 0.09620909651637143956 0.00000000000000000000
2.4800000000 0.09595312334945496624 0.00000000000000000000
2.4900000000 0.09570036798617090334 0.00000000000000000000
2.5000000000 0.09545077354944836445 0.00000000000000000000
2.5100000000 0.09520428440818368143 0.00000000000000000000
2.5200000000 0.09496084614553527981 0.00000000000000000000
2.5300000000 0.09472040552812541203 0.00000000000000000000
2.5400000000 0.09448291047611530324 0.00000000000000000000
2.5500000000 0.09424831003412875718 0.00000000000000000000
2.5600000000 0.09401655434299868719 0.00000000000000000000
2.5700000000 0.09378759461230892769 0.00000000000000000000
2.5800000000 0.09356138309370931605 0.00000000000000000000
2.5900000000 0.09333787305497706632 0.00000000000000000000
2.6000000000 0.09311701875480433988 0.00000000000000000000
2.6100000000 0.09289877541828808760 0.00000000000000000000
2.6200000000 0.09268309921310106947 0.00000000000000000000
2.6300000000 0.09246994722632205510 0.00000000000000000000
2.6400000000 0.09225927744191050883 0.00000000000000000000
2.6500000000 0.09205104871879439543 0.00000000000000000000
2.6600000000 0.09184522076956916359 0.00000000000000000000
2.6700000000 0.09164175413977303231 0.00000000000000000000
2.6800000000 0.09144061018773240457 0.00000000000000000000
2.6900000000 0.09124175106495557852 0.00000000000000000000
2.7000000000 0.09104513969705817222 0.00000000000000000000
2.7100000000 0.09085073976520706418 0.00000000000000000000
2.7200000000 0.09065851568806491956 0.00000000000000000000
2.7300000000 0.09046843260421992550 0.00000000000000000000
2.7400000000 0.09028045635508989697 0.00000000000000000000
2.7500000000 0.09009455346828289246 0.00000000000000000000
2.7600000000 0.08991069114140183560 0.00000000000000000000
2.7700000000 0.08972883722628277603 0.00000000000000000000
2.7800000000 0.08954896021364924796 0.00000000000000000000
2.7900000000 0.08937102921817571821 0.00000000000000000000
2.8000000000 0.08919501396394326209 0.00000000000000000000
2.8100000000 0.08902088477027977897 0.00000000000000000000
2.8200000000 0.08884861253797293745 0.00000000000000000000
2.8300000000 0.08867816873584116744 0.00000000000000000000
2.8400000000 0.08850952538765989586 0.00000000000000000000
2.8500000000 0.08834265505942480445 0.00000000000000000000
2.8600000000 0.08817753084694719690 0.00000000000000000000
2.8700000000 0.08801412636377123344 0.00000000000000000000
2.8800000000 0.08785241572940293009 0.00000000000000000000
2.8900000000 0.08769237355784190169 0.00000000000000000000
2.9000000000 0.08753397494640889620 0.00000000000000000000
2.9100000000 0.08737719546485810118 0.00000000000000000000
2.9200000000 0.08722201114476910155 0.00000000000000000000
2.9300000000 0.08706839846920781667 0.00000000000000000000
2.9400000000 0.08691633436265175372 0.00000000000000000000
2.9500000000 0.08676579618116797565 0.00000000000000000000
2.9600000000 0.08661676170284274279 0.00000000000000000000
2.9700000000 0.08646920911844863111 0.00000000000000000000
2.9800000000 0.08632311702234914119 0.00000000000000000000
2.9900000000 0.08617846440362916804 0.00000000000000000000
3.0000000000 0.08603523063744911159 0.00000000000000000000
3.0100000000 0.08589339547661148377 0.00000000000000000000
3.0200000000 0.08575293904334133077 0.00000000000000000000
3.0300000000 0.08561384182126551001 0.00000000000000000000
3.0400000000 0.08547608464759529068 0.00000000000000000000
3.0500000000 0.08533964870549640147 0.00000000000000000000
3.0600000000 0.08520451551665138290 0.00000000000000000000
3.0700000000 0.08507066693400111568 0.00000000000000000000
3.0800000000 0.08493808513466487298 0.00000000000000000000
3.0900000000 0.08480675261303376178 0.00000000000000000000
3.1000000000 0.08467665217402965683 0.00000000000000000000
3.1100000000 0.08454776692653072356 0.00000000000000000000
3.1200000000 0.08442008027695394046 0.00000000000000000000
3.1300000000 0.08429357592299215052 0.00000000000000000000
3.1400000000 0.08416823784750301907 0.00000000000000000000
3.1500000000 0.08404405031254373604 0.00000000000000000000
3.1600000000 0.08392099785354845132 0.00000000000000000000
3.1700000000 0.08379906527364448798 0.00000000000000000000
3.1800000000 0.08367823763810451621 0.00000000000000000000
3.1900000000 0.08355850026892851223 0.00000000000000000000
3.2000000000 0.08343983873955734820 0.00000000000000000000
3.2100000000 0.08332223886970595295 0.00000000000000000000
3.2200000000 0.08320568672032330193 0.00000000000000000000
3.2300000000 0.08309016858866777322 0.00000000000000000000
3.2400000000 0.08297567100349641234 0.00000000000000000000
3.2500000000 0.08286218072037178362 0.00000000000000000000
3.2600000000 0.08274968471707154494 0.00000000000000000000
3.2700000000 0.08263817018910872558 0.00000000000000000000
3.2800000000 0.08252762454535494951 0.00000000000000000000
3.2900000000 0.08241803540376407833 0.00000000000000000000
3.3000000000 0.08230939058719408119 0.00000000000000000000
3.3100000000 0.08220167811932574398 0.00000000000000000000
3.3200000000 0.08209488622067391550 0.00000000000000000000
3.3300000000 0.08198900330469133246 0.00000000000000000000
3.3400000000 0.08188401797395906956 0.00000000000000000000
3.3500000000 0.08177991901646493311 0.00000000000000000000
3.3600000000 0.08167669540196598188 0.00000000000000000000
3.3700000000 0.08157433627843231616 0.00000000000000000000
3.3800000000 0.08147283096857335649 0.00000000000000000000
3.3900000000 0.08137216896643792441 0.00000000000000000000
3.4000000000 0.08127233993409574420 0.00000000000000000000
3.4100000000 0.08117333369838874990 0.00000000000000000000
3.4200000000 0.08107514024775669403 0.00000000000000000000
3.4300000000 0.08097774972913344971 0.00000000000000000000
3.4400000000 0.08088115244491204947 0.00000000000000000000
3.4500000000 0.08078533884997561587 0.00000000000000000000
3.4600000000 0.08069029954879537725 0.00000000000000000000
3.4700000000 0.08059602529259127235 0.00000000000000000000
3.4800000000 0.08050250697655582377 0.00000000000000000000
3.4900000000 0.08040973563713779693 0.00000000000000000000
3.5000000000 0.08031770244938553349 0.00000000000000000000
3.5100000000 0.08022639872434821073 0.00000000000000000000
3.5200000000 0.08013581590653348630 0.00000000000000000000
3.5300000000 0.08004594557141925248 0.00000000000000000000
3.5400000000 0.07995677942302097108 0.00000000000000000000
3.5500000000 0.07986830929150887104 0.00000000000000000000
3.5600000000 0.07978052713087828429 0.00000000000000000000
3.5700000000 0.07969342501666992762 0.00000000000000000000
3.5800000000 0.07960699514373603680 0.00000000000000000000
3.5900000000 0.07952122982405851470 0.00000000000000000000
3.6000000000 0.07943612148460919842 0.00000000000000000000
3.6100000000 0.07935166266525789380 0.00000000000000000000
3.6200000000 0.07926784601672411112 0.00000000000000000000
3.6300000000 0.07918466429857186351 0.00000000000000000000
3.6400000000 0.07910211037724550198 0.00000000000000000000
3.6500000000 0.07902017722414901579 0.00000000000000000000
3.6600000000 0.07893885791376317740 0.00000000000000000000
3.6700000000 0.07885814562180348819 0.00000000000000000000
3.6800000000 0.07877803362341544158 0.00000000000000000000
3.6900000000 0.07869851529140767243 0.00000000000000000000
3.7000000000 0.07861958409452161900 0.00000000000000000000
3.7100000000 0.07854123359573646213 0.00000000000000000000
3.7200000000 0.07846345745061007737 0.00000000000000000000
3.7300000000 0.07838624940565167010 0.00000000000000000000
3.7400000000 0.07830960329673050668 0.00000000000000000000
3.7500000000 0.07823351304751552382 0.00000000000000000000
3.7600000000 0.07815797266794621834 0.00000000000000000000
3.7700000000 0.07808297625273620535 0.00000000000000000000
3.7800000000 0.07800851797990569769 0.00000000000000000000
3.7900000000 0.07793459210934385040 0.00000000000000000000
3.8000000000 0.07786119298140108114 0.00000000000000000000
3.8100000000 0.07778831501550753647 0.00000000000000000000
3.8200000000 0.07771595270882175610 0.00000000000000000000
3.8300000000 0.07764410063490453928 0.00000000000000000000
3.8400000000 0.07757275344241933157 0.00000000000000000000
3.8500000000 0.07750190585385981212 0.00000000000000000000
3.8600000000 0.07743155266430101769 0.00000000000000000000
3.8700000000 0.07736168874017625152 0.00000000000000000000
3.8800000000 0.07729230901807722376 0.00000000000000000000
3.8900000000 0.07722340850357914399 0.00000000000000000000
3.9000000000 0.07715498227008678322 0.00000000000000000000
3.9100000000 0.07708702545770533543 0.00000000000000000000
3.9200000000 0.07701953327213198475 0.00000000000000000000
3.9300000000 0.07695250098356873347 0.00000000000000000000
3.9400000000 0.07688592392565779532 0.00000000000000000000
3.9500000000 0.07681979749443587635 0.00000000000000000000
3.9600000000 0.07675411714730998036 0.00000000000000000000
3.9700000000 0.07668887840205221296 0.00000000000000000000
3.9800000000 0.07662407683581395901 0.00000000000000000000
3.9900000000 0.07655970808415910045 0.00000000000000000000
4.0000000000 0.07649576784011573316 0.00000000000000000000
4.0100000000 0.07643225185324570292 0.00000000000000000000
4.0200000000 0.07636915592873204373 0.00000000000000000000
4.0300000000 0.07630647592648341637 0.00000000000000000000
4.0400000000 0.07624420776025618574 0.00000000000000000000
4.0500000000 0.07618234739679193013 0.00000000000000000000
4.0600000000 0.07612089085497211749 0.00000000000000000000
4.0700000000 0.07605983420498817205 0.00000000000000000000
4.0800000000 0.07599917356752719511 0.00000000000000000000
4.0900000000 0.07593890511297300694 0.00000000000000000000
4.1000000000 0.07587902506062144115 0.00000000000000000000
4.1100000000 0.07581952967791122378 0.00000000000000000000
4.1200000000 0.07576041527966823064 0.00000000000000000000
4.1300000000 0.07570167822736380281 0.00000000000000000000
4.1400000000 0.07564331492838741178 0.00000000000000000000
4.1500000000 0.07558532183533166193 0.00000000000000000000
4.1600000000 0.07552769544529108758 0.00000000000000000000
4.1700000000 0.07547043229917371754 0.00000000000000000000
4.1800000000 0.07541352898102494928 0.00000000000000000000
4.1900000000 0.07535698211736351071 0.00000000000000000000
4.2000000000 0.07530078837653016166 0.00000000000000000000
4.2100000000 0.07524494446804759484 0.00000000000000000000
4.2200000000 0.07518944714199206347 0.00000000000000000000
4.2300000000 0.07513429318837622217 0.00000000000000000000
4.2400000000 0.07507947943654301459 0.00000000000000000000
4.2500000000 0.07502500275457101020 0.00000000000000000000
4.2600000000 0.07497086004868919185 0.00000000000000000000
4.2700000000 0.07491704826270344231 0.00000000000000000000
4.2800000000 0.07486356437743191261 0.00000000000000000000
4.2900000000 0.07481040541015163137 0.00000000000000000000
4.3000000000 0.07475756841405439834 0.00000000000000000000
4.3100000000 0.07470505047771155982 0.00000000000000000000
4.3200000000 0.07465284872454952536 0.00000000000000000000
4.3300000000 0.07460096031233329206 0.00000000000000000000
4.3400000000 0.07454938243265997466 0.00000000000000000000
4.3500000000 0.07449811231046031545 0.00000000000000000000
4.3600000000 0.07444714720350946446 0.00000000000000000000
4.3700000000 0.07439648440194582268 0.00000000000000000000
4.3800000000 0.07434612122779876708 0.00000000000000000000
4.3900000000 0.07429605503452367532 0.00000000000000000000
4.4000000000 0.07424628320654626246 0.00000000000000000000
4.4100000000 0.07419680315881309329 0.00000000000000000000
4.4200000000 0.07414761233635122628 0.00000000000000000000
4.4300000000 0.07409870821383479633 0.00000000000000000000
4.4400000000 0.07405008829515863367 0.00000000000000000000
4.4500000000 0.07400175011301991790 0.00000000000000000000
4.4600000000 0.07395369122850641019 0.00000000000000000000
4.4700000000 0.07390590923069166596 0.00000000000000000000
4.4800000000 0.07385840173623736682 0.00000000000000000000
4.4900000000 0.07381116638900186988 0.00000000000000000000
4.5000000000 0.07376420085965616769 0.00000000000000000000
4.5100000000 0.07371750284530513564 0.00000000000000000000
4.5200000000 0.07367107006911603750 0.00000000000000000000
4.5300000000 0.07362490027995288733 0.00000000000000000000
4.5400000000 0.07357899125201679269 0.00000000000000000000
4.5500000000 0.07353334078449272337 0.00000000000000000000
4.5600000000 0.07348794670120122052 0.00000000000000000000
4.5700000000 0.07344280685025690592 0.00000000000000000000
4.5800000000 0.07339791910373187622 0.00000000000000000000
4.5900000000 0.07335328135732496757 0.00000000000000000000
4.6000000000 0.07330889153003600223 0.00000000000000000000
4.6100000000 0.07326474756384661335 0.00000000000000000000
4.6200000000 0.07322084742340409513 0.00000000000000000000
4.6300000000 0.07317718909571284402 0.00000000000000000000
4.6400000000 0.07313377058982864498 0.00000000000000000000
4.6500000000 0.07309058993655967451 0.00000000000000000000
4.6600000000 0.07304764518817093155 0.00000000000000000000
4.6700000000 0.07300493441809431661 0.00000000000000000000
4.6800000000 0.07296245572064313789 0.00000000000000000000
4.6900000000 0.07292020721073082246 0.00000000000000000000
4.7000000000 0.07287818702359498413 0.00000000000000000000
4.7100000000 0.07283639331452471111 0.00000000000000000000
4.7200000000 0.07279482425859309935 0.00000000000000000000
4.7300000000 0.07275347805039408811 0.00000000000000000000
4.7400000000 0.07271235290378251503 0.00000000000000000000
4.7500000000 0.07267144705161923679 0.00000000000000000000
4.7600000000 0.07263075874551987166 0.00000000000000000000
4.7700000000 0.07259028625560769166 0.00000000000000000000
4.7800000000 0.07255002787026977595 0.00000000000000000000
4.7900000000 0.07250998189591796594 0.00000000000000000000
4.8000000000 0.07247014665675270695 0.00000000000000000000
4.8100000000 0.07243052049453083119 0.00000000000000000000
4.8200000000 0.07239110176833722654 0.00000000000000000000
4.8300000000 0.07235188885435960005 0.00000000000000000000
4.8400000000 0.07231288014566701616 0.00000000000000000000
4.8500000000 0.07227407405199186285 0.00000000000000000000
4.8600000000 0.07223546899951474587 0.00000000000000000000
4.8700000000 0.07219706343065333820 0.00000000000000000000
4.8800000000 0.07215885580385407450 0.00000000000000000000
4.8900000000 0.07212084459338674591 0.00000000000000000000
4.9000000000 0.07208302828914306404 0.00000000000000000000
4.9100000000 0.07204540539643734809 0.00000000000000000000
4.9200000000 0.07200797443581090362 0.00000000000000000000
4.9300000000 0.07197073394283905190 0.00000000000000000000
4.9400000000 0.07193368246794118459 0.00000000000000000000
4.9500000000 0.07189681857619346916 0.00000000000000000000
4.9600000000 0.07186014084714470451 0.00000000000000000000
4.9700000000 0.07182364787463474398 0.00000000000000000000
4.9800000000 0.07178733826661544415 0.00000000000000000000
4.9900000000 0.07175121064497479162 0.00000000000000000000
5.0000000000 0.07171526364536318088 0.00000000000000000000
