0.1000000000 3.41138747468494418769 0.00000000000000000000
0.1100000000 3.27607040495943202529 0.00000000000000000000
0.1200000000 3.14535427655790300605 0.00000000000000000000
0.1300000000 3.01940383612343143938 0.00000000000000000000
0.1400000000 2.89833552205235056576 0.00000000000000000000
0.1500000000 2.78221674858991230295 0.00000000000000000000
0.1600000000 2.67106696932316145521 0.00000000000000000000
0.1700000000 2.56486036375603099202 0.00000000000000000000
0.1800000000 2.46352988055288513181 0.00000000000000000000
0.1900000000 2.36697229714474888240 0.00000000000000000000
0.2000000000 2.27505392262429273487 0.00000000000000000000
0.2100000000 2.18761657731540148930 0.00000000000000000000
0.2200000000 2.10448352084117518146 0.00000000000000000000
0.2300000000 2.02546506060216868761 0.00000000000000000000
0.2400000000 1.95036364328835554183 0.00000000000000000000
0.2500000000 1.87897830358308048915 0.00000000000000000000
0.2600000000 1.81110840917626547686 0.00000000000000000000
0.2700000000 1.74655669499736765360 0.00000000000000000000
0.2800000000 1.68513162022933471462 0.00000000000000000000
0.2900000000 1.62664910925336125835 0.00000000000000000000
0.3000000000 1.57093375365121667997 0.00000000000000000000
0.3100000000 1.51781955893248721168 0.00000000000000000000
0.3200000000 1.46715031914450810824 0.00000000000000000000
0.3300000000 1.41877969721156760308 0.00000000000000000000
0.3400000000 1.37257108065131339103 0.00000000000000000000
0.3500000000 1.32839727273177499178 0.00000000000000000000
0.3600000000 1.28614006925380008894 0.00000000000000000000
0.3700000000 1.24568976170165957029 0.00000000000000000000
0.3800000000 1.20694459893806183004 0.00000000000000000000
0.3900000000 1.16981023214736934435 0.00000000000000000000
0.4000000000 1.13419916141719423486 0.00000000000000000000
0.4100000000 1.10003019715651673138 0.00000000000000000000
0.4200000000 1.06722794538201615211 0.00000000000000000000
0.4300000000 1.03572232263736441205 0.00000000000000000000
0.4400000000 1.00544810380734461752 0.00000000000000000000
0.4500000000 0.97634450421816343368 0.00000000000000000000
0.4600000000 0.94835479605658312696 0.00000000000000000000
0.4700000000 0.92142595818735517632 0.00000000000000000000
0.4800000000 0.89550835781081816744 0.00000000000000000000
0.4900000000 0.87055546200552103020 0.00000000000000000000
0.5000000000 0.84652357698345737091 0.00000000000000000000
0.5100000000 0.82337161279959392157 0.00000000000000000000
0.5200000000 0.80106087126462477421 0.00000000000000000000
0.5300000000 0.77955485488104692138 0.00000000000000000000
0.5400000000 0.75881909473531705679 0.00000000000000000000
0.5500000000 0.73882099541661683251 0.00000000000000000000
0.5600000000 0.71952969518305687213 0.00000000000000000000
0.5700000000 0.70091593975076915690 0.00000000000000000000
0.5800000000 0.68295196823374582085 0.00000000000000000000
0.5900000000 0.66561140990890244051 0.00000000000000000000
0.6000000000 0.64886919061863213010 0.00000000000000000000
0.6100000000 0.63270144775112491242 0.00000000000000000000
0.6200000000 0.61708545285599603059 0.00000000000000000000
0.6300000000 0.60199954105913400237 0.00000000000000000000
0.6400000000 0.58742304653675159187 0.00000000000000000000
0.6500000000 0.57333624339456434882 0.00000000000000000000
0.6600000000 0.55972029137460677095 0.00000000000000000000
0.6700000000 0.54655718588035062666 0.00000000000000000000
0.6800000000 0.53382971187084982123 0.00000000000000000000
0.6900000000 0.52152140122796564192 0.00000000000000000000
0.7000000000 0.50961649324724200838 0.00000000000000000000
0.7100000000 0.49809989794440040489 0.00000000000000000000
0.7200000000 0.48695716190529420020 0.00000000000000000000
0.7300000000 0.47617443643896328886 0.00000000000000000000
0.7400000000 0.46573844782103934747 0.00000000000000000000
0.7500000000 0.45563646943915359078 0.00000000000000000000
0.7600000000 0.44585629567312995425 0.00000000000000000000
0.7700000000 0.43638621736153032638 0.00000000000000000000
0.7800000000 0.42721499872230628281 0.00000000000000000000
0.7900000000 0.41833185560956914761 0.00000000000000000000
0.8000000000 0.40972643500121325166 0.00000000000000000000
0.8100000000 0.40138879562285084690 0.00000000000000000000
0.8200000000 0.39330938962341355225 0.00000000000000000000
0.8300000000 0.38547904522609049982 0.00000000000000000000
0.8400000000 0.37788895028577568214 0.00000000000000000000
0.8500000000 0.37053063669097308086 0.00000000000000000000
0.8600000000 0.36339596555348518958 0.00000000000000000000
0.8700000000 0.35647711313486640794 0.00000000000000000000
0.8800000000 0.34976655746280310710 0.00000000000000000000
0.8900000000 0.34325706559476421020 0.00000000000000000000
0.9000000000 0.33694168148986330946 0.00000000000000000000
0.9100000000 0.33081371445308033197 0.00000000000000000000
0.9200000000 0.32486672811868921862 0.00000000000000000000
0.9300000000 0.31909452994259768221 0.00000000000000000000
0.9400000000 0.31349116117534719939 0.00000000000000000000
0.9500000000 0.30805088728976737222 0.00000000000000000000
0.9600000000 0.30276818883877049116 0.00000000000000000000
0.9700000000 0.29763775272123571547 0.00000000000000000000
0.9800000000 0.29265446383425897103 0.00000000000000000000
0.9900000000 0.28781339709318459752 0.00000000000000000000
1.0000000000 0.28310980979904437627 0.00000000000000000000
1.0100000000 0.27853913433980403980 0.00000000000000000000
1.0200000000 0.27409697120478837551 0.00000000000000000000
1.0300000000 0.26977908229963193376 0.00000000000000000000
1.0400000000 0.26558138454820306995 0.00000000000000000000
1.0500000000 0.26149994376594332124 0.00000000000000000000
1.0600000000 0.25753096879294512522 0.00000000000000000000
1.0700000000 0.25367080587473811448 0.00000000000000000000
1.0800000000 0.24991593327916655776 0.00000000000000000000
1.0900000000 0.24626295613876514334 0.00000000000000000000
1.1000000000 0.24270860150831324864 0.00000000000000000000
1.1100000000 0.23924971362795027785 0.00000000000000000000
1.1200000000 0.23588324938257967944 0.00000000000000000000
1.1300000000 0.23260627394899596743 0.00000000000000000000
1.1400000000 0.22941595662221622720 0.00000000000000000000
1.1500000000 0.22630956681333738723 0.00000000000000000000
1.1600000000 0.22328447021130559680 0.00000000000000000000
1.1700000000 0.22033812510145389663 0.00000000000000000000
1.1800000000 0.21746807883405952500 0.00000000000000000000
1.1900000000 0.21467196443639505188 0.00000000000000000000
1.2000000000 0.21194749736207432744 0.00000000000000000000
1.2100000000 0.20929247237189185782 0.00000000000000000000
1.2200000000 0.20670476054041828085 0.00000000000000000000
1.2300000000 0.20418230638306480995 0.00000000000000000000
1.2400000000 0.20172312509847839523 0.00000000000000000000
1.2500000000 0.19932529992138295349 0.00000000000000000000
1.2600000000 0.19698697958116159756 0.00000000000000000000
1.2700000000 0.19470637586180356005 0.00000000000000000000
1.2800000000 0.19248176125885377297 0.00000000000000000000
1.2900000000 0.19031146672940130182 0.00000000000000000000
1.3000000000 0.18819387953110108813 0.00000000000000000000
1.3100000000 0.18612744114663049011 0.00000000000000000000
1.3200000000 0.18411064528991788469 0.00000000000000000000
1.3300000000 0.18214203599082007257 0.00000000000000000000
1.3400000000 0.18022020575494579475 0.00000000000000000000
1.3500000000 0.17834379379556328238 0.00000000000000000000
1.3600000000 0.17651148433455757236 0.00000000000000000000
1.3700000000 0.17472200496963324889 0.00000000000000000000
1.3800000000 0.17297412510504678318 0.00000000000000000000
1.3900000000 0.17126665444320701703 0.00000000000000000000
1.4000000000 0.16959844153471978490 0.00000000000000000000
1.4100000000 0.16796837238441275630 0.00000000000000000000
1.4200000000 0.16637536911113770532 0.00000000000000000000
1.4300000000 0.16481838865908007841 0.00000000000000000000
1.4400000000 0.16329642155855017549 0.00000000000000000000
1.4500000000 0.16180849073418823725 0.00000000000000000000
1.4600000000 0.16035365035871321227 0.00000000000000000000
1.4700000000 0.15893098475035047357 0.00000000000000000000
1.4800000000 0.15753960731217223068 0.00000000000000000000
1.4900000000 0.15617865951167902994 0.00000000000000000000
1.5000000000 0.15484730989898448650 0.00000000000000000000
1.5100000000 0.15354475316208737734 0.00000000000000000000
1.5200000000 0.15227020921770106909 0.00000000000000000000
1.5300000000 0.15102292233626413154 0.00000000000000000000
1.5400000000 0.14980216029974191549 0.00000000000000000000
1.5500000000 0.14860721359092116112 0.00000000000000000000
1.5600000000 0.14743739461294591564 0.00000000000000000000
1.5700000000 0.14629203693789755159 0.00000000000000000000
1.5800000000 0.14517049458327535572 0.00000000000000000000
1.5900000000 0.14407214131525886147 0.00000000000000000000
1.6000000000 0.14299636997771458802 0.00000000000000000000
1.6100000000 0.14194259184592639134 0.00000000000000000000
1.6200000000 0.14091023600407562300 0.00000000000000000000
1.6300000000 0.13989874874555099926 0.00000000000000000000
1.6400000000 0.13890759299518762315 0.00000000000000000000
1.6500000000 0.13793624775257543047 0.00000000000000000000
1.6600000000 0.13698420755564183482 0.00000000000000000000
1.6700000000 0.13605098196367579333 0.00000000000000000000
1.6800000000 0.13513609505909507380 0.00000000000000000000
1.6900000000 0.13423908496717437688 0.00000000000000000000
1.7000000000 0.13335950339309579626 0.00000000000000000000
1.7100000000 0.13249691517561235088 0.00000000000000000000
1.7200000000 0.13165089785670411326 0.00000000000000000000
1.7300000000 0.13082104126661656118 0.00000000000000000000
1.7400000000 0.13000694712368174311 0.00000000000000000000
1.7500000000 0.12920822864837039345 0.00000000000000000000
1.7600000000 0.12842451019101536192 0.00000000000000000000
1.7700000000 0.12765542687270789446 0.00000000000000000000
1.7800000000 0.12690062423884734821 0.00000000000000000000
1.7900000000 0.12615975792488376417 0.00000000000000000000
1.8000000000 0.12543249333377420873 0.00000000000000000000
1.8100000000 0.12471850532472576745 0.00000000000000000000
1.8200000000 0.12401747791279939259 0.00000000000000000000
1.8300000000 0.12332910397895362198 0.00000000000000000000
1.8400000000 0.12265308499016269739 0.00000000000000000000
1.8500000000 0.12198913072920308798 0.00000000000000000000
1.8600000000 0.12133695903377519909 0.00000000000000000000
1.8700000000 0.12069629554459709864 0.00000000000000000000
1.8800000000 0.12006687346214039991 0.00000000000000000000
1.8900000000 0.11944843331169739675 0.00000000000000000000
1.9000000000 0.11884072271645892971 0.00000000000000000000
1.9100000000 0.11824349617831611536 0.00000000000000000000
1.9200000000 0.11765651486610730070 0.00000000000000000000
1.9300000000 0.11707954641102066851 0.00000000000000000000
1.9400000000 0.11651236470891079833 0.00000000000000000000
1.9500000000 0.11595474972926270163 0.00000000000000000000
1.9600000000 0.11540648733057103092 0.00000000000000000000
1.9700000000 0.11486736908189290607 0.00000000000000000000
1.9800000000 0.11433719209036127817 0.00000000000000000000
1.9900000000 0.11381575883443381669 0.00000000000000000000
2.0000000000 0.11330287700267725748 0.00000000000000000000
2.0100000000 0.11279835933788694147 0.00000000000000000000
2.0200000000 0.11230202348634930887 0.00000000000000000000
2.0300000000 0.11181369185206370409 0.00000000000000000000
2.0400000000 0.11133319145574560594 0.00000000000000000000
2.0500000000 0.11086035379844944027 0.00000000000000000000
2.0600000000 0.11039501472963289541 0.00000000000000000000
2.0700000000 0.10993701431951682923 0.00000000000000000000
2.0800000000 0.10948619673558691867 0.00000000000000000000
2.0900000000 0.10904241012308607539 0.00000000000000000000
2.1000000000 0.10860550648936534435 0.00000000000000000000
2.1100000000 0.10817534159195407728 0.00000000000000000000
2.1200000000 0.10775177483021666780 0.00000000000000000000
2.1300000000 0.10733466914047562479 0.00000000000000000000
2.1400000000 0.10692389089448106620 0.00000000000000000000
2.1500000000 0.10651930980110654867 0.00000000000000000000
2.1600000000 0.10612079881115739355 0.00000000000000000000
2.1700000000 0.10572823402519854197 0.00000000000000000000
2.1800000000 0.10534149460427807976 0.00000000000000000000
2.1900000000 0.10496046268346255481 0.00000000000000000000
2.2000000000 0.10458502328807878223 0.00000000000000000000
2.2100000000 0.10421506425257974493 0.00000000000000000000
2.2200000000 0.10385047614192879917 0.00000000000000000000
2.2300000000 0.10349115217543761180 0.00000000000000000000
2.2400000000 0.10313698815295356537 0.00000000000000000000
2.2500000000 0.10278788238333691485 0.00000000000000000000
2.2600000000 0.10244373561513672732 0.00000000000000000000
2.2700000000 0.10210445096939375909 0.00000000000000000000
2.2800000000 0.10176993387450818107 0.00000000000000000000
2.2900000000 0.10144009200309120344 0.00000000000000000000
2.3000000000 0.10111483521074270120 0.00000000000000000000
2.3100000000 0.10079407547668482736 0.00000000000000000000
2.3200000000 0.10047772684619794836 0.00000000000000000000
2.3300000000 0.10016570537479066449 0.00000000000000000000
2.3400000000 0.09985792907405227625 0.00000000000000000000
2.3500000000 0.09955431785912965958 0.00000000000000000000
2.3600000000 0.09925479349777759086 0.00000000000000000000
2.3700000000 0.09895927956093009126 0.00000000000000000000
2.3800000000 0.09866770137474081825 0.00000000000000000000
2.3900000000 0.09837998597404808143 0.00000000000000000000
2.4000000000 0.09809606205721807526 0.00000000000000000000
2.4100000000 0.09781585994231786763 0.00000000000000000000
2.4200000000 0.09753931152457967491 0.00000000000000000000
2.4300000000 0.09726635023511295830 0.00000000000000000000
2.4400000000 0.09699691100082456774 0.00000000000000000000
2.4500000000 0.09673093020550554977 0.00000000000000000000
2.4600000000 0.09646834565205428258 0.00000000000000000000
2.4700000000 0.09620909652579071047 0.00000000000000000000
2.4800000000 0.09595312335883603161 0.00000000000000000000
2.4900000000 0.09570036799551483175 0.00000000000000000000
2.5000000000 0.09545077355875597469 0.00000000000000000000
2.5100000000 0.09520428441745557024 0.00000000000000000000
2.5200000000 0.09496084615477229374 0.00000000000000000000
2.5300000000 0.09472040553732838375 0.00000000000000000000
2.5400000000 0.09448291048528474623 0.00000000000000000000
2.5500000000 0.09424831004326547634 0.00000000000000000000
2.5600000000 0.09401655435210320988 0.00000000000000000000
2.5700000000 0.09378759462138194780 0.00000000000000000000
2.5800000000 0.09356138310275155523 0.00000000000000000000
2.5900000000 0.09333787306398903805 0.00000000000000000000
2.6000000000 0.09311701876378677967 0.00000000000000000000
2.6100000000 0.09289877542724137016 0.00000000000000000000
2.6200000000 0.09268309922202583317 0.00000000000000000000
2.6300000000 0.09246994723521882731 0.00000000000000000000
2.6400000000 0.09225927745077965036 0.00000000000000000000
2.6500000000 0.09205104872763672508 0.00000000000000000000
2.6600000000 0.09184522077838529197 0.00000000000000000000
2.6700000000 0.09164175414856322310 0.00000000000000000000
2.6800000000 0.09144061019649696309 0.00000000000000000000
2.6900000000 0.09124175107369511539 0.00000000000000000000
2.7000000000 0.09104513970577303439 0.00000000000000000000
2.7100000000 0.09085073977389779287 0.00000000000000000000
2.7200000000 0.09065851569673191723 0.00000000000000000000
2.7300000000 0.09046843261286352522 0.00000000000000000000
2.7400000000 0.09028045636371063998 0.00000000000000000000
2.7500000000 0.09009455347688102855 0.00000000000000000000
2.7600000000 0.08991069114997776723 0.00000000000000000000
2.7700000000 0.08972883723483672525 0.00000000000000000000
2.7800000000 0.08954896022218200580 0.00000000000000000000
2.7900000000 0.08937102922668731242 0.00000000000000000000
2.8000000000 0.08919501397243410901 0.00000000000000000000
2.8100000000 0.08902088477875028105 0.00000000000000000000
2.8200000000 0.08884861254642326123 0.00000000000000000000
2.8300000000 0.08867816874427178475 0.00000000000000000000
2.8400000000 0.08850952539607090386 0.00000000000000000000
2.8500000000 0.08834265506781667499 0.00000000000000000000
2.8600000000 0.08817753085532020751 0.00000000000000000000
2.8700000000 0.08801412637212553680 0.00000000000000000000
2.8800000000 0.08785241573773895640 0.00000000000000000000
2.8900000000 0.08769237356615981749 0.00000000000000000000
2.9000000000 0.08753397495470892353 0.00000000000000000000
2.9100000000 0.08737719547314072577 0.00000000000000000000
2.9200000000 0.08722201115303425401 0.00000000000000000000
2.9300000000 0.08706839847745612149 0.00000000000000000000
2.9400000000 0.08691633437088309988 0.00000000000000000000
2.9500000000 0.08676579618938275174 0.00000000000000000000
2.9600000000 0.08661676171104132349 0.00000000000000000000
2.9700000000 0.08646920912663100256 0.00000000000000000000
2.9800000000 0.08632311703051553931 0.00000000000000000000
2.9900000000 0.08617846441178002304 0.00000000000000000000
3.0000000000 0.08603523064558431244 0.00000000000000000000
3.0100000000 0.08589339548473155783 0.00000000000000000000
3.0200000000 0.08575293905144604212 0.00000000000000000000
3.0300000000 0.08561384182935555254 0.00000000000000000000
3.0400000000 0.08547608465567060887 0.00000000000000000000
3.0500000000 0.08533964871355718962 0.00000000000000000000
3.0600000000 0.08520451552469790468 0.00000000000000000000
3.0700000000 0.08507066694203357926 0.00000000000000000000
3.0800000000 0.08493808514268330612 0.00000000000000000000
3.0900000000 0.08480675262103827550 0.00000000000000000000
3.1000000000 0.08467665218202057031 0.00000000000000000000
3.1100000000 0.08454776693450830050 0.00000000000000000000
3.1200000000 0.08442008028491812532 0.00000000000000000000
3.1300000000 0.08429357593094320700 0.00000000000000000000
3.1400000000 0.08416823785544115533 0.00000000000000000000
3.1500000000 0.08404405032046892432 0.00000000000000000000
3.1600000000 0.08392099786146095530 0.00000000000000000000
3.1700000000 0.08379906528154437706 0.00000000000000000000
3.1800000000 0.08367823764599199854 0.00000000000000000000
3.1900000000 0.08355850027680378211 0.00000000000000000000
3.2000000000 0.08343983874742037787 0.00000000000000000000
3.2100000000 0.08332223887755715874 0.00000000000000000000
3.2200000000 0.08320568672816272549 0.00000000000000000000
3.2300000000 0.08309016859649533127 0.00000000000000000000
3.2400000000 0.08297567101131241019 0.00000000000000000000
3.2500000000 0.08286218072817613800 0.00000000000000000000
3.2600000000 0.08274968472486453341 0.00000000000000000000
3.2700000000 0.08263817019689061183 0.00000000000000000000
3.2800000000 0.08252762455312577516 0.00000000000000000000
3.2900000000 0.08241803541152381563 0.00000000000000000000
3.3000000000 0.08230939059494300769 0.00000000000000000000
3.3100000000 0.08220167812706379029 0.00000000000000000000
3.3200000000 0.08209488622840138694 0.00000000000000000000
3.3300000000 0.08198900331240818740 0.00000000000000000000
3.3400000000 0.08188401798166551615 0.00000000000000000000
3.3500000000 0.08177991902416101300 0.00000000000000000000
3.3600000000 0.08167669540965172281 0.00000000000000000000
3.3700000000 0.08157433628610802345 0.00000000000000000000
3.3800000000 0.08147283097623894688 0.00000000000000000000
3.3900000000 0.08137216897409359218 0.00000000000000000000
3.4000000000 0.08127233994174150322 0.00000000000000000000
3.4100000000 0.08117333370602479448 0.00000000000000000000
3.4200000000 0.08107514025538306579 0.00000000000000000000
3.4300000000 0.08097774973675027355 0.00000000000000000000
3.4400000000 0.08088115245251936702 0.00000000000000000000
3.4500000000 0.08078533885757352428 0.00000000000000000000
3.4600000000 0.08069029955638397367 0.00000000000000000000
3.4700000000 0.08059602530017059840 0.00000000000000000000
3.4800000000 0.08050250698412607375 0.00000000000000000000
3.4900000000 0.08040973564469892920 0.00000000000000000000
3.5000000000 0.08031770245693765908 0.00000000000000000000
3.5100000000 0.08022639873189145454 0.00000000000000000000
3.5200000000 0.08013581591406787608 0.00000000000000000000
3.5300000000 0.08004594557894494089 0.00000000000000000000
3.5400000000 0.07995677943053798586 0.00000000000000000000
3.5500000000 0.07986830929901730936 0.00000000000000000000
3.5600000000 0.07978052713837813226 0.00000000000000000000
3.5700000000 0.07969342502416142116 0.00000000000000000000
3.5800000000 0.07960699515121916203 0.00000000000000000000
3.5900000000 0.07952122983153339653 0.00000000000000000000
3.6000000000 0.07943612149207582296 0.00000000000000000000
3.6100000000 0.07935166267271635820 0.00000000000000000000
3.6200000000 0.07926784602417448478 0.00000000000000000000
3.6300000000 0.07918466430601418804 0.00000000000000000000
3.6400000000 0.07910211038467984679 0.00000000000000000000
3.6500000000 0.07902017723157542251 0.00000000000000000000
3.6600000000 0.07893885792118181255 0.00000000000000000000
3.6700000000 0.07885814562921429627 0.00000000000000000000
3.6800000000 0.07877803363081864463 0.00000000000000000000
3.6900000000 0.07869851529880313168 0.00000000000000000000
3.7000000000 0.07861958410190952873 0.00000000000000000000
3.7100000000 0.07854123360311696112 0.00000000000000000000
3.7200000000 0.07846345745798301297 0.00000000000000000000
3.7300000000 0.07838624941301723659 0.00000000000000000000
3.7400000000 0.07830960330408871795 0.00000000000000000000
3.7500000000 0.07823351305486644924 0.00000000000000000000
3.7600000000 0.07815797267528994119 0.00000000000000000000
3.7700000000 0.07808297626007280889 0.00000000000000000000
3.7800000000 0.07800851798723507091 0.00000000000000000000
3.7900000000 0.07793459211666628472 0.00000000000000000000
3.8000000000 0.07786119298871643779 0.00000000000000000000
3.8100000000 0.07778831502281598198 0.00000000000000000000
3.8200000000 0.07771595271612323497 0.00000000000000000000
3.8300000000 0.07764410064219919028 0.00000000000000000000
3.8400000000 0.07757275344970712694 0.00000000000000000000
3.8500000000 0.07750190586114089064 0.00000000000000000000
3.8600000000 0.07743155267157543487 0.00000000000000000000
3.8700000000 0.07736168874744396573 0.00000000000000000000
3.8800000000 0.07729230902533840153 0.00000000000000000000
3.8900000000 0.07722340851083371593 0.00000000000000000000
3.9000000000 0.07715498227733484649 0.00000000000000000000
3.9100000000 0.07708702546494697327 0.00000000000000000000
3.9200000000 0.07701953327936719718 0.00000000000000000000
3.9300000000 0.07695250099079753436 0.00000000000000000000
3.9400000000 0.07688592393288025406 0.00000000000000000000
3.9500000000 0.07681979750165215948 0.00000000000000000000
3.9600000000 0.07675411715451992134 0.00000000000000000000
3.9700000000 0.07668887840925599220 0.00000000000000000000
3.9800000000 0.07662407684301160427 0.00000000000000000000
3.9900000000 0.07655970809135059785 0.00000000000000000000
4.0000000000 0.07649576784730119372 0.00000000000000000000
4.0100000000 0.07643225186042514052 0.00000000000000000000
4.0200000000 0.07636915593590548612 0.00000000000000000000
4.0300000000 0.07630647593365094683 0.00000000000000000000
4.0400000000 0.07624420776741777650 0.00000000000000000000
4.0500000000 0.07618234740394769222 0.00000000000000000000
4.0600000000 0.07612089086212210642 0.00000000000000000000
4.0700000000 0.07605983421213233231 0.00000000000000000000
4.0800000000 0.07599917357466565160 0.00000000000000000000
4.0900000000 0.07593890512010574578 0.00000000000000000000
4.1000000000 0.07587902506774849010 0.00000000000000000000
4.1100000000 0.07581952968503267998 0.00000000000000000000
4.1200000000 0.07576041528678403858 0.00000000000000000000
4.1300000000 0.07570167823447417066 0.00000000000000000000
4.1400000000 0.07564331493549224239 0.00000000000000000000
4.1500000000 0.07558532184243092755 0.00000000000000000000
4.1600000000 0.07552769545238496862 0.00000000000000000000
4.1700000000 0.07547043230626214461 0.00000000000000000000
4.1800000000 0.07541352898810800565 0.00000000000000000000
4.1900000000 0.07535698212444126576 0.00000000000000000000
4.2000000000 0.07530078838360258764 0.00000000000000000000
4.2100000000 0.07524494447511471951 0.00000000000000000000
4.2200000000 0.07518944714905402560 0.00000000000000000000
4.2300000000 0.07513429319543289686 0.00000000000000000000
4.2400000000 0.07507947944359456838 0.00000000000000000000
4.2500000000 0.07502500276161735981 0.00000000000000000000
4.2600000000 0.07497086005573048995 0.00000000000000000000
4.2700000000 0.07491704826973960563 0.00000000000000000000
4.2800000000 0.07486356438446306605 0.00000000000000000000
4.2900000000 0.07481040541717783043 0.00000000000000000000
4.3000000000 0.07475756842107554589 0.00000000000000000000
4.3100000000 0.07470505048472773912 0.00000000000000000000
4.3200000000 0.07465284873156076417 0.00000000000000000000
4.3300000000 0.07460096031933967364 0.00000000000000000000
4.3400000000 0.07454938243966149902 0.00000000000000000000
4.3500000000 0.07449811231745707973 0.00000000000000000000
4.3600000000 0.07444714721050135764 0.00000000000000000000
4.3700000000 0.07439648440893299741 0.00000000000000000000
4.3800000000 0.07434612123478114010 0.00000000000000000000
4.3900000000 0.07429605504150137152 0.00000000000000000000
4.4000000000 0.07424628321351930960 0.00000000000000000000
4.4100000000 0.07419680316578142198 0.00000000000000000000
4.4200000000 0.07414761234331494755 0.00000000000000000000
4.4300000000 0.07409870822079386854 0.00000000000000000000
4.4400000000 0.07405008830211315396 0.00000000000000000000
4.4500000000 0.07400175011996988628 0.00000000000000000000
4.4600000000 0.07395369123545182666 0.00000000000000000000
4.4700000000 0.07390590923763258602 0.00000000000000000000
4.4800000000 0.07385840174317381823 0.00000000000000000000
4.4900000000 0.07381116639593390816 0.00000000000000000000
4.5000000000 0.07376420086658377895 0.00000000000000000000
4.5100000000 0.07371750285222829213 0.00000000000000000000
4.5200000000 0.07367107007603483637 0.00000000000000000000
4.5300000000 0.07362490028686739796 0.00000000000000000000
4.5400000000 0.07357899125892694570 0.00000000000000000000
4.5500000000 0.07353334079139857427 0.00000000000000000000
4.5600000000 0.07348794670810283869 0.00000000000000000000
4.5700000000 0.07344280685715423584 0.00000000000000000000
4.5800000000 0.07339791911062501506 0.00000000000000000000
4.5900000000 0.07335328136421385981 0.00000000000000000000
4.6000000000 0.07330889153692074500 0.00000000000000000000
4.6100000000 0.07326474757072717892 0.00000000000000000000
4.6200000000 0.07322084743028055287 0.00000000000000000000
4.6300000000 0.07317718910258522169 0.00000000000000000000
4.6400000000 0.07313377059669692870 0.00000000000000000000
4.6500000000 0.07309058994342391979 0.00000000000000000000
4.6600000000 0.07304764519503112452 0.00000000000000000000
4.6700000000 0.07300493442495048502 0.00000000000000000000
4.6800000000 0.07296245572749532338 0.00000000000000000000
4.6900000000 0.07292020721757903889 0.00000000000000000000
4.7000000000 0.07287818703043924540 0.00000000000000000000
4.7100000000 0.07283639332136497557 0.00000000000000000000
4.7200000000 0.07279482426542949192 0.00000000000000000000
4.7300000000 0.07275347805722659489 0.00000000000000000000
4.7400000000 0.07271235291061113604 0.00000000000000000000
4.7500000000 0.07267144705844401364 0.00000000000000000000
4.7600000000 0.07263075875234083212 0.00000000000000000000
4.7700000000 0.07259028626242483573 0.00000000000000000000
4.7800000000 0.07255002787708315914 0.00000000000000000000
4.7900000000 0.07250998190272762989 0.00000000000000000000
4.8000000000 0.07247014666355859613 0.00000000000000000000
4.8100000000 0.07243052050133297337 0.00000000000000000000
4.8200000000 0.07239110177513563560 0.00000000000000000000
4.8300000000 0.07235188886115433149 0.00000000000000000000
4.8400000000 0.07231288015245812550 0.00000000000000000000
4.8500000000 0.07227407405877930846 0.00000000000000000000
4.8600000000 0.07223546900629861101 0.00000000000000000000
4.8700000000 0.07219706343743358123 0.00000000000000000000
4.8800000000 0.07215885581063068155 0.00000000000000000000
4.8900000000 0.07212084460015978638 0.00000000000000000000
4.9000000000 0.07208302829591251015 0.00000000000000000000
4.9100000000 0.07204540540320328312 0.00000000000000000000
4.9200000000 0.07200797444257332758 0.00000000000000000000
4.9300000000 0.07197073394959797865 0.00000000000000000000
4.9400000000 0.07193368247469665577 0.00000000000000000000
4.9500000000 0.07189681858294547090 0.00000000000000000000
4.9600000000 0.07186014085389327843 0.00000000000000000000
4.9700000000 0.07182364788137984846 0.00000000000000000000
4.9800000000 0.07178733827335719020 0.00000000000000000000
4.9900000000 0.07175121065171313761 0.00000000000000000000
5.0000000000 0.07171526365209811293 0.00000000000000000000
