0.1000000000 3.66240728434613993514 0.00000000000000000000
0.1100000000 3.55994197234846021516 0.00000000000000000000
0.1200000000 3.45955720940782596173 0.00000000000000000000
0.1300000000 3.36129430921107319463 0.00000000000000000000
0.1400000000 3.26518741845131010848 0.00000000000000000000
0.1500000000 3.17126361590454530770 0.00000000000000000000
0.1600000000 3.07954308249817199084 0.00000000000000000000
0.1700000000 2.99003933401859756103 0.00000000000000000000
0.1800000000 2.90275950730385590148 0.00000000000000000000
0.1900000000 2.81770469036768300697 0.00000000000000000000
0.2000000000 2.73487028687304478680 0.00000000000000000000
0.2100000000 2.65424640566727632063 0.00000000000000000000
0.2200000000 2.57581826664949442574 0.00000000000000000000
0.2300000000 2.49956661499969490237 0.00000000000000000000
0.2400000000 2.42546813669420391335 0.00000000000000000000
0.2500000000 2.35349586920425268843 0.00000000000000000000
0.2600000000 2.28361960227065452500 0.00000000000000000000
0.2700000000 2.21580626462410945621 0.00000000000000000000
0.2800000000 2.15002029344388922993 0.00000000000000000000
0.2900000000 2.08622398419289512006 0.00000000000000000000
0.3000000000 2.02437781921933934726 0.00000000000000000000
0.3100000000 1.96444077416670181968 0.00000000000000000000
0.3200000000 1.90637060178300599134 0.00000000000000000000
0.3300000000 1.85012409317139314702 0.00000000000000000000
0.3400000000 1.79565731688326701843 0.00000000000000000000
0.3500000000 1.74292583653240495956 0.00000000000000000000
0.3600000000 1.69188490781336775548 0.00000000000000000000
0.3700000000 1.64248965595113682880 0.00000000000000000000
0.3800000000 1.59469523470138629939 0.00000000000000000000
0.3900000000 1.54845696807173682785 0.00000000000000000000
0.4000000000 1.50373047595232445239 0.00000000000000000000
0.4100000000 1.46047178483668593785 0.00000000000000000000
0.4200000000 1.41863742478745402664 0.00000000000000000000
0.4300000000 1.37818451376127071306 0.00000000000000000000
0.4400000000 1.33907083035759311151 0.00000000000000000000
0.4500000000 1.30125487600046252368 0.00000000000000000000
0.4600000000 1.26469592750326143005 0.00000000000000000000
0.4700000000 1.22935408090600772901 0.00000000000000000000
0.4800000000 1.19519028741445909603 0.00000000000000000000
0.4900000000 1.16216638221126267183 0.00000000000000000000
0.5000000000 1.13024510685212220551 0.00000000000000000000
0.5100000000 1.09939012590542262160 0.00000000000000000000
0.5200000000 1.06956603844160325067 0.00000000000000000000
0.5300000000 1.04073838492971315617 0.00000000000000000000
0.5400000000 1.01287365005233143123 0.00000000000000000000
0.5500000000 0.98593926190700675871 0.00000000000000000000
0.5600000000 0.95990358802205744126 0.00000000000000000000
0.5700000000 0.93473592857705256609 0.00000000000000000000
0.5800000000 0.91040650718358495652 0.00000000000000000000
0.5900000000 0.88688645954955080963 0.00000000000000000000
0.6000000000 0.86414782032028558678 0.00000000000000000000
0.6100000000 0.84216350836239806110 0.00000000000000000000
0.6200000000 0.82090731073041367516 0.00000000000000000000
0.6300000000 0.80035386553312126701 0.00000000000000000000
0.6400000000 0.78047864389465670953 0.00000000000000000000
0.6500000000 0.76125793118564211159 0.00000000000000000000
0.6600000000 0.74266880768133913815 0.00000000000000000000
0.6700000000 0.72468912878716817971 0.00000000000000000000
0.6800000000 0.70729750495659005072 0.00000000000000000000
0.6900000000 0.69047328141234687315 0.00000000000000000000
0.7000000000 0.67419651776942279842 0.00000000000000000000
0.7100000000 0.65844796764631674524 0.00000000000000000000
0.7200000000 0.64320905834081321117 0.00000000000000000000
0.7300000000 0.62846187063673364381 0.00000000000000000000
0.7400000000 0.61418911879955551125 0.00000000000000000000
0.7500000000 0.60037413081088697453 0.00000000000000000000
0.7600000000 0.58700082888466453834 0.00000000000000000000
0.7700000000 0.57405371030157248402 0.00000000000000000000
0.7800000000 0.56151782859251286872 0.00000000000000000000
0.7900000000 0.54937877509661248165 0.00000000000000000000
0.8000000000 0.53762266091480370722 0.00000000000000000000
0.8100000000 0.52623609927574677148 0.00000000000000000000
0.8200000000 0.51520618832735343151 0.00000000000000000000
0.8300000000 0.50452049436365864477 0.00000000000000000000
0.8400000000 0.49416703549411955532 0.00000000000000000000
0.8500000000 0.48413426575964679799 0.00000000000000000000
0.8600000000 0.47441105969767538575 0.00000000000000000000
0.8700000000 0.46498669735627534694 0.00000000000000000000
0.8800000000 0.45585084975589423850 0.00000000000000000000
0.8900000000 0.44699356479545176990 0.00000000000000000000
0.9000000000 0.43840525359867271726 0.00000000000000000000
0.9100000000 0.43007667729506782184 0.00000000000000000000
0.9200000000 0.42199893422891981976 0.00000000000000000000
0.9300000000 0.41416344758938522519 0.00000000000000000000
0.9400000000 0.40656195345347617698 0.00000000000000000000
0.9500000000 0.39918648923366534254 0.00000000000000000000
0.9600000000 0.39202938252086461102 0.00000000000000000000
0.9700000000 0.38508324031384005837 0.00000000000000000000
0.9800000000 0.37834093862529777352 0.00000000000000000000
0.9900000000 0.37179561245471570707 0.00000000000000000000
1.0000000000 0.36544064611890342276 0.00000000000000000000
1.0100000000 0.35926966392755971258 0.00000000000000000000
1.0200000000 0.35327652119850477819 0.00000000000000000000
1.0300000000 0.34745529559775911732 0.00000000000000000000
1.0400000000 0.34180027879743862806 0.00000000000000000000
1.0500000000 0.33630596844020382852 0.00000000000000000000
1.0600000000 0.33096706040151829820 0.00000000000000000000
1.0700000000 0.32577844133900901724 0.00000000000000000000
1.0800000000 0.32073518152005958681 0.00000000000000000000
1.0900000000 0.31583252791820037864 0.00000000000000000000
1.1000000000 0.31106589756896674270 0.00000000000000000000
1.1100000000 0.30643087117655815055 0.00000000000000000000
1.1200000000 0.30192318696221420726 0.00000000000000000000
1.1300000000 0.29753873474608016902 0.00000000000000000000
1.1400000000 0.29327355025404994171 0.00000000000000000000
1.1500000000 0.28912380964158734820 0.00000000000000000000
1.1600000000 0.28508582422664752176 0.00000000000000000000
1.1700000000 0.28115603542400324777 0.00000000000000000000
1.1800000000 0.27733100987363284995 0.00000000000000000000
1.1900000000 0.27360743475596516205 0.00000000000000000000
1.2000000000 0.26998211328696242184 0.00000000000000000000
1.2100000000 0.26645196038637070091 0.00000000000000000000
1.2200000000 0.26301399851261414442 0.00000000000000000000
1.2300000000 0.25966535365792736689 0.00000000000000000000
1.2400000000 0.25640325149780629488 0.00000000000000000000
1.2500000000 0.25322501368868777227 0.00000000000000000000
1.2600000000 0.25012805430837731224 0.00000000000000000000
1.2700000000 0.24710987643359691446 0.00000000000000000000
1.2800000000 0.24416806884942141020 0.00000000000000000000
1.2900000000 0.24130030288552334339 0.00000000000000000000
1.3000000000 0.23850432937430435243 0.00000000000000000000
1.3100000000 0.23577797572611819410 0.00000000000000000000
1.3200000000 0.23311914311714576620 0.00000000000000000000
1.3300000000 0.23052580378542952833 0.00000000000000000000
1.3400000000 0.22799599843089249362 0.00000000000000000000
1.3500000000 0.22552783371525800260 0.00000000000000000000
1.3600000000 0.22311947985798380456 0.00000000000000000000
1.3700000000 0.22076916832440038330 0.00000000000000000000
1.3800000000 0.21847518960249481812 0.00000000000000000000
1.3900000000 0.21623589106480470279 0.00000000000000000000
1.4000000000 0.21404967491212614772 0.00000000000000000000
1.4100000000 0.21191499619577155999 0.00000000000000000000
1.4200000000 0.20983036091532181189 0.00000000000000000000
1.4300000000 0.20779432418890769751 0.00000000000000000000
1.4400000000 0.20580548849312524373 0.00000000000000000000
1.4500000000 0.20386250196988831007 0.00000000000000000000
1.4600000000 0.20196405679756382345 0.00000000000000000000
1.4700000000 0.20010888762386419559 0.00000000000000000000
1.4800000000 0.19829577005806159340 0.00000000000000000000
1.4900000000 0.19652351922020130925 0.00000000000000000000
1.5000000000 0.19479098834506525240 0.00000000000000000000
1.5100000000 0.19309706743874666124 0.00000000000000000000
1.5200000000 0.19144068198574712425 0.00000000000000000000
1.5300000000 0.18982079170462945461 0.00000000000000000000
1.5400000000 0.18823638935032635522 0.00000000000000000000
1.5500000000 0.18668649956126376344 0.00000000000000000000
1.5600000000 0.18517017774954944165 0.00000000000000000000
1.5700000000 0.18368650903254049589 0.00000000000000000000
1.5800000000 0.18223460720417350434 0.00000000000000000000
1.5900000000 0.18081361374450860557 0.00000000000000000000
1.6000000000 0.17942269686598344425 0.00000000000000000000
1.6100000000 0.17806105059496413201 0.00000000000000000000
1.6200000000 0.17672789388720772097 0.00000000000000000000
1.6300000000 0.17542246977591796631 0.00000000000000000000
1.6400000000 0.17414404455114487758 0.00000000000000000000
1.6500000000 0.17289190696927456137 0.00000000000000000000
1.6600000000 0.17166536749149582941 0.00000000000000000000
1.6700000000 0.17046375755008336128 0.00000000000000000000
1.6800000000 0.16928642884143857428 0.00000000000000000000
1.6900000000 0.16813275264485513794 0.00000000000000000000
1.7000000000 0.16700211916601381823 0.00000000000000000000
1.7100000000 0.16589393690427020611 0.00000000000000000000
1.7200000000 0.16480763204280213241 0.00000000000000000000
1.7300000000 0.16374264786075337641 0.00000000000000000000
1.7400000000 0.16269844416653317376 0.00000000000000000000
1.7500000000 0.16167449675145811883 0.00000000000000000000
1.7600000000 0.16067029686295999924 0.00000000000000000000
1.7700000000 0.15968535069661668468 0.00000000000000000000
1.7800000000 0.15871917890630110604 0.00000000000000000000
1.7900000000 0.15777131613173830949 0.00000000000000000000
1.8000000000 0.15684131054283476092 0.00000000000000000000
1.8100000000 0.15592872340013044785 0.00000000000000000000
1.8200000000 0.15503312863077828299 0.00000000000000000000
1.8300000000 0.15415411241944657061 0.00000000000000000000
1.8400000000 0.15329127281361173973 0.00000000000000000000
1.8500000000 0.15244421934267687879 0.00000000000000000000
1.8600000000 0.15161257265040811726 0.00000000000000000000
1.8700000000 0.15079596414019758033 0.00000000000000000000
1.8800000000 0.14999403563266097694 0.00000000000000000000
1.8900000000 0.14920643903512514905 0.00000000000000000000
1.9000000000 0.14843283602254764286 0.00000000000000000000
1.9100000000 0.14767289772947084225 0.00000000000000000000
1.9200000000 0.14692630445256421590 0.00000000000000000000
1.9300000000 0.14619274536340726156 0.00000000000000000000
1.9400000000 0.14547191823109734132 0.00000000000000000000
1.9500000000 0.14476352915434967383 0.00000000000000000000
1.9600000000 0.14406729230272777298 0.00000000000000000000
1.9700000000 0.14338292966666713046 0.00000000000000000000
1.9800000000 0.14271017081598744158 0.00000000000000000000
1.9900000000 0.14204875266656311061 0.00000000000000000000
2.0000000000 0.14139841925487162122 0.00000000000000000000
2.0100000000 0.14075892152012983716 0.00000000000000000000
2.0200000000 0.14013001709373498760 0.00000000000000000000
2.0300000000 0.13951147009576023161 0.00000000000000000000
2.0400000000 0.13890305093824550919 0.00000000000000000000
2.0500000000 0.13830453613502788346 0.00000000000000000000
2.0600000000 0.13771570811790009858 0.00000000000000000000
2.0700000000 0.13713635505884824717 0.00000000000000000000
2.0800000000 0.13656627069816448805 0.00000000000000000000
2.0900000000 0.13600525417822448282 0.00000000000000000000
2.1000000000 0.13545310988272063479 0.00000000000000000000
2.1100000000 0.13490964728116844329 0.00000000000000000000
2.1200000000 0.13437468077848813142 0.00000000000000000000
2.1300000000 0.13384802956949642949 0.00000000000000000000
2.1400000000 0.13332951749812121944 0.00000000000000000000
2.1500000000 0.13281897292117783582 0.00000000000000000000
2.1600000000 0.13231622857655869763 0.00000000000000000000
2.1700000000 0.13182112145565905159 0.00000000000000000000
2.1800000000 0.13133349267991784037 0.00000000000000000000
2.1900000000 0.13085318738130449767 0.00000000000000000000
2.2000000000 0.13038005458663470826 0.00000000000000000000
2.2100000000 0.12991394710557488401 0.00000000000000000000
2.2200000000 0.12945472142220501577 0.00000000000000000000
2.2300000000 0.12900223759002052426 0.00000000000000000000
2.2400000000 0.12855635913025750816 0.00000000000000000000
2.2500000000 0.12811695293342326152 0.00000000000000000000
2.2600000000 0.12768388916392428567 0.00000000000000000000
2.2700000000 0.12725704116768288277 0.00000000000000000000
2.2800000000 0.12683628538264676844 0.00000000000000000000
2.2900000000 0.12642150125209164480 0.00000000000000000000
2.3000000000 0.12601257114061464870 0.00000000000000000000
2.3100000000 0.12560938025273751806 0.00000000000000000000
2.3200000000 0.12521181655402924271 0.00000000000000000000
2.3300000000 0.12481977069465896579 0.00000000000000000000
2.3400000000 0.12443313593530211381 0.00000000000000000000
2.3500000000 0.12405180807531833442 0.00000000000000000000
2.3600000000 0.12367568538312689874 0.00000000000000000000
2.3700000000 0.12330466852870998473 0.00000000000000000000
2.3800000000 0.12293866051816300378 0.00000000000000000000
2.3900000000 0.12257756663023411381 0.00000000000000000000
2.4000000000 0.12222129435478444603 0.00000000000000000000
2.4100000000 0.12186975333310315350 0.00000000000000000000
2.4200000000 0.12152285530001730174 0.00000000000000000000
2.4300000000 0.12118051402774232539 0.00000000000000000000
2.4400000000 0.12084264527140750611 0.00000000000000000000
2.4500000000 0.12050916671620903742 0.00000000000000000000
2.4600000000 0.12017999792613623389 0.00000000000000000000
2.4700000000 0.11985506029421727492 0.00000000000000000000
2.4800000000 0.11953427699423668784 0.00000000000000000000
2.4900000000 0.11921757293387896803 0.00000000000000000000
2.5000000000 0.11890487470924752944 0.00000000000000000000
2.5100000000 0.11859611056072250079 0.00000000000000000000
2.5200000000 0.11829121033010484010 0.00000000000000000000
2.5300000000 0.11799010541901437665 0.00000000000000000000
2.5400000000 0.11769272874849495691 0.00000000000000000000
2.5500000000 0.11739901471979531655 0.00000000000000000000
2.5600000000 0.11710889917628035384 0.00000000000000000000
2.5700000000 0.11682231936644289771 0.00000000000000000000
2.5800000000 0.11653921390797991609 0.00000000000000000000
2.5900000000 0.11625952275289917759 0.00000000000000000000
2.6000000000 0.11598318715362154752 0.00000000000000000000
2.6100000000 0.11571014963005314680 0.00000000000000000000
2.6200000000 0.11544035393759292940 0.00000000000000000000
2.6300000000 0.11517374503604700664 0.00000000000000000000
2.6400000000 0.11491026905942251790 0.00000000000000000000
2.6500000000 0.11464987328657458288 0.00000000000000000000
2.6600000000 0.11439250611267606783 0.00000000000000000000
2.6700000000 0.11413811702149095906 0.00000000000000000000
2.6800000000 0.11388665655842042379 0.00000000000000000000
2.6900000000 0.11363807630429913209 0.00000000000000000000
2.7000000000 0.11339232884992765660 0.00000000000000000000
2.7100000000 0.11314936777130128742 0.00000000000000000000
2.7200000000 0.11290914760552986373 0.00000000000000000000
2.7300000000 0.11267162382742040849 0.00000000000000000000
2.7400000000 0.11243675282670381743 0.00000000000000000000
2.7500000000 0.11220449188588405010 0.00000000000000000000
2.7600000000 0.11197479915869561207 0.00000000000000000000
2.7700000000 0.11174763364914701291 0.00000000000000000000
2.7800000000 0.11152295519113267219 0.00000000000000000000
2.7900000000 0.11130072442860217130 0.00000000000000000000
2.8000000000 0.11108090279625905394 0.00000000000000000000
2.8100000000 0.11086345250078395719 0.00000000000000000000
2.8200000000 0.11064833650256451769 0.00000000000000000000
2.8300000000 0.11043551849790883557 0.00000000000000000000
2.8400000000 0.11022496290173955380 0.00000000000000000000
2.8500000000 0.11001663483074883287 0.00000000000000000000
2.8600000000 0.10981050008699684561 0.00000000000000000000
2.8700000000 0.10960652514194960117 0.00000000000000000000
2.8800000000 0.10940467712093772390 0.00000000000000000000
2.8900000000 0.10920492378802225397 0.00000000000000000000
2.9000000000 0.10900723353126114124 0.00000000000000000000
2.9100000000 0.10881157534836061185 0.00000000000000000000
2.9200000000 0.10861791883270111025 0.00000000000000000000
2.9300000000 0.10842623415972871270 0.00000000000000000000
2.9400000000 0.10823649207369735736 0.00000000000000000000
2.9500000000 0.10804866387475958733 0.00000000000000000000
2.9600000000 0.10786272140638530903 0.00000000000000000000
2.9700000000 0.10767863704310833006 0.00000000000000000000
2.9800000000 0.10749638367858650734 0.00000000000000000000
2.9900000000 0.10731593471396752570 0.00000000000000000000
3.0000000000 0.10713726404655260493 0.00000000000000000000
3.0100000000 0.10696034605874900347 0.00000000000000000000
3.0200000000 0.10678515560730239553 0.00000000000000000000
3.0300000000 0.10661166801280259897 0.00000000000000000000
3.0400000000 0.10643985904945435506 0.00000000000000000000
3.0500000000 0.10626970493510606852 0.00000000000000000000
3.0600000000 0.10610118232152719597 0.00000000000000000000
3.0700000000 0.10593426828493328340 0.00000000000000000000
3.0800000000 0.10576894031674265173 0.00000000000000000000
3.0900000000 0.10560517631456550758 0.00000000000000000000
3.1000000000 0.10544295457341962274 0.00000000000000000000
3.1100000000 0.10528225377715805244 0.00000000000000000000
3.1200000000 0.10512305299011244497 0.00000000000000000000
3.1300000000 0.10496533164894174261 0.00000000000000000000
3.1400000000 0.10480906955467964026 0.00000000000000000000
3.1500000000 0.10465424686497755424 0.00000000000000000000
3.1600000000 0.10450084408653784185 0.00000000000000000000
3.1700000000 0.10434884206772918058 0.00000000000000000000
3.1800000000 0.10419822199138334406 0.00000000000000000000
3.1900000000 0.10404896536776538085 0.00000000000000000000
3.2000000000 0.10390105402771415699 0.00000000000000000000
3.2100000000 0.10375447011594585156 0.00000000000000000000
3.2200000000 0.10360919608452226481 0.00000000000000000000
3.2300000000 0.10346521468647157382 0.00000000000000000000
3.2400000000 0.10332250896956327035 0.00000000000000000000
3.2500000000 0.10318106227023124410 0.00000000000000000000
3.2600000000 0.10304085820764040393 0.00000000000000000000
3.2700000000 0.10290188067789542148 0.00000000000000000000
3.2800000000 0.10276411384838247953 0.00000000000000000000
3.2900000000 0.10262754215224967336 0.00000000000000000000
3.3000000000 0.10249215028301125741 0.00000000000000000000
3.3100000000 0.10235792318928306488 0.00000000000000000000
3.3200000000 0.10222484606963699871 0.00000000000000000000
3.3300000000 0.10209290436757785525 0.00000000000000000000
3.3400000000 0.10196208376663487560 0.00000000000000000000
3.3500000000 0.10183237018556874631 0.00000000000000000000
3.3600000000 0.10170374977368747127 0.00000000000000000000
3.3700000000 0.10157620890627137855 0.00000000000000000000
3.3800000000 0.10144973418010211352 0.00000000000000000000
3.3900000000 0.10132431240909405001 0.00000000000000000000
3.4000000000 0.10119993062002691220 0.00000000000000000000
3.4100000000 0.10107657604837222420 0.00000000000000000000
3.4200000000 0.10095423613421897202 0.00000000000000000000
3.4300000000 0.10083289851828690364 0.00000000000000000000
3.4400000000 0.10071255103803318509 0.00000000000000000000
3.4500000000 0.10059318172384405787 0.00000000000000000000
3.4600000000 0.10047477879531456491 0.00000000000000000000
3.4700000000 0.10035733065760951699 0.00000000000000000000
3.4800000000 0.10024082589790621334 0.00000000000000000000
3.4900000000 0.10012525328191615448 0.00000000000000000000
3.5000000000 0.10001060175048476220 0.00000000000000000000
3.5100000000 0.09989686041626524848 0.00000000000000000000
3.5200000000 0.09978401856046643925 0.00000000000000000000
3.5300000000 0.09967206562967168004 0.00000000000000000000
3.5400000000 0.09956099123272861562 0.00000000000000000000
3.5500000000 0.09945078513770520823 0.00000000000000000000
3.5600000000 0.09934143726891453419 0.00000000000000000000
3.5700000000 0.09923293770400114233 0.00000000000000000000
3.5800000000 0.09912527667109435892 0.00000000000000000000
3.5900000000 0.09901844454601942125 0.00000000000000000000
3.6000000000 0.09891243184957244916 0.00000000000000000000
3.6100000000 0.09880722924485035863 0.00000000000000000000
3.6200000000 0.09870282753464121317 0.00000000000000000000
3.6300000000 0.09859921765886831002 0.00000000000000000000
3.6400000000 0.09849639069208944442 0.00000000000000000000
3.6500000000 0.09839433784105026948 0.00000000000000000000
3.6600000000 0.09829305044228822674 0.00000000000000000000
3.6700000000 0.09819251995978706127 0.00000000000000000000
3.6800000000 0.09809273798268169919 0.00000000000000000000
3.6900000000 0.09799369622301226657 0.00000000000000000000
3.7000000000 0.09789538651352239218 0.00000000000000000000
3.7100000000 0.09779780080550630472 0.00000000000000000000
3.7200000000 0.09770093116669921474 0.00000000000000000000
3.7300000000 0.09760476977921231367 0.00000000000000000000
3.7400000000 0.09750930893751044715 0.00000000000000000000
3.7500000000 0.09741454104643179623 0.00000000000000000000
3.7600000000 0.09732045861924761010 0.00000000000000000000
3.7700000000 0.09722705427576275317 0.00000000000000000000
3.7800000000 0.09713432074045549869 0.00000000000000000000
3.7900000000 0.09704225084065352946 0.00000000000000000000
3.8000000000 0.09695083750474955964 0.00000000000000000000
3.8100000000 0.09686007376045149830 0.00000000000000000000
3.8200000000 0.09676995273306887579 0.00000000000000000000
3.8300000000 0.09668046764383407543 0.00000000000000000000
3.8400000000 0.09659161180825583115 0.00000000000000000000
3.8500000000 0.09650337863450943188 0.00000000000000000000
3.8600000000 0.09641576162185468146 0.00000000000000000000
3.8700000000 0.09632875435908914985 0.00000000000000000000
3.8800000000 0.09624235052303058147 0.00000000000000000000
3.8900000000 0.09615654387702970984 0.00000000000000000000
3.9000000000 0.09607132826951235438 0.00000000000000000000
3.9100000000 0.09598669763255172904 0.00000000000000000000
3.9200000000 0.09590264598046681355 0.00000000000000000000
3.9300000000 0.09581916740845029812 0.00000000000000000000
3.9400000000 0.09573625609122178581 0.00000000000000000000
3.9500000000 0.09565390628170900023 0.00000000000000000000
3.9600000000 0.09557211230975286298 0.00000000000000000000
3.9700000000 0.09549086858083953577 0.00000000000000000000
3.9800000000 0.09541016957485655425 0.00000000000000000000
3.9900000000 0.09533000984487126350 0.00000000000000000000
4.0000000000 0.09525038401593646786 0.00000000000000000000
4.0100000000 0.09517128678391574559 0.00000000000000000000
4.0200000000 0.09509271291433248063 0.00000000000000000000
4.0300000000 0.09501465724124191770 0.00000000000000000000
4.0400000000 0.09493711466612252126 0.00000000000000000000
4.0500000000 0.09486008015679139871 0.00000000000000000000
4.0600000000 0.09478354874633714011 0.00000000000000000000
4.0700000000 0.09470751553207557016 0.00000000000000000000
4.0800000000 0.09463197567452331926 0.00000000000000000000
4.0900000000 0.09455692439639232227 0.00000000000000000000
4.1000000000 0.09448235698160142859 0.00000000000000000000
4.1100000000 0.09440826877430821829 0.00000000000000000000
4.1200000000 0.09433465517795787403 0.00000000000000000000
4.1300000000 0.09426151165435008028 0.00000000000000000000
4.1400000000 0.09418883372272320031 0.00000000000000000000
4.1500000000 0.09411661695885593926 0.00000000000000000000
4.1600000000 0.09404485699418446698 0.00000000000000000000
4.1700000000 0.09397354951493715192 0.00000000000000000000
4.1800000000 0.09390269026128404695 0.00000000000000000000
4.1900000000 0.09383227502650286211 0.00000000000000000000
4.2000000000 0.09376229965615966166 0.00000000000000000000
4.2100000000 0.09369276004730475726 0.00000000000000000000
4.2200000000 0.09362365214768279820 0.00000000000000000000
4.2300000000 0.09355497195495801610 0.00000000000000000000
4.2400000000 0.09348671551595262585 0.00000000000000000000
4.2500000000 0.09341887892589977038 0.00000000000000000000
4.2600000000 0.09335145832770834484 0.00000000000000000000
4.2700000000 0.09328444991124365537 0.00000000000000000000
4.2800000000 0.09321784991261866660 0.00000000000000000000
4.2900000000 0.09315165461349826648 0.00000000000000000000
4.3000000000 0.09308586034041740898 0.00000000000000000000
4.3100000000 0.09302046346410940136 0.00000000000000000000
4.3200000000 0.09295546039884695910 0.00000000000000000000
4.3300000000 0.09289084760179557032 0.00000000000000000000
4.3400000000 0.09282662157237743517 0.00000000000000000000
4.3500000000 0.09276277885164575798 0.00000000000000000000
4.3600000000 0.09269931602167233442 0.00000000000000000000
4.3700000000 0.09263622970494368725 0.00000000000000000000
4.3800000000 0.09257351656376915094 0.00000000000000000000
4.3900000000 0.09251117329969768543 0.00000000000000000000
4.4000000000 0.09244919665294668021 0.00000000000000000000
4.4100000000 0.09238758340183927942 0.00000000000000000000
4.4200000000 0.09232633036225187939 0.00000000000000000000
4.4300000000 0.09226543438707092426 0.00000000000000000000
4.4400000000 0.09220489236565995728 0.00000000000000000000
4.4500000000 0.09214470122333387470 0.00000000000000000000
4.4600000000 0.09208485792084417088 0.00000000000000000000
4.4700000000 0.09202535945387178840 0.00000000000000000000
4.4800000000 0.09196620285252925242 0.00000000000000000000
4.4900000000 0.09190738518087006315 0.00000000000000000000
4.5000000000 0.09184890353640785821 0.00000000000000000000
4.5100000000 0.09179075504964306909 0.00000000000000000000
4.5200000000 0.09173293688359679399 0.00000000000000000000
4.5300000000 0.09167544623335391329 0.00000000000000000000
4.5400000000 0.09161828032561260271 0.00000000000000000000
4.5500000000 0.09156143641824228407 0.00000000000000000000
4.5600000000 0.09150491179984759915 0.00000000000000000000
4.5700000000 0.09144870378934208399 0.00000000000000000000
4.5800000000 0.09139280973552571519 0.00000000000000000000
4.5900000000 0.09133722701667175425 0.00000000000000000000
4.6000000000 0.09128195304012003131 0.00000000000000000000
4.6100000000 0.09122698524187596025 0.00000000000000000000
4.6200000000 0.09117232108621713127 0.00000000000000000000
4.6300000000 0.09111795806530542663 0.00000000000000000000
4.6400000000 0.09106389369880681095 0.00000000000000000000
4.6500000000 0.09101012553351556233 0.00000000000000000000
4.6600000000 0.09095665114298619180 0.00000000000000000000
4.6700000000 0.09090346812717021996 0.00000000000000000000
4.6800000000 0.09085057411205915701 0.00000000000000000000
4.6900000000 0.09079796674933360290 0.00000000000000000000
4.7000000000 0.09074564371601756552 0.00000000000000000000
4.7100000000 0.09069360271413827446 0.00000000000000000000
4.7200000000 0.09064184147039153205 0.00000000000000000000
4.7300000000 0.09059035773581278206 0.00000000000000000000
4.7400000000 0.09053914928545281349 0.00000000000000000000
4.7500000000 0.09048821391805857151 0.00000000000000000000
4.7600000000 0.09043754945576006066 0.00000000000000000000
4.7700000000 0.09038715374376057876 0.00000000000000000000
4.7800000000 0.09033702465003333459 0.00000000000000000000
4.7900000000 0.09028716006502178482 0.00000000000000000000
4.8000000000 0.09023755790134496690 0.00000000000000000000
4.8100000000 0.09018821609350814728 0.00000000000000000000
4.8200000000 0.09013913259761643926 0.00000000000000000000
4.8300000000 0.09009030539109459668 0.00000000000000000000
4.8400000000 0.09004173247240979117 0.00000000000000000000
4.8500000000 0.08999341186079960753 0.00000000000000000000
4.8600000000 0.08994534159600327261 0.00000000000000000000
4.8700000000 0.08989751973799850471 0.00000000000000000000
4.8800000000 0.08984994436674051399 0.00000000000000000000
4.8900000000 0.08980261358190687326 0.00000000000000000000
4.9000000000 0.08975552550264460916 0.00000000000000000000
4.9100000000 0.08970867826732278894 0.00000000000000000000
4.9200000000 0.08966207003328705016 0.00000000000000000000
4.9300000000 0.08961569897661961215 0.00000000000000000000
4.9400000000 0.08956956329190179922 0.00000000000000000000
4.9500000000 0.08952366119198061634 0.00000000000000000000
4.9600000000 0.08947799090773851660 0.00000000000000000000
4.9700000000 0.08943255068786690187 0.00000000000000000000
4.9800000000 0.08938733879864321774 0.00000000000000000000
4.9900000000 0.08934235352371060201 0.00000000000000000000
5.0000000000 0.08929759316386169654 0.00000000000000000000
