0.1000000000 1.51559993023520789279 0.00000000000000000000
0.1100000000 1.43281029479371180280 0.00000000000000000000
0.1200000000 1.35636516767655534998 0.00000000000000000000
0.1300000000 1.28578328650156592516 0.00000000000000000000
0.1400000000 1.22059006989659590836 0.00000000000000000000
0.1500000000 1.16032718314942839832 0.00000000000000000000
0.1600000000 1.10455941269677726524 0.00000000000000000000
0.1700000000 1.05287916989965601999 0.00000000000000000000
0.1800000000 1.00490902103459567307 0.00000000000000000000
0.1900000000 0.96030265513185764092 0.00000000000000000000
0.2000000000 0.91874467523819514092 0.00000000000000000000
0.2100000000 0.87994954992044482900 0.00000000000000000000
0.2200000000 0.84366000391316142704 0.00000000000000000000
0.2300000000 0.80964506879404929407 0.00000000000000000000
0.2400000000 0.77769796172557326130 0.00000000000000000000
0.2500000000 0.74763391513618326911 0.00000000000000000000
0.2600000000 0.71928804339751273300 0.00000000000000000000
0.2700000000 0.69251330366440100317 0.00000000000000000000
0.2800000000 0.66717858611247127243 0.00000000000000000000
0.2900000000 0.64316695266478873805 0.00000000000000000000
0.3000000000 0.62037403178558492289 0.00000000000000000000
0.3100000000 0.59870656899302765463 0.00000000000000000000
0.3200000000 0.57808112752333784545 0.00000000000000000000
0.3300000000 0.55842293035092560594 0.00000000000000000000
0.3400000000 0.53966483297318201817 0.00000000000000000000
0.3500000000 0.52174641557516476809 0.00000000000000000000
0.3600000000 0.50461318307751512613 0.00000000000000000000
0.3700000000 0.48821586190468496680 0.00000000000000000000
0.3800000000 0.47250978292004436332 0.00000000000000000000
0.3900000000 0.45745434073926671825 0.00000000000000000000
0.4000000000 0.44301252047070766027 0.00000000000000000000
0.4100000000 0.42915048378496178927 0.00000000000000000000
0.4200000000 0.41583720704911386612 0.00000000000000000000
0.4300000000 0.40304416505173346064 0.00000000000000000000
0.4400000000 0.39074505457954283871 0.00000000000000000000
0.4500000000 0.37891555277977573279 0.00000000000000000000
0.4600000000 0.36753310585185011705 0.00000000000000000000
0.4700000000 0.35657674415926621236 0.00000000000000000000
0.4800000000 0.34602692034071902416 0.00000000000000000000
0.4900000000 0.33586536743224515433 0.00000000000000000000
0.5000000000 0.32607497439448118737 0.00000000000000000000
0.5100000000 0.31663967677539944789 0.00000000000000000000
0.5200000000 0.30754436053394634820 0.00000000000000000000
0.5300000000 0.29877477730826884628 0.00000000000000000000
0.5400000000 0.29031746963774918147 0.00000000000000000000
0.5500000000 0.28215970484476349256 0.00000000000000000000
0.5600000000 0.27428941645337956423 0.00000000000000000000
0.5700000000 0.26669515217114181382 0.00000000000000000000
0.5800000000 0.25936602758956445181 0.00000000000000000000
0.5900000000 0.25229168487129738363 0.00000000000000000000
0.6000000000 0.24546225578946717638 0.00000000000000000000
0.6100000000 0.23886832856917042389 0.00000000000000000000
0.6200000000 0.23250091805439687676 0.00000000000000000000
0.6300000000 0.22635143878709793053 0.00000000000000000000
0.6400000000 0.22041168064006136373 0.00000000000000000000
0.6500000000 0.21467378669282083381 0.00000000000000000000
0.6600000000 0.20913023308101563735 0.00000000000000000000
0.6700000000 0.20377381058522048285 0.00000000000000000000
0.6800000000 0.19859760775609117123 0.00000000000000000000
0.6900000000 0.19359499539936431134 0.00000000000000000000
0.7000000000 0.18875961226726145625 0.00000000000000000000
0.7100000000 0.18408535182288041088 0.00000000000000000000
0.7200000000 0.17956634996133769011 0.00000000000000000000
0.7300000000 0.17519697358643393503 0.00000000000000000000
0.7400000000 0.17097180995449137719 0.00000000000000000000
0.7500000000 0.16688565670819183184 0.00000000000000000000
0.7600000000 0.16293351253299320769 0.00000000000000000000
0.7700000000 0.15911056837695716770 0.00000000000000000000
0.7800000000 0.15541219918222576313 0.00000000000000000000
0.7900000000 0.15183395608251387676 0.00000000000000000000
0.8000000000 0.14837155902661111617 0.00000000000000000000
0.8100000000 0.14502088979240188027 0.00000000000000000000
0.8200000000 0.14177798536023647480 0.00000000000000000000
0.8300000000 0.13863903161781945816 0.00000000000000000000
0.8400000000 0.13560035737207579154 0.00000000000000000000
0.8500000000 0.13265842864596105732 0.00000000000000000000
0.8600000000 0.12980984324068137181 0.00000000000000000000
0.8700000000 0.12705132554568265846 0.00000000000000000000
0.8800000000 0.12437972158063172190 0.00000000000000000000
0.8900000000 0.12179199425516644417 0.00000000000000000000
0.9000000000 0.11928521883345703791 0.00000000000000000000
0.9100000000 0.11685657859190812236 0.00000000000000000000
0.9200000000 0.11450336065938845898 0.00000000000000000000
0.9300000000 0.11222295203004410691 0.00000000000000000000
0.9400000000 0.11001283573999040555 0.00000000000000000000
0.9500000000 0.10787058719949005337 0.00000000000000000000
0.9600000000 0.10579387067301269931 0.00000000000000000000
0.9700000000 0.10378043590021726605 0.00000000000000000000
0.9800000000 0.10182811485117385097 0.00000000000000000000
0.9900000000 0.09993481860993602695 0.00000000000000000000
1.0000000000 0.09809853438024471184 0.00000000000000000000
1.0100000000 0.09631732260903101694 0.00000000000000000000
1.0200000000 0.09458931422119966348 0.00000000000000000000
1.0300000000 0.09291270796239199659 0.00000000000000000000
1.0400000000 0.09128576784426072066 0.00000000000000000000
1.0500000000 0.08970682068857452340 0.00000000000000000000
1.0600000000 0.08817425376587151309 0.00000000000000000000
1.0700000000 0.08668651252480419345 0.00000000000000000000
1.0800000000 0.08524209840877026989 0.00000000000000000000
1.0900000000 0.08383956675617744436 0.00000000000000000000
1.1000000000 0.08247752478106197549 0.00000000000000000000
1.1100000000 0.08115462963099509541 0.00000000000000000000
1.1200000000 0.07986958651919276453 0.00000000000000000000
1.1300000000 0.07862114692791988269 0.00000000000000000000
1.1400000000 0.07740810688051640021 0.00000000000000000000
1.1500000000 0.07622930527930014966 0.00000000000000000000
1.1600000000 0.07508362230685330929 0.00000000000000000000
1.1700000000 0.07396997788826432940 0.00000000000000000000
1.1800000000 0.07288733021195348272 0.00000000000000000000
1.1900000000 0.07183467430685044897 0.00000000000000000000
1.2000000000 0.07081104067375665334 0.00000000000000000000
1.2100000000 0.06981549396884627334 0.00000000000000000000
1.2200000000 0.06884713173725649782 0.00000000000000000000
1.2300000000 0.06790508319490183575 0.00000000000000000000
1.2400000000 0.06698850805663303376 0.00000000000000000000
1.2500000000 0.06609659540898650543 0.00000000000000000000
1.2600000000 0.06522856262580847830 0.00000000000000000000
1.2700000000 0.06438365432510831377 0.00000000000000000000
1.2800000000 0.06356114136557547423 0.00000000000000000000
1.2900000000 0.06276031988122711403 0.00000000000000000000
1.3000000000 0.06198051035273333120 0.00000000000000000000
1.3100000000 0.06122105671400605853 0.00000000000000000000
1.3200000000 0.06048132549270978514 0.00000000000000000000
1.3300000000 0.05976070498337656550 0.00000000000000000000
1.3400000000 0.05905860445189425878 0.00000000000000000000
1.3500000000 0.05837445337013314611 0.00000000000000000000
1.3600000000 0.05770770067959044708 0.00000000000000000000
1.3700000000 0.05705781408290003243 0.00000000000000000000
1.3800000000 0.05642427936216319606 0.00000000000000000000
1.3900000000 0.05580659972304684302 0.00000000000000000000
1.4000000000 0.05520429516368204059 0.00000000000000000000
1.4100000000 0.05461690186737842845 0.00000000000000000000
1.4200000000 0.05404397161826354767 0.00000000000000000000
1.4300000000 0.05348507123895058363 0.00000000000000000000
1.4400000000 0.05293978204938835225 0.00000000000000000000
1.4500000000 0.05240769934607597547 0.00000000000000000000
1.4600000000 0.05188843190086477042 0.00000000000000000000
1.4700000000 0.05138160147858088223 0.00000000000000000000
1.4800000000 0.05088684237275573063 0.00000000000000000000
1.4900000000 0.05040380095875578170 0.00000000000000000000
1.5000000000 0.04993213526365421900 0.00000000000000000000
1.5100000000 0.04947151455218216226 0.00000000000000000000
1.5200000000 0.04902161892815966315 0.00000000000000000000
1.5300000000 0.04858213895079563360 0.00000000000000000000
1.5400000000 0.04815277526528981278 0.00000000000000000000
1.5500000000 0.04773323824719349212 0.00000000000000000000
1.5600000000 0.04732324765998499605 0.00000000000000000000
1.5700000000 0.04692253232536394703 0.00000000000000000000
1.5800000000 0.04653082980577694788 0.00000000000000000000
1.5900000000 0.04614788609869110991 0.00000000000000000000
1.6000000000 0.04577345534218137113 0.00000000000000000000
1.6100000000 0.04540729953138745306 0.00000000000000000000
1.6200000000 0.04504918824542576694 0.00000000000000000000
1.6300000000 0.04469889838435960050 0.00000000000000000000
1.6400000000 0.04435621391583950690 0.00000000000000000000
1.6500000000 0.04402092563104022249 0.00000000000000000000
1.6600000000 0.04369283090954981241 0.00000000000000000000
1.6700000000 0.04337173349285871476 0.00000000000000000000
1.6800000000 0.04305744326612737788 0.00000000000000000000
1.6900000000 0.04274977604791222602 0.00000000000000000000
1.7000000000 0.04244855338755158802 0.00000000000000000000
1.7100000000 0.04215360236991529119 0.00000000000000000000
1.7200000000 0.04186475542724725496 0.00000000000000000000
1.7300000000 0.04158185015781729749 0.00000000000000000000
1.7400000000 0.04130472915113780202 0.00000000000000000000
1.7500000000 0.04103323981949314608 0.00000000000000000000
1.7600000000 0.04076723423553563208 0.00000000000000000000
1.7700000000 0.04050656897572893489 0.00000000000000000000
1.7800000000 0.04025110496941306654 0.00000000000000000000
1.7900000000 0.04000070735328098426 0.00000000000000000000
1.8000000000 0.03975524533105937591 0.00000000000000000000
1.8100000000 0.03951459203820488486 0.00000000000000000000
1.8200000000 0.03927862441142121463 0.00000000000000000000
1.8300000000 0.03904722306281997041 0.00000000000000000000
1.8400000000 0.03882027215854939872 0.00000000000000000000
1.8500000000 0.03859765930172540799 0.00000000000000000000
1.8600000000 0.03837927541950523352 0.00000000000000000000
1.8700000000 0.03816501465414479793 0.00000000000000000000
1.8800000000 0.03795477425789838682 0.00000000000000000000
1.8900000000 0.03774845449161146754 0.00000000000000000000
1.9000000000 0.03754595852687309804 0.00000000000000000000
1.9100000000 0.03734719235159588563 0.00000000000000000000
1.9200000000 0.03715206467889487635 0.00000000000000000000
1.9300000000 0.03696048685914655324 0.00000000000000000000
1.9400000000 0.03677237279510677664 0.00000000000000000000
1.9500000000 0.03658763885997798337 0.00000000000000000000
1.9600000000 0.03640620381831802949 0.00000000000000000000
1.9700000000 0.03622798874968127802 0.00000000000000000000
1.9800000000 0.03605291697489890201 0.00000000000000000000
1.9900000000 0.03588091398489585970 0.00000000000000000000
2.0000000000 0.03571190737195560627 0.00000000000000000000
2.0100000000 0.03554582676334253066 0.00000000000000000000
2.0200000000 0.03538260375719280704 0.00000000000000000000
2.0300000000 0.03522217186059919958 0.00000000000000000000
2.0400000000 0.03506446642980138445 0.00000000000000000000
2.0500000000 0.03490942461241074851 0.00000000000000000000
2.0600000000 0.03475698529159682720 0.00000000000000000000
2.0700000000 0.03460708903215926890 0.00000000000000000000
2.0800000000 0.03445967802842424960 0.00000000000000000000
2.0900000000 0.03431469605389445010 0.00000000000000000000
2.1000000000 0.03417208841259304630 0.00000000000000000000
2.1100000000 0.03403180189203765249 0.00000000000000000000
2.1200000000 0.03389378471779182916 0.00000000000000000000
2.1300000000 0.03375798650952918645 0.00000000000000000000
2.1400000000 0.03362435823856525091 0.00000000000000000000
2.1500000000 0.03349285218679885073 0.00000000000000000000
2.1600000000 0.03336342190701493959 0.00000000000000000000
2.1700000000 0.03323602218450111279 0.00000000000000000000
2.1800000000 0.03311060899993130413 0.00000000000000000000
2.1900000000 0.03298713949347053392 0.00000000000000000000
2.2000000000 0.03286557193006003214 0.00000000000000000000
2.2100000000 0.03274586566583907732 0.00000000000000000000
2.2200000000 0.03262798111566555387 0.00000000000000000000
2.2300000000 0.03251187972169461426 0.00000000000000000000
2.2400000000 0.03239752392298138328 0.00000000000000000000
2.2500000000 0.03228487712606888799 0.00000000000000000000
2.2600000000 0.03217390367652973177 0.00000000000000000000
2.2700000000 0.03206456883142553421 0.00000000000000000000
2.2800000000 0.03195683873265572905 0.00000000000000000000
2.2900000000 0.03185068038116183053 0.00000000000000000000
2.3000000000 0.03174606161195916293 0.00000000000000000000
2.3100000000 0.03164295106996824897 0.00000000000000000000
2.3200000000 0.03154131818661589509 0.00000000000000000000
2.3300000000 0.03144113315718233964 0.00000000000000000000
2.3400000000 0.03134236691886836679 0.00000000000000000000
2.3500000000 0.03124499112955460289 0.00000000000000000000
2.3600000000 0.03114897814723497152 0.00000000000000000000
2.3700000000 0.03105430101009645089 0.00000000000000000000
2.3800000000 0.03096093341722552447 0.00000000000000000000
2.3900000000 0.03086884970992074748 0.00000000000000000000
2.4000000000 0.03077802485358753504 0.00000000000000000000
2.4100000000 0.03068843442020106893 0.00000000000000000000
2.4200000000 0.03060005457131155862 0.00000000000000000000
2.4300000000 0.03051286204158038320 0.00000000000000000000
2.4400000000 0.03042683412282354283 0.00000000000000000000
2.4500000000 0.03034194864854920098 0.00000000000000000000
2.4600000000 0.03025818397897113085 0.00000000000000000000
2.4700000000 0.03017551898648315398 0.00000000000000000000
2.4800000000 0.03009393304157788676 0.00000000000000000000
2.4900000000 0.03001340599919724919 0.00000000000000000000
2.5000000000 0.02993391818549728106 0.00000000000000000000
2.5100000000 0.02985545038501738815 0.00000000000000000000
2.5200000000 0.02977798382823780565 0.00000000000000000000
2.5300000000 0.02970150017951291369 0.00000000000000000000
2.5400000000 0.02962598152537013543 0.00000000000000000000
2.5500000000 0.02955141036315946101 0.00000000000000000000
2.5600000000 0.02947776959004469108 0.00000000000000000000
2.5700000000 0.02940504249232343825 0.00000000000000000000
2.5800000000 0.02933321273506641486 0.00000000000000000000
2.5900000000 0.02926226435206569221 0.00000000000000000000
2.6000000000 0.02919218173607996195 0.00000000000000000000
2.6100000000 0.02912294962937065149 0.00000000000000000000
2.6200000000 0.02905455311451560566 0.00000000000000000000
2.6300000000 0.02898697760549518235 0.00000000000000000000
2.6400000000 0.02892020883903900427 0.00000000000000000000
2.6500000000 0.02885423286622667421 0.00000000000000000000
2.6600000000 0.02878903604433375590 0.00000000000000000000
2.6700000000 0.02872460502891573814 0.00000000000000000000
2.6800000000 0.02866092676612213772 0.00000000000000000000
2.6900000000 0.02859798848523212311 0.00000000000000000000
2.7000000000 0.02853577769140767245 0.00000000000000000000
2.7100000000 0.02847428215865396850 0.00000000000000000000
2.7200000000 0.02841348992298404347 0.00000000000000000000
2.7300000000 0.02835338927577717508 0.00000000000000000000
2.7400000000 0.02829396875732887937 0.00000000000000000000
2.7500000000 0.02823521715058372253 0.00000000000000000000
2.7600000000 0.02817712347504684051 0.00000000000000000000
2.7700000000 0.02811967698086834458 0.00000000000000000000
2.7800000000 0.02806286714309394817 0.00000000000000000000
2.7900000000 0.02800668365607878602 0.00000000000000000000
2.8000000000 0.02795111642805734459 0.00000000000000000000
2.8100000000 0.02789615557586672817 0.00000000000000000000
2.8200000000 0.02784179141981618644 0.00000000000000000000
2.8300000000 0.02778801447870051650 0.00000000000000000000
2.8400000000 0.02773481546495216651 0.00000000000000000000
2.8500000000 0.02768218527992691649 0.00000000000000000000
2.8600000000 0.02763011500932058967 0.00000000000000000000
2.8700000000 0.02757859591871228422 0.00000000000000000000
2.8800000000 0.02752761944922878234 0.00000000000000000000
2.8900000000 0.02747717721332990776 0.00000000000000000000
2.9000000000 0.02742726099070689344 0.00000000000000000000
2.9100000000 0.02737786272429414136 0.00000000000000000000
2.9200000000 0.02732897451638836156 0.00000000000000000000
2.9300000000 0.02728058862487365427 0.00000000000000000000
2.9400000000 0.02723269745954767090 0.00000000000000000000
2.9500000000 0.02718529357854772635 0.00000000000000000000
2.9600000000 0.02713836968487208165 0.00000000000000000000
2.9700000000 0.02709191862299516196 0.00000000000000000000
2.9800000000 0.02704593337557239033 0.00000000000000000000
2.9900000000 0.02700040706023335013 0.00000000000000000000
3.0000000000 0.02695533292646003914 0.00000000000000000000
3.0100000000 0.02691070435254764442 0.00000000000000000000
3.0200000000 0.02686651484264511100 0.00000000000000000000
3.0300000000 0.02682275802387491456 0.00000000000000000000
3.0400000000 0.02677942764352694155 0.00000000000000000000
3.0500000000 0.02673651756632646620 0.00000000000000000000
3.0600000000 0.02669402177177375088 0.00000000000000000000
3.0700000000 0.02665193435155224430 0.00000000000000000000
3.0800000000 0.02661024950700436806 0.00000000000000000000
3.0900000000 0.02656896154667239343 0.00000000000000000000
3.1000000000 0.02652806488390291664 0.00000000000000000000
3.1100000000 0.02648755403451292720 0.00000000000000000000
3.1200000000 0.02644742361451541887 0.00000000000000000000
3.1300000000 0.02640766833790349558 0.00000000000000000000
3.1400000000 0.02636828301449053655 0.00000000000000000000
3.1500000000 0.02632926254780613290 0.00000000000000000000
3.1600000000 0.02629060193304369811 0.00000000000000000000
3.1700000000 0.02625229625506179595 0.00000000000000000000
3.1800000000 0.02621434068643451604 0.00000000000000000000
3.1900000000 0.02617673048555115706 0.00000000000000000000
3.2000000000 0.02613946099476390644 0.00000000000000000000
3.2100000000 0.02610252763858067829 0.00000000000000000000
3.2200000000 0.02606592592190436902 0.00000000000000000000
3.2300000000 0.02602965142831444034 0.00000000000000000000
3.2400000000 0.02599369981839204369 0.00000000000000000000
3.2500000000 0.02595806682808574073 0.00000000000000000000
3.2600000000 0.02592274826711793434 0.00000000000000000000
3.2700000000 0.02588774001742964390 0.00000000000000000000
3.2800000000 0.02585303803166439165 0.00000000000000000000
3.2900000000 0.02581863833168798056 0.00000000000000000000
3.3000000000 0.02578453700714464919 0.00000000000000000000
3.3100000000 0.02575073021404849713 0.00000000000000000000
3.3200000000 0.02571721417340835578 0.00000000000000000000
3.3300000000 0.02568398516988606994 0.00000000000000000000
3.3400000000 0.02565103955048729165 0.00000000000000000000
3.3500000000 0.02561837372328246848 0.00000000000000000000
3.3600000000 0.02558598415616033378 0.00000000000000000000
3.3700000000 0.02555386737560858337 0.00000000000000000000
3.3800000000 0.02552201996552577734 0.00000000000000000000
3.3900000000 0.02549043856605976571 0.00000000000000000000
3.4000000000 0.02545911987247396688 0.00000000000000000000
3.4100000000 0.02542806063404083605 0.00000000000000000000
3.4200000000 0.02539725765296019580 0.00000000000000000000
3.4300000000 0.02536670778330369497 0.00000000000000000000
3.4400000000 0.02533640792998367863 0.00000000000000000000
3.4500000000 0.02530635504774549419 0.00000000000000000000
3.4600000000 0.02527654614018394474 0.00000000000000000000
3.4700000000 0.02524697825878160010 0.00000000000000000000
3.4800000000 0.02521764850197003721 0.00000000000000000000
3.4900000000 0.02518855401421165111 0.00000000000000000000
3.5000000000 0.02515969198510386792 0.00000000000000000000
3.5100000000 0.02513105964850183630 0.00000000000000000000
3.5200000000 0.02510265428166310805 0.00000000000000000000
3.5300000000 0.02507447320441037741 0.00000000000000000000
3.5400000000 0.02504651377831309395 0.00000000000000000000
3.5500000000 0.02501877340588876814 0.00000000000000000000
3.5600000000 0.02499124952982068049 0.00000000000000000000
3.5700000000 0.02496393963219390583 0.00000000000000000000
3.5800000000 0.02493684123374847669 0.00000000000000000000
3.5900000000 0.02490995189314878025 0.00000000000000000000
3.6000000000 0.02488326920626919223 0.00000000000000000000
3.6100000000 0.02485679080549619419 0.00000000000000000000
3.6200000000 0.02483051435904444146 0.00000000000000000000
3.6300000000 0.02480443757028959195 0.00000000000000000000
3.6400000000 0.02477855817711446806 0.00000000000000000000
3.6500000000 0.02475287395127007475 0.00000000000000000000
3.6600000000 0.02472738269775031847 0.00000000000000000000
3.6700000000 0.02470208225418059345 0.00000000000000000000
3.6800000000 0.02467697049021912864 0.00000000000000000000
3.6900000000 0.02465204530697181692 0.00000000000000000000
3.7000000000 0.02462730463641926021 0.00000000000000000000
3.7100000000 0.02460274644085594722 0.00000000000000000000
3.7200000000 0.02457836871234222662 0.00000000000000000000
3.7300000000 0.02455416947216692083 0.00000000000000000000
3.7400000000 0.02453014677032209698 0.00000000000000000000
3.7500000000 0.02450629868498873168 0.00000000000000000000
3.7600000000 0.02448262332203313477 0.00000000000000000000
3.7700000000 0.02445911881451432596 0.00000000000000000000
3.7800000000 0.02443578332220130295 0.00000000000000000000
3.7900000000 0.02441261503110084274 0.00000000000000000000
3.8000000000 0.02438961215299485091 0.00000000000000000000
3.8100000000 0.02436677292498749814 0.00000000000000000000
3.8200000000 0.02434409560906164102 0.00000000000000000000
3.8300000000 0.02432157849164466243 0.00000000000000000000
3.8400000000 0.02429921988318320403 0.00000000000000000000
3.8500000000 0.02427701811772590285 0.00000000000000000000
3.8600000000 0.02425497155251619616 0.00000000000000000000
3.8700000000 0.02423307856759207221 0.00000000000000000000
3.8800000000 0.02421133756539455700 0.00000000000000000000
3.8900000000 0.02418974697038409061 0.00000000000000000000
3.9000000000 0.02416830522866490402 0.00000000000000000000
3.9100000000 0.02414701080761639043 0.00000000000000000000
3.9200000000 0.02412586219553257416 0.00000000000000000000
3.9300000000 0.02410485790126833811 0.00000000000000000000
3.9400000000 0.02408399645389293353 0.00000000000000000000
3.9500000000 0.02406327640235058490 0.00000000000000000000
3.9600000000 0.02404269631512727379 0.00000000000000000000
3.9700000000 0.02402225477992491268 0.00000000000000000000
3.9800000000 0.02400195040334117749 0.00000000000000000000
3.9900000000 0.02398178181055643163 0.00000000000000000000
4.0000000000 0.02396174764502611784 0.00000000000000000000
4.0100000000 0.02394184656817957210 0.00000000000000000000
4.0200000000 0.02392207725912478752 0.00000000000000000000
4.0300000000 0.02390243841435842412 0.00000000000000000000
4.0400000000 0.02388292874748224742 0.00000000000000000000
4.0500000000 0.02386354698892429599 0.00000000000000000000
4.0600000000 0.02384429188566599550 0.00000000000000000000
4.0700000000 0.02382516220097419257 0.00000000000000000000
4.0800000000 0.02380615671413837883 0.00000000000000000000
4.0900000000 0.02378727422021314694 0.00000000000000000000
4.1000000000 0.02376851352976560097 0.00000000000000000000
4.1100000000 0.02374987346862689544 0.00000000000000000000
4.1200000000 0.02373135287764960646 0.00000000000000000000
4.1300000000 0.02371295061246860014 0.00000000000000000000
4.1400000000 0.02369466554326740346 0.00000000000000000000
4.1500000000 0.02367649655454800300 0.00000000000000000000
4.1600000000 0.02365844254490588605 0.00000000000000000000
4.1700000000 0.02364050242680848860 0.00000000000000000000
4.1800000000 0.02362267512637832717 0.00000000000000000000
4.1900000000 0.02360495958318003032 0.00000000000000000000
4.2000000000 0.02358735475001106155 0.00000000000000000000
4.2100000000 0.02356985959269696645 0.00000000000000000000
4.2200000000 0.02355247308988925314 0.00000000000000000000
4.2300000000 0.02353519423286844908 0.00000000000000000000
4.2400000000 0.02351802202534944430 0.00000000000000000000
4.2500000000 0.02350095548329127898 0.00000000000000000000
4.2600000000 0.02348399363470988002 0.00000000000000000000
4.2700000000 0.02346713551949480836 0.00000000000000000000
4.2800000000 0.02345038018922828219 0.00000000000000000000
4.2900000000 0.02343372670700871047 0.00000000000000000000
4.3000000000 0.02341717414727662386 0.00000000000000000000
4.3100000000 0.02340072159564379403 0.00000000000000000000
4.3200000000 0.02338436814872560388 0.00000000000000000000
4.3300000000 0.02336811291397661305 0.00000000000000000000
4.3400000000 0.02335195500952850362 0.00000000000000000000
4.3500000000 0.02333589356403141177 0.00000000000000000000
4.3600000000 0.02331992771649769522 0.00000000000000000000
4.3700000000 0.02330405661614884383 0.00000000000000000000
4.3800000000 0.02328827942226460029 0.00000000000000000000
4.3900000000 0.02327259530403546703 0.00000000000000000000
4.4000000000 0.02325700344041675000 0.00000000000000000000
4.4100000000 0.02324150301998639118 0.00000000000000000000
4.4200000000 0.02322609324080413332 0.00000000000000000000
4.4300000000 0.02321077331027396329 0.00000000000000000000
4.4400000000 0.02319554244500840814 0.00000000000000000000
4.4500000000 0.02318039987069558591 0.00000000000000000000
4.4600000000 0.02316534482196824438 0.00000000000000000000
4.4700000000 0.02315037654227502031 0.00000000000000000000
4.4800000000 0.02313549428375445000 0.00000000000000000000
4.4900000000 0.02312069730711033624 0.00000000000000000000
4.5000000000 0.02310598488148978003 0.00000000000000000000
4.5100000000 0.02309135628436313065 0.00000000000000000000
4.5200000000 0.02307681080140613558 0.00000000000000000000
4.5300000000 0.02306234772638370706 0.00000000000000000000
4.5400000000 0.02304796636103596114 0.00000000000000000000
4.5500000000 0.02303366601496612334 0.00000000000000000000
4.5600000000 0.02301944600553027312 0.00000000000000000000
4.5700000000 0.02300530565772897565 0.00000000000000000000
4.5800000000 0.02299124430410050268 0.00000000000000000000
4.5900000000 0.02297726128461632933 0.00000000000000000000
4.6000000000 0.02296335594657777576 0.00000000000000000000
4.6100000000 0.02294952764451477917 0.00000000000000000000
4.6200000000 0.02293577574008614367 0.00000000000000000000
4.6300000000 0.02292209960198157703 0.00000000000000000000
4.6400000000 0.02290849860582499370 0.00000000000000000000
4.6500000000 0.02289497213408012155 0.00000000000000000000
4.6600000000 0.02288151957595663255 0.00000000000000000000
4.6700000000 0.02286814032731871935 0.00000000000000000000
4.6800000000 0.02285483379059474393 0.00000000000000000000
4.6900000000 0.02284159937468823939 0.00000000000000000000
4.7000000000 0.02282843649489058394 0.00000000000000000000
4.7100000000 0.02281534457279525696 0.00000000000000000000
4.7200000000 0.02280232303621269191 0.00000000000000000000
4.7300000000 0.02278937131908765484 0.00000000000000000000
4.7400000000 0.02277648886141669590 0.00000000000000000000
4.7500000000 0.02276367510916811263 0.00000000000000000000
4.7600000000 0.02275092951420222206 0.00000000000000000000
4.7700000000 0.02273825153419341619 0.00000000000000000000
4.7800000000 0.02272564063255342118 0.00000000000000000000
4.7900000000 0.02271309627835547268 0.00000000000000000000
4.8000000000 0.02270061794626009044 0.00000000000000000000
4.8100000000 0.02268820511644169605 0.00000000000000000000
4.8200000000 0.02267585727451659067 0.00000000000000000000
4.8300000000 0.02266357391147171343 0.00000000000000000000
4.8400000000 0.02265135452359523863 0.00000000000000000000
4.8500000000 0.02263919861240731857 0.00000000000000000000
4.8600000000 0.02262710568459262717 0.00000000000000000000
4.8700000000 0.02261507525193346899 0.00000000000000000000
4.8800000000 0.02260310683124447731 0.00000000000000000000
4.8900000000 0.02259119994430765915 0.00000000000000000000
4.9000000000 0.02257935411780885929 0.00000000000000000000
4.9100000000 0.02256756888327497712 0.00000000000000000000
4.9200000000 0.02255584377701266158 0.00000000000000000000
4.9300000000 0.02254417834004686372 0.00000000000000000000
4.9400000000 0.02253257211806171043 0.00000000000000000000
4.9500000000 0.02252102466134108666 0.00000000000000000000
4.9600000000 0.02250953552471065752 0.00000000000000000000
4.9700000000 0.02249810426748086525 0.00000000000000000000
4.9800000000 0.02248673045339046397 0.00000000000000000000
4.9900000000 0.02247541365055119936 0.00000000000000000000
5.0000000000 0.02246415343139296361 0.00000000000000000000
