0.1000000000 3.66241007357091064023 0.00000000000000000000
0.1100000000 3.55994471329516581903 0.00000000000000000000
0.1200000000 3.45955987143814835960 0.00000000000000000000
0.1300000000 3.36129686788328019276 0.00000000000000000000
0.1400000000 3.26518985499648284332 0.00000000000000000000
0.1500000000 3.17126591666684332083 0.00000000000000000000
0.1600000000 3.07954523835578841684 0.00000000000000000000
0.1700000000 2.99004133980096620249 0.00000000000000000000
0.1800000000 2.90276136121909189569 0.00000000000000000000
0.1900000000 2.81770639345226570072 0.00000000000000000000
0.2000000000 2.73487184247355141764 0.00000000000000000000
0.2100000000 2.65424781896167161221 0.00000000000000000000
0.2200000000 2.57581954421324699211 0.00000000000000000000
0.2300000000 2.49956776441979755532 0.00000000000000000000
0.2400000000 2.42546916623234043442 0.00000000000000000000
0.2500000000 2.35349678750864432786 0.00000000000000000000
0.2600000000 2.28362041813476723817 0.00000000000000000000
0.2700000000 2.21580698678940635205 0.00000000000000000000
0.2800000000 2.15002093044298892011 0.00000000000000000000
0.2900000000 2.08622454422905656557 0.00000000000000000000
0.3000000000 2.02437831007793045401 0.00000000000000000000
0.3100000000 1.96444120315426062895 0.00000000000000000000
0.3200000000 1.90637097568963320704 0.00000000000000000000
0.3300000000 1.85012441825241213955 0.00000000000000000000
0.3400000000 1.79565759885645492844 0.00000000000000000000
0.3500000000 1.74292608058742071186 0.00000000000000000000
0.3600000000 1.69188511863045620842 0.00000000000000000000
0.3700000000 1.64248983772653822655 0.00000000000000000000
0.3800000000 1.59469539117733494216 0.00000000000000000000
0.3900000000 1.54845710256924085080 0.00000000000000000000
0.4000000000 1.50373059140530984656 0.00000000000000000000
0.4100000000 1.46047188382635662052 0.00000000000000000000
0.4200000000 1.41863750957601464364 0.00000000000000000000
0.4300000000 1.37818458632436446898 0.00000000000000000000
0.4400000000 1.33907089241497123666 0.00000000000000000000
0.4500000000 1.30125492904465667188 0.00000000000000000000
0.4600000000 1.26469597282602852495 0.00000000000000000000
0.4700000000 1.22935411962250307205 0.00000000000000000000
0.4800000000 1.19519032048515283506 0.00000000000000000000
0.4900000000 1.16216641046163160489 0.00000000000000000000
0.5000000000 1.13024513099027479335 0.00000000000000000000
0.5100000000 1.09939014653771272023 0.00000000000000000000
0.5200000000 1.06956605608645105576 0.00000000000000000000
0.5300000000 1.04073840002973438956 0.00000000000000000000
0.5400000000 1.01287366298495729033 0.00000000000000000000
0.5500000000 0.98593927299375216933 0.00000000000000000000
0.5600000000 0.95990359753654108665 0.00000000000000000000
0.5700000000 0.93473593675196975372 0.00000000000000000000
0.5800000000 0.91040651421670826249 0.00000000000000000000
0.5900000000 0.88688646560888473314 0.00000000000000000000
0.6000000000 0.86414782554852664909 0.00000000000000000000
0.6100000000 0.84216351288069746239 0.00000000000000000000
0.6200000000 0.82090731464165411779 0.00000000000000000000
0.6300000000 0.80035386892467363928 0.00000000000000000000
0.6400000000 0.78047864684074452768 0.00000000000000000000
0.6500000000 0.76125793374933470314 0.00000000000000000000
0.6600000000 0.74266880991627959308 0.00000000000000000000
0.6700000000 0.72468913073898688637 0.00000000000000000000
0.6800000000 0.70729750666415325266 0.00000000000000000000
0.6900000000 0.69047328290878295931 0.00000000000000000000
0.7000000000 0.67419651908300659571 0.00000000000000000000
0.7100000000 0.65844796880120903815 0.00000000000000000000
0.7200000000 0.64320905935767824779 0.00000000000000000000
0.7300000000 0.62846187153327670583 0.00000000000000000000
0.7400000000 0.61418911959099231623 0.00000000000000000000
0.7500000000 0.60037413151028540259 0.00000000000000000000
0.7600000000 0.58700082950327248099 0.00000000000000000000
0.7700000000 0.57405371084910084001 0.00000000000000000000
0.7800000000 0.56151782907736680350 0.00000000000000000000
0.7900000000 0.54937877552606739773 0.00000000000000000000
0.8000000000 0.53762266129517677360 0.00000000000000000000
0.8100000000 0.52623609961253925427 0.00000000000000000000
0.8200000000 0.51520618862536737836 0.00000000000000000000
0.8300000000 0.50452049462709114280 0.00000000000000000000
0.8400000000 0.49416703572662590283 0.00000000000000000000
0.8500000000 0.48413426596446829109 0.00000000000000000000
0.8600000000 0.47441105987764947693 0.00000000000000000000
0.8700000000 0.46498669751393911787 0.00000000000000000000
0.8800000000 0.45585084989343543915 0.00000000000000000000
0.8900000000 0.44699356491482611364 0.00000000000000000000
0.9000000000 0.43840525370167704455 0.00000000000000000000
0.9100000000 0.43007667738324295570 0.00000000000000000000
0.9200000000 0.42199893430364765479 0.00000000000000000000
0.9300000000 0.41416344765190737931 0.00000000000000000000
0.9400000000 0.40656195350495538676 0.00000000000000000000
0.9500000000 0.39918648927503314061 0.00000000000000000000
0.9600000000 0.39202938255305197490 0.00000000000000000000
0.9700000000 0.38508324033764784744 0.00000000000000000000
0.9800000000 0.37834093864155016185 0.00000000000000000000
0.9900000000 0.37179561246416187315 0.00000000000000000000
1.0000000000 0.36544064612171744955 0.00000000000000000000
1.0100000000 0.35926966392446219034 0.00000000000000000000
1.0200000000 0.35327652119011349052 0.00000000000000000000
1.0300000000 0.34745529558453991381 0.00000000000000000000
1.0400000000 0.34180027877972879446 0.00000000000000000000
1.0500000000 0.33630596841842441691 0.00000000000000000000
1.0600000000 0.33096706037601841821 0.00000000000000000000
1.0700000000 0.32577844131008742989 0.00000000000000000000
1.0800000000 0.32073518148800167493 0.00000000000000000000
1.0900000000 0.31583252788324805982 0.00000000000000000000
1.1000000000 0.31106589753139629595 0.00000000000000000000
1.1100000000 0.30643087113657907494 0.00000000000000000000
1.1200000000 0.30192318692003478064 0.00000000000000000000
1.1300000000 0.29753873470188962891 0.00000000000000000000
1.1400000000 0.29327355020801021412 0.00000000000000000000
1.1500000000 0.28912380959387368184 0.00000000000000000000
1.1600000000 0.28508582417739386505 0.00000000000000000000
1.1700000000 0.28115603537334554751 0.00000000000000000000
1.1800000000 0.27733100982170616478 0.00000000000000000000
1.1900000000 0.27360743470287268719 0.00000000000000000000
1.2000000000 0.26998211323281673391 0.00000000000000000000
1.2100000000 0.26645196033126888890 0.00000000000000000000
1.2200000000 0.26301399845664302779 0.00000000000000000000
1.2300000000 0.25966535360118586651 0.00000000000000000000
1.2400000000 0.25640325144035841509 0.00000000000000000000
1.2500000000 0.25322501363060712087 0.00000000000000000000
1.2600000000 0.25012805424973494350 0.00000000000000000000
1.2700000000 0.24710987637445133713 0.00000000000000000000
1.2800000000 0.24416806878983168816 0.00000000000000000000
1.2900000000 0.24130030282554476573 0.00000000000000000000
1.3000000000 0.23850432931397888559 0.00000000000000000000
1.3100000000 0.23577797566549762998 0.00000000000000000000
1.3200000000 0.23311914305626951771 0.00000000000000000000
1.3300000000 0.23052580372433559286 0.00000000000000000000
1.3400000000 0.22799599836961700894 0.00000000000000000000
1.3500000000 0.22552783365383577419 0.00000000000000000000
1.3600000000 0.22311947979644530804 0.00000000000000000000
1.3700000000 0.22076916826277287464 0.00000000000000000000
1.3800000000 0.21847518954080352716 0.00000000000000000000
1.3900000000 0.21623589100307794020 0.00000000000000000000
1.4000000000 0.21404967485038395303 0.00000000000000000000
1.4100000000 0.21191499613403361191 0.00000000000000000000
1.4200000000 0.20983036085361103651 0.00000000000000000000
1.4300000000 0.20779432412723927714 0.00000000000000000000
1.4400000000 0.20580548843151569294 0.00000000000000000000
1.4500000000 0.20386250190835419893 0.00000000000000000000
1.4600000000 0.20196405673611866893 0.00000000000000000000
1.4700000000 0.20010888756251801746 0.00000000000000000000
1.4800000000 0.19829576999682882454 0.00000000000000000000
1.4900000000 0.19652351915909177515 0.00000000000000000000
1.5000000000 0.19479098828409116551 0.00000000000000000000
1.5100000000 0.19309706737791576536 0.00000000000000000000
1.5200000000 0.19144068192506671910 0.00000000000000000000
1.5300000000 0.18982079164410822769 0.00000000000000000000
1.5400000000 0.18823638928997035724 0.00000000000000000000
1.5500000000 0.18668649950107799040 0.00000000000000000000
1.5600000000 0.18517017768954210921 0.00000000000000000000
1.5700000000 0.18368650897271598943 0.00000000000000000000
1.5800000000 0.18223460714453665332 0.00000000000000000000
1.5900000000 0.18081361368506251863 0.00000000000000000000
1.6000000000 0.17942269680673389454 0.00000000000000000000
1.6100000000 0.17806105053591270160 0.00000000000000000000
1.6200000000 0.17672789382835837890 0.00000000000000000000
1.6300000000 0.17542246971727309957 0.00000000000000000000
1.6400000000 0.17414404449270542985 0.00000000000000000000
1.6500000000 0.17289190691104358577 0.00000000000000000000
1.6600000000 0.17166536743347496352 0.00000000000000000000
1.6700000000 0.17046375749227377083 0.00000000000000000000
1.6800000000 0.16928642878384211889 0.00000000000000000000
1.6900000000 0.16813275258747081842 0.00000000000000000000
1.7000000000 0.16700211910884410482 0.00000000000000000000
1.7100000000 0.16589393684731496004 0.00000000000000000000
1.7200000000 0.16480763198606154796 0.00000000000000000000
1.7300000000 0.16374264780422714827 0.00000000000000000000
1.7400000000 0.16269844411022282848 0.00000000000000000000
1.7500000000 0.16167449669536188006 0.00000000000000000000
1.7600000000 0.16067029680707756167 0.00000000000000000000
1.7700000000 0.15968535064094785403 0.00000000000000000000
1.7800000000 0.15871917885084660393 0.00000000000000000000
1.7900000000 0.15777131607649555467 0.00000000000000000000
1.8000000000 0.15684131048780358686 0.00000000000000000000
1.8100000000 0.15592872334531074352 0.00000000000000000000
1.8200000000 0.15503312857616746712 0.00000000000000000000
1.8300000000 0.15415411236504517056 0.00000000000000000000
1.8400000000 0.15329127275941809017 0.00000000000000000000
1.8500000000 0.15244421928868931437 0.00000000000000000000
1.8600000000 0.15161257259662555552 0.00000000000000000000
1.8700000000 0.15079596408661885554 0.00000000000000000000
1.8800000000 0.14999403557928495112 0.00000000000000000000
1.8900000000 0.14920643898194965726 0.00000000000000000000
1.9000000000 0.14843283596957190795 0.00000000000000000000
1.9100000000 0.14767289767669308787 0.00000000000000000000
1.9200000000 0.14692630439998374814 0.00000000000000000000
1.9300000000 0.14619274531102166570 0.00000000000000000000
1.9400000000 0.14547191817890472998 0.00000000000000000000
1.9500000000 0.14476352910234874249 0.00000000000000000000
1.9600000000 0.14406729225091688407 0.00000000000000000000
1.9700000000 0.14338292961504486844 0.00000000000000000000
1.9800000000 0.14271017076455239092 0.00000000000000000000
1.9900000000 0.14204875261531310637 0.00000000000000000000
2.0000000000 0.14139841920380571971 0.00000000000000000000
2.0100000000 0.14075892146924517956 0.00000000000000000000
2.0200000000 0.14013001704303054695 0.00000000000000000000
2.0300000000 0.13951147004523442585 0.00000000000000000000
2.0400000000 0.13890305088789589583 0.00000000000000000000
2.0500000000 0.13830453608485404615 0.00000000000000000000
2.0600000000 0.13771570806789970587 0.00000000000000000000
2.0700000000 0.13713635500901941167 0.00000000000000000000
2.0800000000 0.13656627064850487829 0.00000000000000000000
2.0900000000 0.13600525412873348818 0.00000000000000000000
2.1000000000 0.13545310983339606259 0.00000000000000000000
2.1100000000 0.13490964723200846165 0.00000000000000000000
2.1200000000 0.13437468072949126929 0.00000000000000000000
2.1300000000 0.13384802952066152115 0.00000000000000000000
2.1400000000 0.13332951744944548933 0.00000000000000000000
2.1500000000 0.13281897287266059005 0.00000000000000000000
2.1600000000 0.13231622852819788227 0.00000000000000000000
2.1700000000 0.13182112140745311235 0.00000000000000000000
2.1800000000 0.13133349263186488987 0.00000000000000000000
2.1900000000 0.13085318733340284281 0.00000000000000000000
2.2000000000 0.13038005453888293350 0.00000000000000000000
2.2100000000 0.12991394705797149056 0.00000000000000000000
2.2200000000 0.12945472137474847707 0.00000000000000000000
2.2300000000 0.12900223754270886967 0.00000000000000000000
2.2400000000 0.12855635908308982174 0.00000000000000000000
2.2500000000 0.12811695288639746160 0.00000000000000000000
2.2600000000 0.12768388911703898447 0.00000000000000000000
2.2700000000 0.12725704112093644271 0.00000000000000000000
2.2800000000 0.12683628533603810706 0.00000000000000000000
2.2900000000 0.12642150120561879145 0.00000000000000000000
2.3000000000 0.12601257109427635439 0.00000000000000000000
2.3100000000 0.12560938020653245051 0.00000000000000000000
2.3200000000 0.12521181650795562557 0.00000000000000000000
2.3300000000 0.12481977064871552230 0.00000000000000000000
2.3400000000 0.12443313588948773374 0.00000000000000000000
2.3500000000 0.12405180802963132469 0.00000000000000000000
2.3600000000 0.12367568533756589932 0.00000000000000000000
2.3700000000 0.12330466848327366336 0.00000000000000000000
2.3800000000 0.12293866047284977838 0.00000000000000000000
2.3900000000 0.12257756658504290193 0.00000000000000000000
2.4000000000 0.12222129430971383213 0.00000000000000000000
2.4100000000 0.12186975328815174979 0.00000000000000000000
2.4200000000 0.12152285525518409515 0.00000000000000000000
2.4300000000 0.12118051398302578936 0.00000000000000000000
2.4400000000 0.12084264522680648879 0.00000000000000000000
2.4500000000 0.12050916667172230368 0.00000000000000000000
2.4600000000 0.12017999788176247922 0.00000000000000000000
2.4700000000 0.11985506024995545848 0.00000000000000000000
2.4800000000 0.11953427695008542186 0.00000000000000000000
2.4900000000 0.11921757288983680922 0.00000000000000000000
2.5000000000 0.11890487466531385330 0.00000000000000000000
2.5100000000 0.11859611051689572525 0.00000000000000000000
2.5200000000 0.11829121028638428514 0.00000000000000000000
2.5300000000 0.11799010537539836307 0.00000000000000000000
2.5400000000 0.11769272870498263817 0.00000000000000000000
2.5500000000 0.11739901467638559629 0.00000000000000000000
2.5600000000 0.11710889913297194143 0.00000000000000000000
2.5700000000 0.11682231932323496049 0.00000000000000000000
2.5800000000 0.11653921386487156586 0.00000000000000000000
2.5900000000 0.11625952270988899884 0.00000000000000000000
2.6000000000 0.11598318711070837450 0.00000000000000000000
2.6100000000 0.11571014958723639665 0.00000000000000000000
2.6200000000 0.11544035389487149190 0.00000000000000000000
2.6300000000 0.11517374499341978544 0.00000000000000000000
2.6400000000 0.11491026901688862483 0.00000000000000000000
2.6500000000 0.11464987324413292158 0.00000000000000000000
2.6600000000 0.11439250607032573626 0.00000000000000000000
2.6700000000 0.11413811697923088861 0.00000000000000000000
2.6800000000 0.11388665651624957365 0.00000000000000000000
2.6900000000 0.11363807626221687774 0.00000000000000000000
2.7000000000 0.11339232880793333191 0.00000000000000000000
2.7100000000 0.11314936772939365728 0.00000000000000000000
2.7200000000 0.11290914756370808159 0.00000000000000000000
2.7300000000 0.11267162378568337799 0.00000000000000000000
2.7400000000 0.11243675278505088633 0.00000000000000000000
2.7500000000 0.11220449184431448286 0.00000000000000000000
2.7600000000 0.11197479911720843726 0.00000000000000000000
2.7700000000 0.11174763360774137011 0.00000000000000000000
2.7800000000 0.11152295514980777036 0.00000000000000000000
2.7900000000 0.11130072438735724716 0.00000000000000000000
2.8000000000 0.11108090275509313605 0.00000000000000000000
2.8100000000 0.11086345245969646267 0.00000000000000000000
2.8200000000 0.11064833646155460001 0.00000000000000000000
2.8300000000 0.11043551845697555103 0.00000000000000000000
2.8400000000 0.11022496286088254158 0.00000000000000000000
2.8500000000 0.11001663478996710765 0.00000000000000000000
2.8600000000 0.10981050004628958860 0.00000000000000000000
2.8700000000 0.10960652510131631276 0.00000000000000000000
2.8800000000 0.10940467708037764083 0.00000000000000000000
2.8900000000 0.10920492374753447418 0.00000000000000000000
2.9000000000 0.10900723349084502634 0.00000000000000000000
2.9100000000 0.10881157530801545408 0.00000000000000000000
2.9200000000 0.10861791879242641001 0.00000000000000000000
2.9300000000 0.10842623411952349854 0.00000000000000000000
2.9400000000 0.10823649203356115744 0.00000000000000000000
2.9500000000 0.10804866383469188817 0.00000000000000000000
2.9600000000 0.10786272136638520858 0.00000000000000000000
2.9700000000 0.10767863700317527320 0.00000000000000000000
2.9800000000 0.10749638363871984181 0.00000000000000000000
2.9900000000 0.10731593467416648824 0.00000000000000000000
3.0000000000 0.10713726400681686246 0.00000000000000000000
3.0100000000 0.10696034601907784822 0.00000000000000000000
3.0200000000 0.10678515556769530015 0.00000000000000000000
3.0300000000 0.10661166797325884181 0.00000000000000000000
3.0400000000 0.10643985900997335325 0.00000000000000000000
3.0500000000 0.10626970489568718370 0.00000000000000000000
3.0600000000 0.10610118228217033098 0.00000000000000000000
3.0700000000 0.10593426824563732802 0.00000000000000000000
3.0800000000 0.10576894027750713412 0.00000000000000000000
3.0900000000 0.10560517627539001140 0.00000000000000000000
3.1000000000 0.10544295453430355125 0.00000000000000000000
3.1100000000 0.10528225373810089216 0.00000000000000000000
3.1200000000 0.10512305295111365466 0.00000000000000000000
3.1300000000 0.10496533161000076717 0.00000000000000000000
3.1400000000 0.10480906951579602171 0.00000000000000000000
3.1500000000 0.10465424682615094565 0.00000000000000000000
3.1600000000 0.10450084404776736891 0.00000000000000000000
3.1700000000 0.10434884202901448247 0.00000000000000000000
3.1800000000 0.10419822195272393506 0.00000000000000000000
3.1900000000 0.10404896532916099727 0.00000000000000000000
3.2000000000 0.10390105398916409107 0.00000000000000000000
3.2100000000 0.10375447007744963146 0.00000000000000000000
3.2200000000 0.10360919604607937705 0.00000000000000000000
3.2300000000 0.10346521464808171309 0.00000000000000000000
3.2400000000 0.10332250893122588153 0.00000000000000000000
3.2500000000 0.10318106223194588311 0.00000000000000000000
3.2600000000 0.10304085816940677933 0.00000000000000000000
3.2700000000 0.10290188063971289489 0.00000000000000000000
3.2800000000 0.10276411381025064851 0.00000000000000000000
3.2900000000 0.10262754211416821870 0.00000000000000000000
3.3000000000 0.10249215024497973503 0.00000000000000000000
3.3100000000 0.10235792315130093355 0.00000000000000000000
3.3200000000 0.10222484603170395312 0.00000000000000000000
3.3300000000 0.10209290432969349294 0.00000000000000000000
3.3400000000 0.10196208372879883575 0.00000000000000000000
3.3500000000 0.10183237014778041829 0.00000000000000000000
3.3600000000 0.10170374973594652201 0.00000000000000000000
3.3700000000 0.10157620886857758602 0.00000000000000000000
3.3800000000 0.10144973414245497811 0.00000000000000000000
3.3900000000 0.10132431237149325254 0.00000000000000000000
3.4000000000 0.10119993058247191142 0.00000000000000000000
3.4100000000 0.10107657601086285359 0.00000000000000000000
3.4200000000 0.10095423609675471810 0.00000000000000000000
3.4300000000 0.10083289848086750273 0.00000000000000000000
3.4400000000 0.10071255100065823473 0.00000000000000000000
3.4500000000 0.10059318168651316949 0.00000000000000000000
3.4600000000 0.10047477875802744707 0.00000000000000000000
3.4700000000 0.10035733062036582275 0.00000000000000000000
3.4800000000 0.10024082586070576228 0.00000000000000000000
3.4900000000 0.10012525324475828048 0.00000000000000000000
3.5000000000 0.10001060171336928484 0.00000000000000000000
3.5100000000 0.09989686037919176531 0.00000000000000000000
3.5200000000 0.09978401852343460332 0.00000000000000000000
3.5300000000 0.09967206559268128319 0.00000000000000000000
3.5400000000 0.09956099119577931089 0.00000000000000000000
3.5500000000 0.09945078510079671807 0.00000000000000000000
3.5600000000 0.09934143723204645615 0.00000000000000000000
3.5700000000 0.09923293766717324049 0.00000000000000000000
3.5800000000 0.09912527663430614755 0.00000000000000000000
3.5900000000 0.09901844450927084484 0.00000000000000000000
3.6000000000 0.09891243181286310526 0.00000000000000000000
3.6100000000 0.09880722920817998356 0.00000000000000000000
3.6200000000 0.09870282749800947386 0.00000000000000000000
3.6300000000 0.09859921762227484565 0.00000000000000000000
3.6400000000 0.09849639065553403294 0.00000000000000000000
3.6500000000 0.09839433780453282763 0.00000000000000000000
3.6600000000 0.09829305040580819941 0.00000000000000000000
3.6700000000 0.09819251992334418477 0.00000000000000000000
3.6800000000 0.09809273794627582088 0.00000000000000000000
3.6900000000 0.09799369618664308113 0.00000000000000000000
3.7000000000 0.09789538647718952491 0.00000000000000000000
3.7100000000 0.09779780076920961684 0.00000000000000000000
3.7200000000 0.09770093113043845645 0.00000000000000000000
3.7300000000 0.09760476974298713804 0.00000000000000000000
3.7400000000 0.09750930890132065987 0.00000000000000000000
3.7500000000 0.09741454101027705037 0.00000000000000000000
3.7600000000 0.09732045858312771136 0.00000000000000000000
3.7700000000 0.09722705423967749339 0.00000000000000000000
3.7800000000 0.09713432070440465582 0.00000000000000000000
3.7900000000 0.09704225080463679820 0.00000000000000000000
3.8000000000 0.09695083746876674569 0.00000000000000000000
3.8100000000 0.09686007372450232411 0.00000000000000000000
3.8200000000 0.09676995269715298054 0.00000000000000000000
3.8300000000 0.09668046760795127870 0.00000000000000000000
3.8400000000 0.09659161177240610519 0.00000000000000000000
3.8500000000 0.09650337859869238810 0.00000000000000000000
3.8600000000 0.09641576158607008395 0.00000000000000000000
3.8700000000 0.09632875432333680432 0.00000000000000000000
3.8800000000 0.09624235048731025199 0.00000000000000000000
3.8900000000 0.09615654384134125765 0.00000000000000000000
3.9000000000 0.09607132823385554354 0.00000000000000000000
3.9100000000 0.09598669759692625425 0.00000000000000000000
3.9200000000 0.09590264594487243888 0.00000000000000000000
3.9300000000 0.09581916737288695418 0.00000000000000000000
3.9400000000 0.09573625605568912567 0.00000000000000000000
3.9500000000 0.09565390624620684346 0.00000000000000000000
3.9600000000 0.09557211227428105693 0.00000000000000000000
3.9700000000 0.09549086854539788616 0.00000000000000000000
3.9800000000 0.09541016953944472800 0.00000000000000000000
3.9900000000 0.09533000980948923286 0.00000000000000000000
4.0000000000 0.09525038398058389977 0.00000000000000000000
4.0100000000 0.09517128674859252901 0.00000000000000000000
4.0200000000 0.09509271287903844905 0.00000000000000000000
4.0300000000 0.09501465720597682130 0.00000000000000000000
4.0400000000 0.09493711463088616576 0.00000000000000000000
4.0500000000 0.09486008012158364533 0.00000000000000000000
4.0600000000 0.09478354871115772518 0.00000000000000000000
4.0700000000 0.09470751549692431326 0.00000000000000000000
4.0800000000 0.09463197563940017876 0.00000000000000000000
4.0900000000 0.09455692436129709000 0.00000000000000000000
4.1000000000 0.09448235694653378536 0.00000000000000000000
4.1100000000 0.09440826873926802532 0.00000000000000000000
4.1200000000 0.09433465514294497867 0.00000000000000000000
4.1300000000 0.09426151161936431599 0.00000000000000000000
4.1400000000 0.09418883368776437282 0.00000000000000000000
4.1500000000 0.09411661692392392364 0.00000000000000000000
4.1600000000 0.09404485695927915223 0.00000000000000000000
4.1700000000 0.09397354948005820496 0.00000000000000000000
4.1800000000 0.09390269022643144003 0.00000000000000000000
4.1900000000 0.09383227499167635932 0.00000000000000000000
4.2000000000 0.09376229962135911034 0.00000000000000000000
4.2100000000 0.09369276001252989372 0.00000000000000000000
4.2200000000 0.09362365211293369183 0.00000000000000000000
4.2300000000 0.09355497192023436159 0.00000000000000000000
4.2400000000 0.09348671548125433994 0.00000000000000000000
4.2500000000 0.09341887889122660327 0.00000000000000000000
4.2600000000 0.09335145829306011611 0.00000000000000000000
4.2700000000 0.09328444987662037891 0.00000000000000000000
4.2800000000 0.09321784987802006484 0.00000000000000000000
4.2900000000 0.09315165457892427003 0.00000000000000000000
4.3000000000 0.09308586030586783744 0.00000000000000000000
4.3100000000 0.09302046342958407432 0.00000000000000000000
4.3200000000 0.09295546036434577941 0.00000000000000000000
4.3300000000 0.09289084756731834369 0.00000000000000000000
4.3400000000 0.09282662153792403670 0.00000000000000000000
4.3500000000 0.09276277881721593788 0.00000000000000000000
4.3600000000 0.09269931598726612043 0.00000000000000000000
4.3700000000 0.09263622967056095447 0.00000000000000000000
4.3800000000 0.09257351652940970510 0.00000000000000000000
4.3900000000 0.09251117326536133223 0.00000000000000000000
4.4000000000 0.09244919661863337801 0.00000000000000000000
4.4100000000 0.09238758336754883393 0.00000000000000000000
4.4200000000 0.09232633032798411021 0.00000000000000000000
4.4300000000 0.09226543435282574812 0.00000000000000000000
4.4400000000 0.09220489233143723540 0.00000000000000000000
4.4500000000 0.09214470118913345442 0.00000000000000000000
4.4600000000 0.09208485788666599670 0.00000000000000000000
4.4700000000 0.09202535941971570765 0.00000000000000000000
4.4800000000 0.09196620281839514022 0.00000000000000000000
4.4900000000 0.09190738514675772519 0.00000000000000000000
4.5000000000 0.09184890350231723899 0.00000000000000000000
4.5100000000 0.09179075501557402983 0.00000000000000000000
4.5200000000 0.09173293684954925142 0.00000000000000000000
4.5300000000 0.09167544619932764538 0.00000000000000000000
4.5400000000 0.09161828029160755393 0.00000000000000000000
4.5500000000 0.09156143638425827402 0.00000000000000000000
4.5600000000 0.09150491176588464171 0.00000000000000000000
4.5700000000 0.09144870375539997098 0.00000000000000000000
4.5800000000 0.09139280970160437723 0.00000000000000000000
4.5900000000 0.09133722698277105256 0.00000000000000000000
4.6000000000 0.09128195300623977160 0.00000000000000000000
4.6100000000 0.09122698520801615640 0.00000000000000000000
4.6200000000 0.09117232105237754736 0.00000000000000000000
4.6300000000 0.09111795803148607653 0.00000000000000000000
4.6400000000 0.09106389366500745874 0.00000000000000000000
4.6500000000 0.09101012549973620802 0.00000000000000000000
4.6600000000 0.09095665110922672436 0.00000000000000000000
4.6700000000 0.09090346809343045897 0.00000000000000000000
4.6800000000 0.09085057407833900534 0.00000000000000000000
4.6900000000 0.09079796671563304666 0.00000000000000000000
4.7000000000 0.09074564368233638267 0.00000000000000000000
4.7100000000 0.09069360268047640949 0.00000000000000000000
4.7200000000 0.09064184143674887395 0.00000000000000000000
4.7300000000 0.09059035770218920591 0.00000000000000000000
4.7400000000 0.09053914925184829154 0.00000000000000000000
4.7500000000 0.09048821388447295111 0.00000000000000000000
4.7600000000 0.09043754942219321691 0.00000000000000000000
4.7700000000 0.09038715371021249778 0.00000000000000000000
4.7800000000 0.09033702461650384985 0.00000000000000000000
4.7900000000 0.09028716003151078529 0.00000000000000000000
4.8000000000 0.09023755786785232769 0.00000000000000000000
4.8100000000 0.09018821606003385449 0.00000000000000000000
4.8200000000 0.09013913256416035413 0.00000000000000000000
4.8300000000 0.09009030535765662207 0.00000000000000000000
4.8400000000 0.09004173243898985768 0.00000000000000000000
4.8500000000 0.08999341182739761802 0.00000000000000000000
4.8600000000 0.08994534156261911606 0.00000000000000000000
4.8700000000 0.08989751970463205621 0.00000000000000000000
4.8800000000 0.08984994433339174580 0.00000000000000000000
4.8900000000 0.08980261354857566047 0.00000000000000000000
4.9000000000 0.08975552546933092402 0.00000000000000000000
4.9100000000 0.08970867823402643715 0.00000000000000000000
4.9200000000 0.08966207000000799010 0.00000000000000000000
4.9300000000 0.08961569894335780218 0.00000000000000000000
4.9400000000 0.08956956325865711444 0.00000000000000000000
4.9500000000 0.08952366115875295960 0.00000000000000000000
4.9600000000 0.08947799087452779077 0.00000000000000000000
4.9700000000 0.08943255065467300979 0.00000000000000000000
4.9800000000 0.08938733876546614554 0.00000000000000000000
4.9900000000 0.08934235349055023867 0.00000000000000000000
5.0000000000 0.08929759313071788940 0.00000000000000000000
