0.1000000000 1.57799058049104790058 0.00000000000000000000
0.1100000000 1.53315444694757707644 0.00000000000000000000
0.1200000000 1.48932242219966415320 0.00000000000000000000
0.1300000000 1.44649769747536183218 0.00000000000000000000
0.1400000000 1.40468155486691870237 0.00000000000000000000
0.1500000000 1.36387342882668827215 0.00000000000000000000
0.1600000000 1.32407097628590486593 0.00000000000000000000
0.1700000000 1.28527015430105762128 0.00000000000000000000
0.1800000000 1.24746530410289979685 0.00000000000000000000
0.1900000000 1.21064924041507726571 0.00000000000000000000
0.2000000000 1.17481334492136824110 0.00000000000000000000
0.2100000000 1.13994766279050296909 0.00000000000000000000
0.2200000000 1.10604100121323201122 0.00000000000000000000
0.2300000000 1.07308102896518176017 0.00000000000000000000
0.2400000000 1.04105437607851425419 0.00000000000000000000
0.2500000000 1.00994673278293278784 0.00000000000000000000
0.2600000000 0.97974294695965780111 0.00000000000000000000
0.2700000000 0.95042711943836177824 0.00000000000000000000
0.2800000000 0.92198269655452658178 0.00000000000000000000
0.2900000000 0.89439255947151374837 0.00000000000000000000
0.3000000000 0.86763910985613867943 0.00000000000000000000
0.3100000000 0.84170435157743483945 0.00000000000000000000
0.3200000000 0.81656996817454641224 0.00000000000000000000
0.3300000000 0.79221739591048057072 0.00000000000000000000
0.3400000000 0.76862789229325856333 0.00000000000000000000
0.3500000000 0.74578260000446361389 0.00000000000000000000
0.3600000000 0.72366260622720857132 0.00000000000000000000
0.3700000000 0.70224899741106849849 0.00000000000000000000
0.3800000000 0.68152290955078742574 0.00000000000000000000
0.3900000000 0.66146557408876593964 0.00000000000000000000
0.4000000000 0.64205835957884282994 0.00000000000000000000
0.4100000000 0.62328280927108647980 0.00000000000000000000
0.4200000000 0.60512067479466991049 0.00000000000000000000
0.4300000000 0.58755394612883360406 0.00000000000000000000
0.4400000000 0.57056487806099154270 0.00000000000000000000
0.4500000000 0.55413601333655404524 0.00000000000000000000
0.4600000000 0.53825020270760670638 0.00000000000000000000
0.4700000000 0.52289062208752201677 0.00000000000000000000
0.4800000000 0.50804078701631949500 0.00000000000000000000
0.4900000000 0.49368456463755044927 0.00000000000000000000
0.5000000000 0.47980618338189767735 0.00000000000000000000
0.5100000000 0.46639024054596589508 0.00000000000000000000
0.5200000000 0.45342170794707487014 0.00000000000000000000
0.5300000000 0.44088593582655821734 0.00000000000000000000
0.5400000000 0.42876865516524881317 0.00000000000000000000
0.5500000000 0.41705597856580317595 0.00000000000000000000
0.5600000000 0.40573439984723946861 0.00000000000000000000
0.5700000000 0.39479079248791271173 0.00000000000000000000
0.5800000000 0.38421240704393955223 0.00000000000000000000
0.5900000000 0.37398686766123623304 0.00000000000000000000
0.6000000000 0.36410216779056253644 0.00000000000000000000
0.6100000000 0.35454666520663946638 0.00000000000000000000
0.6200000000 0.34530907642432956406 0.00000000000000000000
0.6300000000 0.33637847059724029775 0.00000000000000000000
0.6400000000 0.32774426297680830933 0.00000000000000000000
0.6500000000 0.31939620800309731496 0.00000000000000000000
0.6600000000 0.31132439209203804920 0.00000000000000000000
0.6700000000 0.30351922617784371505 0.00000000000000000000
0.6800000000 0.29597143806364506480 0.00000000000000000000
0.6900000000 0.28867206462814781753 0.00000000000000000000
0.7000000000 0.28161244393125500762 0.00000000000000000000
0.7100000000 0.27478420725705127170 0.00000000000000000000
0.7200000000 0.26817927112840972415 0.00000000000000000000
0.7300000000 0.26178982932364286418 0.00000000000000000000
0.7400000000 0.25560834492208533986 0.00000000000000000000
0.7500000000 0.24962754240229467761 0.00000000000000000000
0.7600000000 0.24384039981359023619 0.00000000000000000000
0.7700000000 0.23824014103896359873 0.00000000000000000000
0.7800000000 0.23282022816499156614 0.00000000000000000000
0.7900000000 0.22757435397207678718 0.00000000000000000000
0.8000000000 0.22249643455641618384 0.00000000000000000000
0.8100000000 0.21758060209323595857 0.00000000000000000000
0.8200000000 0.21282119774920713051 0.00000000000000000000
0.8300000000 0.20821276475044769860 0.00000000000000000000
0.8400000000 0.20375004161125526148 0.00000000000000000000
0.8500000000 0.19942795552750228194 0.00000000000000000000
0.8600000000 0.19524161593750122279 0.00000000000000000000
0.8700000000 0.19118630825234961268 0.00000000000000000000
0.8800000000 0.18725748775678888181 0.00000000000000000000
0.8900000000 0.18345077368095413783 0.00000000000000000000
0.9000000000 0.17976194344270118863 0.00000000000000000000
0.9100000000 0.17618692705969968282 0.00000000000000000000
0.9200000000 0.17272180172984596958 0.00000000000000000000
0.9300000000 0.16936278657826117633 0.00000000000000000000
0.9400000000 0.16610623756868087009 0.00000000000000000000
0.9500000000 0.16294864257677266206 0.00000000000000000000
0.9600000000 0.15988661662258205065 0.00000000000000000000
0.9700000000 0.15691689725915028419 0.00000000000000000000
0.9800000000 0.15403634011415301419 0.00000000000000000000
0.9900000000 0.15124191458126290399 0.00000000000000000000
1.0000000000 0.14853069965631093829 0.00000000000000000000
1.0100000000 0.14589987992049671672 0.00000000000000000000
1.0200000000 0.14334674165776786769 0.00000000000000000000
1.0300000000 0.14086866910729645141 0.00000000000000000000
1.0400000000 0.13846314085297034557 0.00000000000000000000
1.0500000000 0.13612772633620978668 0.00000000000000000000
1.0600000000 0.13386008249457231889 0.00000000000000000000
1.0700000000 0.13165795052082635008 0.00000000000000000000
1.0800000000 0.12951915273891520530 0.00000000000000000000
1.0900000000 0.12744158959324683456 0.00000000000000000000
1.1000000000 0.12542323674767508201 0.00000000000000000000
1.1100000000 0.12346214229070356927 0.00000000000000000000
1.1200000000 0.12155642404338966311 0.00000000000000000000
1.1300000000 0.11970426696659962340 0.00000000000000000000
1.1400000000 0.11790392066425105233 0.00000000000000000000
1.1500000000 0.11615369697930406911 0.00000000000000000000
1.1600000000 0.11445196767931173354 0.00000000000000000000
1.1700000000 0.11279716222841247586 0.00000000000000000000
1.1800000000 0.11118776564276072749 0.00000000000000000000
1.1900000000 0.10962231642643620322 0.00000000000000000000
1.2000000000 0.10809940458496024307 0.00000000000000000000
1.2100000000 0.10661766971365713164 0.00000000000000000000
1.2200000000 0.10517579915813499158 0.00000000000000000000
1.2300000000 0.10377252624427044103 0.00000000000000000000
1.2400000000 0.10240662857518072204 0.00000000000000000000
1.2500000000 0.10107692639266711854 0.00000000000000000000
1.2600000000 0.09978228100080809015 0.00000000000000000000
1.2700000000 0.09852159324934846307 0.00000000000000000000
1.2800000000 0.09729380207468336927 0.00000000000000000000
1.2900000000 0.09609788309625585945 0.00000000000000000000
1.3000000000 0.09493284726631766313 0.00000000000000000000
1.3100000000 0.09379773957100968895 0.00000000000000000000
1.3200000000 0.09269163778083643057 0.00000000000000000000
1.3300000000 0.09161365124866524545 0.00000000000000000000
1.3400000000 0.09056291975343125356 0.00000000000000000000
1.3500000000 0.08953861238780977394 0.00000000000000000000
1.3600000000 0.08853992648817937683 0.00000000000000000000
1.3700000000 0.08756608660525466714 0.00000000000000000000
1.3800000000 0.08661634351382488384 0.00000000000000000000
1.3900000000 0.08568997326009951399 0.00000000000000000000
1.4000000000 0.08478627624521697936 0.00000000000000000000
1.4100000000 0.08390457634351514149 0.00000000000000000000
1.4200000000 0.08304422005422849862 0.00000000000000000000
1.4300000000 0.08220457568531791548 0.00000000000000000000
1.4400000000 0.08138503256820019127 0.00000000000000000000
1.4500000000 0.08058500030216381171 0.00000000000000000000
1.4600000000 0.07980390802734141364 0.00000000000000000000
1.4700000000 0.07904120372512309090 0.00000000000000000000
1.4800000000 0.07829635354494698940 0.00000000000000000000
1.4900000000 0.07756884115645144850 0.00000000000000000000
1.5000000000 0.07685816712599637113 0.00000000000000000000
1.5100000000 0.07616384831661895949 0.00000000000000000000
1.5200000000 0.07548541731050935344 0.00000000000000000000
1.5300000000 0.07482242185313381366 0.00000000000000000000
1.5400000000 0.07417442431816896609 0.00000000000000000000
1.5500000000 0.07354100119243631162 0.00000000000000000000
1.5600000000 0.07292174258006930976 0.00000000000000000000
1.5700000000 0.07231625172516153999 0.00000000000000000000
1.5800000000 0.07172414455218230345 0.00000000000000000000
1.5900000000 0.07114504922347499039 0.00000000000000000000
1.6000000000 0.07057860571317839393 0.00000000000000000000
1.6100000000 0.07002446539692662453 0.00000000000000000000
1.6200000000 0.06948229065673353078 0.00000000000000000000
1.6300000000 0.06895175450046533983 0.00000000000000000000
1.6400000000 0.06843254019534110444 0.00000000000000000000
1.6500000000 0.06792434091492138837 0.00000000000000000000
1.6600000000 0.06742685939906942205 0.00000000000000000000
1.6700000000 0.06693980762637792570 0.00000000000000000000
1.6800000000 0.06646290649859251665 0.00000000000000000000
1.6900000000 0.06599588553656358936 0.00000000000000000000
1.7000000000 0.06553848258729005893 0.00000000000000000000
1.7100000000 0.06509044354162522861 0.00000000000000000000
1.7200000000 0.06465152206224562825 0.00000000000000000000
1.7300000000 0.06422147932148007665 0.00000000000000000000
1.7400000000 0.06380008374863009590 0.00000000000000000000
1.7500000000 0.06338711078642178531 0.00000000000000000000
1.7600000000 0.06298234265623237071 0.00000000000000000000
1.7700000000 0.06258556813176860412 0.00000000000000000000
1.7800000000 0.06219658232087235672 0.00000000000000000000
1.7900000000 0.06181518645514139099 0.00000000000000000000
1.8000000000 0.06144118768707577255 0.00000000000000000000
1.8100000000 0.06107439889446487913 0.00000000000000000000
1.8200000000 0.06071463849173717314 0.00000000000000000000
1.8300000000 0.06036173024801685244 0.00000000000000000000
1.8400000000 0.06001550311162979351 0.00000000000000000000
1.8500000000 0.05967579104082104680 0.00000000000000000000
1.8600000000 0.05934243284044776051 0.00000000000000000000
1.8700000000 0.05901527200442710508 0.00000000000000000000
1.8800000000 0.05869415656372069245 0.00000000000000000000
1.8900000000 0.05837893893965320075 0.00000000000000000000
1.9000000000 0.05806947580236096473 0.00000000000000000000
1.9100000000 0.05776562793418821284 0.00000000000000000000
1.9200000000 0.05746726009783784117 0.00000000000000000000
1.9300000000 0.05717424090910826207 0.00000000000000000000
1.9400000000 0.05688644271404366681 0.00000000000000000000
1.9500000000 0.05660374147033305631 0.00000000000000000000
1.9600000000 0.05632601663280678572 0.00000000000000000000
1.9700000000 0.05605315104287560135 0.00000000000000000000
1.9800000000 0.05578503082176712591 0.00000000000000000000
1.9900000000 0.05552154526742525409 0.00000000000000000000
2.0000000000 0.05526258675493445766 0.00000000000000000000
2.0100000000 0.05500805064034057501 0.00000000000000000000
2.0200000000 0.05475783516774845872 0.00000000000000000000
2.0300000000 0.05451184137957090087 0.00000000000000000000
2.0400000000 0.05426997302982156102 0.00000000000000000000
2.0500000000 0.05403213650033521220 0.00000000000000000000
2.0600000000 0.05379824071981528094 0.00000000000000000000
2.0700000000 0.05356819708560216914 0.00000000000000000000
2.0800000000 0.05334191938806744082 0.00000000000000000000
2.0900000000 0.05311932373753786019 0.00000000000000000000
2.1000000000 0.05290032849366013007 0.00000000000000000000
2.1100000000 0.05268485419711653461 0.00000000000000000000
2.1200000000 0.05247282350361254233 0.00000000000000000000
2.1300000000 0.05226416112004747538 0.00000000000000000000
2.1400000000 0.05205879374280000804 0.00000000000000000000
2.1500000000 0.05185664999804572017 0.00000000000000000000
2.1600000000 0.05165766038403903776 0.00000000000000000000
2.1700000000 0.05146175721528930408 0.00000000000000000000
2.1800000000 0.05126887456856359798 0.00000000000000000000
2.1900000000 0.05107894823065224632 0.00000000000000000000
2.2000000000 0.05089191564783590582 0.00000000000000000000
2.2100000000 0.05070771587699376276 0.00000000000000000000
2.2200000000 0.05052628953829596536 0.00000000000000000000
2.2300000000 0.05034757876942492355 0.00000000000000000000
2.2400000000 0.05017152718127246280 0.00000000000000000000
2.2500000000 0.04999807981506088073 0.00000000000000000000
2.2600000000 0.04982718310084018748 0.00000000000000000000
2.2700000000 0.04965878481731194477 0.00000000000000000000
2.2800000000 0.04949283405293540550 0.00000000000000000000
2.2900000000 0.04932928116827155207 0.00000000000000000000
2.3000000000 0.04916807775952192899 0.00000000000000000000
2.3100000000 0.04900917662322214902 0.00000000000000000000
2.3200000000 0.04885253172204976485 0.00000000000000000000
2.3300000000 0.04869809815170998007 0.00000000000000000000
2.3400000000 0.04854583210886015410 0.00000000000000000000
2.3500000000 0.04839569086004084225 0.00000000000000000000
2.3600000000 0.04824763271157495037 0.00000000000000000000
2.3700000000 0.04810161698040970463 0.00000000000000000000
2.3800000000 0.04795760396585862367 0.00000000000000000000
2.3900000000 0.04781555492222552134 0.00000000000000000000
2.4000000000 0.04767543203227101595 0.00000000000000000000
2.4100000000 0.04753719838149903648 0.00000000000000000000
2.4200000000 0.04740081793323296100 0.00000000000000000000
2.4300000000 0.04726625550445824608 0.00000000000000000000
2.4400000000 0.04713347674240132151 0.00000000000000000000
2.4500000000 0.04700244810182536981 0.00000000000000000000
2.4600000000 0.04687313682301601225 0.00000000000000000000
2.4700000000 0.04674551091043492590 0.00000000000000000000
2.4800000000 0.04661953911202001977 0.00000000000000000000
2.4900000000 0.04649519089910962577 0.00000000000000000000
2.5000000000 0.04637243644697152528 0.00000000000000000000
2.5100000000 0.04625124661591766689 0.00000000000000000000
2.5200000000 0.04613159293298164931 0.00000000000000000000
2.5300000000 0.04601344757414590342 0.00000000000000000000
2.5400000000 0.04589678334709599433 0.00000000000000000000
2.5500000000 0.04578157367448938003 0.00000000000000000000
2.5600000000 0.04566779257771766409 0.00000000000000000000
2.5700000000 0.04555541466114877702 0.00000000000000000000
2.5800000000 0.04544441509683534719 0.00000000000000000000
2.5900000000 0.04533476960966870140 0.00000000000000000000
2.6000000000 0.04522645446297157007 0.00000000000000000000
2.6100000000 0.04511944644450838898 0.00000000000000000000
2.6200000000 0.04501372285290599490 0.00000000000000000000
2.6300000000 0.04490926148446593158 0.00000000000000000000
2.6400000000 0.04480604062036269014 0.00000000000000000000
2.6500000000 0.04470403901420683807 0.00000000000000000000
2.6600000000 0.04460323587997259281 0.00000000000000000000
2.6700000000 0.04450361088026556777 0.00000000000000000000
2.6800000000 0.04440514411493275138 0.00000000000000000000
2.6900000000 0.04430781610999449949 0.00000000000000000000
2.7000000000 0.04421160780689233072 0.00000000000000000000
2.7100000000 0.04411650055204368454 0.00000000000000000000
2.7200000000 0.04402247608669082601 0.00000000000000000000
2.7300000000 0.04392951653703857512 0.00000000000000000000
2.7400000000 0.04383760440466772518 0.00000000000000000000
2.7500000000 0.04374672255722042435 0.00000000000000000000
2.7600000000 0.04365685421934394073 0.00000000000000000000
2.7700000000 0.04356798296389025049 0.00000000000000000000
2.7800000000 0.04348009270335776583 0.00000000000000000000
2.7900000000 0.04339316768157410603 0.00000000000000000000
2.8000000000 0.04330719246560672114 0.00000000000000000000
2.8100000000 0.04322215193789875898 0.00000000000000000000
2.8200000000 0.04313803128862067626 0.00000000000000000000
2.8300000000 0.04305481600823249377 0.00000000000000000000
2.8400000000 0.04297249188024959698 0.00000000000000000000
2.8500000000 0.04289104497420632295 0.00000000000000000000
2.8600000000 0.04281046163881097044 0.00000000000000000000
2.8700000000 0.04273072849528730677 0.00000000000000000000
2.8800000000 0.04265183243089619436 0.00000000000000000000
2.8900000000 0.04257376059263181384 0.00000000000000000000
2.9000000000 0.04249650038108850753 0.00000000000000000000
2.9100000000 0.04242003944449139474 0.00000000000000000000
2.9200000000 0.04234436567288820535 0.00000000000000000000
2.9300000000 0.04226946719249457390 0.00000000000000000000
2.9400000000 0.04219533236019136491 0.00000000000000000000
2.9500000000 0.04212194975816729164 0.00000000000000000000
2.9600000000 0.04204930818870376841 0.00000000000000000000
2.9700000000 0.04197739666909702100 0.00000000000000000000
2.9800000000 0.04190620442671513790 0.00000000000000000000
2.9900000000 0.04183572089418248485 0.00000000000000000000
3.0000000000 0.04176593570469314814 0.00000000000000000000
3.0100000000 0.04169683868744423344 0.00000000000000000000
3.0200000000 0.04162841986318963766 0.00000000000000000000
3.0300000000 0.04156066943990788243 0.00000000000000000000
3.0400000000 0.04149357780858358574 0.00000000000000000000
3.0500000000 0.04142713553909612573 0.00000000000000000000
3.0600000000 0.04136133337621562822 0.00000000000000000000
3.0700000000 0.04129616223570062306 0.00000000000000000000
3.0800000000 0.04123161320049583550 0.00000000000000000000
3.0900000000 0.04116767751702694877 0.00000000000000000000
3.1000000000 0.04110434659158958975 0.00000000000000000000
3.1100000000 0.04104161198683053957 0.00000000000000000000
3.1200000000 0.04097946541831640893 0.00000000000000000000
3.1300000000 0.04091789875119013209 0.00000000000000000000
3.1400000000 0.04085690399691137287 0.00000000000000000000
3.1500000000 0.04079647331007798389 0.00000000000000000000
3.1600000000 0.04073659898532740187 0.00000000000000000000
3.1700000000 0.04067727345431498137 0.00000000000000000000
3.1800000000 0.04061848928276808740 0.00000000000000000000
3.1900000000 0.04056023916761211656 0.00000000000000000000
3.2000000000 0.04050251593416831497 0.00000000000000000000
3.2100000000 0.04044531253342030508 0.00000000000000000000
3.2200000000 0.04038862203934782263 0.00000000000000000000
3.2300000000 0.04033243764632604700 0.00000000000000000000
3.2400000000 0.04027675266658738151 0.00000000000000000000
3.2500000000 0.04022156052774631535 0.00000000000000000000
3.2600000000 0.04016685477038384189 0.00000000000000000000
3.2700000000 0.04011262904569002502 0.00000000000000000000
3.2800000000 0.04005887711316385991 0.00000000000000000000
3.2900000000 0.04000559283836840896 0.00000000000000000000
3.3000000000 0.03995277019073970731 0.00000000000000000000
3.3100000000 0.03990040324144794592 0.00000000000000000000
3.3200000000 0.03984848616131033555 0.00000000000000000000
3.3300000000 0.03979701321875245973 0.00000000000000000000
3.3400000000 0.03974597877781913674 0.00000000000000000000
3.3500000000 0.03969537729623157790 0.00000000000000000000
3.3600000000 0.03964520332349025927 0.00000000000000000000
3.3700000000 0.03959545149902345823 0.00000000000000000000
3.3800000000 0.03954611655037766627 0.00000000000000000000
3.3900000000 0.03949719329145100905 0.00000000000000000000
3.4000000000 0.03944867662076859821 0.00000000000000000000
3.4100000000 0.03940056151979613036 0.00000000000000000000
3.4200000000 0.03935284305129440469 0.00000000000000000000
3.4300000000 0.03930551635771065144 0.00000000000000000000
3.4400000000 0.03925857665960721943 0.00000000000000000000
3.4500000000 0.03921201925412645672 0.00000000000000000000
3.4600000000 0.03916583951349084103 0.00000000000000000000
3.4700000000 0.03912003288353663177 0.00000000000000000000
3.4800000000 0.03907459488228227917 0.00000000000000000000
3.4900000000 0.03902952109852726031 0.00000000000000000000
3.5000000000 0.03898480719048487420 0.00000000000000000000
3.5100000000 0.03894044888444421482 0.00000000000000000000
3.5200000000 0.03889644197346293908 0.00000000000000000000
3.5300000000 0.03885278231608915028 0.00000000000000000000
3.5400000000 0.03880946583511198783 0.00000000000000000000
3.5500000000 0.03876648851634017373 0.00000000000000000000
3.5600000000 0.03872384640740694078 0.00000000000000000000
3.5700000000 0.03868153561660286205 0.00000000000000000000
3.5800000000 0.03863955231173289012 0.00000000000000000000
3.5900000000 0.03859789271899971563 0.00000000000000000000
3.6000000000 0.03855655312191141881 0.00000000000000000000
3.6100000000 0.03851552986021225533 0.00000000000000000000
3.6200000000 0.03847481932883801969 0.00000000000000000000
3.6300000000 0.03843441797689337025 0.00000000000000000000
3.6400000000 0.03839432230665155987 0.00000000000000000000
3.6500000000 0.03835452887257542742 0.00000000000000000000
3.6600000000 0.03831503428036034387 0.00000000000000000000
3.6700000000 0.03827583518599753098 0.00000000000000000000
3.6800000000 0.03823692829485614980 0.00000000000000000000
3.6900000000 0.03819831036078730896 0.00000000000000000000
3.7000000000 0.03815997818524533708 0.00000000000000000000
3.7100000000 0.03812192861642833830 0.00000000000000000000
3.7200000000 0.03808415854843751058 0.00000000000000000000
3.7300000000 0.03804666492045325615 0.00000000000000000000
3.7400000000 0.03800944471592945795 0.00000000000000000000
3.7500000000 0.03797249496180417350 0.00000000000000000000
3.7600000000 0.03793581272772722501 0.00000000000000000000
3.7700000000 0.03789939512530388077 0.00000000000000000000
3.7800000000 0.03786323930735374654 0.00000000000000000000
3.7900000000 0.03782734246718623405 0.00000000000000000000
3.8000000000 0.03779170183788965742 0.00000000000000000000
3.8100000000 0.03775631469163608783 0.00000000000000000000
3.8200000000 0.03772117833899973904 0.00000000000000000000
3.8300000000 0.03768629012829007724 0.00000000000000000000
3.8400000000 0.03765164744489804538 0.00000000000000000000
3.8500000000 0.03761724771065579065 0.00000000000000000000
3.8600000000 0.03758308838320944395 0.00000000000000000000
3.8700000000 0.03754916695540472249 0.00000000000000000000
3.8800000000 0.03751548095468486277 0.00000000000000000000
3.8900000000 0.03748202794250052317 0.00000000000000000000
3.9000000000 0.03744880551373192673 0.00000000000000000000
3.9100000000 0.03741581129612243234 0.00000000000000000000
3.9200000000 0.03738304294972338848 0.00000000000000000000
3.9300000000 0.03735049816635002684 0.00000000000000000000
3.9400000000 0.03731817466904827074 0.00000000000000000000
3.9500000000 0.03728607021157206297 0.00000000000000000000
3.9600000000 0.03725418257787137949 0.00000000000000000000
3.9700000000 0.03722250958158963147 0.00000000000000000000
3.9800000000 0.03719104906557110096 0.00000000000000000000
3.9900000000 0.03715979890137905556 0.00000000000000000000
4.0000000000 0.03712875698882199538 0.00000000000000000000
4.0100000000 0.03709792125548953129 0.00000000000000000000
4.0200000000 0.03706728965629774164 0.00000000000000000000
4.0300000000 0.03703686017304252259 0.00000000000000000000
4.0400000000 0.03700663081396256965 0.00000000000000000000
4.0500000000 0.03697659961330982542 0.00000000000000000000
4.0600000000 0.03694676463092880919 0.00000000000000000000
4.0700000000 0.03691712395184375273 0.00000000000000000000
4.0800000000 0.03688767568585363255 0.00000000000000000000
4.0900000000 0.03685841796713486274 0.00000000000000000000
4.1000000000 0.03682934895385190505 0.00000000000000000000
4.1100000000 0.03680046682777470685 0.00000000000000000000
4.1200000000 0.03677176979390388983 0.00000000000000000000
4.1300000000 0.03674325608010221844 0.00000000000000000000
4.1400000000 0.03671492393673426308 0.00000000000000000000
4.1500000000 0.03668677163631156590 0.00000000000000000000
4.1600000000 0.03665879747314503001 0.00000000000000000000
4.1700000000 0.03663099976300362992 0.00000000000000000000
4.1800000000 0.03660337684277983894 0.00000000000000000000
4.1900000000 0.03657592707016036476 0.00000000000000000000
4.2000000000 0.03654864882330428888 0.00000000000000000000
4.2100000000 0.03652154050052552198 0.00000000000000000000
4.2200000000 0.03649460051998264232 0.00000000000000000000
4.2300000000 0.03646782731937342481 0.00000000000000000000
4.2400000000 0.03644121935563510162 0.00000000000000000000
4.2500000000 0.03641477510465062489 0.00000000000000000000
4.2600000000 0.03638849306095956471 0.00000000000000000000
4.2700000000 0.03636237173747442625 0.00000000000000000000
4.2800000000 0.03633640966520271937 0.00000000000000000000
4.2900000000 0.03631060539297292777 0.00000000000000000000
4.3000000000 0.03628495748716629304 0.00000000000000000000
4.3100000000 0.03625946453145322684 0.00000000000000000000
4.3200000000 0.03623412512653393508 0.00000000000000000000
4.3300000000 0.03620893788988443357 0.00000000000000000000
4.3400000000 0.03618390145550628295 0.00000000000000000000
4.3500000000 0.03615901447368150001 0.00000000000000000000
4.3600000000 0.03613427561073139643 0.00000000000000000000
4.3700000000 0.03610968354877929637 0.00000000000000000000
4.3800000000 0.03608523698551846515 0.00000000000000000000
4.3900000000 0.03606093463398315352 0.00000000000000000000
4.4000000000 0.03603677522232388158 0.00000000000000000000
4.4100000000 0.03601275749358701789 0.00000000000000000000
4.4200000000 0.03598888020549761979 0.00000000000000000000
4.4300000000 0.03596514213024664536 0.00000000000000000000
4.4400000000 0.03594154205428110732 0.00000000000000000000
4.4500000000 0.03591807877809853611 0.00000000000000000000
4.4600000000 0.03589475111604477353 0.00000000000000000000
4.4700000000 0.03587155789611491674 0.00000000000000000000
4.4800000000 0.03584849795975793979 0.00000000000000000000
4.4900000000 0.03582557016168479852 0.00000000000000000000
4.5000000000 0.03580277336967949836 0.00000000000000000000
4.5100000000 0.03578010646441343728 0.00000000000000000000
4.5200000000 0.03575756833926296147 0.00000000000000000000
4.5300000000 0.03573515790013010590 0.00000000000000000000
4.5400000000 0.03571287406526597180 0.00000000000000000000
4.5500000000 0.03569071576509753180 0.00000000000000000000
4.5600000000 0.03566868194205704418 0.00000000000000000000
4.5700000000 0.03564677155041440920 0.00000000000000000000
4.5800000000 0.03562498355611219691 0.00000000000000000000
4.5900000000 0.03560331693660357538 0.00000000000000000000
4.6000000000 0.03558177068069297982 0.00000000000000000000
4.6100000000 0.03556034378837916177 0.00000000000000000000
4.6200000000 0.03553903527070089580 0.00000000000000000000
4.6300000000 0.03551784414958548269 0.00000000000000000000
4.6400000000 0.03549676945769934810 0.00000000000000000000
4.6500000000 0.03547581023830142372 0.00000000000000000000
4.6600000000 0.03545496554509863091 0.00000000000000000000
4.6700000000 0.03543423444210393181 0.00000000000000000000
4.6800000000 0.03541361600349664934 0.00000000000000000000
4.6900000000 0.03539310931348484124 0.00000000000000000000
4.7000000000 0.03537271346617018586 0.00000000000000000000
4.7100000000 0.03535242756541485953 0.00000000000000000000
4.7200000000 0.03533225072471067596 0.00000000000000000000
4.7300000000 0.03531218206705007828 0.00000000000000000000
4.7400000000 0.03529222072479957367 0.00000000000000000000
4.7500000000 0.03527236583957469446 0.00000000000000000000
4.7600000000 0.03525261656211760991 0.00000000000000000000
4.7700000000 0.03523297205217583439 0.00000000000000000000
4.7800000000 0.03521343147838359999 0.00000000000000000000
4.7900000000 0.03519399401814483908 0.00000000000000000000
4.8000000000 0.03517465885751781818 0.00000000000000000000
4.8100000000 0.03515542519110170100 0.00000000000000000000
4.8200000000 0.03513629222192522078 0.00000000000000000000
4.8300000000 0.03511725916133635189 0.00000000000000000000
4.8400000000 0.03509832522889452799 0.00000000000000000000
4.8500000000 0.03507948965226396348 0.00000000000000000000
4.8600000000 0.03506075166710880681 0.00000000000000000000
4.8700000000 0.03504211051699003543 0.00000000000000000000
4.8800000000 0.03502356545326357207 0.00000000000000000000
4.8900000000 0.03500511573498059359 0.00000000000000000000
4.9000000000 0.03498676062878873505 0.00000000000000000000
4.9100000000 0.03496849940883492436 0.00000000000000000000
4.9200000000 0.03495033135667018065 0.00000000000000000000
4.9300000000 0.03493225576115542574 0.00000000000000000000
4.9400000000 0.03491427191836862093 0.00000000000000000000
4.9500000000 0.03489637913151368703 0.00000000000000000000
4.9600000000 0.03487857671083056249 0.00000000000000000000
4.9700000000 0.03486086397350676019 0.00000000000000000000
4.9800000000 0.03484324024359004152 0.00000000000000000000
4.9900000000 0.03482570485190262383 0.00000000000000000000
5.0000000000 0.03480825713595654680 0.00000000000000000000
