0.1000000000 1.05242844087848097523 0.00000000000000000000
0.1100000000 1.02252413367166861136 0.00000000000000000000
0.1200000000 0.99327839020795571923 0.00000000000000000000
0.1300000000 0.96469345763191882703 0.00000000000000000000
0.1400000000 0.93677037879132285525 0.00000000000000000000
0.1500000000 0.90950902946453404674 0.00000000000000000000
0.1600000000 0.88290816070642264002 0.00000000000000000000
0.1700000000 0.85696544568583621349 0.00000000000000000000
0.1800000000 0.83167753037185954135 0.00000000000000000000
0.1900000000 0.80704008742167332446 0.00000000000000000000
0.2000000000 0.78304787262902708633 0.00000000000000000000
0.2100000000 0.75969478330811301969 0.00000000000000000000
0.2200000000 0.73697391801178924187 0.00000000000000000000
0.2300000000 0.71487763701438455932 0.00000000000000000000
0.2400000000 0.69339762302640972624 0.00000000000000000000
0.2500000000 0.67252494165007981053 0.00000000000000000000
0.2600000000 0.65225010112938419660 0.00000000000000000000
0.2700000000 0.63256311099529749509 0.00000000000000000000
0.2800000000 0.61345353925451673316 0.00000000000000000000
0.2900000000 0.59491056781789530827 0.00000000000000000000
0.3000000000 0.57692304591158971583 0.00000000000000000000
0.3100000000 0.55947954125920751345 0.00000000000000000000
0.3200000000 0.54256838886629688012 0.00000000000000000000
0.3300000000 0.52617773727890393420 0.00000000000000000000
0.3400000000 0.51029559222531584162 0.00000000000000000000
0.3500000000 0.49490985758427019636 0.00000000000000000000
0.3600000000 0.48000837365370363496 0.00000000000000000000
0.3700000000 0.46557895272152116650 0.00000000000000000000
0.3800000000 0.45160941196389536856 0.00000000000000000000
0.3900000000 0.43808760371736343853 0.00000000000000000000
0.4000000000 0.42500144318861349246 0.00000000000000000000
0.4100000000 0.41233893368051710571 0.00000000000000000000
0.4200000000 0.40008818942489215997 0.00000000000000000000
0.4300000000 0.38823745612186122411 0.00000000000000000000
0.4400000000 0.37677512929277484632 0.00000000000000000000
0.4500000000 0.36568977055870649506 0.00000000000000000000
0.4600000000 0.35497012195973254300 0.00000000000000000000
0.4700000000 0.34460511843183566638 0.00000000000000000000
0.4800000000 0.33458389855846631944 0.00000000000000000000
0.4900000000 0.32489581371288112077 0.00000000000000000000
0.5000000000 0.31553043570538769069 0.00000000000000000000
0.5100000000 0.30647756304687079343 0.00000000000000000000
0.5200000000 0.29772722593652906076 0.00000000000000000000
0.5300000000 0.28926969007779279597 0.00000000000000000000
0.5400000000 0.28109545942202007751 0.00000000000000000000
0.5500000000 0.27319527793491538148 0.00000000000000000000
0.5600000000 0.26556013047577409214 0.00000000000000000000
0.5700000000 0.25818124287468247058 0.00000000000000000000
0.5800000000 0.25105008128780598176 0.00000000000000000000
0.5900000000 0.24415835090591769818 0.00000000000000000000
0.6000000000 0.23749799408638283538 0.00000000000000000000
0.6100000000 0.23106118797402655507 0.00000000000000000000
0.6200000000 0.22484034167160543705 0.00000000000000000000
0.6300000000 0.21882809301613126429 0.00000000000000000000
0.6400000000 0.21301730501291846198 0.00000000000000000000
0.6500000000 0.20740106197514002195 0.00000000000000000000
0.6600000000 0.20197266541271219342 0.00000000000000000000
0.6700000000 0.19672562971062315662 0.00000000000000000000
0.6800000000 0.19165367763331622730 0.00000000000000000000
0.6900000000 0.18675073568843592042 0.00000000000000000000
0.7000000000 0.18201092938016236178 0.00000000000000000000
0.7100000000 0.17742857837946079957 0.00000000000000000000
0.7200000000 0.17299819163592183857 0.00000000000000000000
0.7300000000 0.16871446245333465708 0.00000000000000000000
0.7400000000 0.16457226354884460506 0.00000000000000000000
0.7500000000 0.16056664211341067916 0.00000000000000000000
0.7600000000 0.15669281488929570623 0.00000000000000000000
0.7700000000 0.15294616327852797455 0.00000000000000000000
0.7800000000 0.14932222849459447778 0.00000000000000000000
0.7900000000 0.14581670676809005416 0.00000000000000000000
0.8000000000 0.14242544461568154568 0.00000000000000000000
0.8100000000 0.13914443418046518186 0.00000000000000000000
0.8200000000 0.13596980865059443699 0.00000000000000000000
0.8300000000 0.13289783776208211052 0.00000000000000000000
0.8400000000 0.12992492339064964924 0.00000000000000000000
0.8500000000 0.12704759523668809895 0.00000000000000000000
0.8600000000 0.12426250660657892078 0.00000000000000000000
0.8700000000 0.12156643029294224301 0.00000000000000000000
0.8800000000 0.11895625455577400753 0.00000000000000000000
0.8900000000 0.11642897920576784909 0.00000000000000000000
0.9000000000 0.11398171179078178672 0.00000000000000000000
0.9100000000 0.11161166388581048037 0.00000000000000000000
0.9200000000 0.10931614748647244806 0.00000000000000000000
0.9300000000 0.10709257150575363093 0.00000000000000000000
0.9400000000 0.10493843837326298496 0.00000000000000000000
0.9500000000 0.10285134073619515982 0.00000000000000000000
0.9600000000 0.10082895826079654733 0.00000000000000000000
0.9700000000 0.09886905453296464252 0.00000000000000000000
0.9800000000 0.09696947405654911256 0.00000000000000000000
0.9900000000 0.09512813934762498480 0.00000000000000000000
1.0000000000 0.09334304812233133741 0.00000000000000000000
1.0100000000 0.09161227057880394486 0.00000000000000000000
1.0200000000 0.08993394676733849902 0.00000000000000000000
1.0300000000 0.08830628404880429272 0.00000000000000000000
1.0400000000 0.08672755464112795465 0.00000000000000000000
1.0500000000 0.08519609324795540672 0.00000000000000000000
1.0600000000 0.08371029476971067473 0.00000000000000000000
1.0700000000 0.08226861209413897924 0.00000000000000000000
1.0800000000 0.08086955396424110043 0.00000000000000000000
1.0900000000 0.07951168292141966298 0.00000000000000000000
1.1000000000 0.07819361332154144140 0.00000000000000000000
1.1100000000 0.07691400942186651934 0.00000000000000000000
1.1200000000 0.07567158353660342895 0.00000000000000000000
1.1300000000 0.07446509425898142909 0.00000000000000000000
1.1400000000 0.07329334474777252084 0.00000000000000000000
1.1500000000 0.07215518107614866949 0.00000000000000000000
1.1600000000 0.07104949064088121602 0.00000000000000000000
1.1700000000 0.06997520062989183443 0.00000000000000000000
1.1800000000 0.06893127654618477762 0.00000000000000000000
1.1900000000 0.06791672078628605003 0.00000000000000000000
1.2000000000 0.06693057127130747075 0.00000000000000000000
1.2100000000 0.06597190012884444898 0.00000000000000000000
1.2200000000 0.06503981242392246898 0.00000000000000000000
1.2300000000 0.06413344493728125040 0.00000000000000000000
1.2400000000 0.06325196498932741940 0.00000000000000000000
1.2500000000 0.06239456930812838087 0.00000000000000000000
1.2600000000 0.06156048293986377679 0.00000000000000000000
1.2700000000 0.06074895820021643245 0.00000000000000000000
1.2800000000 0.05995927366521016516 0.00000000000000000000
1.2900000000 0.05919073320005702882 0.00000000000000000000
1.3000000000 0.05844266502462580615 0.00000000000000000000
1.3100000000 0.05771442081418271669 0.00000000000000000000
1.3200000000 0.05700537483409656714 0.00000000000000000000
1.3300000000 0.05631492310725420836 0.00000000000000000000
1.3400000000 0.05564248261296352721 0.00000000000000000000
1.3500000000 0.05498749051616790007 0.00000000000000000000
1.3600000000 0.05434940342583839679 0.00000000000000000000
1.3700000000 0.05372769668144080496 0.00000000000000000000
1.3800000000 0.05312186366642590585 0.00000000000000000000
1.3900000000 0.05253141514771313830 0.00000000000000000000
1.4000000000 0.05195587864019320101 0.00000000000000000000
1.4100000000 0.05139479779528654396 0.00000000000000000000
1.4200000000 0.05084773181265499209 0.00000000000000000000
1.4300000000 0.05031425487417520021 0.00000000000000000000
1.4400000000 0.04979395559933135623 0.00000000000000000000
1.4500000000 0.04928643652119925334 0.00000000000000000000
1.4600000000 0.04879131358224295112 0.00000000000000000000
1.4700000000 0.04830821564915897121 0.00000000000000000000
1.4800000000 0.04783678404603754902 0.00000000000000000000
1.4900000000 0.04737667210514025923 0.00000000000000000000
1.5000000000 0.04692754473461600156 0.00000000000000000000
1.5100000000 0.04648907800250165478 0.00000000000000000000
1.5200000000 0.04606095873638303695 0.00000000000000000000
1.5300000000 0.04564288413811363326 0.00000000000000000000
1.5400000000 0.04523456141301104849 0.00000000000000000000
1.5500000000 0.04483570741296916823 0.00000000000000000000
1.5600000000 0.04444604829295935311 0.00000000000000000000
1.5700000000 0.04406531918039358064 0.00000000000000000000
1.5800000000 0.04369326385686083530 0.00000000000000000000
1.5900000000 0.04332963445176185591 0.00000000000000000000
1.6000000000 0.04297419114737334456 0.00000000000000000000
1.6100000000 0.04262670189491500616 0.00000000000000000000
1.6200000000 0.04228694214118522421 0.00000000000000000000
1.6300000000 0.04195469456536365938 0.00000000000000000000
1.6400000000 0.04162974882558771045 0.00000000000000000000
1.6500000000 0.04131190131492702006 0.00000000000000000000
1.6600000000 0.04100095492639723588 0.00000000000000000000
1.6700000000 0.04069671882665922696 0.00000000000000000000
1.6800000000 0.04039900823807966723 0.00000000000000000000
1.6900000000 0.04010764422882225760 0.00000000000000000000
1.7000000000 0.03982245351066994454 0.00000000000000000000
1.7100000000 0.03954326824427617515 0.00000000000000000000
1.7200000000 0.03926992585156369869 0.00000000000000000000
1.7300000000 0.03900226883499712666 0.00000000000000000000
1.7400000000 0.03874014460346488636 0.00000000000000000000
1.7500000000 0.03848340530452102476 0.00000000000000000000
1.7600000000 0.03823190766274135038 0.00000000000000000000
1.7700000000 0.03798551282396343820 0.00000000000000000000
1.7800000000 0.03774408620518478197 0.00000000000000000000
1.7900000000 0.03750749734990330847 0.00000000000000000000
1.8000000000 0.03727561978869835257 0.00000000000000000000
1.8100000000 0.03704833090484521696 0.00000000000000000000
1.8200000000 0.03682551180478089992 0.00000000000000000000
1.8300000000 0.03660704719323072676 0.00000000000000000000
1.8400000000 0.03639282525282481334 0.00000000000000000000
1.8500000000 0.03618273752803111143 0.00000000000000000000
1.8600000000 0.03597667881324442124 0.00000000000000000000
1.8700000000 0.03577454704487398329 0.00000000000000000000
1.8800000000 0.03557624319727998446 0.00000000000000000000
1.8900000000 0.03538167118241457298 0.00000000000000000000
1.9000000000 0.03519073775302646728 0.00000000000000000000
1.9100000000 0.03500335240929856873 0.00000000000000000000
1.9200000000 0.03481942730878854336 0.00000000000000000000
1.9300000000 0.03463887717955019263 0.00000000000000000000
1.9400000000 0.03446161923631436974 0.00000000000000000000
1.9500000000 0.03428757309962043864 0.00000000000000000000
1.9600000000 0.03411666071778299975 0.00000000000000000000
1.9700000000 0.03394880629159346269 0.00000000000000000000
1.9800000000 0.03378393620165202199 0.00000000000000000000
1.9900000000 0.03362197893823386241 0.00000000000000000000
2.0000000000 0.03346286503359726522 0.00000000000000000000
2.0100000000 0.03330652699664110594 0.00000000000000000000
2.0200000000 0.03315289924982629116 0.00000000000000000000
2.0300000000 0.03300191806828046276 0.00000000000000000000
2.0400000000 0.03285352152100027429 0.00000000000000000000
2.0500000000 0.03270764941408136478 0.00000000000000000000
2.0600000000 0.03256424323589518499 0.00000000000000000000
2.0700000000 0.03242324610414782510 0.00000000000000000000
2.0800000000 0.03228460271474657001 0.00000000000000000000
2.0900000000 0.03214825929241291874 0.00000000000000000000
2.1000000000 0.03201416354297644679 0.00000000000000000000
2.1100000000 0.03188226460728910833 0.00000000000000000000
2.1200000000 0.03175251301670120596 0.00000000000000000000
2.1300000000 0.03162486065004371794 0.00000000000000000000
2.1400000000 0.03149926069205976481 0.00000000000000000000
2.1500000000 0.03137566759323817678 0.00000000000000000000
2.1600000000 0.03125403703099311620 0.00000000000000000000
2.1700000000 0.03113432587214527703 0.00000000000000000000
2.1800000000 0.03101649213665734137 0.00000000000000000000
2.1900000000 0.03090049496257874645 0.00000000000000000000
2.2000000000 0.03078629457215518311 0.00000000000000000000
2.2100000000 0.03067385223906450575 0.00000000000000000000
2.2200000000 0.03056313025673655995 0.00000000000000000000
2.2300000000 0.03045409190771934324 0.00000000000000000000
2.2400000000 0.03034670143405431356 0.00000000000000000000
2.2500000000 0.03024092400862660526 0.00000000000000000000
2.2600000000 0.03013672570745237062 0.00000000000000000000
2.2700000000 0.03003407348287570611 0.00000000000000000000
2.2800000000 0.02993293513763662511 0.00000000000000000000
2.2900000000 0.02983327929978675172 0.00000000000000000000
2.3000000000 0.02973507539841613659 0.00000000000000000000
2.3100000000 0.02963829364016926787 0.00000000000000000000
2.3200000000 0.02954290498651671731 0.00000000000000000000
2.3300000000 0.02944888113176277744 0.00000000000000000000
2.3400000000 0.02935619448175715365 0.00000000000000000000
2.3500000000 0.02926481813329055715 0.00000000000000000000
2.3600000000 0.02917472585414963501 0.00000000000000000000
2.3700000000 0.02908589206380804773 0.00000000000000000000
2.3800000000 0.02899829181473088588 0.00000000000000000000
2.3900000000 0.02891190077427534255 0.00000000000000000000
2.4000000000 0.02882669520716096487 0.00000000000000000000
2.4100000000 0.02874265195849674479 0.00000000000000000000
2.4200000000 0.02865974843734016286 0.00000000000000000000
2.4300000000 0.02857796260077529252 0.00000000000000000000
2.4400000000 0.02849727293848736825 0.00000000000000000000
2.4500000000 0.02841765845782194197 0.00000000000000000000
2.4600000000 0.02833909866930785226 0.00000000000000000000
2.4700000000 0.02826157357263163472 0.00000000000000000000
2.4800000000 0.02818506364304588022 0.00000000000000000000
2.4900000000 0.02810954981819909979 0.00000000000000000000
2.5000000000 0.02803501348537101173 0.00000000000000000000
2.5100000000 0.02796143646910078176 0.00000000000000000000
2.5200000000 0.02788880101919534449 0.00000000000000000000
2.5300000000 0.02781708979910392510 0.00000000000000000000
2.5400000000 0.02774628587464786009 0.00000000000000000000
2.5500000000 0.02767637270309400779 0.00000000000000000000
2.5600000000 0.02760733412255883881 0.00000000000000000000
2.5700000000 0.02753915434173345722 0.00000000000000000000
2.5800000000 0.02747181792992055283 0.00000000000000000000
2.5900000000 0.02740530980736853237 0.00000000000000000000
2.6000000000 0.02733961523589851714 0.00000000000000000000
2.6100000000 0.02727471980981061375 0.00000000000000000000
2.6200000000 0.02721060944706238383 0.00000000000000000000
2.6300000000 0.02714727038070969406 0.00000000000000000000
2.6400000000 0.02708468915060194271 0.00000000000000000000
2.6500000000 0.02702285259532358902 0.00000000000000000000
2.6600000000 0.02696174784437348204 0.00000000000000000000
2.6700000000 0.02690136231057432131 0.00000000000000000000
2.6800000000 0.02684168368270543198 0.00000000000000000000
2.6900000000 0.02678269991835166217 0.00000000000000000000
2.7000000000 0.02672439923696039166 0.00000000000000000000
2.7100000000 0.02666677011310142342 0.00000000000000000000
2.7200000000 0.02660980126992234379 0.00000000000000000000
2.7300000000 0.02655348167279355381 0.00000000000000000000
2.7400000000 0.02649780052313738948 0.00000000000000000000
2.7500000000 0.02644274725243404150 0.00000000000000000000
2.7600000000 0.02638831151640015985 0.00000000000000000000
2.7700000000 0.02633448318933415827 0.00000000000000000000
2.7800000000 0.02628125235862332001 0.00000000000000000000
2.7900000000 0.02622860931940662263 0.00000000000000000000
2.8000000000 0.02617654456938982993 0.00000000000000000000
2.8100000000 0.02612504880380681418 0.00000000000000000000
2.8200000000 0.02607411291052349339 0.00000000000000000000
2.8300000000 0.02602372796527985949 0.00000000000000000000
2.8400000000 0.02597388522706469555 0.00000000000000000000
2.8500000000 0.02592457613362057073 0.00000000000000000000
2.8600000000 0.02587579229707414816 0.00000000000000000000
2.8700000000 0.02582752549968758693 0.00000000000000000000
2.8800000000 0.02577976768972882471 0.00000000000000000000
2.8900000000 0.02573251097745481511 0.00000000000000000000
2.9000000000 0.02568574763120656107 0.00000000000000000000
2.9100000000 0.02563947007361143046 0.00000000000000000000
2.9200000000 0.02559367087788913531 0.00000000000000000000
2.9300000000 0.02554834276425911599 0.00000000000000000000
2.9400000000 0.02550347859644597204 0.00000000000000000000
2.9500000000 0.02545907137827930697 0.00000000000000000000
2.9600000000 0.02541511425038655431 0.00000000000000000000
2.9700000000 0.02537160048697445491 0.00000000000000000000
2.9800000000 0.02532852349269755499 0.00000000000000000000
2.9900000000 0.02528587679961079651 0.00000000000000000000
3.0000000000 0.02524365406420401442 0.00000000000000000000
3.0100000000 0.02520184906451464549 0.00000000000000000000
3.0200000000 0.02516045569731882939 0.00000000000000000000
3.0300000000 0.02511946797539565610 0.00000000000000000000
3.0400000000 0.02507888002486460821 0.00000000000000000000
3.0500000000 0.02503868608259299591 0.00000000000000000000
3.0600000000 0.02499888049367157000 0.00000000000000000000
3.0700000000 0.02495945770895657834 0.00000000000000000000
3.0800000000 0.02492041228267558028 0.00000000000000000000
3.0900000000 0.02488173887009654736 0.00000000000000000000
3.1000000000 0.02484343222525652733 0.00000000000000000000
3.1100000000 0.02480548719874976077 0.00000000000000000000
3.1200000000 0.02476789873557294977 0.00000000000000000000
3.1300000000 0.02473066187302579849 0.00000000000000000000
3.1400000000 0.02469377173866557987 0.00000000000000000000
3.1500000000 0.02465722354831412916 0.00000000000000000000
3.1600000000 0.02462101260411527978 0.00000000000000000000
3.1700000000 0.02458513429264250205 0.00000000000000000000
3.1800000000 0.02454958408305388598 0.00000000000000000000
3.1900000000 0.02451435752529400325 0.00000000000000000000
3.2000000000 0.02447945024834098995 0.00000000000000000000
3.2100000000 0.02444485795849798970 0.00000000000000000000
3.2200000000 0.02441057643772722580 0.00000000000000000000
3.2300000000 0.02437660154202533208 0.00000000000000000000
3.2400000000 0.02434292919984009859 0.00000000000000000000
3.2500000000 0.02430955541052515559 0.00000000000000000000
3.2600000000 0.02427647624283437583 0.00000000000000000000
3.2700000000 0.02424368783345239725 0.00000000000000000000
3.2800000000 0.02421118638556140484 0.00000000000000000000
3.2900000000 0.02417896816744369293 0.00000000000000000000
3.3000000000 0.02414702951111786025 0.00000000000000000000
3.3100000000 0.02411536681100815913 0.00000000000000000000
3.3200000000 0.02408397652264659267 0.00000000000000000000
3.3300000000 0.02405285516140608093 0.00000000000000000000
3.3400000000 0.02402199930126447738 0.00000000000000000000
3.3500000000 0.02399140557359839485 0.00000000000000000000
3.3600000000 0.02396107066600536642 0.00000000000000000000
3.3700000000 0.02393099132115513936 0.00000000000000000000
3.3800000000 0.02390116433566748938 0.00000000000000000000
3.3900000000 0.02387158655901729445 0.00000000000000000000
3.4000000000 0.02384225489246557042 0.00000000000000000000
3.4100000000 0.02381316628801512236 0.00000000000000000000
3.4200000000 0.02378431774739142232 0.00000000000000000000
3.4300000000 0.02375570632104749558 0.00000000000000000000
3.4400000000 0.02372732910719134100 0.00000000000000000000
3.4500000000 0.02369918325083707894 0.00000000000000000000
3.4600000000 0.02367126594287735294 0.00000000000000000000
3.4700000000 0.02364357441917766187 0.00000000000000000000
3.4800000000 0.02361610595969142884 0.00000000000000000000
3.4900000000 0.02358885788759558511 0.00000000000000000000
3.5000000000 0.02356182756844622458 0.00000000000000000000
3.5100000000 0.02353501240935294836 0.00000000000000000000
3.5200000000 0.02350840985817296419 0.00000000000000000000
3.5300000000 0.02348201740272259572 0.00000000000000000000
3.5400000000 0.02345583257000757177 0.00000000000000000000
3.5500000000 0.02342985292547003148 0.00000000000000000000
3.5600000000 0.02340407607225290787 0.00000000000000000000
3.5700000000 0.02337849965048070452 0.00000000000000000000
3.5800000000 0.02335312133655655098 0.00000000000000000000
3.5900000000 0.02332793884247455832 0.00000000000000000000
3.6000000000 0.02330294991514816547 0.00000000000000000000
3.6100000000 0.02327815233575272064 0.00000000000000000000
3.6200000000 0.02325354391908312710 0.00000000000000000000
3.6300000000 0.02322912251292519326 0.00000000000000000000
3.6400000000 0.02320488599744129077 0.00000000000000000000
3.6500000000 0.02318083228456933181 0.00000000000000000000
3.6600000000 0.02315695931743468050 0.00000000000000000000
3.6700000000 0.02313326506977513020 0.00000000000000000000
3.6800000000 0.02310974754537815229 0.00000000000000000000
3.6900000000 0.02308640477753071477 0.00000000000000000000
3.7000000000 0.02306323482848049791 0.00000000000000000000
3.7100000000 0.02304023578890912471 0.00000000000000000000
3.7200000000 0.02301740577741655941 0.00000000000000000000
3.7300000000 0.02299474294001623703 0.00000000000000000000
3.7400000000 0.02297224544964170112 0.00000000000000000000
3.7500000000 0.02294991150566266097 0.00000000000000000000
3.7600000000 0.02292773933341266460 0.00000000000000000000
3.7700000000 0.02290572718372533428 0.00000000000000000000
3.7800000000 0.02288387333248162112 0.00000000000000000000
3.7900000000 0.02286217608016552841 0.00000000000000000000
3.8000000000 0.02284063375142992083 0.00000000000000000000
3.8100000000 0.02281924469467101757 0.00000000000000000000
3.8200000000 0.02279800728161188172 0.00000000000000000000
3.8300000000 0.02277691990689437521 0.00000000000000000000
3.8400000000 0.02275598098767987743 0.00000000000000000000
3.8500000000 0.02273518896325773392 0.00000000000000000000
3.8600000000 0.02271454229466243757 0.00000000000000000000
3.8700000000 0.02269403946429808527 0.00000000000000000000
3.8800000000 0.02267367897557060613 0.00000000000000000000
3.8900000000 0.02265345935252790002 0.00000000000000000000
3.9000000000 0.02263337913950674504 0.00000000000000000000
3.9100000000 0.02261343690078715732 0.00000000000000000000
3.9200000000 0.02259363122025372095 0.00000000000000000000
3.9300000000 0.02257396070106363825 0.00000000000000000000
3.9400000000 0.02255442396532129565 0.00000000000000000000
3.9500000000 0.02253501965375997312 0.00000000000000000000
3.9600000000 0.02251574642542917420 0.00000000000000000000
3.9700000000 0.02249660295738832583 0.00000000000000000000
3.9800000000 0.02247758794440709446 0.00000000000000000000
3.9900000000 0.02245870009867082309 0.00000000000000000000
4.0000000000 0.02243993814949256371 0.00000000000000000000
4.0100000000 0.02242130084302998080 0.00000000000000000000
4.0200000000 0.02240278694200862133 0.00000000000000000000
4.0300000000 0.02238439522544977828 0.00000000000000000000
4.0400000000 0.02236612448840433198 0.00000000000000000000
4.0500000000 0.02234797354169144878 0.00000000000000000000
4.0600000000 0.02232994121164219234 0.00000000000000000000
4.0700000000 0.02231202633984855424 0.00000000000000000000
4.0800000000 0.02229422778291676246 0.00000000000000000000
4.0900000000 0.02227654441222571419 0.00000000000000000000
4.1000000000 0.02225897511368985643 0.00000000000000000000
4.1100000000 0.02224151878752687189 0.00000000000000000000
4.1200000000 0.02222417434802900771 0.00000000000000000000
4.1300000000 0.02220694072333999347 0.00000000000000000000
4.1400000000 0.02218981685523483890 0.00000000000000000000
4.1500000000 0.02217280169890491551 0.00000000000000000000
4.1600000000 0.02215589422274623008 0.00000000000000000000
4.1700000000 0.02213909340815217036 0.00000000000000000000
4.1800000000 0.02212239824930992485 0.00000000000000000000
4.1900000000 0.02210580775300085427 0.00000000000000000000
4.2000000000 0.02208932093840435332 0.00000000000000000000
4.2100000000 0.02207293683690538660 0.00000000000000000000
4.2200000000 0.02205665449190585131 0.00000000000000000000
4.2300000000 0.02204047295863910405 0.00000000000000000000
4.2400000000 0.02202439130398787734 0.00000000000000000000
4.2500000000 0.02200840860630601248 0.00000000000000000000
4.2600000000 0.02199252395524265574 0.00000000000000000000
4.2700000000 0.02197673645157044442 0.00000000000000000000
4.2800000000 0.02196104520701628454 0.00000000000000000000
4.2900000000 0.02194544934409543499 0.00000000000000000000
4.3000000000 0.02192994799594847471 0.00000000000000000000
4.3100000000 0.02191454030618127449 0.00000000000000000000
4.3200000000 0.02189922542870790384 0.00000000000000000000
4.3300000000 0.02188400252759611919 0.00000000000000000000
4.3400000000 0.02186887077691592601 0.00000000000000000000
4.3500000000 0.02185382936059039258 0.00000000000000000000
4.3600000000 0.02183887747224984993 0.00000000000000000000
4.3700000000 0.02182401431508769474 0.00000000000000000000
4.3800000000 0.02180923910171965463 0.00000000000000000000
4.3900000000 0.02179455105404476400 0.00000000000000000000
4.4000000000 0.02177994940310970864 0.00000000000000000000
4.4100000000 0.02176543338897424240 0.00000000000000000000
4.4200000000 0.02175100226058029537 0.00000000000000000000
4.4300000000 0.02173665527562250802 0.00000000000000000000
4.4400000000 0.02172239170042125633 0.00000000000000000000
4.4500000000 0.02170821080979796341 0.00000000000000000000
4.4600000000 0.02169411188695231224 0.00000000000000000000
4.4700000000 0.02168009422334201200 0.00000000000000000000
4.4800000000 0.02166615711856415341 0.00000000000000000000
4.4900000000 0.02165229988023880184 0.00000000000000000000
4.5000000000 0.02163852182389460616 0.00000000000000000000
4.5100000000 0.02162482227285643377 0.00000000000000000000
4.5200000000 0.02161120055813463281 0.00000000000000000000
4.5300000000 0.02159765601831636211 0.00000000000000000000
4.5400000000 0.02158418799945889185 0.00000000000000000000
4.5500000000 0.02157079585498438562 0.00000000000000000000
4.5600000000 0.02155747894557662886 0.00000000000000000000
4.5700000000 0.02154423663907933592 0.00000000000000000000
4.5800000000 0.02153106831039682673 0.00000000000000000000
4.5900000000 0.02151797334139499140 0.00000000000000000000
4.6000000000 0.02150495112080529764 0.00000000000000000000
4.6100000000 0.02149200104412978679 0.00000000000000000000
4.6200000000 0.02147912251354743007 0.00000000000000000000
4.6300000000 0.02146631493782236860 0.00000000000000000000
4.6400000000 0.02145357773221355166 0.00000000000000000000
4.6500000000 0.02144091031838598477 0.00000000000000000000
4.6600000000 0.02142831212432311574 0.00000000000000000000
4.6700000000 0.02141578258424087916 0.00000000000000000000
4.6800000000 0.02140332113850323958 0.00000000000000000000
4.6900000000 0.02139092723353883813 0.00000000000000000000
4.7000000000 0.02137860032175914124 0.00000000000000000000
4.7100000000 0.02136633986147784200 0.00000000000000000000
4.7200000000 0.02135414531683172204 0.00000000000000000000
4.7300000000 0.02134201615770244670 0.00000000000000000000
4.7400000000 0.02132995185964011928 0.00000000000000000000
4.7500000000 0.02131795190378752564 0.00000000000000000000
4.7600000000 0.02130601577680586028 0.00000000000000000000
4.7700000000 0.02129414297080163207 0.00000000000000000000
4.7800000000 0.02128233298325479458 0.00000000000000000000
4.7900000000 0.02127058531694760168 0.00000000000000000000
4.8000000000 0.02125889947989528794 0.00000000000000000000
4.8100000000 0.02124727498527712033 0.00000000000000000000
4.8200000000 0.02123571135136899726 0.00000000000000000000
4.8300000000 0.02122420810147687686 0.00000000000000000000
4.8400000000 0.02121276476387140217 0.00000000000000000000
4.8500000000 0.02120138087172352553 0.00000000000000000000
4.8600000000 0.02119005596304080613 0.00000000000000000000
4.8700000000 0.02117878958060520969 0.00000000000000000000
4.8800000000 0.02116758127191154665 0.00000000000000000000
4.8900000000 0.02115643058910681926 0.00000000000000000000
4.9000000000 0.02114533708893082467 0.00000000000000000000
4.9100000000 0.02113430033265721597 0.00000000000000000000
4.9200000000 0.02112331988603597527 0.00000000000000000000
4.9300000000 0.02111239531923610538 0.00000000000000000000
4.9400000000 0.02110152620678988969 0.00000000000000000000
4.9500000000 0.02109071212753775224 0.00000000000000000000
4.9600000000 0.02107995266457343697 0.00000000000000000000
4.9700000000 0.02106924740519090788 0.00000000000000000000
4.9800000000 0.02105859594083155789 0.00000000000000000000
4.9900000000 0.02104799786703189651 0.00000000000000000000
5.0000000000 0.02103745278337280228 0.00000000000000000000
