0.1000000000 1.60583753261591866135 0.00000000000000000000
0.1100000000 1.51165867809351972539 0.00000000000000000000
0.1200000000 1.42490974215151289251 0.00000000000000000000
0.1300000000 1.34511970123997892657 0.00000000000000000000
0.1400000000 1.27178531963621188616 0.00000000000000000000
0.1500000000 1.20439111487198857731 0.00000000000000000000
0.1600000000 1.14242587083737223708 0.00000000000000000000
0.1700000000 1.08539538999334239655 0.00000000000000000000
0.1800000000 1.03283160716843780413 0.00000000000000000000
0.1900000000 0.98429846815393551296 0.00000000000000000000
0.2000000000 0.93939512005420733320 0.00000000000000000000
0.2100000000 0.89775699810444553606 0.00000000000000000000
0.2200000000 0.85905536071661015018 0.00000000000000000000
0.2300000000 0.82299575213148157271 0.00000000000000000000
0.2400000000 0.78931578391513668169 0.00000000000000000000
0.2500000000 0.75778253831009689812 0.00000000000000000000
0.2600000000 0.72818981705873930821 0.00000000000000000000
0.2700000000 0.70035539275955471794 0.00000000000000000000
0.2800000000 0.67411836690936499661 0.00000000000000000000
0.2900000000 0.64933669853116460224 0.00000000000000000000
0.3000000000 0.62588493784797871733 0.00000000000000000000
0.3100000000 0.60365217876040411227 0.00000000000000000000
0.3200000000 0.58254022994451182260 0.00000000000000000000
0.3300000000 0.56246199549577025056 0.00000000000000000000
0.3400000000 0.54334005080621805561 0.00000000000000000000
0.3500000000 0.52510539668327560481 0.00000000000000000000
0.3600000000 0.50769637377334819739 0.00000000000000000000
0.3700000000 0.49105771953468668745 0.00000000000000000000
0.3800000000 0.47513975087747145620 0.00000000000000000000
0.3900000000 0.45989765685167632858 0.00000000000000000000
0.4000000000 0.44529088720929338452 0.00000000000000000000
0.4100000000 0.43128262416183987815 0.00000000000000000000
0.4200000000 0.41783932611183211003 0.00000000000000000000
0.4300000000 0.40493033350774754187 0.00000000000000000000
0.4400000000 0.39252752822952541312 0.00000000000000000000
0.4500000000 0.38060503904469294989 0.00000000000000000000
0.4600000000 0.36913898668304728767 0.00000000000000000000
0.4700000000 0.35810726296527334300 0.00000000000000000000
0.4800000000 0.34748933919676983084 0.00000000000000000000
0.4900000000 0.33726609971212351269 0.00000000000000000000
0.5000000000 0.32741969703925621893 0.00000000000000000000
0.5100000000 0.31793342565528653898 0.00000000000000000000
0.5200000000 0.30879161173902247572 0.00000000000000000000
0.5300000000 0.29997951669648875717 0.00000000000000000000
0.5400000000 0.29148325255437385062 0.00000000000000000000
0.5500000000 0.28328970758901356186 0.00000000000000000000
0.5600000000 0.27538648079191840878 0.00000000000000000000
0.5700000000 0.26776182397242065392 0.00000000000000000000
0.5800000000 0.26040459046877800775 0.00000000000000000000
0.5900000000 0.25330418958497907811 0.00000000000000000000
0.6000000000 0.24645054599533139372 0.00000000000000000000
0.6100000000 0.23983406346568122980 0.00000000000000000000
0.6200000000 0.23344559233143183374 0.00000000000000000000
0.6300000000 0.22727640025069631435 0.00000000000000000000
0.6400000000 0.22131814581790049123 0.00000000000000000000
0.6500000000 0.21556285468037644781 0.00000000000000000000
0.6600000000 0.21000289784974662810 0.00000000000000000000
0.6700000000 0.20463097194193372030 0.00000000000000000000
0.6800000000 0.19944008111583250153 0.00000000000000000000
0.6900000000 0.19442352051167924309 0.00000000000000000000
0.7000000000 0.18957486101682874402 0.00000000000000000000
0.7100000000 0.18488793520952326310 0.00000000000000000000
0.7200000000 0.18035682435099406606 0.00000000000000000000
0.7300000000 0.17597584631310067560 0.00000000000000000000
0.7400000000 0.17173954434342689201 0.00000000000000000000
0.7500000000 0.16764267658221129742 0.00000000000000000000
0.7600000000 0.16368020625639786991 0.00000000000000000000
0.7700000000 0.15984729248551055036 0.00000000000000000000
0.7800000000 0.15613928164197907189 0.00000000000000000000
0.7900000000 0.15255169921567643398 0.00000000000000000000
0.8000000000 0.14908024213843945605 0.00000000000000000000
0.8100000000 0.14572077152949589052 0.00000000000000000000
0.8200000000 0.14246930582734879112 0.00000000000000000000
0.8300000000 0.13932201427753565515 0.00000000000000000000
0.8400000000 0.13627521074917203769 0.00000000000000000000
0.8500000000 0.13332534785602082050 0.00000000000000000000
0.8600000000 0.13046901136056593407 0.00000000000000000000
0.8700000000 0.12770291484167281548 0.00000000000000000000
0.8800000000 0.12502389460858504000 0.00000000000000000000
0.8900000000 0.12242890484534428575 0.00000000000000000000
0.9000000000 0.11991501297179094077 0.00000000000000000000
0.9100000000 0.11747939520801416180 0.00000000000000000000
0.9200000000 0.11511933233068553928 0.00000000000000000000
0.9300000000 0.11283220561059231768 0.00000000000000000000
0.9400000000 0.11061549292158034952 0.00000000000000000000
0.9500000000 0.10846676501191590547 0.00000000000000000000
0.9600000000 0.10638368192974871629 0.00000000000000000000
0.9700000000 0.10436398959509739226 0.00000000000000000000
0.9800000000 0.10240551651120359533 0.00000000000000000000
0.9900000000 0.10050617060854442897 0.00000000000000000000
1.0000000000 0.09866393621582379703 0.00000000000000000000
1.0100000000 0.09687687115095743040 0.00000000000000000000
1.0200000000 0.09514310392835226282 0.00000000000000000000
1.0300000000 0.09346083107654988564 0.00000000000000000000
1.0400000000 0.09182831456061493758 0.00000000000000000000
1.0500000000 0.09024387930633905042 0.00000000000000000000
1.0600000000 0.08870591082095208302 0.00000000000000000000
1.0700000000 0.08721285290664117229 0.00000000000000000000
1.0800000000 0.08576320546301584302 0.00000000000000000000
1.0900000000 0.08435552237481676319 0.00000000000000000000
1.1000000000 0.08298840948142344187 0.00000000000000000000
1.1100000000 0.08166052262493908587 0.00000000000000000000
1.1200000000 0.08037056577357114262 0.00000000000000000000
1.1300000000 0.07911728921739930032 0.00000000000000000000
1.1400000000 0.07789948783364555873 0.00000000000000000000
1.1500000000 0.07671599941864326588 0.00000000000000000000
1.1600000000 0.07556570308395121893 0.00000000000000000000
1.1700000000 0.07444751771403872176 0.00000000000000000000
1.1800000000 0.07336040048316408435 0.00000000000000000000
1.1900000000 0.07230334542912021656 0.00000000000000000000
1.2000000000 0.07127538208162864652 0.00000000000000000000
1.2100000000 0.07027557414326617014 0.00000000000000000000
1.2200000000 0.06930301822086495922 0.00000000000000000000
1.2300000000 0.06835684260544971913 0.00000000000000000000
1.2400000000 0.06743620609879721894 0.00000000000000000000
1.2500000000 0.06654029688485435523 0.00000000000000000000
1.2600000000 0.06566833144422434820 0.00000000000000000000
1.2700000000 0.06481955351011159383 0.00000000000000000000
1.2800000000 0.06399323306406612399 0.00000000000000000000
1.2900000000 0.06318866537002475192 0.00000000000000000000
1.3000000000 0.06240517004515407778 0.00000000000000000000
1.3100000000 0.06164209016607688496 0.00000000000000000000
1.3200000000 0.06089879140909217753 0.00000000000000000000
1.3300000000 0.06017466122312178922 0.00000000000000000000
1.3400000000 0.05946910803405846407 0.00000000000000000000
1.3500000000 0.05878156047934513656 0.00000000000000000000
1.3600000000 0.05811146667160672907 0.00000000000000000000
1.3700000000 0.05745829349019010435 0.00000000000000000000
1.3800000000 0.05682152589956530192 0.00000000000000000000
1.3900000000 0.05620066629352504783 0.00000000000000000000
1.4000000000 0.05559523386418905450 0.00000000000000000000
1.4100000000 0.05500476399486459167 0.00000000000000000000
1.4200000000 0.05442880767583853363 0.00000000000000000000
1.4300000000 0.05386693094219603684 0.00000000000000000000
1.4400000000 0.05331871433283831563 0.00000000000000000000
1.4500000000 0.05278375236987066510 0.00000000000000000000
1.4600000000 0.05226165305756834412 0.00000000000000000000
1.4700000000 0.05175203740016965509 0.00000000000000000000
1.4800000000 0.05125453893777525555 0.00000000000000000000
1.4900000000 0.05076880329963385369 0.00000000000000000000
1.5000000000 0.05029448777417166311 0.00000000000000000000
1.5100000000 0.04983126089509462564 0.00000000000000000000
1.5200000000 0.04937880204295506253 0.00000000000000000000
1.5300000000 0.04893680106158881937 0.00000000000000000000
1.5400000000 0.04850495788884267440 0.00000000000000000000
1.5500000000 0.04808298220104428172 0.00000000000000000000
1.5600000000 0.04767059307068876456 0.00000000000000000000
1.5700000000 0.04726751863682973620 0.00000000000000000000
1.5800000000 0.04687349578768455760 0.00000000000000000000
1.5900000000 0.04648826985499586451 0.00000000000000000000
1.6000000000 0.04611159431967669364 0.00000000000000000000
1.6100000000 0.04574323052833084019 0.00000000000000000000
1.6200000000 0.04538294742021312805 0.00000000000000000000
1.6300000000 0.04503052126423829488 0.00000000000000000000
1.6400000000 0.04468573540565167618 0.00000000000000000000
1.6500000000 0.04434838002199182477 0.00000000000000000000
1.6600000000 0.04401825188799068228 0.00000000000000000000
1.6700000000 0.04369515414907172712 0.00000000000000000000
1.6800000000 0.04337889610311228966 0.00000000000000000000
1.6900000000 0.04306929299016445251 0.00000000000000000000
1.7000000000 0.04276616578982267436 0.00000000000000000000
1.7100000000 0.04246934102595389254 0.00000000000000000000
1.7200000000 0.04217865057850530425 0.00000000000000000000
1.7300000000 0.04189393150212743916 0.00000000000000000000
1.7400000000 0.04161502585134775611 0.00000000000000000000
1.7500000000 0.04134178051205154164 0.00000000000000000000
1.7600000000 0.04107404703903007326 0.00000000000000000000
1.7700000000 0.04081168149936682116 0.00000000000000000000
1.7800000000 0.04055454432144114246 0.00000000000000000000
1.7900000000 0.04030250014934066288 0.00000000000000000000
1.8000000000 0.04005541770247412342 0.00000000000000000000
1.8100000000 0.03981316964019367827 0.00000000000000000000
1.8200000000 0.03957563243123961294 0.00000000000000000000
1.8300000000 0.03934268622781736391 0.00000000000000000000
1.8400000000 0.03911421474415039540 0.00000000000000000000
1.8500000000 0.03889010513932363716 0.00000000000000000000
1.8600000000 0.03867024790427135011 0.00000000000000000000
1.8700000000 0.03845453675274738276 0.00000000000000000000
1.8800000000 0.03824286851613085264 0.00000000000000000000
1.8900000000 0.03803514304193082729 0.00000000000000000000
1.9000000000 0.03783126309584237956 0.00000000000000000000
1.9100000000 0.03763113426723153909 0.00000000000000000000
1.9200000000 0.03743466487791944491 0.00000000000000000000
1.9300000000 0.03724176589414136124 0.00000000000000000000
1.9400000000 0.03705235084156945774 0.00000000000000000000
1.9500000000 0.03686633572327870090 0.00000000000000000000
1.9600000000 0.03668363894055773344 0.00000000000000000000
1.9700000000 0.03650418121644939673 0.00000000000000000000
1.9800000000 0.03632788552193080833 0.00000000000000000000
1.9900000000 0.03615467700463084050 0.00000000000000000000
2.0000000000 0.03598448291999423176 0.00000000000000000000
2.0100000000 0.03581723256480192491 0.00000000000000000000
2.0200000000 0.03565285721296461430 0.00000000000000000000
2.0300000000 0.03549129005350567384 0.00000000000000000000
2.0400000000 0.03533246613065239849 0.00000000000000000000
2.0500000000 0.03517632228596201394 0.00000000000000000000
2.0600000000 0.03502279710240831928 0.00000000000000000000
2.0700000000 0.03487183085035616692 0.00000000000000000000
2.0800000000 0.03472336543536062164 0.00000000000000000000
2.0900000000 0.03457734434772008481 0.00000000000000000000
2.1000000000 0.03443371261372242531 0.00000000000000000000
2.1100000000 0.03429241674852713528 0.00000000000000000000
2.1200000000 0.03415340471061804883 0.00000000000000000000
2.1300000000 0.03401662585777722597 0.00000000000000000000
2.1400000000 0.03388203090452255456 0.00000000000000000000
2.1500000000 0.03374957188095741717 0.00000000000000000000
2.1600000000 0.03361920209298318446 0.00000000000000000000
2.1700000000 0.03349087608382619874 0.00000000000000000000
2.1800000000 0.03336454959683204241 0.00000000000000000000
2.1900000000 0.03324017953948361220 0.00000000000000000000
2.2000000000 0.03311772394859868740 0.00000000000000000000
2.2100000000 0.03299714195666728772 0.00000000000000000000
2.2200000000 0.03287839375928722913 0.00000000000000000000
2.2300000000 0.03276144058366089323 0.00000000000000000000
2.2400000000 0.03264624465811431786 0.00000000000000000000
2.2500000000 0.03253276918260541994 0.00000000000000000000
2.2600000000 0.03242097830018576127 0.00000000000000000000
2.2700000000 0.03231083706938171068 0.00000000000000000000
2.2800000000 0.03220231143746559582 0.00000000000000000000
2.2900000000 0.03209536821458432165 0.00000000000000000000
2.3000000000 0.03198997504871604197 0.00000000000000000000
2.3100000000 0.03188610040142765556 0.00000000000000000000
2.3200000000 0.03178371352440353959 0.00000000000000000000
2.3300000000 0.03168278443672194883 0.00000000000000000000
2.3400000000 0.03158328390285049941 0.00000000000000000000
2.3500000000 0.03148518341133851872 0.00000000000000000000
2.3600000000 0.03138845515418085819 0.00000000000000000000
2.3700000000 0.03129307200683199147 0.00000000000000000000
2.3800000000 0.03119900750884707641 0.00000000000000000000
2.3900000000 0.03110623584512931666 0.00000000000000000000
2.4000000000 0.03101473182776305626 0.00000000000000000000
2.4100000000 0.03092447087841276518 0.00000000000000000000
2.4200000000 0.03083542901126921920 0.00000000000000000000
2.4300000000 0.03074758281652417713 0.00000000000000000000
2.4400000000 0.03066090944435653082 0.00000000000000000000
2.4500000000 0.03057538658941107157 0.00000000000000000000
2.4600000000 0.03049099247575615471 0.00000000000000000000
2.4700000000 0.03040770584230232873 0.00000000000000000000
2.4800000000 0.03032550592866638250 0.00000000000000000000
2.4900000000 0.03024437246146863961 0.00000000000000000000
2.5000000000 0.03016428564104601737 0.00000000000000000000
2.5100000000 0.03008522612856878720 0.00000000000000000000
2.5200000000 0.03000717503354798782 0.00000000000000000000
2.5300000000 0.02993011390172027955 0.00000000000000000000
2.5400000000 0.02985402470329681993 0.00000000000000000000
2.5500000000 0.02977888982156644965 0.00000000000000000000
2.5600000000 0.02970469204184041784 0.00000000000000000000
2.5700000000 0.02963141454072577841 0.00000000000000000000
2.5800000000 0.02955904087572138947 0.00000000000000000000
2.5900000000 0.02948755497512065352 0.00000000000000000000
2.6000000000 0.02941694112821558252 0.00000000000000000000
2.6100000000 0.02934718397578952448 0.00000000000000000000
2.6200000000 0.02927826850089052663 0.00000000000000000000
2.6300000000 0.02921018001987653670 0.00000000000000000000
2.6400000000 0.02914290417372289096 0.00000000000000000000
2.6500000000 0.02907642691958401554 0.00000000000000000000
2.6600000000 0.02901073452260169092 0.00000000000000000000
2.6700000000 0.02894581354795234054 0.00000000000000000000
2.6800000000 0.02888165085312347294 0.00000000000000000000
2.6900000000 0.02881823358041474964 0.00000000000000000000
2.7000000000 0.02875554914965608791 0.00000000000000000000
2.7100000000 0.02869358525113401698 0.00000000000000000000
2.7200000000 0.02863232983872201695 0.00000000000000000000
2.7300000000 0.02857177112320708964 0.00000000000000000000
2.7400000000 0.02851189756580748552 0.00000000000000000000
2.7500000000 0.02845269787187388114 0.00000000000000000000
2.7600000000 0.02839416098477066247 0.00000000000000000000
2.7700000000 0.02833627607992945593 0.00000000000000000000
2.7800000000 0.02827903255907133345 0.00000000000000000000
2.7900000000 0.02822242004459083603 0.00000000000000000000
2.8000000000 0.02816642837409867595 0.00000000000000000000
2.8100000000 0.02811104759511643542 0.00000000000000000000
2.8200000000 0.02805626795991984085 0.00000000000000000000
2.8300000000 0.02800207992052557160 0.00000000000000000000
2.8400000000 0.02794847412381686394 0.00000000000000000000
2.8500000000 0.02789544140680487450 0.00000000000000000000
2.8600000000 0.02784297279202001610 0.00000000000000000000
2.8700000000 0.02779105948303079235 0.00000000000000000000
2.8800000000 0.02773969286008527019 0.00000000000000000000
2.8900000000 0.02768886447587214777 0.00000000000000000000
2.9000000000 0.02763856605139738618 0.00000000000000000000
2.9100000000 0.02758878947197309153 0.00000000000000000000
2.9200000000 0.02753952678331517481 0.00000000000000000000
2.9300000000 0.02749077018774715581 0.00000000000000000000
2.9400000000 0.02744251204050539988 0.00000000000000000000
2.9500000000 0.02739474484614510749 0.00000000000000000000
2.9600000000 0.02734746125504104383 0.00000000000000000000
2.9700000000 0.02730065405998394201 0.00000000000000000000
2.9800000000 0.02725431619286612303 0.00000000000000000000
2.9900000000 0.02720844072145565257 0.00000000000000000000
3.0000000000 0.02716302084625661639 0.00000000000000000000
3.0100000000 0.02711804989745165637 0.00000000000000000000
3.0200000000 0.02707352133192586496 0.00000000000000000000
3.0300000000 0.02702942873036830174 0.00000000000000000000
3.0400000000 0.02698576579445000415 0.00000000000000000000
3.0500000000 0.02694252634407533209 0.00000000000000000000
3.0600000000 0.02689970431470551857 0.00000000000000000000
3.0700000000 0.02685729375475114783 0.00000000000000000000
3.0800000000 0.02681528882303238839 0.00000000000000000000
3.0900000000 0.02677368378630558612 0.00000000000000000000
3.1000000000 0.02673247301685218597 0.00000000000000000000
3.1100000000 0.02669165099013104392 0.00000000000000000000
3.1200000000 0.02665121228248937615 0.00000000000000000000
3.1300000000 0.02661115156893383710 0.00000000000000000000
3.1400000000 0.02657146362095684847 0.00000000000000000000
3.1500000000 0.02653214330441890784 0.00000000000000000000
3.1600000000 0.02649318557748450362 0.00000000000000000000
3.1700000000 0.02645458548860949582 0.00000000000000000000
3.1800000000 0.02641633817457994526 0.00000000000000000000
3.1900000000 0.02637843885859966417 0.00000000000000000000
3.2000000000 0.02634088284842557581 0.00000000000000000000
3.2100000000 0.02630366553454973472 0.00000000000000000000
3.2200000000 0.02626678238842662313 0.00000000000000000000
3.2300000000 0.02623022896074401686 0.00000000000000000000
3.2400000000 0.02619400087973727115 0.00000000000000000000
3.2500000000 0.02615809384954428246 0.00000000000000000000
3.2600000000 0.02612250364860128904 0.00000000000000000000
3.2700000000 0.02608722612807833421 0.00000000000000000000
3.2800000000 0.02605225721035228995 0.00000000000000000000
3.2900000000 0.02601759288751731569 0.00000000000000000000
3.3000000000 0.02598322921993178117 0.00000000000000000000
3.3100000000 0.02594916233479960949 0.00000000000000000000
3.3200000000 0.02591538842478677968 0.00000000000000000000
3.3300000000 0.02588190374667032057 0.00000000000000000000
3.3400000000 0.02584870462002020891 0.00000000000000000000
3.3500000000 0.02581578742591257233 0.00000000000000000000
3.3600000000 0.02578314860567343034 0.00000000000000000000
3.3700000000 0.02575078465965273747 0.00000000000000000000
3.3800000000 0.02571869214602711534 0.00000000000000000000
3.3900000000 0.02568686767963082596 0.00000000000000000000
3.4000000000 0.02565530793081470529 0.00000000000000000000
3.4100000000 0.02562400962433125998 0.00000000000000000000
3.4200000000 0.02559296953824644755 0.00000000000000000000
3.4300000000 0.02556218450287669683 0.00000000000000000000
3.4400000000 0.02553165139975013126 0.00000000000000000000
3.4500000000 0.02550136716059311220 0.00000000000000000000
3.4600000000 0.02547132876633880286 0.00000000000000000000
3.4700000000 0.02544153324615926193 0.00000000000000000000
3.4800000000 0.02541197767652049813 0.00000000000000000000
3.4900000000 0.02538265918025763707 0.00000000000000000000
3.5000000000 0.02535357492567262908 0.00000000000000000000
3.5100000000 0.02532472212565143807 0.00000000000000000000
3.5200000000 0.02529609803680224131 0.00000000000000000000
3.5300000000 0.02526769995861269727 0.00000000000000000000
3.5400000000 0.02523952523262567096 0.00000000000000000000
3.5500000000 0.02521157124163474900 0.00000000000000000000
3.5600000000 0.02518383540889675143 0.00000000000000000000
3.5700000000 0.02515631519736229518 0.00000000000000000000
3.5800000000 0.02512900810892345835 0.00000000000000000000
3.5900000000 0.02510191168367843090 0.00000000000000000000
3.6000000000 0.02507502349921193058 0.00000000000000000000
3.6100000000 0.02504834116989182805 0.00000000000000000000
3.6200000000 0.02502186234618134289 0.00000000000000000000
3.6300000000 0.02499558471396632481 0.00000000000000000000
3.6400000000 0.02496950599389715503 0.00000000000000000000
3.6500000000 0.02494362394074496267 0.00000000000000000000
3.6600000000 0.02491793634277216646 0.00000000000000000000
3.6700000000 0.02489244102111631135 0.00000000000000000000
3.6800000000 0.02486713582918748111 0.00000000000000000000
3.6900000000 0.02484201865207866233 0.00000000000000000000
3.7000000000 0.02481708740598875459 0.00000000000000000000
3.7100000000 0.02479234003765777572 0.00000000000000000000
3.7200000000 0.02476777452381477562 0.00000000000000000000
3.7300000000 0.02474338887063649850 0.00000000000000000000
3.7400000000 0.02471918111321873626 0.00000000000000000000
3.7500000000 0.02469514931505761499 0.00000000000000000000
3.7600000000 0.02467129156754317015 0.00000000000000000000
3.7700000000 0.02464760598946226858 0.00000000000000000000
3.7800000000 0.02462409072651305236 0.00000000000000000000
3.7900000000 0.02460074395082910426 0.00000000000000000000
3.8000000000 0.02457756386051316785 0.00000000000000000000
3.8100000000 0.02455454867918130044 0.00000000000000000000
3.8200000000 0.02453169665551594922 0.00000000000000000000
3.8300000000 0.02450900606282864144 0.00000000000000000000
3.8400000000 0.02448647519863123706 0.00000000000000000000
3.8500000000 0.02446410238421641015 0.00000000000000000000
3.8600000000 0.02444188596424664434 0.00000000000000000000
3.8700000000 0.02441982430635137105 0.00000000000000000000
3.8800000000 0.02439791580073268074 0.00000000000000000000
3.8900000000 0.02437615885977882993 0.00000000000000000000
3.9000000000 0.02435455191768553032 0.00000000000000000000
3.9100000000 0.02433309343008514813 0.00000000000000000000
3.9200000000 0.02431178187368302282 0.00000000000000000000
3.9300000000 0.02429061574590132833 0.00000000000000000000
3.9400000000 0.02426959356453000163 0.00000000000000000000
3.9500000000 0.02424871386738464141 0.00000000000000000000
3.9600000000 0.02422797521197116860 0.00000000000000000000
3.9700000000 0.02420737617515718657 0.00000000000000000000
3.9800000000 0.02418691535284984984 0.00000000000000000000
3.9900000000 0.02416659135968006814 0.00000000000000000000
4.0000000000 0.02414640282869275414 0.00000000000000000000
4.0100000000 0.02412634841104363201 0.00000000000000000000
4.0200000000 0.02410642677570133327 0.00000000000000000000
4.0300000000 0.02408663660915574475 0.00000000000000000000
4.0400000000 0.02406697661513187633 0.00000000000000000000
4.0500000000 0.02404744551430940819 0.00000000000000000000
4.0600000000 0.02402804204404719590 0.00000000000000000000
4.0700000000 0.02400876495811381933 0.00000000000000000000
4.0800000000 0.02398961302642272156 0.00000000000000000000
4.0900000000 0.02397058503477243752 0.00000000000000000000
4.1000000000 0.02395167978459237720 0.00000000000000000000
4.1100000000 0.02393289609269261264 0.00000000000000000000
4.1200000000 0.02391423279101902860 0.00000000000000000000
4.1300000000 0.02389568872641289685 0.00000000000000000000
4.1400000000 0.02387726276037492948 0.00000000000000000000
4.1500000000 0.02385895376883396396 0.00000000000000000000
4.1600000000 0.02384076064191966229 0.00000000000000000000
4.1700000000 0.02382268228373986274 0.00000000000000000000
4.1800000000 0.02380471761216182772 0.00000000000000000000
4.1900000000 0.02378686555859749197 0.00000000000000000000
4.2000000000 0.02376912506779308917 0.00000000000000000000
4.2100000000 0.02375149509762217864 0.00000000000000000000
4.2200000000 0.02373397461888273122 0.00000000000000000000
4.2300000000 0.02371656261509814956 0.00000000000000000000
4.2400000000 0.02369925808232144215 0.00000000000000000000
4.2500000000 0.02368206002894340453 0.00000000000000000000
4.2600000000 0.02366496747550405483 0.00000000000000000000
4.2700000000 0.02364797945450797939 0.00000000000000000000
4.2800000000 0.02363109501024181214 0.00000000000000000000
4.2900000000 0.02361431319859675498 0.00000000000000000000
4.3000000000 0.02359763308689280872 0.00000000000000000000
4.3100000000 0.02358105375370695561 0.00000000000000000000
4.3200000000 0.02356457428870420770 0.00000000000000000000
4.3300000000 0.02354819379247149319 0.00000000000000000000
4.3400000000 0.02353191137635500182 0.00000000000000000000
4.3500000000 0.02351572616229976806 0.00000000000000000000
4.3600000000 0.02349963728269262309 0.00000000000000000000
4.3700000000 0.02348364388020788077 0.00000000000000000000
4.3800000000 0.02346774510765511218 0.00000000000000000000
4.3900000000 0.02345194012783060472 0.00000000000000000000
4.4000000000 0.02343622811337069470 0.00000000000000000000
4.4100000000 0.02342060824660774018 0.00000000000000000000
4.4200000000 0.02340507971942897003 0.00000000000000000000
4.4300000000 0.02338964173313734865 0.00000000000000000000
4.4400000000 0.02337429349831525449 0.00000000000000000000
4.4500000000 0.02335903423469019857 0.00000000000000000000
4.4600000000 0.02334386317100284672 0.00000000000000000000
4.4700000000 0.02332877954487790409 0.00000000000000000000
4.4800000000 0.02331378260269601974 0.00000000000000000000
4.4900000000 0.02329887159946942080 0.00000000000000000000
4.5000000000 0.02328404579871829611 0.00000000000000000000
4.5100000000 0.02326930447235001087 0.00000000000000000000
4.5200000000 0.02325464690054031974 0.00000000000000000000
4.5300000000 0.02324007237161623482 0.00000000000000000000
4.5400000000 0.02322558018194141941 0.00000000000000000000
4.5500000000 0.02321116963580291404 0.00000000000000000000
4.5600000000 0.02319684004530023214 0.00000000000000000000
4.5700000000 0.02318259073023602040 0.00000000000000000000
4.5800000000 0.02316842101800873147 0.00000000000000000000
4.5900000000 0.02315433024350703473 0.00000000000000000000
4.6000000000 0.02314031774900578500 0.00000000000000000000
4.6100000000 0.02312638288406402426 0.00000000000000000000
4.6200000000 0.02311252500542454805 0.00000000000000000000
4.6300000000 0.02309874347691495688 0.00000000000000000000
4.6400000000 0.02308503766935057766 0.00000000000000000000
4.6500000000 0.02307140696043883527 0.00000000000000000000
4.6600000000 0.02305785073468526875 0.00000000000000000000
4.6700000000 0.02304436838330098380 0.00000000000000000000
4.6800000000 0.02303095930411161799 0.00000000000000000000
4.6900000000 0.02301762290146803364 0.00000000000000000000
4.7000000000 0.02300435858615791640 0.00000000000000000000
4.7100000000 0.02299116577531942415 0.00000000000000000000
4.7200000000 0.02297804389235579697 0.00000000000000000000
4.7300000000 0.02296499236685137918 0.00000000000000000000
4.7400000000 0.02295201063448928588 0.00000000000000000000
4.7500000000 0.02293909813697004099 0.00000000000000000000
4.7600000000 0.02292625432193149543 0.00000000000000000000
4.7700000000 0.02291347864287058070 0.00000000000000000000
4.7800000000 0.02290077055906538511 0.00000000000000000000
4.7900000000 0.02288812953549925616 0.00000000000000000000
4.8000000000 0.02287555504278580495 0.00000000000000000000
4.8100000000 0.02286304655709495148 0.00000000000000000000
4.8200000000 0.02285060356008030563 0.00000000000000000000
4.8300000000 0.02283822553880760983 0.00000000000000000000
4.8400000000 0.02282591198568443766 0.00000000000000000000
4.8500000000 0.02281366239839076673 0.00000000000000000000
4.8600000000 0.02280147627981076938 0.00000000000000000000
4.8700000000 0.02278935313796560946 0.00000000000000000000
4.8800000000 0.02277729248594726613 0.00000000000000000000
4.8900000000 0.02276529384185353028 0.00000000000000000000
4.9000000000 0.02275335672872369486 0.00000000000000000000
4.9100000000 0.02274148067447551158 0.00000000000000000000
4.9200000000 0.02272966521184303576 0.00000000000000000000
4.9300000000 0.02271790987831520323 0.00000000000000000000
4.9400000000 0.02270621421607579848 0.00000000000000000000
4.9500000000 0.02269457777194382533 0.00000000000000000000
4.9600000000 0.02268300009731517158 0.00000000000000000000
4.9700000000 0.02267148074810482195 0.00000000000000000000
4.9800000000 0.02266001928469030258 0.00000000000000000000
4.9900000000 0.02264861527185579523 0.00000000000000000000
5.0000000000 0.02263726827873683428 0.00000000000000000000
