0.1000000000 2.88648124994493082696 0.00000000000000000000
0.1100000000 2.76033035328594067437 0.00000000000000000000
0.1200000000 2.63946905620861027586 0.00000000000000000000
0.1300000000 2.52398969766593861408 0.00000000000000000000
0.1400000000 2.41392507706294479064 0.00000000000000000000
0.1500000000 2.30925110313478709756 0.00000000000000000000
0.1600000000 2.20989147793258267072 0.00000000000000000000
0.1700000000 2.11572396063471046546 0.00000000000000000000
0.1800000000 2.02658767986269028327 0.00000000000000000000
0.1900000000 1.94229095276156016325 0.00000000000000000000
0.2000000000 1.86261911497647414393 0.00000000000000000000
0.2100000000 1.78734195147205809917 0.00000000000000000000
0.2200000000 1.71622042508389527349 0.00000000000000000000
0.2300000000 1.64901251042070096098 0.00000000000000000000
0.2400000000 1.58547804193344932244 0.00000000000000000000
0.2500000000 1.52538256833668572909 0.00000000000000000000
0.2600000000 1.46850026756540219530 0.00000000000000000000
0.2700000000 1.41461601726427366188 0.00000000000000000000
0.2800000000 1.36352673804736457264 0.00000000000000000000
0.2900000000 1.31504213425938876192 0.00000000000000000000
0.3000000000 1.26898495380640152774 0.00000000000000000000
0.3100000000 1.22519087855504182905 0.00000000000000000000
0.3200000000 1.18350814291397465894 0.00000000000000000000
0.3300000000 1.14379696284030663023 0.00000000000000000000
0.3400000000 1.10592884227045828993 0.00000000000000000000
0.3500000000 1.06978580986922700014 0.00000000000000000000
0.3600000000 1.03525962656636050241 0.00000000000000000000
0.3700000000 1.00225099381743665283 0.00000000000000000000
0.3800000000 0.97066878387628285907 0.00000000000000000000
0.3900000000 0.94042930645802857992 0.00000000000000000000
0.4000000000 0.91145562079638009489 0.00000000000000000000
0.4100000000 0.88367689802225379836 0.00000000000000000000
0.4200000000 0.85702783578342534021 0.00000000000000000000
0.4300000000 0.83144812487482622210 0.00000000000000000000
0.4400000000 0.80688196617163232549 0.00000000000000000000
0.4500000000 0.78327763519619986177 0.00000000000000000000
0.4600000000 0.76058709107671007565 0.00000000000000000000
0.4700000000 0.73876562636728027034 0.00000000000000000000
0.4800000000 0.71777155411504234284 0.00000000000000000000
0.4900000000 0.69756592861672006567 0.00000000000000000000
0.5000000000 0.67811229645794679488 0.00000000000000000000
0.5100000000 0.65937647463759163635 0.00000000000000000000
0.5200000000 0.64132635282055738823 0.00000000000000000000
0.5300000000 0.62393171701761340753 0.00000000000000000000
0.5400000000 0.60716409224667555744 0.00000000000000000000
0.5500000000 0.59099660197800008010 0.00000000000000000000
0.5600000000 0.57540384240049491371 0.00000000000000000000
0.5700000000 0.56036176976453655474 0.00000000000000000000
0.5800000000 0.54584759925668435709 0.00000000000000000000
0.5900000000 0.53183971404316587872 0.00000000000000000000
0.6000000000 0.51831758328217192311 0.00000000000000000000
0.6100000000 0.50526168805084803459 0.00000000000000000000
0.6200000000 0.49265345426227691306 0.00000000000000000000
0.6300000000 0.48047519176239217309 0.00000000000000000000
0.6400000000 0.46871003889753920513 0.00000000000000000000
0.6500000000 0.45734191193212025972 0.00000000000000000000
0.6600000000 0.44635545877335702780 0.00000000000000000000
0.6700000000 0.43573601652803400919 0.00000000000000000000
0.6800000000 0.42546957247556005388 0.00000000000000000000
0.6900000000 0.41554272809307946090 0.00000000000000000000
0.7000000000 0.40594266581366911240 0.00000000000000000000
0.7100000000 0.39665711823755966936 0.00000000000000000000
0.7200000000 0.38767433955071795015 0.00000000000000000000
0.7300000000 0.37898307893456184559 0.00000000000000000000
0.7400000000 0.37057255577647857381 0.00000000000000000000
0.7500000000 0.36243243651329098975 0.00000000000000000000
0.7600000000 0.35455281295934992780 0.00000000000000000000
0.7700000000 0.34692418198793206763 0.00000000000000000000
0.7800000000 0.33953742644948092799 0.00000000000000000000
0.7900000000 0.33238379722324590260 0.00000000000000000000
0.8000000000 0.32545489630993573726 0.00000000000000000000
0.8100000000 0.31874266088329100688 0.00000000000000000000
0.8200000000 0.31223934822659471511 0.00000000000000000000
0.8300000000 0.30593752148820518855 0.00000000000000000000
0.8400000000 0.29983003619653469940 0.00000000000000000000
0.8500000000 0.29391002748088607133 0.00000000000000000000
0.8600000000 0.28817089794946881831 0.00000000000000000000
0.8700000000 0.28260630618093751654 0.00000000000000000000
0.8800000000 0.27721015578913477118 0.00000000000000000000
0.8900000000 0.27197658502495697386 0.00000000000000000000
0.9000000000 0.26689995688174478206 0.00000000000000000000
0.9100000000 0.26197484967402812073 0.00000000000000000000
0.9200000000 0.25719604806151397103 0.00000000000000000000
0.9300000000 0.25255853449237530839 0.00000000000000000000
0.9400000000 0.24805748104251593156 0.00000000000000000000
0.9500000000 0.24368824162860541760 0.00000000000000000000
0.9600000000 0.23944634457424451845 0.00000000000000000000
0.9700000000 0.23532748551092380618 0.00000000000000000000
0.9800000000 0.23132752059602743055 0.00000000000000000000
0.9900000000 0.22744246003077481233 0.00000000000000000000
1.0000000000 0.22366846186391295404 0.00000000000000000000
1.0100000000 0.22000182606664911433 0.00000000000000000000
1.0200000000 0.21643898886433227124 0.00000000000000000000
1.0300000000 0.21297651731240122008 0.00000000000000000000
1.0400000000 0.20961110410725627973 0.00000000000000000000
1.0500000000 0.20633956261751079664 0.00000000000000000000
1.0600000000 0.20315882212700636655 0.00000000000000000000
1.0700000000 0.20006592327929451081 0.00000000000000000000
1.0800000000 0.19705801371427408841 0.00000000000000000000
1.0900000000 0.19413234388784536555 0.00000000000000000000
1.1000000000 0.19128626306667598223 0.00000000000000000000
1.1100000000 0.18851721548967428910 0.00000000000000000000
1.1200000000 0.18582273668902135610 0.00000000000000000000
1.1300000000 0.18320044996329840070 0.00000000000000000000
1.1400000000 0.18064806299621075092 0.00000000000000000000
1.1500000000 0.17816336461427831339 0.00000000000000000000
1.1600000000 0.17574422167745254453 0.00000000000000000000
1.1700000000 0.17338857609683436256 0.00000000000000000000
1.1800000000 0.17109444197392231768 0.00000000000000000000
1.1900000000 0.16885990285610583128 0.00000000000000000000
1.2000000000 0.16668310910345612852 0.00000000000000000000
1.2100000000 0.16456227536191256333 0.00000000000000000000
1.2200000000 0.16249567813836168773 0.00000000000000000000
1.2300000000 0.16048165347326376340 0.00000000000000000000
1.2400000000 0.15851859470663345886 0.00000000000000000000
1.2500000000 0.15660495033342264337 0.00000000000000000000
1.2600000000 0.15473922194452990886 0.00000000000000000000
1.2700000000 0.15291996224982556951 0.00000000000000000000
1.2800000000 0.15114577317970598336 0.00000000000000000000
1.2900000000 0.14941530406191497193 0.00000000000000000000
1.3000000000 0.14772724987049326573 0.00000000000000000000
1.3100000000 0.14608034954378351644 0.00000000000000000000
1.3200000000 0.14447338436868534250 0.00000000000000000000
1.3300000000 0.14290517642834876799 0.00000000000000000000
1.3400000000 0.14137458711072004025 0.00000000000000000000
1.3500000000 0.13988051567539869224 0.00000000000000000000
1.3600000000 0.13842189787640482579 0.00000000000000000000
1.3700000000 0.13699770463855326375 0.00000000000000000000
1.3800000000 0.13560694078523313766 0.00000000000000000000
1.3900000000 0.13424864381549569958 0.00000000000000000000
1.4000000000 0.13292188272840532726 0.00000000000000000000
1.4100000000 0.13162575689275629598 0.00000000000000000000
1.4200000000 0.13035939496027829088 0.00000000000000000000
1.4300000000 0.12912195382059798998 0.00000000000000000000
1.4400000000 0.12791261759620226046 0.00000000000000000000
1.4500000000 0.12673059667586364374 0.00000000000000000000
1.4600000000 0.12557512678489624047 0.00000000000000000000
1.4700000000 0.12444546809080239691 0.00000000000000000000
1.4800000000 0.12334090434288155769 0.00000000000000000000
1.4900000000 0.12226074204441123028 0.00000000000000000000
1.5000000000 0.12120430965611912744 0.00000000000000000000
1.5100000000 0.12017095682968453874 0.00000000000000000000
1.5200000000 0.11916005367007256877 0.00000000000000000000
1.5300000000 0.11817099002554422305 0.00000000000000000000
1.5400000000 0.11720317480424548295 0.00000000000000000000
1.5500000000 0.11625603531632847099 0.00000000000000000000
1.5600000000 0.11532901664057867985 0.00000000000000000000
1.5700000000 0.11442158101458124730 0.00000000000000000000
1.5800000000 0.11353320724751198023 0.00000000000000000000
1.5900000000 0.11266339015464016393 0.00000000000000000000
1.6000000000 0.11181164001270618713 0.00000000000000000000
1.6100000000 0.11097748203534620048 0.00000000000000000000
1.6200000000 0.11016045586778276666 0.00000000000000000000
1.6300000000 0.10936011510002331681 0.00000000000000000000
1.6400000000 0.10857602679785487154 0.00000000000000000000
1.6500000000 0.10780777105092924362 0.00000000000000000000
1.6600000000 0.10705494053728248360 0.00000000000000000000
1.6700000000 0.10631714010365753142 0.00000000000000000000
1.6800000000 0.10559398636100025826 0.00000000000000000000
1.6900000000 0.10488510729456658466 0.00000000000000000000
1.7000000000 0.10419014188805487964 0.00000000000000000000
1.7100000000 0.10350873976124387588 0.00000000000000000000
1.7200000000 0.10284056082060771820 0.00000000000000000000
1.7300000000 0.10218527492241281929 0.00000000000000000000
1.7400000000 0.10154256154781594879 0.00000000000000000000
1.7500000000 0.10091210948952278326 0.00000000000000000000
1.7600000000 0.10029361654954324634 0.00000000000000000000
1.7700000000 0.09968678924764182159 0.00000000000000000000
1.7800000000 0.09909134254006812803 0.00000000000000000000
1.7900000000 0.09850699954817999926 0.00000000000000000000
1.8000000000 0.09793349129659613406 0.00000000000000000000
1.8100000000 0.09737055646049923296 0.00000000000000000000
1.8200000000 0.09681794112177376233 0.00000000000000000000
1.8300000000 0.09627539853361867517 0.00000000000000000000
1.8400000000 0.09574268889334411337 0.00000000000000000000
1.8500000000 0.09521957912302793370 0.00000000000000000000
1.8600000000 0.09470584265774797950 0.00000000000000000000
1.8700000000 0.09420125924111519278 0.00000000000000000000
1.8800000000 0.09370561472782068524 0.00000000000000000000
1.8900000000 0.09321870089295510031 0.00000000000000000000
1.9000000000 0.09274031524783839242 0.00000000000000000000
1.9100000000 0.09227026086212920808 0.00000000000000000000
1.9200000000 0.09180834619197543456 0.00000000000000000000
1.9300000000 0.09135438491399290595 0.00000000000000000000
1.9400000000 0.09090819576485309472 0.00000000000000000000
1.9500000000 0.09046960238628169726 0.00000000000000000000
1.9600000000 0.09003843317526295797 0.00000000000000000000
1.9700000000 0.08961452113927025065 0.00000000000000000000
1.9800000000 0.08919770375633602477 0.00000000000000000000
1.9900000000 0.08878782283978611800 0.00000000000000000000
2.0000000000 0.08838472440747335845 0.00000000000000000000
2.0100000000 0.08798825855534798956 0.00000000000000000000
2.0200000000 0.08759827933520768217 0.00000000000000000000
2.0300000000 0.08721464463648079257 0.00000000000000000000
2.0400000000 0.08683721607189703873 0.00000000000000000000
2.0500000000 0.08646585886690733025 0.00000000000000000000
2.0600000000 0.08610044175272175970 0.00000000000000000000
2.0700000000 0.08574083686283751060 0.00000000000000000000
2.0800000000 0.08538691963292761866 0.00000000000000000000
2.0900000000 0.08503856870398333878 0.00000000000000000000
2.1000000000 0.08469566582858664705 0.00000000000000000000
2.1100000000 0.08435809578020429800 0.00000000000000000000
2.1200000000 0.08402574626540362801 0.00000000000000000000
2.1300000000 0.08369850783888464762 0.00000000000000000000
2.1400000000 0.08337627382122433928 0.00000000000000000000
2.1500000000 0.08305894021925272486 0.00000000000000000000
2.1600000000 0.08274640564895632822 0.00000000000000000000
2.1700000000 0.08243857126083216358 0.00000000000000000000
2.1800000000 0.08213534066759761720 0.00000000000000000000
2.1900000000 0.08183661987418619499 0.00000000000000000000
2.2000000000 0.08154231720994337129 0.00000000000000000000
2.2100000000 0.08125234326294991649 0.00000000000000000000
2.2200000000 0.08096661081639756896 0.00000000000000000000
2.2300000000 0.08068503478695476794 0.00000000000000000000
2.2400000000 0.08040753216504532841 0.00000000000000000000
2.2500000000 0.08013402195698046682 0.00000000000000000000
2.2600000000 0.07986442512888544676 0.00000000000000000000
2.2700000000 0.07959866455234768101 0.00000000000000000000
2.2800000000 0.07933666495174598876 0.00000000000000000000
2.2900000000 0.07907835285319012031 0.00000000000000000000
2.3000000000 0.07882365653502350356 0.00000000000000000000
2.3100000000 0.07857250597983611584 0.00000000000000000000
2.3200000000 0.07832483282793829826 0.00000000000000000000
2.3300000000 0.07808057033224491406 0.00000000000000000000
2.3400000000 0.07783965331452245839 0.00000000000000000000
2.3500000000 0.07760201812296134427 0.00000000000000000000
2.3600000000 0.07736760259101781168 0.00000000000000000000
2.3700000000 0.07713634599749649712 0.00000000000000000000
2.3800000000 0.07690818902782343980 0.00000000000000000000
2.3900000000 0.07668307373647473280 0.00000000000000000000
2.4000000000 0.07646094351052448723 0.00000000000000000000
2.4100000000 0.07624174303427255772 0.00000000000000000000
2.4200000000 0.07602541825491949956 0.00000000000000000000
2.4300000000 0.07581191634925280032 0.00000000000000000000
2.4400000000 0.07560118569131540900 0.00000000000000000000
2.4500000000 0.07539317582102006421 0.00000000000000000000
2.4600000000 0.07518783741368277596 0.00000000000000000000
2.4700000000 0.07498512225044617896 0.00000000000000000000
2.4800000000 0.07478498318956107449 0.00000000000000000000
2.4900000000 0.07458737413850279052 0.00000000000000000000
2.5000000000 0.07439225002689307809 0.00000000000000000000
2.5100000000 0.07419956678020342422 0.00000000000000000000
2.5200000000 0.07400928129421484314 0.00000000000000000000
2.5300000000 0.07382135141021102520 0.00000000000000000000
2.5400000000 0.07363573589087886451 0.00000000000000000000
2.5500000000 0.07345239439689904559 0.00000000000000000000
2.5600000000 0.07327128746420133454 0.00000000000000000000
2.5700000000 0.07309237648186453495 0.00000000000000000000
2.5800000000 0.07291562367064247097 0.00000000000000000000
2.5900000000 0.07274099206209634627 0.00000000000000000000
2.6000000000 0.07256844547831156622 0.00000000000000000000
2.6100000000 0.07239794851218683824 0.00000000000000000000
2.6200000000 0.07222946650827223591 0.00000000000000000000
2.6300000000 0.07206296554414252931 0.00000000000000000000
2.6400000000 0.07189841241228936419 0.00000000000000000000
2.6500000000 0.07173577460251517879 0.00000000000000000000
2.6600000000 0.07157502028481425860 0.00000000000000000000
2.6700000000 0.07141611829272588585 0.00000000000000000000
2.6800000000 0.07125903810714563635 0.00000000000000000000
2.6900000000 0.07110374984058147330 0.00000000000000000000
2.7000000000 0.07095022422183951127 0.00000000000000000000
2.7100000000 0.07079843258112798743 0.00000000000000000000
2.7200000000 0.07064834683556735218 0.00000000000000000000
2.7300000000 0.07049993947509194947 0.00000000000000000000
2.7400000000 0.07035318354873433544 0.00000000000000000000
2.7500000000 0.07020805265128032824 0.00000000000000000000
2.7600000000 0.07006452091028031459 0.00000000000000000000
2.7700000000 0.06992256297341271909 0.00000000000000000000
2.7800000000 0.06978215399618321879 0.00000000000000000000
2.7900000000 0.06964326962995301407 0.00000000000000000000
2.8000000000 0.06950588601028515057 0.00000000000000000000
2.8100000000 0.06936997974560149549 0.00000000000000000000
2.8200000000 0.06923552790613830832 0.00000000000000000000
2.8300000000 0.06910250801319407776 0.00000000000000000000
2.8400000000 0.06897089802866046560 0.00000000000000000000
2.8500000000 0.06884067634482797515 0.00000000000000000000
2.8600000000 0.06871182177445800399 0.00000000000000000000
2.8700000000 0.06858431354111431399 0.00000000000000000000
2.8800000000 0.06845813126974700791 0.00000000000000000000
2.8900000000 0.06833325497751896460 0.00000000000000000000
2.9000000000 0.06820966506487240177 0.00000000000000000000
2.9100000000 0.06808734230682404742 0.00000000000000000000
2.9200000000 0.06796626784448438208 0.00000000000000000000
2.9300000000 0.06784642317679656642 0.00000000000000000000
2.9400000000 0.06772779015248485412 0.00000000000000000000
2.9500000000 0.06761035096220978369 0.00000000000000000000
2.9600000000 0.06749408813092236392 0.00000000000000000000
2.9700000000 0.06737898451041313130 0.00000000000000000000
2.9800000000 0.06726502327204936238 0.00000000000000000000
2.9900000000 0.06715218789969637503 0.00000000000000000000
3.0000000000 0.06704046218281602132 0.00000000000000000000
3.0100000000 0.06692983020973990171 0.00000000000000000000
3.0200000000 0.06682027636110972335 0.00000000000000000000
3.0300000000 0.06671178530348244318 0.00000000000000000000
3.0400000000 0.06660434198309470033 0.00000000000000000000
3.0500000000 0.06649793161978162503 0.00000000000000000000
3.0600000000 0.06639253970104634639 0.00000000000000000000
3.0700000000 0.06628815197627695166 0.00000000000000000000
3.0800000000 0.06618475445110467981 0.00000000000000000000
3.0900000000 0.06608233338190117045 0.00000000000000000000
3.1000000000 0.06598087527041190947 0.00000000000000000000
3.1100000000 0.06588036685851826613 0.00000000000000000000
3.1200000000 0.06578079512312906552 0.00000000000000000000
3.1300000000 0.06568214727119596474 0.00000000000000000000
3.1400000000 0.06558441073484978789 0.00000000000000000000
3.1500000000 0.06548757316665329564 0.00000000000000000000
3.1600000000 0.06539162243496980664 0.00000000000000000000
3.1700000000 0.06529654661944270244 0.00000000000000000000
3.1800000000 0.06520233400658327627 0.00000000000000000000
3.1900000000 0.06510897308546327589 0.00000000000000000000
3.2000000000 0.06501645254351157144 0.00000000000000000000
3.2100000000 0.06492476126241017442 0.00000000000000000000
3.2200000000 0.06483388831408708197 0.00000000000000000000
3.2300000000 0.06474382295680414234 0.00000000000000000000
3.2400000000 0.06465455463133827629 0.00000000000000000000
3.2500000000 0.06456607295725089180 0.00000000000000000000
3.2600000000 0.06447836772924550597 0.00000000000000000000
3.2700000000 0.06439142891361081256 0.00000000000000000000
3.2800000000 0.06430524664474632224 0.00000000000000000000
3.2900000000 0.06421981122176941004 0.00000000000000000000
3.3000000000 0.06413511310520013387 0.00000000000000000000
3.3100000000 0.06405114291372394908 0.00000000000000000000
3.3200000000 0.06396789142102801695 0.00000000000000000000
3.3300000000 0.06388534955271067683 0.00000000000000000000
3.3400000000 0.06380350838326291629 0.00000000000000000000
3.3500000000 0.06372235913311671829 0.00000000000000000000
3.3600000000 0.06364189316576343569 0.00000000000000000000
3.3700000000 0.06356210198493486563 0.00000000000000000000
3.3800000000 0.06348297723185125641 0.00000000000000000000
3.3900000000 0.06340451068252937750 0.00000000000000000000
3.4000000000 0.06332669424515248446 0.00000000000000000000
3.4100000000 0.06324951995749909794 0.00000000000000000000
3.4200000000 0.06317297998442980567 0.00000000000000000000
3.4300000000 0.06309706661543013073 0.00000000000000000000
3.4400000000 0.06302177226220830042 0.00000000000000000000
3.4500000000 0.06294708945634636121 0.00000000000000000000
3.4600000000 0.06287301084700439024 0.00000000000000000000
3.4700000000 0.06279952919867391736 0.00000000000000000000
3.4800000000 0.06272663738898258401 0.00000000000000000000
3.4900000000 0.06265432840654625024 0.00000000000000000000
3.5000000000 0.06258259534886860542 0.00000000000000000000
3.5100000000 0.06251143142028638133 0.00000000000000000000
3.5200000000 0.06244082992996061870 0.00000000000000000000
3.5300000000 0.06237078428991017082 0.00000000000000000000
3.5400000000 0.06230128801308929681 0.00000000000000000000
3.5500000000 0.06223233471150589613 0.00000000000000000000
3.5600000000 0.06216391809438088362 0.00000000000000000000
3.5700000000 0.06209603196634781719 0.00000000000000000000
3.5800000000 0.06202867022568987754 0.00000000000000000000
3.5900000000 0.06196182686261610117 0.00000000000000000000
3.6000000000 0.06189549595757318223 0.00000000000000000000
3.6100000000 0.06182967167959464022 0.00000000000000000000
3.6200000000 0.06176434828468332222 0.00000000000000000000
3.6300000000 0.06169952011423056326 0.00000000000000000000
3.6400000000 0.06163518159346625253 0.00000000000000000000
3.6500000000 0.06157132722994385771 0.00000000000000000000
3.6600000000 0.06150795161205545314 0.00000000000000000000
3.6700000000 0.06144504940757898603 0.00000000000000000000
3.6800000000 0.06138261536225621956 0.00000000000000000000
3.6900000000 0.06132064429839946540 0.00000000000000000000
3.7000000000 0.06125913111352722373 0.00000000000000000000
3.7100000000 0.06119807077902956333 0.00000000000000000000
3.7200000000 0.06113745833885946002 0.00000000000000000000
3.7300000000 0.06107728890825216833 0.00000000000000000000
3.7400000000 0.06101755767247069723 0.00000000000000000000
3.7500000000 0.06095825988557690422 0.00000000000000000000
3.7600000000 0.06089939086922774997 0.00000000000000000000
3.7700000000 0.06084094601149694914 0.00000000000000000000
3.7800000000 0.06078292076571879810 0.00000000000000000000
3.7900000000 0.06072531064935754452 0.00000000000000000000
3.8000000000 0.06066811124289868407 0.00000000000000000000
3.8100000000 0.06061131818876223237 0.00000000000000000000
3.8200000000 0.06055492719023894410 0.00000000000000000000
3.8300000000 0.06049893401044656449 0.00000000000000000000
3.8400000000 0.06044333447130905562 0.00000000000000000000
3.8500000000 0.06038812445255369032 0.00000000000000000000
3.8600000000 0.06033329989073014238 0.00000000000000000000
3.8700000000 0.06027885677824820765 0.00000000000000000000
3.8800000000 0.06022479116243493330 0.00000000000000000000
3.8900000000 0.06017109914460951059 0.00000000000000000000
3.9000000000 0.06011777687917799901 0.00000000000000000000
3.9100000000 0.06006482057274453029 0.00000000000000000000
3.9200000000 0.06001222648324044950 0.00000000000000000000
3.9300000000 0.05995999091907039391 0.00000000000000000000
3.9400000000 0.05990811023827534443 0.00000000000000000000
3.9500000000 0.05985658084771123405 0.00000000000000000000
3.9600000000 0.05980539920224444556 0.00000000000000000000
3.9700000000 0.05975456180396212374 0.00000000000000000000
3.9800000000 0.05970406520139822509 0.00000000000000000000
3.9900000000 0.05965390598877397949 0.00000000000000000000
4.0000000000 0.05960408080525349261 0.00000000000000000000
4.0100000000 0.05955458633421307352 0.00000000000000000000
4.0200000000 0.05950541930252511991 0.00000000000000000000
4.0300000000 0.05945657647985491678 0.00000000000000000000
4.0400000000 0.05940805467797163897 0.00000000000000000000
4.0500000000 0.05935985075007146200 0.00000000000000000000
4.0600000000 0.05931196159011415531 0.00000000000000000000
4.0700000000 0.05926438413217222784 0.00000000000000000000
4.0800000000 0.05921711534979161307 0.00000000000000000000
4.0900000000 0.05917015225536532974 0.00000000000000000000
4.1000000000 0.05912349189951778689 0.00000000000000000000
4.1100000000 0.05907713137050141922 0.00000000000000000000
4.1200000000 0.05903106779360424439 0.00000000000000000000
4.1300000000 0.05898529833056818245 0.00000000000000000000
4.1400000000 0.05893982017901865100 0.00000000000000000000
4.1500000000 0.05889463057190392342 0.00000000000000000000
4.1600000000 0.05884972677694601251 0.00000000000000000000
4.1700000000 0.05880510609610019312 0.00000000000000000000
4.1800000000 0.05876076586502552296 0.00000000000000000000
4.1900000000 0.05871670345256432139 0.00000000000000000000
4.2000000000 0.05867291626023179996 0.00000000000000000000
4.2100000000 0.05862940172171447056 0.00000000000000000000
4.2200000000 0.05858615730237762276 0.00000000000000000000
4.2300000000 0.05854318049878222407 0.00000000000000000000
4.2400000000 0.05850046883820959887 0.00000000000000000000
4.2500000000 0.05845801987819575218 0.00000000000000000000
4.2600000000 0.05841583120607326401 0.00000000000000000000
4.2700000000 0.05837390043852167670 0.00000000000000000000
4.2800000000 0.05833222522112579272 0.00000000000000000000
4.2900000000 0.05829080322794194524 0.00000000000000000000
4.3000000000 0.05824963216107165165 0.00000000000000000000
4.3100000000 0.05820870975024362848 0.00000000000000000000
4.3200000000 0.05816803375240201662 0.00000000000000000000
4.3300000000 0.05812760195130278751 0.00000000000000000000
4.3400000000 0.05808741215711675510 0.00000000000000000000
4.3500000000 0.05804746220603995005 0.00000000000000000000
4.3600000000 0.05800774995991017646 0.00000000000000000000
4.3700000000 0.05796827330583096544 0.00000000000000000000
4.3800000000 0.05792903015580127407 0.00000000000000000000
4.3900000000 0.05789001844635265764 0.00000000000000000000
4.4000000000 0.05785123613819168759 0.00000000000000000000
4.4100000000 0.05781268121584894060 0.00000000000000000000
4.4200000000 0.05777435168733421195 0.00000000000000000000
4.4300000000 0.05773624558379744642 0.00000000000000000000
4.4400000000 0.05769836095919533836 0.00000000000000000000
4.4500000000 0.05766069588996412809 0.00000000000000000000
4.4600000000 0.05762324847469714462 0.00000000000000000000
4.4700000000 0.05758601683382875286 0.00000000000000000000
4.4800000000 0.05754899910932295692 0.00000000000000000000
4.4900000000 0.05751219346436750590 0.00000000000000000000
4.5000000000 0.05747559808307332180 0.00000000000000000000
4.5100000000 0.05743921117017861122 0.00000000000000000000
4.5200000000 0.05740303095075859063 0.00000000000000000000
4.5300000000 0.05736705566993889616 0.00000000000000000000
4.5400000000 0.05733128359261527307 0.00000000000000000000
4.5500000000 0.05729571300317646415 0.00000000000000000000
4.5600000000 0.05726034220523312790 0.00000000000000000000
4.5700000000 0.05722516952134984458 0.00000000000000000000
4.5800000000 0.05719019329278265257 0.00000000000000000000
4.5900000000 0.05715541187922017902 0.00000000000000000000
4.6000000000 0.05712082365852962779 0.00000000000000000000
4.6100000000 0.05708642702650634781 0.00000000000000000000
4.6200000000 0.05705222039662798117 0.00000000000000000000
4.6300000000 0.05701820219981224708 0.00000000000000000000
4.6400000000 0.05698437088417886848 0.00000000000000000000
4.6500000000 0.05695072491481541210 0.00000000000000000000
4.6600000000 0.05691726277354684782 0.00000000000000000000
4.6700000000 0.05688398295870845944 0.00000000000000000000
4.6800000000 0.05685088398492337686 0.00000000000000000000
4.6900000000 0.05681796438288269635 0.00000000000000000000
4.7000000000 0.05678522269912927162 0.00000000000000000000
4.7100000000 0.05675265749584580688 0.00000000000000000000
4.7200000000 0.05672026735064514963 0.00000000000000000000
4.7300000000 0.05668805085636467039 0.00000000000000000000
4.7400000000 0.05665600662086407724 0.00000000000000000000
4.7500000000 0.05662413326682550624 0.00000000000000000000
4.7600000000 0.05659242943155757405 0.00000000000000000000
4.7700000000 0.05656089376680236563 0.00000000000000000000
4.7800000000 0.05652952493854535715 0.00000000000000000000
4.7900000000 0.05649832162682811437 0.00000000000000000000
4.8000000000 0.05646728252556448141 0.00000000000000000000
4.8100000000 0.05643640634235891351 0.00000000000000000000
4.8200000000 0.05640569179832836261 0.00000000000000000000
4.8300000000 0.05637513762792625838 0.00000000000000000000
4.8400000000 0.05634474257876993103 0.00000000000000000000
4.8500000000 0.05631450541146985206 0.00000000000000000000
4.8600000000 0.05628442489946241384 0.00000000000000000000
4.8700000000 0.05625449982884431904 0.00000000000000000000
4.8800000000 0.05622472899821058523 0.00000000000000000000
4.8900000000 0.05619511121849404822 0.00000000000000000000
4.9000000000 0.05616564531280789085 0.00000000000000000000
4.9100000000 0.05613633011629024644 0.00000000000000000000
4.9200000000 0.05610716447595164719 0.00000000000000000000
4.9300000000 0.05607814725052420041 0.00000000000000000000
4.9400000000 0.05604927731031343618 0.00000000000000000000
4.9500000000 0.05602055353705193141 0.00000000000000000000
4.9600000000 0.05599197482375611185 0.00000000000000000000
4.9700000000 0.05596354007458382435 0.00000000000000000000
4.9800000000 0.05593524820469536474 0.00000000000000000000
4.9900000000 0.05590709814011561585 0.00000000000000000000
5.0000000000 0.05587908881759880847 0.00000000000000000000
