0.1000000000 2.10357054758068340305 0.00000000000000000000
0.1100000000 2.04380086595269805372 0.00000000000000000000
0.1200000000 1.98538070025877266822 0.00000000000000000000
0.1300000000 1.92831429863869807662 0.00000000000000000000
0.1400000000 1.87260328890373650701 0.00000000000000000000
0.1500000000 1.81824676362445680766 0.00000000000000000000
0.1600000000 1.76524137747367926288 0.00000000000000000000
0.1700000000 1.71358145526170546624 0.00000000000000000000
0.1800000000 1.66325910905449525501 0.00000000000000000000
0.1900000000 1.61426436275114992824 0.00000000000000000000
0.2000000000 1.56658528251262851860 0.00000000000000000000
0.2100000000 1.52020811147605683367 0.00000000000000000000
0.2200000000 1.47511740725484985504 0.00000000000000000000
0.2300000000 1.43129618081042897515 0.00000000000000000000
0.2400000000 1.38872603538267092027 0.00000000000000000000
0.2500000000 1.34738730427952813073 0.00000000000000000000
0.2600000000 1.30725918644778493771 0.00000000000000000000
0.2700000000 1.26831987887319241892 0.00000000000000000000
0.2800000000 1.23054670498605167595 0.00000000000000000000
0.2900000000 1.19391623837496330118 0.00000000000000000000
0.3000000000 1.15840442123452525003 0.00000000000000000000
0.3100000000 1.12398667709027022532 0.00000000000000000000
0.3200000000 1.09063801745457600312 0.00000000000000000000
0.3300000000 1.05833314216947060871 0.00000000000000000000
0.3400000000 1.02704653328546013924 0.00000000000000000000
0.3500000000 0.99675254240916288939 0.00000000000000000000
0.3600000000 0.96742547152664482013 0.00000000000000000000
0.3700000000 0.93903964737375622551 0.00000000000000000000
0.3800000000 0.91156948947996896404 0.00000000000000000000
0.3900000000 0.88498957205845496521 0.00000000000000000000
0.4000000000 0.85927467995305606419 0.00000000000000000000
0.4100000000 0.83439985888301249073 0.00000000000000000000
0.4200000000 0.81034046024944506037 0.00000000000000000000
0.4300000000 0.78707218078442342524 0.00000000000000000000
0.4400000000 0.76457109733462302881 0.00000000000000000000
0.4500000000 0.74281369707786248924 0.00000000000000000000
0.4600000000 0.72177690347278600225 0.00000000000000000000
0.4700000000 0.70143809824036584821 0.00000000000000000000
0.4800000000 0.68177513967122560512 0.00000000000000000000
0.4900000000 0.66276637754564571292 0.00000000000000000000
0.5000000000 0.64439066494396313178 0.00000000000000000000
0.5100000000 0.62662736721436662624 0.00000000000000000000
0.5200000000 0.60945636835318561797 0.00000000000000000000
0.5300000000 0.59285807504005871849 0.00000000000000000000
0.5400000000 0.57681341855710144273 0.00000000000000000000
0.5500000000 0.56130385480760591754 0.00000000000000000000
0.5600000000 0.54631136263617352533 0.00000000000000000000
0.5700000000 0.53181844063865679750 0.00000000000000000000
0.5800000000 0.51780810263689081019 0.00000000000000000000
0.5900000000 0.50426387198033595372 0.00000000000000000000
0.6000000000 0.49116977482411011691 0.00000000000000000000
0.6100000000 0.47851033252095198645 0.00000000000000000000
0.6200000000 0.46627055325315674983 0.00000000000000000000
0.6300000000 0.45443592301963631197 0.00000000000000000000
0.6400000000 0.44299239608302048987 0.00000000000000000000
0.6500000000 0.43192638497201224501 0.00000000000000000000
0.6600000000 0.42122475012525117943 0.00000000000000000000
0.6700000000 0.41087478925441406341 0.00000000000000000000
0.6800000000 0.40086422649652941885 0.00000000000000000000
0.6900000000 0.39118120141816886681 0.00000000000000000000
0.7000000000 0.38181425792750156578 0.00000000000000000000
0.7100000000 0.37275233314399536244 0.00000000000000000000
0.7200000000 0.36398474626989757441 0.00000000000000000000
0.7300000000 0.35550118750236764376 0.00000000000000000000
0.7400000000 0.34729170702047978958 0.00000000000000000000
0.7500000000 0.33934670407682288040 0.00000000000000000000
0.7600000000 0.33165691621966120195 0.00000000000000000000
0.7700000000 0.32421340866784559287 0.00000000000000000000
0.7800000000 0.31700756385757727918 0.00000000000000000000
0.7900000000 0.31003107117708389451 0.00000000000000000000
0.8000000000 0.30327591690268501656 0.00000000000000000000
0.8100000000 0.29673437434732141682 0.00000000000000000000
0.8200000000 0.29039899423049420069 0.00000000000000000000
0.8300000000 0.28426259527663944038 0.00000000000000000000
0.8400000000 0.27831825504727697451 0.00000000000000000000
0.8500000000 0.27255930101078940098 0.00000000000000000000
0.8600000000 0.26697930185221080412 0.00000000000000000000
0.8700000000 0.26157205902440872070 0.00000000000000000000
0.8800000000 0.25633159854084652807 0.00000000000000000000
0.8900000000 0.25125216300925112822 0.00000000000000000000
0.9000000000 0.24632820390470977490 0.00000000000000000000
0.9100000000 0.24155437408002711219 0.00000000000000000000
0.9200000000 0.23692552051053222817 0.00000000000000000000
0.9300000000 0.23243667727006112056 0.00000000000000000000
0.9400000000 0.22808305873440976042 0.00000000000000000000
0.9500000000 0.22386005300809153074 0.00000000000000000000
0.9600000000 0.21976321557003380969 0.00000000000000000000
0.9700000000 0.21578826313349219745 0.00000000000000000000
0.9800000000 0.21193106771548161915 0.00000000000000000000
0.9900000000 0.20818765091047108928 0.00000000000000000000
1.0000000000 0.20455417836208947269 0.00000000000000000000
1.0100000000 0.20102695443305118594 0.00000000000000000000
1.0200000000 0.19760241705900616349 0.00000000000000000000
1.0300000000 0.19427713278539163189 0.00000000000000000000
1.0400000000 0.19104779198768556681 0.00000000000000000000
1.0500000000 0.18791120426001828303 0.00000000000000000000
1.0600000000 0.18486429397242812311 0.00000000000000000000
1.0700000000 0.18190409599050474942 0.00000000000000000000
1.0800000000 0.17902775155210626234 0.00000000000000000000
1.0900000000 0.17623250429606876488 0.00000000000000000000
1.1000000000 0.17351569643798203657 0.00000000000000000000
1.1100000000 0.17087476508811277887 0.00000000000000000000
1.1200000000 0.16830723870662972486 0.00000000000000000000
1.1300000000 0.16581073369147283914 0.00000000000000000000
1.1400000000 0.16338295109424783025 0.00000000000000000000
1.1500000000 0.16102167345970438972 0.00000000000000000000
1.1600000000 0.15872476178437103234 0.00000000000000000000
1.1700000000 0.15649015259016446633 0.00000000000000000000
1.1800000000 0.15431585510878584322 0.00000000000000000000
1.1900000000 0.15219994857294508184 0.00000000000000000000
1.2000000000 0.15014057961047586054 0.00000000000000000000
1.2100000000 0.14813595973758475477 0.00000000000000000000
1.2200000000 0.14618436294758566096 0.00000000000000000000
1.2300000000 0.14428412339154664257 0.00000000000000000000
1.2400000000 0.14243363314744794668 0.00000000000000000000
1.2500000000 0.14063134007452193774 0.00000000000000000000
1.2600000000 0.13887574574957289864 0.00000000000000000000
1.2700000000 0.13716540348217015621 0.00000000000000000000
1.2800000000 0.13549891640574052154 0.00000000000000000000
1.2900000000 0.13387493564165667270 0.00000000000000000000
1.3000000000 0.13229215853354070465 0.00000000000000000000
1.3100000000 0.13074932694909938147 0.00000000000000000000
1.3200000000 0.12924522564689300275 0.00000000000000000000
1.3300000000 0.12777868070554929125 0.00000000000000000000
1.3400000000 0.12634855801300706735 0.00000000000000000000
1.3500000000 0.12495376181347565836 0.00000000000000000000
1.3600000000 0.12359323330988257472 0.00000000000000000000
1.3700000000 0.12226594931964702984 0.00000000000000000000
1.3800000000 0.12097092098172722296 0.00000000000000000000
1.3900000000 0.11970719251293304719 0.00000000000000000000
1.4000000000 0.11847384001160853051 0.00000000000000000000
1.4100000000 0.11726997030681593492 0.00000000000000000000
1.4200000000 0.11609471985127957361 0.00000000000000000000
1.4300000000 0.11494725365634771153 0.00000000000000000000
1.4400000000 0.11382676426737775577 0.00000000000000000000
1.4500000000 0.11273247077792329651 0.00000000000000000000
1.4600000000 0.11166361788124691545 0.00000000000000000000
1.4700000000 0.11061947495767658622 0.00000000000000000000
1.4800000000 0.10959933519641856803 0.00000000000000000000
1.4900000000 0.10860251475048399161 0.00000000000000000000
1.5000000000 0.10762835192342641577 0.00000000000000000000
1.5100000000 0.10667620638666218402 0.00000000000000000000
1.5200000000 0.10574545842616983604 0.00000000000000000000
1.5300000000 0.10483550821743123360 0.00000000000000000000
1.5400000000 0.10394577512750635684 0.00000000000000000000
1.5500000000 0.10307569704319817505 0.00000000000000000000
1.5600000000 0.10222472972426657756 0.00000000000000000000
1.5700000000 0.10139234618075419758 0.00000000000000000000
1.5800000000 0.10057803607344550922 0.00000000000000000000
1.5900000000 0.09978130513659468070 0.00000000000000000000
1.6000000000 0.09900167462203683655 0.00000000000000000000
1.6100000000 0.09823868076386640946 0.00000000000000000000
1.6200000000 0.09749187426287056479 0.00000000000000000000
1.6300000000 0.09676081978997434774 0.00000000000000000000
1.6400000000 0.09604509550794117223 0.00000000000000000000
1.6500000000 0.09534429261063974426 0.00000000000000000000
1.6600000000 0.09465801487918694412 0.00000000000000000000
1.6700000000 0.09398587825432855314 0.00000000000000000000
1.6800000000 0.09332751042442317957 0.00000000000000000000
1.6900000000 0.09268255042843666358 0.00000000000000000000
1.7000000000 0.09205064827336345568 0.00000000000000000000
1.7100000000 0.09143146456553018220 0.00000000000000000000
1.7200000000 0.09082467015524378628 0.00000000000000000000
1.7300000000 0.09022994579427677520 0.00000000000000000000
1.7400000000 0.08964698180570153385 0.00000000000000000000
1.7500000000 0.08907547776559390784 0.00000000000000000000
1.7600000000 0.08851514219617072354 0.00000000000000000000
1.7700000000 0.08796569226990996748 0.00000000000000000000
1.7800000000 0.08742685352424761636 0.00000000000000000000
1.7900000000 0.08689835958644524794 0.00000000000000000000
1.8000000000 0.08637995190824818148 0.00000000000000000000
1.8100000000 0.08587137950996048819 0.00000000000000000000
1.8200000000 0.08537239873358502817 0.00000000000000000000
1.8300000000 0.08488277300468523301 0.00000000000000000000
1.8400000000 0.08440227260264251963 0.00000000000000000000
1.8500000000 0.08393067443899555891 0.00000000000000000000
1.8600000000 0.08346776184355460260 0.00000000000000000000
1.8700000000 0.08301332435800841403 0.00000000000000000000
1.8800000000 0.08256715753673277147 0.00000000000000000000
1.8900000000 0.08212906275454809335 0.00000000000000000000
1.9000000000 0.08169884702114982300 0.00000000000000000000
1.9100000000 0.08127632280198249237 0.00000000000000000000
1.9200000000 0.08086130784530608240 0.00000000000000000000
1.9300000000 0.08045362501522831944 0.00000000000000000000
1.9400000000 0.08005310213048925927 0.00000000000000000000
1.9500000000 0.07965957180878030508 0.00000000000000000000
1.9600000000 0.07927287131639752793 0.00000000000000000000
1.9700000000 0.07889284242303086503 0.00000000000000000000
1.9800000000 0.07851933126150281717 0.00000000000000000000
1.9900000000 0.07815218819228311742 0.00000000000000000000
2.0000000000 0.07779126767259031405 0.00000000000000000000
2.0100000000 0.07743642812992690416 0.00000000000000000000
2.0200000000 0.07708753183988362179 0.00000000000000000000
2.0300000000 0.07674444480805360513 0.00000000000000000000
2.0400000000 0.07640703665591630500 0.00000000000000000000
2.0500000000 0.07607518051053963060 0.00000000000000000000
2.0600000000 0.07574875289796897948 0.00000000000000000000
2.0700000000 0.07542763364017068817 0.00000000000000000000
2.0800000000 0.07511170575539678762 0.00000000000000000000
2.0900000000 0.07480085536185758499 0.00000000000000000000
2.1000000000 0.07449497158457606127 0.00000000000000000000
2.1100000000 0.07419394646531569937 0.00000000000000000000
2.1200000000 0.07389767487547417579 0.00000000000000000000
2.1300000000 0.07360605443182860474 0.00000000000000000000
2.1400000000 0.07331898541504709710 0.00000000000000000000
2.1500000000 0.07303637069085089362 0.00000000000000000000
2.1600000000 0.07275811563375118862 0.00000000000000000000
2.1700000000 0.07248412805325722685 0.00000000000000000000
2.1800000000 0.07221431812247591786 0.00000000000000000000
2.1900000000 0.07194859830901818853 0.00000000000000000000
2.2000000000 0.07168688330813070830 0.00000000000000000000
2.2100000000 0.07142908997797516035 0.00000000000000000000
2.2200000000 0.07117513727698360215 0.00000000000000000000
2.2300000000 0.07092494620321501686 0.00000000000000000000
2.2400000000 0.07067843973564306992 0.00000000000000000000
2.2500000000 0.07043554277731403634 0.00000000000000000000
2.2600000000 0.07019618210030417749 0.00000000000000000000
2.2700000000 0.06996028629241762831 0.00000000000000000000
2.2800000000 0.06972778570556814604 0.00000000000000000000
2.2900000000 0.06949861240578002197 0.00000000000000000000
2.3000000000 0.06927270012476134664 0.00000000000000000000
2.3100000000 0.06904998421298999545 0.00000000000000000000
2.3200000000 0.06883040159426305482 0.00000000000000000000
2.3300000000 0.06861389072166323988 0.00000000000000000000
2.3400000000 0.06840039153488784718 0.00000000000000000000
2.3500000000 0.06818984541890113493 0.00000000000000000000
2.3600000000 0.06798219516386146133 0.00000000000000000000
2.3700000000 0.06777738492628343492 0.00000000000000000000
2.3800000000 0.06757536019138919714 0.00000000000000000000
2.3900000000 0.06737606773661619641 0.00000000000000000000
2.4000000000 0.06717945559623562934 0.00000000000000000000
2.4100000000 0.06698547302705076811 0.00000000000000000000
2.4200000000 0.06679407047513444273 0.00000000000000000000
2.4300000000 0.06660519954357604910 0.00000000000000000000
2.4400000000 0.06641881296120097367 0.00000000000000000000
2.4500000000 0.06623486455223184799 0.00000000000000000000
2.4600000000 0.06605330920686340590 0.00000000000000000000
2.4700000000 0.06587410285271504129 0.00000000000000000000
2.4800000000 0.06569720242713918135 0.00000000000000000000
2.4900000000 0.06552256585035236280 0.00000000000000000000
2.5000000000 0.06535015199936640429 0.00000000000000000000
2.5100000000 0.06517992068268899097 0.00000000000000000000
2.5200000000 0.06501183261577522798 0.00000000000000000000
2.5300000000 0.06484584939720004770 0.00000000000000000000
2.5400000000 0.06468193348552978006 0.00000000000000000000
2.5500000000 0.06452004817687530258 0.00000000000000000000
2.5600000000 0.06436015758309561463 0.00000000000000000000
2.5700000000 0.06420222661064133030 0.00000000000000000000
2.5800000000 0.06404622094001014010 0.00000000000000000000
2.5900000000 0.06389210700579807389 0.00000000000000000000
2.6000000000 0.06373985197732751073 0.00000000000000000000
2.6100000000 0.06358942373983378360 0.00000000000000000000
2.6200000000 0.06344079087619082513 0.00000000000000000000
2.6300000000 0.06329392264916146316 0.00000000000000000000
2.6400000000 0.06314878898415635100 0.00000000000000000000
2.6500000000 0.06300536045248147921 0.00000000000000000000
2.6600000000 0.06286360825506294436 0.00000000000000000000
2.6700000000 0.06272350420663364012 0.00000000000000000000
2.6800000000 0.06258502072036564723 0.00000000000000000000
2.6900000000 0.06244813079293652647 0.00000000000000000000
2.7000000000 0.06231280799001440857 0.00000000000000000000
2.7100000000 0.06217902643215064001 0.00000000000000000000
2.7200000000 0.06204676078106612785 0.00000000000000000000
2.7300000000 0.06191598622631989957 0.00000000000000000000
2.7400000000 0.06178667847234870641 0.00000000000000000000
2.7500000000 0.06165881372586454884 0.00000000000000000000
2.7600000000 0.06153236868360167922 0.00000000000000000000
2.7700000000 0.06140732052040000916 0.00000000000000000000
2.7800000000 0.06128364687761795465 0.00000000000000000000
2.7900000000 0.06116132585185930781 0.00000000000000000000
2.8000000000 0.06104033598401272659 0.00000000000000000000
2.8100000000 0.06092065624858550993 0.00000000000000000000
2.8200000000 0.06080226604332959750 0.00000000000000000000
2.8300000000 0.06068514517914863626 0.00000000000000000000
2.8400000000 0.06056927387027669085 0.00000000000000000000
2.8500000000 0.06045463272472194338 0.00000000000000000000
2.8600000000 0.06034120273496741682 0.00000000000000000000
2.8700000000 0.06022896526892105445 0.00000000000000000000
2.8800000000 0.06011790206110588508 0.00000000000000000000
2.8900000000 0.06000799520408785226 0.00000000000000000000
2.9000000000 0.05989922714012814453 0.00000000000000000000
2.9100000000 0.05979158065305859721 0.00000000000000000000
2.9200000000 0.05968503886037170025 0.00000000000000000000
2.9300000000 0.05957958520551771830 0.00000000000000000000
2.9400000000 0.05947520345040550882 0.00000000000000000000
2.9500000000 0.05937187766809853134 0.00000000000000000000
2.9600000000 0.05926959223570180124 0.00000000000000000000
2.9700000000 0.05916833182743647807 0.00000000000000000000
2.9800000000 0.05906808140788930711 0.00000000000000000000
2.9900000000 0.05896882622544219466 0.00000000000000000000
3.0000000000 0.05887055180586794195 0.00000000000000000000
3.0100000000 0.05877324394609195757 0.00000000000000000000
3.0200000000 0.05867688870811513246 0.00000000000000000000
3.0300000000 0.05858147241309005770 0.00000000000000000000
3.0400000000 0.05848698163555026558 0.00000000000000000000
3.0500000000 0.05839340319778638794 0.00000000000000000000
3.0600000000 0.05830072416436395122 0.00000000000000000000
3.0700000000 0.05820893183678024774 0.00000000000000000000
3.0800000000 0.05811801374825740357 0.00000000000000000000
3.0900000000 0.05802795765866430866 0.00000000000000000000
3.1000000000 0.05793875154956788787 0.00000000000000000000
3.1100000000 0.05785038361940687129 0.00000000000000000000
3.1200000000 0.05776284227878742544 0.00000000000000000000
3.1300000000 0.05767611614589379654 0.00000000000000000000
3.1400000000 0.05759019404201529829 0.00000000000000000000
3.1500000000 0.05750506498718142845 0.00000000000000000000
3.1600000000 0.05742071819590707088 0.00000000000000000000
3.1700000000 0.05733714307304043495 0.00000000000000000000
3.1800000000 0.05725432920971415540 0.00000000000000000000
3.1900000000 0.05717226637939444578 0.00000000000000000000
3.2000000000 0.05709094453402736163 0.00000000000000000000
3.2100000000 0.05701035380027865557 0.00000000000000000000
3.2200000000 0.05693048447586428196 0.00000000000000000000
3.2300000000 0.05685132702597015669 0.00000000000000000000
3.2400000000 0.05677287207975831307 0.00000000000000000000
3.2500000000 0.05669511042695677544 0.00000000000000000000
3.2600000000 0.05661803301453124937 0.00000000000000000000
3.2700000000 0.05654163094343615109 0.00000000000000000000
3.2800000000 0.05646589546544415056 0.00000000000000000000
3.2900000000 0.05639081798004906554 0.00000000000000000000
3.3000000000 0.05631639003144485456 0.00000000000000000000
3.3100000000 0.05624260330557272897 0.00000000000000000000
3.3200000000 0.05616944962724178259 0.00000000000000000000
3.3300000000 0.05609692095731333428 0.00000000000000000000
3.3400000000 0.05602500938995391699 0.00000000000000000000
3.3500000000 0.05595370714995182015 0.00000000000000000000
3.3600000000 0.05588300659009517307 0.00000000000000000000
3.3700000000 0.05581290018861259639 0.00000000000000000000
3.3800000000 0.05574338054667136999 0.00000000000000000000
3.3900000000 0.05567444038593510891 0.00000000000000000000
3.4000000000 0.05560607254617652012 0.00000000000000000000
3.4100000000 0.05553826998294503908 0.00000000000000000000
3.4200000000 0.05547102576528847168 0.00000000000000000000
3.4300000000 0.05540433307352662234 0.00000000000000000000
3.4400000000 0.05533818519707470879 0.00000000000000000000
3.4500000000 0.05527257553231742365 0.00000000000000000000
3.4600000000 0.05520749758053033335 0.00000000000000000000
3.4700000000 0.05514294494584844053 0.00000000000000000000
3.4800000000 0.05507891133328029348 0.00000000000000000000
3.4900000000 0.05501539054676738566 0.00000000000000000000
3.5000000000 0.05495237648728553553 0.00000000000000000000
3.5100000000 0.05488986315099035618 0.00000000000000000000
3.5200000000 0.05482784462740315085 0.00000000000000000000
3.5300000000 0.05476631509763627698 0.00000000000000000000
3.5400000000 0.05470526883265987989 0.00000000000000000000
3.5500000000 0.05464470019160424380 0.00000000000000000000
3.5600000000 0.05458460362010190275 0.00000000000000000000
3.5700000000 0.05452497364866470964 0.00000000000000000000
3.5800000000 0.05446580489109646706 0.00000000000000000000
3.5900000000 0.05440709204294101597 0.00000000000000000000
3.6000000000 0.05434882987996311060 0.00000000000000000000
3.6100000000 0.05429101325666301631 0.00000000000000000000
3.6200000000 0.05423363710482252686 0.00000000000000000000
3.6300000000 0.05417669643208292141 0.00000000000000000000
3.6400000000 0.05412018632055354272 0.00000000000000000000
3.6500000000 0.05406410192544936627 0.00000000000000000000
3.6600000000 0.05400843847375870477 0.00000000000000000000
3.6700000000 0.05395319126293885575 0.00000000000000000000
3.6800000000 0.05389835565963960878 0.00000000000000000000
3.6900000000 0.05384392709845325919 0.00000000000000000000
3.7000000000 0.05378990108069209991 0.00000000000000000000
3.7100000000 0.05373627317319083774 0.00000000000000000000
3.7200000000 0.05368303900713451704 0.00000000000000000000
3.7300000000 0.05363019427691070873 0.00000000000000000000
3.7400000000 0.05357773473898609640 0.00000000000000000000
3.7500000000 0.05352565621080653674 0.00000000000000000000
3.7600000000 0.05347395456971922034 0.00000000000000000000
3.7700000000 0.05342262575191824431 0.00000000000000000000
3.7800000000 0.05337166575141091829 0.00000000000000000000
3.7900000000 0.05332107061900614314 0.00000000000000000000
3.8000000000 0.05327083646132315525 0.00000000000000000000
3.8100000000 0.05322095943982110833 0.00000000000000000000
3.8200000000 0.05317143576984752207 0.00000000000000000000
3.8300000000 0.05312226171970683974 0.00000000000000000000
3.8400000000 0.05307343360974832447 0.00000000000000000000
3.8500000000 0.05302494781147105291 0.00000000000000000000
3.8600000000 0.05297680074664828931 0.00000000000000000000
3.8700000000 0.05292898888646908190 0.00000000000000000000
3.8800000000 0.05288150875069682483 0.00000000000000000000
3.8900000000 0.05283435690684459146 0.00000000000000000000
3.9000000000 0.05278752996936802999 0.00000000000000000000
3.9100000000 0.05274102459887278910 0.00000000000000000000
3.9200000000 0.05269483750133886063 0.00000000000000000000
3.9300000000 0.05264896542735979929 0.00000000000000000000
3.9400000000 0.05260340517139670824 0.00000000000000000000
3.9500000000 0.05255815357104785812 0.00000000000000000000
3.9600000000 0.05251320750633139273 0.00000000000000000000
3.9700000000 0.05246856389898300194 0.00000000000000000000
3.9800000000 0.05242421971176722262 0.00000000000000000000
3.9900000000 0.05238017194780177077 0.00000000000000000000
4.0000000000 0.05233641764989500206 0.00000000000000000000
4.0100000000 0.05229295389989665338 0.00000000000000000000
4.0200000000 0.05224977781806082466 0.00000000000000000000
4.0300000000 0.05220688656242152698 0.00000000000000000000
4.0400000000 0.05216427732817901369 0.00000000000000000000
4.0500000000 0.05212194734710028088 0.00000000000000000000
4.0600000000 0.05207989388692804700 0.00000000000000000000
4.0700000000 0.05203811425080368674 0.00000000000000000000
4.0800000000 0.05199660577669928951 0.00000000000000000000
4.0900000000 0.05195536583686118787 0.00000000000000000000
4.1000000000 0.05191439183726408862 0.00000000000000000000
4.1100000000 0.05187368121707551516 0.00000000000000000000
4.1200000000 0.05183323144812929800 0.00000000000000000000
4.1300000000 0.05179304003441108362 0.00000000000000000000
4.1400000000 0.05175310451155078900 0.00000000000000000000
4.1500000000 0.05171342244632663732 0.00000000000000000000
4.1600000000 0.05167399143617735363 0.00000000000000000000
4.1700000000 0.05163480910872391555 0.00000000000000000000
4.1800000000 0.05159587312129955416 0.00000000000000000000
4.1900000000 0.05155718116048883110 0.00000000000000000000
4.2000000000 0.05151873094167523648 0.00000000000000000000
4.2100000000 0.05148052020859706507 0.00000000000000000000
4.2200000000 0.05144254673291071001 0.00000000000000000000
4.2300000000 0.05140480831376325471 0.00000000000000000000
4.2400000000 0.05136730277737153183 0.00000000000000000000
4.2500000000 0.05133002797660955047 0.00000000000000000000
4.2600000000 0.05129298179060329255 0.00000000000000000000
4.2700000000 0.05125616212433235092 0.00000000000000000000
4.2800000000 0.05121956690823958186 0.00000000000000000000
4.2900000000 0.05118319409784682916 0.00000000000000000000
4.3000000000 0.05114704167337820462 0.00000000000000000000
4.3100000000 0.05111110763938975232 0.00000000000000000000
4.3200000000 0.05107539002440572573 0.00000000000000000000
4.3300000000 0.05103988688056173423 0.00000000000000000000
4.3400000000 0.05100459628325306610 0.00000000000000000000
4.3500000000 0.05096951633079084554 0.00000000000000000000
4.3600000000 0.05093464514406294275 0.00000000000000000000
4.3700000000 0.05089998086620127482 0.00000000000000000000
4.3800000000 0.05086552166225511568 0.00000000000000000000
4.3900000000 0.05083126571886981832 0.00000000000000000000
4.4000000000 0.05079721124397119925 0.00000000000000000000
4.4100000000 0.05076335646645551564 0.00000000000000000000
4.4200000000 0.05072969963588484094 0.00000000000000000000
4.4300000000 0.05069623902218727690 0.00000000000000000000
4.4400000000 0.05066297291536285552 0.00000000000000000000
4.4500000000 0.05062989962519446469 0.00000000000000000000
4.4600000000 0.05059701748096332580 0.00000000000000000000
4.4700000000 0.05056432483116932164 0.00000000000000000000
4.4800000000 0.05053182004325690313 0.00000000000000000000
4.4900000000 0.05049950150334479165 0.00000000000000000000
4.5000000000 0.05046736761596030962 0.00000000000000000000
4.5100000000 0.05043541680377878339 0.00000000000000000000
4.5200000000 0.05040364750736690130 0.00000000000000000000
4.5300000000 0.05037205818493055431 0.00000000000000000000
4.5400000000 0.05034064731206662480 0.00000000000000000000
4.5500000000 0.05030941338151927872 0.00000000000000000000
4.5600000000 0.05027835490294037951 0.00000000000000000000
4.5700000000 0.05024747040265330200 0.00000000000000000000
4.5800000000 0.05021675842342143703 0.00000000000000000000
4.5900000000 0.05018621752421990878 0.00000000000000000000
4.6000000000 0.05015584628001155953 0.00000000000000000000
4.6100000000 0.05012564328152604304 0.00000000000000000000
4.6200000000 0.05009560713504320612 0.00000000000000000000
4.6300000000 0.05006573646217952339 0.00000000000000000000
4.6400000000 0.05003602989967829290 0.00000000000000000000
4.6500000000 0.05000648609920310683 0.00000000000000000000
4.6600000000 0.04997710372713457666 0.00000000000000000000
4.6700000000 0.04994788146437090237 0.00000000000000000000
4.6800000000 0.04991881800613079401 0.00000000000000000000
4.6900000000 0.04988991206176056348 0.00000000000000000000
4.7000000000 0.04986116235454341600 0.00000000000000000000
4.7100000000 0.04983256762151236363 0.00000000000000000000
4.7200000000 0.04980412661326586582 0.00000000000000000000
4.7300000000 0.04977583809378673119 0.00000000000000000000
4.7400000000 0.04974770084026361450 0.00000000000000000000
4.7500000000 0.04971971364291529610 0.00000000000000000000
4.7600000000 0.04969187530481786880 0.00000000000000000000
4.7700000000 0.04966418464173519287 0.00000000000000000000
4.7800000000 0.04963664048195072509 0.00000000000000000000
4.7900000000 0.04960924166610333058 0.00000000000000000000
4.8000000000 0.04958198704702485721 0.00000000000000000000
4.8100000000 0.04955487548958067978 0.00000000000000000000
4.8200000000 0.04952790587051243004 0.00000000000000000000
4.8300000000 0.04950107707828345360 0.00000000000000000000
4.8400000000 0.04947438801292633470 0.00000000000000000000
4.8500000000 0.04944783758589324507 0.00000000000000000000
4.8600000000 0.04942142471990791652 0.00000000000000000000
4.8700000000 0.04939514834882097888 0.00000000000000000000
4.8800000000 0.04936900741746620691 0.00000000000000000000
4.8900000000 0.04934300088151998692 0.00000000000000000000
4.9000000000 0.04931712770736242091 0.00000000000000000000
4.9100000000 0.04929138687194096341 0.00000000000000000000
4.9200000000 0.04926577736263557106 0.00000000000000000000
4.9300000000 0.04924029817712646112 0.00000000000000000000
4.9400000000 0.04921494832326344521 0.00000000000000000000
4.9500000000 0.04918972681893755278 0.00000000000000000000
4.9600000000 0.04916463269195447960 0.00000000000000000000
4.9700000000 0.04913966497990970156 0.00000000000000000000
4.9800000000 0.04911482273006599619 0.00000000000000000000
4.9900000000 0.04909010499923226190 0.00000000000000000000
5.0000000000 0.04906551085364452974 0.00000000000000000000
