0.1000000000 1.60585131602579722632 0.00000000000000000000
0.1100000000 1.51167096188173255555 0.00000000000000000000
0.1200000000 1.42492051622636894948 0.00000000000000000000
0.1300000000 1.34512902010171742084 0.00000000000000000000
0.1400000000 1.27179328158885662781 0.00000000000000000000
0.1500000000 1.20439784451024767264 0.00000000000000000000
0.1600000000 1.14243150515763103314 0.00000000000000000000
0.1700000000 1.08540006803668420687 0.00000000000000000000
0.1800000000 1.03283546281408677991 0.00000000000000000000
0.1900000000 0.98430162553245348356 0.00000000000000000000
0.2000000000 0.93939769101032832843 0.00000000000000000000
0.2100000000 0.89775908117301606026 0.00000000000000000000
0.2200000000 0.85905704114903880253 0.00000000000000000000
0.2300000000 0.82299710259956104785 0.00000000000000000000
0.2400000000 0.78931686560767744254 0.00000000000000000000
0.2500000000 0.75778340221646423025 0.00000000000000000000
0.2600000000 0.72819050529815254613 0.00000000000000000000
0.2700000000 0.70035593986541599953 0.00000000000000000000
0.2800000000 0.67411880101522236863 0.00000000000000000000
0.2900000000 0.64933704243135748069 0.00000000000000000000
0.3000000000 0.62588520992385876518 0.00000000000000000000
0.3100000000 0.60365239377437707180 0.00000000000000000000
0.3200000000 0.58254039971086324368 0.00000000000000000000
0.3300000000 0.56246212944071682927 0.00000000000000000000
0.3400000000 0.54334015643091848613 0.00000000000000000000
0.3500000000 0.52510547994352574364 0.00000000000000000000
0.3600000000 0.50769643938881914291 0.00000000000000000000
0.3700000000 0.49105777123933153083 0.00000000000000000000
0.3800000000 0.47513979162129116318 0.00000000000000000000
0.3900000000 0.45989768896261135067 0.00000000000000000000
0.4000000000 0.44529091252264241252 0.00000000000000000000
0.4100000000 0.43128264412341171807 0.00000000000000000000
0.4200000000 0.41783934185992299692 0.00000000000000000000
0.4300000000 0.40493034593816418232 0.00000000000000000000
0.4400000000 0.39252753804702933405 0.00000000000000000000
0.4500000000 0.38060504680366358254 0.00000000000000000000
0.4600000000 0.36913899281955198095 0.00000000000000000000
0.4700000000 0.35810726782235369203 0.00000000000000000000
0.4800000000 0.34748934304432882447 0.00000000000000000000
0.4900000000 0.33726610276258967014 0.00000000000000000000
0.5000000000 0.32741969945988769197 0.00000000000000000000
0.5100000000 0.31793342757783465968 0.00000000000000000000
0.5200000000 0.30879161326733367554 0.00000000000000000000
0.5300000000 0.29997951791246690867 0.00000000000000000000
0.5400000000 0.29148325352266157839 0.00000000000000000000
0.5500000000 0.28328970836067307593 0.00000000000000000000
0.5600000000 0.27538648140731636360 0.00000000000000000000
0.5700000000 0.26776182446350094146 0.00000000000000000000
0.5800000000 0.26040459086084377649 0.00000000000000000000
0.5900000000 0.25330418989809333485 0.00000000000000000000
0.6000000000 0.24645054624541865018 0.00000000000000000000
0.6100000000 0.23983406366539780641 0.00000000000000000000
0.6200000000 0.23344559249084467778 0.00000000000000000000
0.6300000000 0.22727640037783106153 0.00000000000000000000
0.6400000000 0.22131814591915136003 0.00000000000000000000
0.6500000000 0.21556285476085193520 0.00000000000000000000
0.6600000000 0.21000289791352991231 0.00000000000000000000
0.6700000000 0.20463097199229932088 0.00000000000000000000
0.6800000000 0.19944008115539826886 0.00000000000000000000
0.6900000000 0.19442352054255224170 0.00000000000000000000
0.7000000000 0.18957486104069976030 0.00000000000000000000
0.7100000000 0.18488793522775423539 0.00000000000000000000
0.7200000000 0.18035682436467700973 0.00000000000000000000
0.7300000000 0.17597584632312465724 0.00000000000000000000
0.7400000000 0.17173954435050545198 0.00000000000000000000
0.7500000000 0.16764267658691792140 0.00000000000000000000
0.7600000000 0.16368020625920348676 0.00000000000000000000
0.7700000000 0.15984729248679660496 0.00000000000000000000
0.7800000000 0.15613928164204635141 0.00000000000000000000
0.7900000000 0.15255169921477018669 0.00000000000000000000
0.8000000000 0.14908024213677131820 0.00000000000000000000
0.8100000000 0.14572077152722351379 0.00000000000000000000
0.8200000000 0.14246930582460262671 0.00000000000000000000
0.8300000000 0.13932201427443088870 0.00000000000000000000
0.8400000000 0.13627521074579371230 0.00000000000000000000
0.8500000000 0.13332534785243688180 0.00000000000000000000
0.8600000000 0.13046901135682520412 0.00000000000000000000
0.8700000000 0.12770291483784257380 0.00000000000000000000
0.8800000000 0.12502389460468055216 0.00000000000000000000
0.8900000000 0.12242890484140096785 0.00000000000000000000
0.9000000000 0.11991501296784617958 0.00000000000000000000
0.9100000000 0.11747939520407404967 0.00000000000000000000
0.9200000000 0.11511933232677488970 0.00000000000000000000
0.9300000000 0.11283220560671193555 0.00000000000000000000
0.9400000000 0.11061549291775336912 0.00000000000000000000
0.9500000000 0.10846676500812622856 0.00000000000000000000
0.9600000000 0.10638368192600657081 0.00000000000000000000
0.9700000000 0.10436398959143035337 0.00000000000000000000
0.9800000000 0.10240551650760273961 0.00000000000000000000
0.9900000000 0.10050617060503966305 0.00000000000000000000
1.0000000000 0.09866393621233464362 0.00000000000000000000
1.0100000000 0.09687687114749017614 0.00000000000000000000
1.0200000000 0.09514310392495964330 0.00000000000000000000
1.0300000000 0.09346083107323213679 0.00000000000000000000
1.0400000000 0.09182831455736950588 0.00000000000000000000
1.0500000000 0.09024387930315615203 0.00000000000000000000
1.0600000000 0.08870591081782314147 0.00000000000000000000
1.0700000000 0.08721285290357574937 0.00000000000000000000
1.0800000000 0.08576320546001019174 0.00000000000000000000
1.0900000000 0.08435552237186594304 0.00000000000000000000
1.1000000000 0.08298840947853296235 0.00000000000000000000
1.1100000000 0.08166052262210081458 0.00000000000000000000
1.1200000000 0.08037056577078363628 0.00000000000000000000
1.1300000000 0.07911728921466149034 0.00000000000000000000
1.1400000000 0.07789948783095582141 0.00000000000000000000
1.1500000000 0.07671599941599954731 0.00000000000000000000
1.1600000000 0.07556570308135400482 0.00000000000000000000
1.1700000000 0.07444751771148312713 0.00000000000000000000
1.1800000000 0.07336040048065288477 0.00000000000000000000
1.1900000000 0.07230334542664809683 0.00000000000000000000
1.2000000000 0.07127538207919670299 0.00000000000000000000
1.2100000000 0.07027557414087159948 0.00000000000000000000
1.2200000000 0.06930301821850791411 0.00000000000000000000
1.2300000000 0.06835684260312789584 0.00000000000000000000
1.2400000000 0.06743620609651046482 0.00000000000000000000
1.2500000000 0.06654029688260072739 0.00000000000000000000
1.2600000000 0.06566833144200215355 0.00000000000000000000
1.2700000000 0.06481955350792098502 0.00000000000000000000
1.2800000000 0.06399323306190646266 0.00000000000000000000
1.2900000000 0.06318866536789347066 0.00000000000000000000
1.3000000000 0.06240517004305230070 0.00000000000000000000
1.3100000000 0.06164209016400159363 0.00000000000000000000
1.3200000000 0.06089879140704383687 0.00000000000000000000
1.3300000000 0.06017466122109978860 0.00000000000000000000
1.3400000000 0.05946910803206056223 0.00000000000000000000
1.3500000000 0.05878156047737190248 0.00000000000000000000
1.3600000000 0.05811146666965741336 0.00000000000000000000
1.3700000000 0.05745829348826340249 0.00000000000000000000
1.3800000000 0.05682152589766090861 0.00000000000000000000
1.3900000000 0.05620066629164210958 0.00000000000000000000
1.4000000000 0.05559523386232734926 0.00000000000000000000
1.4100000000 0.05500476399302334923 0.00000000000000000000
1.4200000000 0.05442880767401703929 0.00000000000000000000
1.4300000000 0.05386693094039365221 0.00000000000000000000
1.4400000000 0.05331871433105491581 0.00000000000000000000
1.4500000000 0.05278375236810542437 0.00000000000000000000
1.4600000000 0.05226165305582095022 0.00000000000000000000
1.4700000000 0.05175203739843960149 0.00000000000000000000
1.4800000000 0.05125453893606228550 0.00000000000000000000
1.4900000000 0.05076880329793702351 0.00000000000000000000
1.5000000000 0.05029448777249102137 0.00000000000000000000
1.5100000000 0.04983126089342929804 0.00000000000000000000
1.5200000000 0.04937880204130490336 0.00000000000000000000
1.5300000000 0.04893680105995367596 0.00000000000000000000
1.5400000000 0.04850495788722200552 0.00000000000000000000
1.5500000000 0.04808298219943774737 0.00000000000000000000
1.5600000000 0.04767059306909626759 0.00000000000000000000
1.5700000000 0.04726751863525058966 0.00000000000000000000
1.5800000000 0.04687349578611849088 0.00000000000000000000
1.5900000000 0.04648826985344282209 0.00000000000000000000
1.6000000000 0.04611159431813584980 0.00000000000000000000
1.6100000000 0.04574323052680235452 0.00000000000000000000
1.6200000000 0.04538294741869641075 0.00000000000000000000
1.6300000000 0.04503052126273353328 0.00000000000000000000
1.6400000000 0.04468573540415830131 0.00000000000000000000
1.6500000000 0.04434838002050984357 0.00000000000000000000
1.6600000000 0.04401825188651956738 0.00000000000000000000
1.6700000000 0.04369515414761115241 0.00000000000000000000
1.6800000000 0.04337889610166228288 0.00000000000000000000
1.6900000000 0.04306929298872454182 0.00000000000000000000
1.7000000000 0.04276616578839304711 0.00000000000000000000
1.7100000000 0.04246934102453377852 0.00000000000000000000
1.7200000000 0.04217865057709492549 0.00000000000000000000
1.7300000000 0.04189393150072635158 0.00000000000000000000
1.7400000000 0.04161502584995571685 0.00000000000000000000
1.7500000000 0.04134178051066862009 0.00000000000000000000
1.7600000000 0.04107404703765601267 0.00000000000000000000
1.7700000000 0.04081168149800139949 0.00000000000000000000
1.7800000000 0.04055454432008412380 0.00000000000000000000
1.7900000000 0.04030250014799213049 0.00000000000000000000
1.8000000000 0.04005541770113372341 0.00000000000000000000
1.8100000000 0.03981316963886120247 0.00000000000000000000
1.8200000000 0.03957563242991514463 0.00000000000000000000
1.8300000000 0.03934268622650029940 0.00000000000000000000
1.8400000000 0.03911421474284110245 0.00000000000000000000
1.8500000000 0.03889010513802165780 0.00000000000000000000
1.8600000000 0.03867024790297651088 0.00000000000000000000
1.8700000000 0.03845453675145951711 0.00000000000000000000
1.8800000000 0.03824286851485019650 0.00000000000000000000
1.8900000000 0.03803514304065708229 0.00000000000000000000
1.9000000000 0.03783126309457551795 0.00000000000000000000
1.9100000000 0.03763113426597090166 0.00000000000000000000
1.9200000000 0.03743466487666539944 0.00000000000000000000
1.9300000000 0.03724176589289376893 0.00000000000000000000
1.9400000000 0.03705235084032803411 0.00000000000000000000
1.9500000000 0.03686633572204370268 0.00000000000000000000
1.9600000000 0.03668363893932841124 0.00000000000000000000
1.9700000000 0.03650418121522599341 0.00000000000000000000
1.9800000000 0.03632788552071331695 0.00000000000000000000
1.9900000000 0.03615467700341925411 0.00000000000000000000
2.0000000000 0.03598448291878796751 0.00000000000000000000
2.0100000000 0.03581723256360123259 0.00000000000000000000
2.0200000000 0.03565285721176936207 0.00000000000000000000
2.0300000000 0.03549129005231598660 0.00000000000000000000
2.0400000000 0.03533246612946773502 0.00000000000000000000
2.0500000000 0.03517632228478258932 0.00000000000000000000
2.0600000000 0.03502279710123393230 0.00000000000000000000
2.0700000000 0.03487183084918682452 0.00000000000000000000
2.0800000000 0.03472336543419635158 0.00000000000000000000
2.0900000000 0.03457734434656045686 0.00000000000000000000
2.1000000000 0.03443371261256745336 0.00000000000000000000
2.1100000000 0.03429241674737684709 0.00000000000000000000
2.1200000000 0.03415340470947246521 0.00000000000000000000
2.1300000000 0.03401662585663625671 0.00000000000000000000
2.1400000000 0.03388203090338601925 0.00000000000000000000
2.1500000000 0.03374957187982532969 0.00000000000000000000
2.1600000000 0.03361920209185538522 0.00000000000000000000
2.1700000000 0.03349087608270269467 0.00000000000000000000
2.1800000000 0.03336454959571266699 0.00000000000000000000
2.1900000000 0.03324017953836839318 0.00000000000000000000
2.2000000000 0.03311772394748744436 0.00000000000000000000
2.2100000000 0.03299714195556006924 0.00000000000000000000
2.2200000000 0.03287839375818404214 0.00000000000000000000
2.2300000000 0.03276144058256159203 0.00000000000000000000
2.2400000000 0.03264624465701864570 0.00000000000000000000
2.2500000000 0.03253276918151349478 0.00000000000000000000
2.2600000000 0.03242097829909772189 0.00000000000000000000
2.2700000000 0.03231083706829729341 0.00000000000000000000
2.2800000000 0.03220231143638476595 0.00000000000000000000
2.2900000000 0.03209536821350708613 0.00000000000000000000
2.3000000000 0.03198997504764227590 0.00000000000000000000
2.3100000000 0.03188610040035737975 0.00000000000000000000
2.3200000000 0.03178371352333661526 0.00000000000000000000
2.3300000000 0.03168278443565841068 0.00000000000000000000
2.3400000000 0.03158328390179029888 0.00000000000000000000
2.3500000000 0.03148518341028160028 0.00000000000000000000
2.3600000000 0.03138845515312717327 0.00000000000000000000
2.3700000000 0.03129307200578149151 0.00000000000000000000
2.3800000000 0.03119900750779963303 0.00000000000000000000
2.3900000000 0.03110623584408496803 0.00000000000000000000
2.4000000000 0.03101473182672183360 0.00000000000000000000
2.4100000000 0.03092447087737454706 0.00000000000000000000
2.4200000000 0.03083542901023395011 0.00000000000000000000
2.4300000000 0.03074758281549190911 0.00000000000000000000
2.4400000000 0.03066090944332713550 0.00000000000000000000
2.4500000000 0.03057538658838458712 0.00000000000000000000
2.4600000000 0.03049099247473245275 0.00000000000000000000
2.4700000000 0.03040770584128138151 0.00000000000000000000
2.4800000000 0.03032550592764814493 0.00000000000000000000
2.4900000000 0.03024437246045315331 0.00000000000000000000
2.5000000000 0.03016428564003309845 0.00000000000000000000
2.5100000000 0.03008522612755853975 0.00000000000000000000
2.5200000000 0.03000717503254037716 0.00000000000000000000
2.5300000000 0.02993011390071512526 0.00000000000000000000
2.5400000000 0.02985402470229423996 0.00000000000000000000
2.5500000000 0.02977888982056655504 0.00000000000000000000
2.5600000000 0.02970469204084294837 0.00000000000000000000
2.5700000000 0.02963141453973085204 0.00000000000000000000
2.5800000000 0.02955904087472875294 0.00000000000000000000
2.5900000000 0.02948755497413042825 0.00000000000000000000
2.6000000000 0.02941694112722772342 0.00000000000000000000
2.6100000000 0.02934718397480400726 0.00000000000000000000
2.6200000000 0.02927826849990732352 0.00000000000000000000
2.6300000000 0.02921018001889561302 0.00000000000000000000
2.6400000000 0.02914290417274407671 0.00000000000000000000
2.6500000000 0.02907642691860742867 0.00000000000000000000
2.6600000000 0.02901073452162744593 0.00000000000000000000
2.6700000000 0.02894581354698026396 0.00000000000000000000
2.6800000000 0.02888165085215347108 0.00000000000000000000
2.6900000000 0.02881823357944686415 0.00000000000000000000
2.7000000000 0.02875554914869028755 0.00000000000000000000
2.7100000000 0.02869358525017028094 0.00000000000000000000
2.7200000000 0.02863232983776038687 0.00000000000000000000
2.7300000000 0.02857177112224747184 0.00000000000000000000
2.7400000000 0.02851189756484992857 0.00000000000000000000
2.7500000000 0.02845269787091828789 0.00000000000000000000
2.7600000000 0.02839416098381700865 0.00000000000000000000
2.7700000000 0.02833627607897772072 0.00000000000000000000
2.7800000000 0.02827903255812149602 0.00000000000000000000
2.7900000000 0.02822242004364293455 0.00000000000000000000
2.8000000000 0.02816642837315268613 0.00000000000000000000
2.8100000000 0.02811104759417221849 0.00000000000000000000
2.8200000000 0.02805626795897755640 0.00000000000000000000
2.8300000000 0.02800207991958507739 0.00000000000000000000
2.8400000000 0.02794847412287806976 0.00000000000000000000
2.8500000000 0.02789544140586788790 0.00000000000000000000
2.8600000000 0.02784297279108481626 0.00000000000000000000
2.8700000000 0.02779105948209729948 0.00000000000000000000
2.8800000000 0.02773969285915358837 0.00000000000000000000
2.8900000000 0.02768886447494213129 0.00000000000000000000
2.9000000000 0.02763856605046908013 0.00000000000000000000
2.9100000000 0.02758878947104641266 0.00000000000000000000
2.9200000000 0.02753952678239010923 0.00000000000000000000
2.9300000000 0.02749077018682374515 0.00000000000000000000
2.9400000000 0.02744251203958362681 0.00000000000000000000
2.9500000000 0.02739474484522495118 0.00000000000000000000
2.9600000000 0.02734746125412242795 0.00000000000000000000
2.9700000000 0.02730065405906697065 0.00000000000000000000
2.9800000000 0.02725431619195071292 0.00000000000000000000
2.9900000000 0.02720844072054173432 0.00000000000000000000
3.0000000000 0.02716302084534422817 0.00000000000000000000
3.0100000000 0.02711804989654072878 0.00000000000000000000
3.0200000000 0.02707352133101649516 0.00000000000000000000
3.0300000000 0.02702942872946041686 0.00000000000000000000
3.0400000000 0.02698576579354358684 0.00000000000000000000
3.0500000000 0.02694252634317042747 0.00000000000000000000
3.0600000000 0.02689970431380199131 0.00000000000000000000
3.0700000000 0.02685729375384899101 0.00000000000000000000
3.0800000000 0.02681528882213164364 0.00000000000000000000
3.0900000000 0.02677368378540629160 0.00000000000000000000
3.1000000000 0.02673247301595426881 0.00000000000000000000
3.1100000000 0.02669165098923449372 0.00000000000000000000
3.1200000000 0.02665121228159417557 0.00000000000000000000
3.1300000000 0.02661115156803997919 0.00000000000000000000
3.1400000000 0.02657146362006431589 0.00000000000000000000
3.1500000000 0.02653214330352768324 0.00000000000000000000
3.1600000000 0.02649318557659463211 0.00000000000000000000
3.1700000000 0.02645458548772090801 0.00000000000000000000
3.1800000000 0.02641633817369263074 0.00000000000000000000
3.1900000000 0.02637843885771360905 0.00000000000000000000
3.2000000000 0.02634088284754076970 0.00000000000000000000
3.2100000000 0.02630366553366616372 0.00000000000000000000
3.2200000000 0.02626678238754433237 0.00000000000000000000
3.2300000000 0.02623022895986293346 0.00000000000000000000
3.2400000000 0.02619400087885744022 0.00000000000000000000
3.2500000000 0.02615809384866558604 0.00000000000000000000
3.2600000000 0.02612250364772376529 0.00000000000000000000
3.2700000000 0.02608722612720208028 0.00000000000000000000
3.2800000000 0.02605225720947714277 0.00000000000000000000
3.2900000000 0.02601759288664330996 0.00000000000000000000
3.3000000000 0.02598322921905895505 0.00000000000000000000
3.3100000000 0.02594916233392800808 0.00000000000000000000
3.3200000000 0.02591538842391628503 0.00000000000000000000
3.3300000000 0.02588190374580097430 0.00000000000000000000
3.3400000000 0.02584870461915200063 0.00000000000000000000
3.3500000000 0.02581578742504534243 0.00000000000000000000
3.3600000000 0.02578314860480732454 0.00000000000000000000
3.3700000000 0.02575078465878774189 0.00000000000000000000
3.3800000000 0.02571869214516316407 0.00000000000000000000
3.3900000000 0.02568686767876796062 0.00000000000000000000
3.4000000000 0.02565530792995291895 0.00000000000000000000
3.4100000000 0.02562400962347054223 0.00000000000000000000
3.4200000000 0.02559296953738678798 0.00000000000000000000
3.4300000000 0.02556218450201803993 0.00000000000000000000
3.4400000000 0.02553165139889256030 0.00000000000000000000
3.4500000000 0.02550136715973652310 0.00000000000000000000
3.4600000000 0.02547132876548318520 0.00000000000000000000
3.4700000000 0.02544153324530471286 0.00000000000000000000
3.4800000000 0.02541197767566689622 0.00000000000000000000
3.4900000000 0.02538265917940502742 0.00000000000000000000
3.5000000000 0.02535357492482095965 0.00000000000000000000
3.5100000000 0.02532472212480075396 0.00000000000000000000
3.5200000000 0.02529609803595251824 0.00000000000000000000
3.5300000000 0.02526769995776393524 0.00000000000000000000
3.5400000000 0.02523952523177785956 0.00000000000000000000
3.5500000000 0.02521157124078788475 0.00000000000000000000
3.5600000000 0.02518383540805076842 0.00000000000000000000
3.5700000000 0.02515631519651723852 0.00000000000000000000
3.5800000000 0.02512900810807936966 0.00000000000000000000
3.5900000000 0.02510191168283530325 0.00000000000000000000
3.6000000000 0.02507502349836960784 0.00000000000000000000
3.6100000000 0.02504834116905040389 0.00000000000000000000
3.6200000000 0.02502186234534085202 0.00000000000000000000
3.6300000000 0.02499558471312671865 0.00000000000000000000
3.6400000000 0.02496950599305841623 0.00000000000000000000
3.6500000000 0.02494362393990708776 0.00000000000000000000
3.6600000000 0.02491793634193510687 0.00000000000000000000
3.6700000000 0.02489244102028015035 0.00000000000000000000
3.6800000000 0.02486713582835220482 0.00000000000000000000
3.6900000000 0.02484201865124417707 0.00000000000000000000
3.7000000000 0.02481708740515514364 0.00000000000000000000
3.7100000000 0.02479234003682494539 0.00000000000000000000
3.7200000000 0.02476777452298280918 0.00000000000000000000
3.7300000000 0.02474338886980533350 0.00000000000000000000
3.7400000000 0.02471918111238837271 0.00000000000000000000
3.7500000000 0.02469514931422804940 0.00000000000000000000
3.7600000000 0.02467129156671439560 0.00000000000000000000
3.7700000000 0.02464760598863431976 0.00000000000000000000
3.7800000000 0.02462409072568592580 0.00000000000000000000
3.7900000000 0.02460074395000274444 0.00000000000000000000
3.8000000000 0.02457756385968757132 0.00000000000000000000
3.8100000000 0.02455454867835646024 0.00000000000000000000
3.8200000000 0.02453169665469190353 0.00000000000000000000
3.8300000000 0.02450900606200538331 0.00000000000000000000
3.8400000000 0.02448647519780871792 0.00000000000000000000
3.8500000000 0.02446410238339461959 0.00000000000000000000
3.8600000000 0.02444188596342558237 0.00000000000000000000
3.8700000000 0.02441982430553107236 0.00000000000000000000
3.8800000000 0.02439791579991314185 0.00000000000000000000
3.8900000000 0.02437615885895999535 0.00000000000000000000
3.9000000000 0.02435455191686744167 0.00000000000000000000
3.9100000000 0.02433309342926775684 0.00000000000000000000
3.9200000000 0.02431178187286636358 0.00000000000000000000
3.9300000000 0.02429061574508539767 0.00000000000000000000
3.9400000000 0.02426959356371475099 0.00000000000000000000
3.9500000000 0.02424871386657010894 0.00000000000000000000
3.9600000000 0.02422797521115734390 0.00000000000000000000
3.9700000000 0.02420737617434403147 0.00000000000000000000
3.9800000000 0.02418691535203735046 0.00000000000000000000
3.9900000000 0.02416659135886826265 0.00000000000000000000
4.0000000000 0.02414640282788164255 0.00000000000000000000
4.0100000000 0.02412634841023320389 0.00000000000000000000
4.0200000000 0.02410642677489154007 0.00000000000000000000
4.0300000000 0.02408663660834663156 0.00000000000000000000
4.0400000000 0.02406697661432346744 0.00000000000000000000
4.0500000000 0.02404744551350162726 0.00000000000000000000
4.0600000000 0.02402804204324007070 0.00000000000000000000
4.0700000000 0.02400876495730734986 0.00000000000000000000
4.0800000000 0.02398961302561690087 0.00000000000000000000
4.0900000000 0.02397058503396726215 0.00000000000000000000
4.1000000000 0.02395167978378783674 0.00000000000000000000
4.1100000000 0.02393289609188867240 0.00000000000000000000
4.1200000000 0.02391423279021571632 0.00000000000000000000
4.1300000000 0.02389568872561021254 0.00000000000000000000
4.1400000000 0.02387726275957286620 0.00000000000000000000
4.1500000000 0.02385895376803251478 0.00000000000000000000
4.1600000000 0.02384076064111882373 0.00000000000000000000
4.1700000000 0.02382268228293962786 0.00000000000000000000
4.1800000000 0.02380471761136219305 0.00000000000000000000
4.1900000000 0.02378686555779849915 0.00000000000000000000
4.2000000000 0.02376912506699464453 0.00000000000000000000
4.2100000000 0.02375149509682432727 0.00000000000000000000
4.2200000000 0.02373397461808545925 0.00000000000000000000
4.2300000000 0.02371656261430146045 0.00000000000000000000
4.2400000000 0.02369925808152536714 0.00000000000000000000
4.2500000000 0.02368206002814790198 0.00000000000000000000
4.2600000000 0.02366496747470912473 0.00000000000000000000
4.2700000000 0.02364797945371360441 0.00000000000000000000
4.2800000000 0.02363109500944799921 0.00000000000000000000
4.2900000000 0.02361431319780353186 0.00000000000000000000
4.3000000000 0.02359763308610014071 0.00000000000000000000
4.3100000000 0.02358105375291483577 0.00000000000000000000
4.3200000000 0.02356457428791262909 0.00000000000000000000
4.3300000000 0.02354819379168045235 0.00000000000000000000
4.3400000000 0.02353191137556456813 0.00000000000000000000
4.3500000000 0.02351572616150987213 0.00000000000000000000
4.3600000000 0.02349963728190324758 0.00000000000000000000
4.3700000000 0.02348364387941902914 0.00000000000000000000
4.3800000000 0.02346774510686678097 0.00000000000000000000
4.3900000000 0.02345194012704286332 0.00000000000000000000
4.4000000000 0.02343622811258346331 0.00000000000000000000
4.4100000000 0.02342060824582102227 0.00000000000000000000
4.4200000000 0.02340507971864275519 0.00000000000000000000
4.4300000000 0.02338964173235167157 0.00000000000000000000
4.4400000000 0.02337429349753011171 0.00000000000000000000
4.4500000000 0.02335903423390554845 0.00000000000000000000
4.4600000000 0.02334386317021872395 0.00000000000000000000
4.4700000000 0.02332877954409423235 0.00000000000000000000
4.4800000000 0.02331378260191289964 0.00000000000000000000
4.4900000000 0.02329887159868678642 0.00000000000000000000
4.5000000000 0.02328404579793616480 0.00000000000000000000
4.5100000000 0.02326930447156839651 0.00000000000000000000
4.5200000000 0.02325464689975917376 0.00000000000000000000
4.5300000000 0.02324007237083558497 0.00000000000000000000
4.5400000000 0.02322558018116127262 0.00000000000000000000
4.5500000000 0.02321116963502322175 0.00000000000000000000
4.5600000000 0.02319684004452100129 0.00000000000000000000
4.5700000000 0.02318259072945727875 0.00000000000000000000
4.5800000000 0.02316842101723050676 0.00000000000000000000
4.5900000000 0.02315433024272926105 0.00000000000000000000
4.6000000000 0.02314031774822848664 0.00000000000000000000
4.6100000000 0.02312638288328720468 0.00000000000000000000
4.6200000000 0.02311252500464816909 0.00000000000000000000
4.6300000000 0.02309874347613903936 0.00000000000000000000
4.6400000000 0.02308503766857512851 0.00000000000000000000
4.6500000000 0.02307140695966384755 0.00000000000000000000
4.6600000000 0.02305785073391073900 0.00000000000000000000
4.6700000000 0.02304436838252687733 0.00000000000000000000
4.6800000000 0.02303095930333800070 0.00000000000000000000
4.6900000000 0.02301762290069482922 0.00000000000000000000
4.7000000000 0.02300435858538519424 0.00000000000000000000
4.7100000000 0.02299116577454714608 0.00000000000000000000
4.7200000000 0.02297804389158392482 0.00000000000000000000
4.7300000000 0.02296499236607998234 0.00000000000000000000
4.7400000000 0.02295201063371829150 0.00000000000000000000
4.7500000000 0.02293909813619948029 0.00000000000000000000
4.7600000000 0.02292625432116139270 0.00000000000000000000
4.7700000000 0.02291347864210087348 0.00000000000000000000
4.7800000000 0.02290077055829610464 0.00000000000000000000
4.7900000000 0.02288812953473039202 0.00000000000000000000
4.8000000000 0.02287555504201739184 0.00000000000000000000
4.8100000000 0.02286304655632695471 0.00000000000000000000
4.8200000000 0.02285060355931272172 0.00000000000000000000
4.8300000000 0.02283822553804046654 0.00000000000000000000
4.8400000000 0.02282591198491770029 0.00000000000000000000
4.8500000000 0.02281366239762443876 0.00000000000000000000
4.8600000000 0.02280147627904484386 0.00000000000000000000
4.8700000000 0.02278935313720008293 0.00000000000000000000
4.8800000000 0.02277729248518216634 0.00000000000000000000
4.8900000000 0.02276529384108882254 0.00000000000000000000
4.9000000000 0.02275335672795941039 0.00000000000000000000
4.9100000000 0.02274148067371161569 0.00000000000000000000
4.9200000000 0.02272966521107949722 0.00000000000000000000
4.9300000000 0.02271790987755208102 0.00000000000000000000
4.9400000000 0.02270621421531308567 0.00000000000000000000
4.9500000000 0.02269457777118149763 0.00000000000000000000
4.9600000000 0.02268300009655321511 0.00000000000000000000
4.9700000000 0.02267148074734323671 0.00000000000000000000
4.9800000000 0.02266001928392912326 0.00000000000000000000
4.9900000000 0.02264861527109498368 0.00000000000000000000
5.0000000000 0.02263726827797642172 0.00000000000000000000
