0.1000000000 2.62915504671049715668 0.00000000000000000000
0.1100000000 2.55445090106246253114 0.00000000000000000000
0.1200000000 2.48144160456060669517 0.00000000000000000000
0.1300000000 2.41013250280989987928 0.00000000000000000000
0.1400000000 2.34052560804757758817 0.00000000000000000000
0.1500000000 2.27261970758409326265 0.00000000000000000000
0.1600000000 2.20641048816480189743 0.00000000000000000000
0.1700000000 2.14189067422308543343 0.00000000000000000000
0.1800000000 2.07905017793170232565 0.00000000000000000000
0.1900000000 2.01787625893793842735 0.00000000000000000000
0.2000000000 1.95835369168670259121 0.00000000000000000000
0.2100000000 1.90046493829003115827 0.00000000000000000000
0.2200000000 1.84419032498707524681 0.00000000000000000000
0.2300000000 1.78950822035045531422 0.00000000000000000000
0.2400000000 1.73639521352778825047 0.00000000000000000000
0.2500000000 1.68482629095605673797 0.00000000000000000000
0.2600000000 1.63477501014626569464 0.00000000000000000000
0.2700000000 1.58621366930192597700 0.00000000000000000000
0.2800000000 1.53911347170308032695 0.00000000000000000000
0.2900000000 1.49344468395408247474 0.00000000000000000000
0.3000000000 1.44917678735505450760 0.00000000000000000000
0.3100000000 1.40627862181121843221 0.00000000000000000000
0.3200000000 1.36471852183908826106 0.00000000000000000000
0.3300000000 1.32446444436233456976 0.00000000000000000000
0.3400000000 1.28548408811188763501 0.00000000000000000000
0.3500000000 1.24774500455405390476 0.00000000000000000000
0.3600000000 1.21121470036670975112 0.00000000000000000000
0.3700000000 1.17586073156730930300 0.00000000000000000000
0.3800000000 1.14165078946771036961 0.00000000000000000000
0.3900000000 1.10855277869039503535 0.00000000000000000000
0.4000000000 1.07653488752915671434 0.00000000000000000000
0.4100000000 1.04556565097575537848 0.00000000000000000000
0.4200000000 1.01561400676313473568 0.00000000000000000000
0.4300000000 0.98664934479666743794 0.00000000000000000000
0.4400000000 0.95864155035837395058 0.00000000000000000000
0.4500000000 0.93156104147617102562 0.00000000000000000000
0.4600000000 0.90537880085175603817 0.00000000000000000000
0.4700000000 0.88006640273766734150 0.00000000000000000000
0.4800000000 0.85559603514702042837 0.00000000000000000000
0.4900000000 0.83194051776930555420 0.00000000000000000000
0.5000000000 0.80907331595285891801 0.00000000000000000000
0.5100000000 0.78696855110003660627 0.00000000000000000000
0.5200000000 0.76560100780491946448 0.00000000000000000000
0.5300000000 0.74494613804634590704 0.00000000000000000000
0.5400000000 0.72498006273122639342 0.00000000000000000000
0.5500000000 0.70567957086512855813 0.00000000000000000000
0.5600000000 0.68702211660898115930 0.00000000000000000000
0.5700000000 0.66898581446283178487 0.00000000000000000000
0.5800000000 0.65154943280012889151 0.00000000000000000000
0.5900000000 0.63469238595890054011 0.00000000000000000000
0.6000000000 0.61839472507988413330 0.00000000000000000000
0.6100000000 0.60263712786591161485 0.00000000000000000000
0.6200000000 0.58740088742199425553 0.00000000000000000000
0.6300000000 0.57266790032136993815 0.00000000000000000000
0.6400000000 0.55842065402954477182 0.00000000000000000000
0.6500000000 0.54464221380584287857 0.00000000000000000000
0.6600000000 0.53131620919037902961 0.00000000000000000000
0.6700000000 0.51842682017349839274 0.00000000000000000000
0.6800000000 0.50595876313470966590 0.00000000000000000000
0.6900000000 0.49389727662884530535 0.00000000000000000000
0.7000000000 0.48222810708863655949 0.00000000000000000000
0.7100000000 0.47093749450495275832 0.00000000000000000000
0.7200000000 0.46001215813891477291 0.00000000000000000000
0.7300000000 0.44943928231326524259 0.00000000000000000000
0.7400000000 0.43920650232459773621 0.00000000000000000000
0.7500000000 0.42930189051241990361 0.00000000000000000000
0.7600000000 0.41971394251613247661 0.00000000000000000000
0.7700000000 0.41043156374651762475 0.00000000000000000000
0.7800000000 0.40144405609425848347 0.00000000000000000000
0.7900000000 0.39274110489430641424 0.00000000000000000000
0.8000000000 0.38431276616175935601 0.00000000000000000000
0.8100000000 0.37614945411184474988 0.00000000000000000000
0.8200000000 0.36824192897396085256 0.00000000000000000000
0.8300000000 0.36058128510752768259 0.00000000000000000000
0.8400000000 0.35315893942514536841 0.00000000000000000000
0.8500000000 0.34596662012677792397 0.00000000000000000000
0.8600000000 0.33899635574709768848 0.00000000000000000000
0.8700000000 0.33224046451651684242 0.00000000000000000000
0.8800000000 0.32569154403544137155 0.00000000000000000000
0.8900000000 0.31934246125987375553 0.00000000000000000000
0.9000000000 0.31318634279583196234 0.00000000000000000000
0.9100000000 0.30721656549891429577 0.00000000000000000000
0.9200000000 0.30142674737499097759 0.00000000000000000000
0.9300000000 0.29581073877710400977 0.00000000000000000000
0.9400000000 0.29036261389317952197 0.00000000000000000000
0.9500000000 0.28507666251915736444 0.00000000000000000000
0.9600000000 0.27994738211093744829 0.00000000000000000000
0.9700000000 0.27496947010925931743 0.00000000000000000000
0.9800000000 0.27013781653081692102 0.00000000000000000000
0.9900000000 0.26544749681848101019 0.00000000000000000000
1.0000000000 0.26089376494408506035 0.00000000000000000000
1.0100000000 0.25647204675806745122 0.00000000000000000000
1.0200000000 0.25217793357616191674 0.00000000000000000000
1.0300000000 0.24800717599771926469 0.00000000000000000000
1.0400000000 0.24395567795057720994 0.00000000000000000000
1.0500000000 0.24001949095224939246 0.00000000000000000000
1.0600000000 0.23619480858248925736 0.00000000000000000000
1.0700000000 0.23247796116009536438 0.00000000000000000000
1.0800000000 0.22886541061727966317 0.00000000000000000000
1.0900000000 0.22535374556501500121 0.00000000000000000000
1.1000000000 0.22193967654300336689 0.00000000000000000000
1.1100000000 0.21862003144784905584 0.00000000000000000000
1.1200000000 0.21539175113343278500 0.00000000000000000000
1.1300000000 0.21225188517733542537 0.00000000000000000000
1.1400000000 0.20919758780754713068 0.00000000000000000000
1.1500000000 0.20622611398368029256 0.00000000000000000000
1.1600000000 0.20333481562720917557 0.00000000000000000000
1.1700000000 0.20052113799522372495 0.00000000000000000000
1.1800000000 0.19778261619258105664 0.00000000000000000000
1.1900000000 0.19511687181727357943 0.00000000000000000000
1.2000000000 0.19252160973412177358 0.00000000000000000000
1.2100000000 0.18999461497202960181 0.00000000000000000000
1.2200000000 0.18753374974013192755 0.00000000000000000000
1.2300000000 0.18513695055842577242 0.00000000000000000000
1.2400000000 0.18280222549849367564 0.00000000000000000000
1.2500000000 0.18052765153022337641 0.00000000000000000000
1.2600000000 0.17831137197038526843 0.00000000000000000000
1.2700000000 0.17615159402928254329 0.00000000000000000000
1.2800000000 0.17404658645164655661 0.00000000000000000000
1.2900000000 0.17199467724816261405 0.00000000000000000000
1.3000000000 0.16999425151416130975 0.00000000000000000000
1.3100000000 0.16804374933207422149 0.00000000000000000000
1.3200000000 0.16614166375444183732 0.00000000000000000000
1.3300000000 0.16428653886430275022 0.00000000000000000000
1.3400000000 0.16247696791001578487 0.00000000000000000000
1.3500000000 0.16071159151156286238 0.00000000000000000000
1.3600000000 0.15898909593558219200 0.00000000000000000000
1.3700000000 0.15730821143642195747 0.00000000000000000000
1.3800000000 0.15566771066065529516 0.00000000000000000000
1.3900000000 0.15406640711257185705 0.00000000000000000000
1.4000000000 0.15250315367823646939 0.00000000000000000000
1.4100000000 0.15097684120584936585 0.00000000000000000000
1.4200000000 0.14948639714018743807 0.00000000000000000000
1.4300000000 0.14803078420900689371 0.00000000000000000000
1.4400000000 0.14660899915936670412 0.00000000000000000000
1.4500000000 0.14522007154192179135 0.00000000000000000000
1.4600000000 0.14386306254130554194 0.00000000000000000000
1.4700000000 0.14253706385076875263 0.00000000000000000000
1.4800000000 0.14124119658938952271 0.00000000000000000000
1.4900000000 0.13997461026012264496 0.00000000000000000000
1.5000000000 0.13873648174713945624 0.00000000000000000000
1.5100000000 0.13752601435088779303 0.00000000000000000000
1.5200000000 0.13634243685941149771 0.00000000000000000000
1.5300000000 0.13518500265448959996 0.00000000000000000000
1.5400000000 0.13405298885126504249 0.00000000000000000000
1.5500000000 0.13294569547001613974 0.00000000000000000000
1.5600000000 0.13186244463884461142 0.00000000000000000000
1.5700000000 0.13080257982605741907 0.00000000000000000000
1.5800000000 0.12976546510108713517 0.00000000000000000000
1.5900000000 0.12875048442284681149 0.00000000000000000000
1.6000000000 0.12775704095443907171 0.00000000000000000000
1.6100000000 0.12678455640319885589 0.00000000000000000000
1.6200000000 0.12583247038509545734 0.00000000000000000000
1.6300000000 0.12490023981252926233 0.00000000000000000000
1.6400000000 0.12398733830463863625 0.00000000000000000000
1.6500000000 0.12309325561922530856 0.00000000000000000000
1.6600000000 0.12221749710547810674 0.00000000000000000000
1.6700000000 0.12135958317668221751 0.00000000000000000000
1.6800000000 0.12051904880214910076 0.00000000000000000000
1.6900000000 0.11969544301762428951 0.00000000000000000000
1.7000000000 0.11888832845346136713 0.00000000000000000000
1.7100000000 0.11809728087988828615 0.00000000000000000000
1.7200000000 0.11732188876869364957 0.00000000000000000000
1.7300000000 0.11656175287073103353 0.00000000000000000000
1.7400000000 0.11581648580860731679 0.00000000000000000000
1.7500000000 0.11508571168399760187 0.00000000000000000000
1.7600000000 0.11436906569902065278 0.00000000000000000000
1.7700000000 0.11366619379114244193 0.00000000000000000000
1.7800000000 0.11297675228109235745 0.00000000000000000000
1.7900000000 0.11230040753330067238 0.00000000000000000000
1.8000000000 0.11163683562838626340 0.00000000000000000000
1.8100000000 0.11098572204723114454 0.00000000000000000000
1.8200000000 0.11034676136621453246 0.00000000000000000000
1.8300000000 0.10971965696318647376 0.00000000000000000000
1.8400000000 0.10910412073376414555 0.00000000000000000000
1.8500000000 0.10849987281758524671 0.00000000000000000000
1.8600000000 0.10790664133412573855 0.00000000000000000000
1.8700000000 0.10732416212774174846 0.00000000000000000000
1.8800000000 0.10675217852157821430 0.00000000000000000000
1.8900000000 0.10619044108002345661 0.00000000000000000000
1.9000000000 0.10563870737939067002 0.00000000000000000000
1.9100000000 0.10509674178651645660 0.00000000000000000000
1.9200000000 0.10456431524499301688 0.00000000000000000000
1.9300000000 0.10404120506874457719 0.00000000000000000000
1.9400000000 0.10352719474268051725 0.00000000000000000000
1.9500000000 0.10302207373016430969 0.00000000000000000000
1.9600000000 0.10252563728705492430 0.00000000000000000000
1.9700000000 0.10203768628206623392 0.00000000000000000000
1.9800000000 0.10155802702323052378 0.00000000000000000000
1.9900000000 0.10108647109022575461 0.00000000000000000000
2.0000000000 0.10062283517237989583 0.00000000000000000000
2.0100000000 0.10016694091210648354 0.00000000000000000000
2.0200000000 0.09971861475362220339 0.00000000000000000000
2.0300000000 0.09927768779671378163 0.00000000000000000000
2.0400000000 0.09884399565540184784 0.00000000000000000000
2.0500000000 0.09841737832130635633 0.00000000000000000000
2.0600000000 0.09799768003155859275 0.00000000000000000000
2.0700000000 0.09758474914108812570 0.00000000000000000000
2.0800000000 0.09717843799913387925 0.00000000000000000000
2.0900000000 0.09677860282982284068 0.00000000000000000000
2.1000000000 0.09638510361668249649 0.00000000000000000000
2.1100000000 0.09599780399093368888 0.00000000000000000000
2.1200000000 0.09561657112344013054 0.00000000000000000000
2.1300000000 0.09524127562018423754 0.00000000000000000000
2.1400000000 0.09487179142114104957 0.00000000000000000000
2.1500000000 0.09450799570243291481 0.00000000000000000000
2.1600000000 0.09414976878165334795 0.00000000000000000000
2.1700000000 0.09379699402624358529 0.00000000000000000000
2.1800000000 0.09344955776481708720 0.00000000000000000000
2.1900000000 0.09310734920133358072 0.00000000000000000000
2.2000000000 0.09277026033201851707 0.00000000000000000000
2.2100000000 0.09243818586493396383 0.00000000000000000000
2.2200000000 0.09211102314211040698 0.00000000000000000000
2.2300000000 0.09178867206415326774 0.00000000000000000000
2.2400000000 0.09147103501723298502 0.00000000000000000000
2.2500000000 0.09115801680238298788 0.00000000000000000000
2.2600000000 0.09084952456702241608 0.00000000000000000000
2.2700000000 0.09054546773863138276 0.00000000000000000000
2.2800000000 0.09024575796050211818 0.00000000000000000000
2.2900000000 0.08995030902949607832 0.00000000000000000000
2.3000000000 0.08965903683574066863 0.00000000000000000000
2.3100000000 0.08937185930419923319 0.00000000000000000000
2.3200000000 0.08908869633805119315 0.00000000000000000000
2.3300000000 0.08880946976381888514 0.00000000000000000000
2.3400000000 0.08853410327818866943 0.00000000000000000000
2.3500000000 0.08826252239646086017 0.00000000000000000000
2.3600000000 0.08799465440258377735 0.00000000000000000000
2.3700000000 0.08773042830071085818 0.00000000000000000000
2.3800000000 0.08746977476823400433 0.00000000000000000000
2.3900000000 0.08721262611024681310 0.00000000000000000000
2.4000000000 0.08695891621538351379 0.00000000000000000000
2.4100000000 0.08670858051299355773 0.00000000000000000000
2.4200000000 0.08646155593160745334 0.00000000000000000000
2.4300000000 0.08621778085865060282 0.00000000000000000000
2.4400000000 0.08597719510136123122 0.00000000000000000000
2.4500000000 0.08573973984888061395 0.00000000000000000000
2.4600000000 0.08550535763546851520 0.00000000000000000000
2.4700000000 0.08527399230481506887 0.00000000000000000000
2.4800000000 0.08504558897540714923 0.00000000000000000000
2.4900000000 0.08482009400692086531 0.00000000000000000000
2.5000000000 0.08459745496760104344 0.00000000000000000000
2.5100000000 0.08437762060260184382 0.00000000000000000000
2.5200000000 0.08416054080325617581 0.00000000000000000000
2.5300000000 0.08394616657723726061 0.00000000000000000000
2.5400000000 0.08373445001959629874 0.00000000000000000000
2.5500000000 0.08352534428463660732 0.00000000000000000000
2.5600000000 0.08331880355860644960 0.00000000000000000000
2.5700000000 0.08311478303317772209 0.00000000000000000000
2.5800000000 0.08291323887969162532 0.00000000000000000000
2.5900000000 0.08271412822414143939 0.00000000000000000000
2.6000000000 0.08251740912287441887 0.00000000000000000000
2.6100000000 0.08232304053898659157 0.00000000000000000000
2.6200000000 0.08213098231939018612 0.00000000000000000000
2.6300000000 0.08194119517253362073 0.00000000000000000000
2.6400000000 0.08175364064675091913 0.00000000000000000000
2.6500000000 0.08156828110922474673 0.00000000000000000000
2.6600000000 0.08138507972554089032 0.00000000000000000000
2.6700000000 0.08120400043981675087 0.00000000000000000000
2.6800000000 0.08102500795538745970 0.00000000000000000000
2.6900000000 0.08084806771603191000 0.00000000000000000000
2.7000000000 0.08067314588772056538 0.00000000000000000000
2.7100000000 0.08050020934087002977 0.00000000000000000000
2.7200000000 0.08032922563309094488 0.00000000000000000000
2.7300000000 0.08016016299241120191 0.00000000000000000000
2.7400000000 0.07999299030096143626 0.00000000000000000000
2.7500000000 0.07982767707910884414 0.00000000000000000000
2.7600000000 0.07966419347002468010 0.00000000000000000000
2.7700000000 0.07950251022467473561 0.00000000000000000000
2.7800000000 0.07934259868721803277 0.00000000000000000000
2.7900000000 0.07918443078080164566 0.00000000000000000000
2.8000000000 0.07902797899373996404 0.00000000000000000000
2.8100000000 0.07887321636606862973 0.00000000000000000000
2.8200000000 0.07872011647645946186 0.00000000000000000000
2.8300000000 0.07856865342948733677 0.00000000000000000000
2.8400000000 0.07841880184323651859 0.00000000000000000000
2.8500000000 0.07827053683724087552 0.00000000000000000000
2.8600000000 0.07812383402074250804 0.00000000000000000000
2.8700000000 0.07797866948126334907 0.00000000000000000000
2.8800000000 0.07783501977347945244 0.00000000000000000000
2.8900000000 0.07769286190838824158 0.00000000000000000000
2.9000000000 0.07755217334276226504 0.00000000000000000000
2.9100000000 0.07741293196887870376 0.00000000000000000000
2.9200000000 0.07727511610451777424 0.00000000000000000000
2.9300000000 0.07713870448322361628 0.00000000000000000000
2.9400000000 0.07700367624481675721 0.00000000000000000000
2.9500000000 0.07687001092615493303 0.00000000000000000000
2.9600000000 0.07673768845213015111 0.00000000000000000000
2.9700000000 0.07660668912690246635 0.00000000000000000000
2.9800000000 0.07647699362535520518 0.00000000000000000000
2.9900000000 0.07634858298477140148 0.00000000000000000000
3.0000000000 0.07622143859672446398 0.00000000000000000000
3.0100000000 0.07609554219917263884 0.00000000000000000000
3.0200000000 0.07597087586875790610 0.00000000000000000000
3.0300000000 0.07584742201329848499 0.00000000000000000000
3.0400000000 0.07572516336447202012 0.00000000000000000000
3.0500000000 0.07560408297068245409 0.00000000000000000000
3.0600000000 0.07548416419010828271 0.00000000000000000000
3.0700000000 0.07536539068392356100 0.00000000000000000000
3.0800000000 0.07524774640968912021 0.00000000000000000000
3.0900000000 0.07513121561490883338 0.00000000000000000000
3.1000000000 0.07501578283074550324 0.00000000000000000000
3.1100000000 0.07490143286589472094 0.00000000000000000000
3.1200000000 0.07478815080060674525 0.00000000000000000000
3.1300000000 0.07467592198086006605 0.00000000000000000000
3.1400000000 0.07456473201267434237 0.00000000000000000000
3.1500000000 0.07445456675656580980 0.00000000000000000000
3.1600000000 0.07434541232213702500 0.00000000000000000000
3.1700000000 0.07423725506279867103 0.00000000000000000000
3.1800000000 0.07413008157061981573 0.00000000000000000000
3.1900000000 0.07402387867130306998 0.00000000000000000000
3.2000000000 0.07391863341928206488 0.00000000000000000000
3.2100000000 0.07381433309293536360 0.00000000000000000000
3.2200000000 0.07371096518991727964 0.00000000000000000000
3.2300000000 0.07360851742260024477 0.00000000000000000000
3.2400000000 0.07350697771362517396 0.00000000000000000000
3.2500000000 0.07340633419155888351 0.00000000000000000000
3.2600000000 0.07330657518665535666 0.00000000000000000000
3.2700000000 0.07320768922671588852 0.00000000000000000000
3.2800000000 0.07310966503304833219 0.00000000000000000000
3.2900000000 0.07301249151652142166 0.00000000000000000000
3.3000000000 0.07291615777371142360 0.00000000000000000000
3.3100000000 0.07282065308313978580 0.00000000000000000000
3.3200000000 0.07272596690159824351 0.00000000000000000000
3.3300000000 0.07263208886055962099 0.00000000000000000000
3.3400000000 0.07253900876267324604 0.00000000000000000000
3.3500000000 0.07244671657833887113 0.00000000000000000000
3.3600000000 0.07235520244236319509 0.00000000000000000000
3.3700000000 0.07226445665069106128 0.00000000000000000000
3.3800000000 0.07217446965721240060 0.00000000000000000000
3.3900000000 0.07208523207064312932 0.00000000000000000000
3.4000000000 0.07199673465147592155 0.00000000000000000000
3.4100000000 0.07190896830900229963 0.00000000000000000000
3.4200000000 0.07182192409840022773 0.00000000000000000000
3.4300000000 0.07173559321789009513 0.00000000000000000000
3.4400000000 0.07164996700595301082 0.00000000000000000000
3.4500000000 0.07156503693861299142 0.00000000000000000000
3.4600000000 0.07148079462677908724 0.00000000000000000000
3.4700000000 0.07139723181364877880 0.00000000000000000000
3.4800000000 0.07131434037216778654 0.00000000000000000000
3.4900000000 0.07123211230254772319 0.00000000000000000000
3.5000000000 0.07115053972983698127 0.00000000000000000000
3.5100000000 0.07106961490154850569 0.00000000000000000000
3.5200000000 0.07098933018533692962 0.00000000000000000000
3.5300000000 0.07090967806672902884 0.00000000000000000000
3.5400000000 0.07083065114690290098 0.00000000000000000000
3.5500000000 0.07075224214051575866 0.00000000000000000000
3.5600000000 0.07067444387358060021 0.00000000000000000000
3.5700000000 0.07059724928138713662 0.00000000000000000000
3.5800000000 0.07052065140646919528 0.00000000000000000000
3.5900000000 0.07044464339661653252 0.00000000000000000000
3.6000000000 0.07036921850292733593 0.00000000000000000000
3.6100000000 0.07029437007790594050 0.00000000000000000000
3.6200000000 0.07022009157359855591 0.00000000000000000000
3.6300000000 0.07014637653977119636 0.00000000000000000000
3.6400000000 0.07007321862212394226 0.00000000000000000000
3.6500000000 0.07000061156054632194 0.00000000000000000000
3.6600000000 0.06992854918740731840 0.00000000000000000000
3.6700000000 0.06985702542588259623 0.00000000000000000000
3.6800000000 0.06978603428831731126 0.00000000000000000000
3.6900000000 0.06971556987462258770 0.00000000000000000000
3.7000000000 0.06964562637070625950 0.00000000000000000000
3.7100000000 0.06957619804693672416 0.00000000000000000000
3.7200000000 0.06950727925663820195 0.00000000000000000000
3.7300000000 0.06943886443461778912 0.00000000000000000000
3.7400000000 0.06937094809572273701 0.00000000000000000000
3.7500000000 0.06930352483342856751 0.00000000000000000000
3.7600000000 0.06923658931845494413 0.00000000000000000000
3.7700000000 0.06917013629741115832 0.00000000000000000000
3.7800000000 0.06910416059146901047 0.00000000000000000000
3.7900000000 0.06903865709506293302 0.00000000000000000000
3.8000000000 0.06897362077461666185 0.00000000000000000000
3.8100000000 0.06890904666729578965 0.00000000000000000000
3.8200000000 0.06884492987978627077 0.00000000000000000000
3.8300000000 0.06878126558709617144 0.00000000000000000000
3.8400000000 0.06871804903138351017 0.00000000000000000000
3.8500000000 0.06865527552080619156 0.00000000000000000000
3.8600000000 0.06859294042839608752 0.00000000000000000000
3.8700000000 0.06853103919095501761 0.00000000000000000000
3.8800000000 0.06846956730797311430 0.00000000000000000000
3.8900000000 0.06840852034056835174 0.00000000000000000000
3.9000000000 0.06834789391044822360 0.00000000000000000000
3.9100000000 0.06828768369889021139 0.00000000000000000000
3.9200000000 0.06822788544574415193 0.00000000000000000000
3.9300000000 0.06816849494845318713 0.00000000000000000000
3.9400000000 0.06810950806109437872 0.00000000000000000000
3.9500000000 0.06805092069343796068 0.00000000000000000000
3.9600000000 0.06799272881002521585 0.00000000000000000000
3.9700000000 0.06793492842926372732 0.00000000000000000000
3.9800000000 0.06787751562254153159 0.00000000000000000000
3.9900000000 0.06782048651335619016 0.00000000000000000000
4.0000000000 0.06776383727646377586 0.00000000000000000000
4.0100000000 0.06770756413704089038 0.00000000000000000000
4.0200000000 0.06765166336986547235 0.00000000000000000000
4.0300000000 0.06759613129851217705 0.00000000000000000000
4.0400000000 0.06754096429456261930 0.00000000000000000000
4.0500000000 0.06748615877683242226 0.00000000000000000000
4.0600000000 0.06743171121061070084 0.00000000000000000000
4.0700000000 0.06737761810691579589 0.00000000000000000000
4.0800000000 0.06732387602176428953 0.00000000000000000000
4.0900000000 0.06727048155545399533 0.00000000000000000000
4.1000000000 0.06721743135185985485 0.00000000000000000000
4.1100000000 0.06716472209774441982 0.00000000000000000000
4.1200000000 0.06711235052207942253 0.00000000000000000000
4.1300000000 0.06706031339538176539 0.00000000000000000000
4.1400000000 0.06700860752906057094 0.00000000000000000000
4.1500000000 0.06695722977477691629 0.00000000000000000000
4.1600000000 0.06690617702381521092 0.00000000000000000000
4.1700000000 0.06685544620646684255 0.00000000000000000000
4.1800000000 0.06680503429142371774 0.00000000000000000000
4.1900000000 0.06675493828518448691 0.00000000000000000000
4.2000000000 0.06670515523147076131 0.00000000000000000000
4.2100000000 0.06665568221065451548 0.00000000000000000000
4.2200000000 0.06660651633919477399 0.00000000000000000000
4.2300000000 0.06655765476908644118 0.00000000000000000000
4.2400000000 0.06650909468731715235 0.00000000000000000000
4.2500000000 0.06646083331533532423 0.00000000000000000000
4.2600000000 0.06641286790852717059 0.00000000000000000000
4.2700000000 0.06636519575570308527 0.00000000000000000000
4.2800000000 0.06631781417859347605 0.00000000000000000000
4.2900000000 0.06627072053135367458 0.00000000000000000000
4.3000000000 0.06622391220007690926 0.00000000000000000000
4.3100000000 0.06617738660231732573 0.00000000000000000000
4.3200000000 0.06613114118661990448 0.00000000000000000000
4.3300000000 0.06608517343206016248 0.00000000000000000000
4.3400000000 0.06603948084779054373 0.00000000000000000000
4.3500000000 0.06599406097259598314 0.00000000000000000000
4.3600000000 0.06594891137445657581 0.00000000000000000000
4.3700000000 0.06590402965011823988 0.00000000000000000000
4.3800000000 0.06585941342467051263 0.00000000000000000000
4.3900000000 0.06581506035113225683 0.00000000000000000000
4.4000000000 0.06577096811004369548 0.00000000000000000000
4.4100000000 0.06572713440906663429 0.00000000000000000000
4.4200000000 0.06568355698259055464 0.00000000000000000000
4.4300000000 0.06564023359134601998 0.00000000000000000000
4.4400000000 0.06559716202202477142 0.00000000000000000000
4.4500000000 0.06555434008690588787 0.00000000000000000000
4.4600000000 0.06551176562348892674 0.00000000000000000000
4.4700000000 0.06546943649413285160 0.00000000000000000000
4.4800000000 0.06542735058570135764 0.00000000000000000000
4.4900000000 0.06538550580921383137 0.00000000000000000000
4.5000000000 0.06534390009950295786 0.00000000000000000000
4.5100000000 0.06530253141487718516 0.00000000000000000000
4.5200000000 0.06526139773678973910 0.00000000000000000000
4.5300000000 0.06522049706951248138 0.00000000000000000000
4.5400000000 0.06517982743981534655 0.00000000000000000000
4.5500000000 0.06513938689665203785 0.00000000000000000000
4.5600000000 0.06509917351084933135 0.00000000000000000000
4.5700000000 0.06505918537480301356 0.00000000000000000000
4.5800000000 0.06501942060217802410 0.00000000000000000000
4.5900000000 0.06497987732761392743 0.00000000000000000000
4.6000000000 0.06494055370643492253 0.00000000000000000000
4.6100000000 0.06490144791436502913 0.00000000000000000000
4.6200000000 0.06486255814724756208 0.00000000000000000000
4.6300000000 0.06482388262076953234 0.00000000000000000000
4.6400000000 0.06478541957019005870 0.00000000000000000000
4.6500000000 0.06474716725007376161 0.00000000000000000000
4.6600000000 0.06470912393402805662 0.00000000000000000000
4.6700000000 0.06467128791444508307 0.00000000000000000000
4.6800000000 0.06463365750224751849 0.00000000000000000000
4.6900000000 0.06459623102663823724 0.00000000000000000000
4.7000000000 0.06455900683485474301 0.00000000000000000000
4.7100000000 0.06452198329192691817 0.00000000000000000000
4.7200000000 0.06448515878043878380 0.00000000000000000000
4.7300000000 0.06444853170029410383 0.00000000000000000000
4.7400000000 0.06441210046848590276 0.00000000000000000000
4.7500000000 0.06437586351886923075 0.00000000000000000000
4.7600000000 0.06433981930193784227 0.00000000000000000000
4.7700000000 0.06430396628460441355 0.00000000000000000000
4.7800000000 0.06426830294998384097 0.00000000000000000000
4.7900000000 0.06423282779718048063 0.00000000000000000000
4.8000000000 0.06419753934107834403 0.00000000000000000000
4.8100000000 0.06416243611213476306 0.00000000000000000000
4.8200000000 0.06412751665617698327 0.00000000000000000000
4.8300000000 0.06409277953420258744 0.00000000000000000000
4.8400000000 0.06405822332218190363 0.00000000000000000000
4.8500000000 0.06402384661086484019 0.00000000000000000000
4.8600000000 0.06398964800558937238 0.00000000000000000000
4.8700000000 0.06395562612609413666 0.00000000000000000000
4.8800000000 0.06392177960633282918 0.00000000000000000000
4.8900000000 0.06388810709429260104 0.00000000000000000000
4.9000000000 0.06385460725181402175 0.00000000000000000000
4.9100000000 0.06382127875441476195 0.00000000000000000000
4.9200000000 0.06378812029111553816 0.00000000000000000000
4.9300000000 0.06375513056426848624 0.00000000000000000000
4.9400000000 0.06372230828938883762 0.00000000000000000000
4.9500000000 0.06368965219498817776 0.00000000000000000000
4.9600000000 0.06365716102241117391 0.00000000000000000000
4.9700000000 0.06362483352567403772 0.00000000000000000000
4.9800000000 0.06359266847130576328 0.00000000000000000000
4.9900000000 0.06356066463819169676 0.00000000000000000000
5.0000000000 0.06352882081741945131 0.00000000000000000000
