0.1000000000 1.05242862363257594360 0.00000000000000000000
0.1100000000 1.02252433147170718186 0.00000000000000000000
0.1200000000 0.99327860247246646530 0.00000000000000000000
0.1300000000 0.96469368378346398440 0.00000000000000000000
0.1400000000 0.93677061825717811150 0.00000000000000000000
0.1500000000 0.90950928167733091634 0.00000000000000000000
0.1600000000 0.88290842510475320282 0.00000000000000000000
0.1700000000 0.85696572171482210400 0.00000000000000000000
0.1800000000 0.83167781748368885264 0.00000000000000000000
0.1900000000 0.80704038507610575959 0.00000000000000000000
0.2000000000 0.78304818029386868972 0.00000000000000000000
0.2100000000 0.75969510045966337497 0.00000000000000000000
0.2200000000 0.73697424413525858267 0.00000000000000000000
0.2300000000 0.71487797160428878662 0.00000000000000000000
0.2400000000 0.69339796558693633788 0.00000000000000000000
0.2500000000 0.67252529169542851761 0.00000000000000000000
0.2600000000 0.65225045818408433629 0.00000000000000000000
0.2700000000 0.63256347459449779880 0.00000000000000000000
0.2800000000 0.61345390894425211314 0.00000000000000000000
0.2900000000 0.59491094315532822012 0.00000000000000000000
0.3000000000 0.57692342646522420946 0.00000000000000000000
0.3100000000 0.55947992660908152374 0.00000000000000000000
0.3200000000 0.54256877860414498560 0.00000000000000000000
0.3300000000 0.52617813100829624595 0.00000000000000000000
0.3400000000 0.51029598956177213420 0.00000000000000000000
0.3500000000 0.49491025815534589460 0.00000000000000000000
0.3600000000 0.48000877709905226398 0.00000000000000000000
0.3700000000 0.46557935869292993436 0.00000000000000000000
0.3800000000 0.45160982012529671259 0.00000000000000000000
0.3900000000 0.43808801374482353452 0.00000000000000000000
0.4000000000 0.42500185477029178704 0.00000000000000000000
0.4100000000 0.41233934651660958393 0.00000000000000000000
0.4200000000 0.40008860322754702388 0.00000000000000000000
0.4300000000 0.38823787061507497587 0.00000000000000000000
0.4400000000 0.37677554421226983061 0.00000000000000000000
0.4500000000 0.36569018565178473823 0.00000000000000000000
0.4600000000 0.35497053698511837894 0.00000000000000000000
0.4700000000 0.34460553315949338238 0.00000000000000000000
0.4800000000 0.33458431276940847621 0.00000000000000000000
0.4900000000 0.32489622719896171787 0.00000000000000000000
0.5000000000 0.31553084826907890070 0.00000000000000000000
0.5100000000 0.30647797450103103634 0.00000000000000000000
0.5200000000 0.29772763610416119739 0.00000000000000000000
0.5300000000 0.28927009879179205187 0.00000000000000000000
0.5400000000 0.28109586652491319603 0.00000000000000000000
0.5500000000 0.27319568327859594659 0.00000000000000000000
0.5600000000 0.26556053392123046830 0.00000000000000000000
0.5700000000 0.25818164429172180130 0.00000000000000000000
0.5800000000 0.25105048055477752200 0.00000000000000000000
0.5900000000 0.24415874790942851402 0.00000000000000000000
0.6000000000 0.23749838872101994292 0.00000000000000000000
0.6100000000 0.23106158014207076046 0.00000000000000000000
0.6200000000 0.22484073128275525177 0.00000000000000000000
0.6300000000 0.21882847998721713378 0.00000000000000000000
0.6400000000 0.21301768926763003931 0.00000000000000000000
0.6500000000 0.20740144344374950025 0.00000000000000000000
0.6600000000 0.20197304403180310617 0.00000000000000000000
0.6700000000 0.19672600542282150937 0.00000000000000000000
0.6800000000 0.19165405038703223206 0.00000000000000000000
0.6900000000 0.18675110543760276016 0.00000000000000000000
0.7000000000 0.18201129608398233795 0.00000000000000000000
0.7100000000 0.17742894200216355327 0.00000000000000000000
0.7200000000 0.17299855214652024027 0.00000000000000000000
0.7300000000 0.16871481982539271449 0.00000000000000000000
0.7400000000 0.16457261776024312283 0.00000000000000000000
0.7500000000 0.16056699314613179230 0.00000000000000000000
0.7600000000 0.15669316272920491562 0.00000000000000000000
0.7700000000 0.15294650791516817279 0.00000000000000000000
0.7800000000 0.14932256992098072446 0.00000000000000000000
0.7900000000 0.14581704498051772934 0.00000000000000000000
0.8000000000 0.14242577961353666827 0.00000000000000000000
0.8100000000 0.13914476596604466452 0.00000000000000000000
0.8200000000 0.13597013722892695164 0.00000000000000000000
0.8300000000 0.13289816314076766113 0.00000000000000000000
0.8400000000 0.12992524557969209464 0.00000000000000000000
0.8500000000 0.12704791424834219193 0.00000000000000000000
0.8600000000 0.12426282245520349490 0.00000000000000000000
0.8700000000 0.12156674299486068536 0.00000000000000000000
0.8800000000 0.11895656412912350430 0.00000000000000000000
0.8900000000 0.11642928567038635101 0.00000000000000000000
0.9000000000 0.11398201516807443534 0.00000000000000000000
0.9100000000 0.11161196419863711471 0.00000000000000000000
0.9200000000 0.10931644475902835278 0.00000000000000000000
0.9300000000 0.10709286576345614095 0.00000000000000000000
0.9400000000 0.10493872964267186854 0.00000000000000000000
0.9500000000 0.10285162904488864832 0.00000000000000000000
0.9600000000 0.10082924363728544559 0.00000000000000000000
0.9700000000 0.09886933700661143520 0.00000000000000000000
0.9800000000 0.09696975365747530218 0.00000000000000000000
0.9900000000 0.09512841610656211366 0.00000000000000000000
1.0000000000 0.09334332207102769008 0.00000000000000000000
1.0100000000 0.09161254174923401383 0.00000000000000000000
1.0200000000 0.08993421519162192457 0.00000000000000000000
1.0300000000 0.08830654975986348965 0.00000000000000000000
1.0400000000 0.08672781767218616655 0.00000000000000000000
1.0500000000 0.08519635363251575055 0.00000000000000000000
1.0600000000 0.08371055254150397418 0.00000000000000000000
1.0700000000 0.08226886728709438545 0.00000000000000000000
1.0800000000 0.08086980661243037272 0.00000000000000000000
1.0900000000 0.07951193305900365604 0.00000000000000000000
1.1000000000 0.07819386098275217523 0.00000000000000000000
1.1100000000 0.07691425464094921172 0.00000000000000000000
1.1200000000 0.07567182634778318873 0.00000000000000000000
1.1300000000 0.07446533469643860925 0.00000000000000000000
1.1400000000 0.07329358284560211212 0.00000000000000000000
1.1500000000 0.07215541686833583379 0.00000000000000000000
1.1600000000 0.07104972416127143531 0.00000000000000000000
1.1700000000 0.06997543191216899772 0.00000000000000000000
1.1800000000 0.06893150562384195434 0.00000000000000000000
1.1900000000 0.06791694769260912812 0.00000000000000000000
1.2000000000 0.06693079603935368771 0.00000000000000000000
1.2100000000 0.06597212279142314340 0.00000000000000000000
1.2200000000 0.06504003301357631772 0.00000000000000000000
1.2300000000 0.06413366348627543012 0.00000000000000000000
1.2400000000 0.06325218152963288376 0.00000000000000000000
1.2500000000 0.06239478387140651172 0.00000000000000000000
1.2600000000 0.06156069555745823096 0.00000000000000000000
1.2700000000 0.06074916890314226159 0.00000000000000000000
1.2800000000 0.05995948248414215143 0.00000000000000000000
1.2900000000 0.05919094016532228109 0.00000000000000000000
1.3000000000 0.05844287016619783420 0.00000000000000000000
1.3100000000 0.05771462416167169596 0.00000000000000000000
1.3200000000 0.05700557641674623005 0.00000000000000000000
1.3300000000 0.05631512295393483608 0.00000000000000000000
1.3400000000 0.05564268075216954879 0.00000000000000000000
1.3500000000 0.05498768697601218169 0.00000000000000000000
1.3600000000 0.05434959823405199897 0.00000000000000000000
1.3700000000 0.05372788986536763955 0.00000000000000000000
1.3800000000 0.05312205525302410303 0.00000000000000000000
1.3900000000 0.05253160516355199344 0.00000000000000000000
1.4000000000 0.05195606711145261264 0.00000000000000000000
1.4100000000 0.05139498474775693743 0.00000000000000000000
1.4200000000 0.05084791727173800652 0.00000000000000000000
1.4300000000 0.05031443886488422973 0.00000000000000000000
1.4400000000 0.04979413814629250756 0.00000000000000000000
1.4500000000 0.04928661764865240741 0.00000000000000000000
1.4600000000 0.04879149331404351864 0.00000000000000000000
1.4700000000 0.04830839400878037676 0.00000000000000000000
1.4800000000 0.04783696105657331971 0.00000000000000000000
1.4900000000 0.04737684778930708468 0.00000000000000000000
1.5000000000 0.04692771911475516339 0.00000000000000000000
1.5100000000 0.04648925110058264865 0.00000000000000000000
1.5200000000 0.04606113057400693794 0.00000000000000000000
1.5300000000 0.04564305473651727313 0.00000000000000000000
1.5400000000 0.04523473079306880584 0.00000000000000000000
1.5500000000 0.04483587559519846416 0.00000000000000000000
1.5600000000 0.04444621529752303818 0.00000000000000000000
1.5700000000 0.04406548502710473658 0.00000000000000000000
1.5800000000 0.04369342856518696611 0.00000000000000000000
1.5900000000 0.04332979804082798259 0.00000000000000000000
1.6000000000 0.04297435363596716767 0.00000000000000000000
1.6100000000 0.04262686330149107611 0.00000000000000000000
1.6200000000 0.04228710248386961801 0.00000000000000000000
1.6300000000 0.04195485386195696442 0.00000000000000000000
1.6400000000 0.04162990709357131114 0.00000000000000000000
1.6500000000 0.04131205857146692112 0.00000000000000000000
1.6600000000 0.04100111118834842000 0.00000000000000000000
1.6700000000 0.04069687411057031079 0.00000000000000000000
1.6800000000 0.04039916256019707858 0.00000000000000000000
1.6900000000 0.04010779760509616820 0.00000000000000000000
1.7000000000 0.03982260595675748971 0.00000000000000000000
1.7100000000 0.03954341977554652610 0.00000000000000000000
1.7200000000 0.03927007648310260057 0.00000000000000000000
1.7300000000 0.03900241858161153374 0.00000000000000000000
1.7400000000 0.03874029347968777071 0.00000000000000000000
1.7500000000 0.03848355332461540074 0.00000000000000000000
1.7600000000 0.03823205484070516663 0.00000000000000000000
1.7700000000 0.03798565917353420585 0.00000000000000000000
1.7800000000 0.03774423173984308572 0.00000000000000000000
1.7900000000 0.03750764208287860751 0.00000000000000000000
1.8000000000 0.03727576373297221413 0.00000000000000000000
1.8100000000 0.03704847407315638164 0.00000000000000000000
1.8200000000 0.03682565420962909120 0.00000000000000000000
1.8300000000 0.03660718884688143188 0.00000000000000000000
1.8400000000 0.03639296616731288458 0.00000000000000000000
1.8500000000 0.03618287771516551232 0.00000000000000000000
1.8600000000 0.03597681828461189030 0.00000000000000000000
1.8700000000 0.03577468581184383573 0.00000000000000000000
1.8800000000 0.03557638127100710979 0.00000000000000000000
1.8900000000 0.03538180857384416733 0.00000000000000000000
1.9000000000 0.03519087447289741266 0.00000000000000000000
1.9100000000 0.03500348846814790166 0.00000000000000000000
1.9200000000 0.03481956271695516719 0.00000000000000000000
1.9300000000 0.03463901194717779186 0.00000000000000000000
1.9400000000 0.03446175337335633665 0.00000000000000000000
1.9500000000 0.03428770661584273904 0.00000000000000000000
1.9600000000 0.03411679362276808652 0.00000000000000000000
1.9700000000 0.03394893859474348852 0.00000000000000000000
1.9800000000 0.03378406791219238509 0.00000000000000000000
1.9900000000 0.03362211006521724499 0.00000000000000000000
2.0000000000 0.03346299558590642292 0.00000000000000000000
2.0100000000 0.03330665698299191402 0.00000000000000000000
2.0200000000 0.03315302867877192167 0.00000000000000000000
2.0300000000 0.03300204694821368828 0.00000000000000000000
2.0400000000 0.03285364986015729127 0.00000000000000000000
2.0500000000 0.03270777722054423603 0.00000000000000000000
2.0600000000 0.03256437051759562135 0.00000000000000000000
2.0700000000 0.03242337286886939896 0.00000000000000000000
2.0800000000 0.03228472897012839987 0.00000000000000000000
2.0900000000 0.03214838504595193130 0.00000000000000000000
2.1000000000 0.03201428880203069371 0.00000000000000000000
2.1100000000 0.03188238937908005610 0.00000000000000000000
2.1200000000 0.03175263730831693471 0.00000000000000000000
2.1300000000 0.03162498446844125982 0.00000000000000000000
2.1400000000 0.03149938404406803227 0.00000000000000000000
2.1500000000 0.03137579048556021766 0.00000000000000000000
2.1600000000 0.03125415947020888929 0.00000000000000000000
2.1700000000 0.03113444786471368173 0.00000000000000000000
2.1800000000 0.03101661368891956219 0.00000000000000000000
2.1900000000 0.03090061608075952634 0.00000000000000000000
2.2000000000 0.03078641526236601186 0.00000000000000000000
2.2100000000 0.03067397250730548308 0.00000000000000000000
2.2200000000 0.03056325010889882760 0.00000000000000000000
2.2300000000 0.03045421134958732623 0.00000000000000000000
2.2400000000 0.03034682047130758328 0.00000000000000000000
2.2500000000 0.03024104264684203403 0.00000000000000000000
2.2600000000 0.03013684395210678574 0.00000000000000000000
2.2700000000 0.03003419133934701751 0.00000000000000000000
2.2800000000 0.02993305261120657312 0.00000000000000000000
2.2900000000 0.02983339639564247872 0.00000000000000000000
2.3000000000 0.02973519212165246645 0.00000000000000000000
2.3100000000 0.02963840999578965657 0.00000000000000000000
2.3200000000 0.02954302097943642749 0.00000000000000000000
2.3300000000 0.02944899676680958964 0.00000000000000000000
2.3400000000 0.02935630976367347225 0.00000000000000000000
2.3500000000 0.02926493306673535327 0.00000000000000000000
2.3600000000 0.02917484044369978921 0.00000000000000000000
2.3700000000 0.02908600631396007080 0.00000000000000000000
2.3800000000 0.02899840572990294504 0.00000000000000000000
2.3900000000 0.02891201435880831616 0.00000000000000000000
2.4000000000 0.02882680846532035407 0.00000000000000000000
2.4100000000 0.02874276489447373864 0.00000000000000000000
2.4200000000 0.02865986105525373390 0.00000000000000000000
2.4300000000 0.02857807490467308142 0.00000000000000000000
2.4400000000 0.02849738493234752271 0.00000000000000000000
2.4500000000 0.02841777014555431011 0.00000000000000000000
2.4600000000 0.02833921005475543986 0.00000000000000000000
2.4700000000 0.02826168465957175358 0.00000000000000000000
2.4800000000 0.02818517443519174756 0.00000000000000000000
2.4900000000 0.02810966031920102484 0.00000000000000000000
2.5000000000 0.02803512369881729430 0.00000000000000000000
2.5100000000 0.02796154639851959611 0.00000000000000000000
2.5200000000 0.02788891066805525634 0.00000000000000000000
2.5300000000 0.02781719917081558816 0.00000000000000000000
2.5400000000 0.02774639497256517137 0.00000000000000000000
2.5500000000 0.02767648153051451010 0.00000000000000000000
2.5600000000 0.02760744268272561155 0.00000000000000000000
2.5700000000 0.02753926263783606707 0.00000000000000000000
2.5800000000 0.02747192596509590024 0.00000000000000000000
2.5900000000 0.02740541758470173284 0.00000000000000000000
2.6000000000 0.02733972275842442082 0.00000000000000000000
2.6100000000 0.02727482708051440219 0.00000000000000000000
2.6200000000 0.02721071646888058651 0.00000000000000000000
2.6300000000 0.02714737715653123273 0.00000000000000000000
2.6400000000 0.02708479568326909934 0.00000000000000000000
2.6500000000 0.02702295888763275866 0.00000000000000000000
2.6600000000 0.02696185389907610266 0.00000000000000000000
2.6700000000 0.02690146813037777584 0.00000000000000000000
2.6800000000 0.02684178927027420017 0.00000000000000000000
2.6900000000 0.02678280527630742119 0.00000000000000000000
2.7000000000 0.02672450436788365719 0.00000000000000000000
2.7100000000 0.02666687501953160858 0.00000000000000000000
2.7200000000 0.02660990595435907061 0.00000000000000000000
2.7300000000 0.02655358613769736448 0.00000000000000000000
2.7400000000 0.02649790477093011756 0.00000000000000000000
2.7500000000 0.02644285128550002278 0.00000000000000000000
2.7600000000 0.02638841533708655498 0.00000000000000000000
2.7700000000 0.02633458679995193466 0.00000000000000000000
2.7800000000 0.02628135576144766117 0.00000000000000000000
2.7900000000 0.02622871251667800718 0.00000000000000000000
2.8000000000 0.02617664756331432308 0.00000000000000000000
2.8100000000 0.02612515159655678584 0.00000000000000000000
2.8200000000 0.02607421550423849252 0.00000000000000000000
2.8300000000 0.02602383036206686040 0.00000000000000000000
2.8400000000 0.02597398742899895141 0.00000000000000000000
2.8500000000 0.02592467814274604723 0.00000000000000000000
2.8600000000 0.02587589411540438394 0.00000000000000000000
2.8700000000 0.02582762712920596421 0.00000000000000000000
2.8800000000 0.02577986913238934294 0.00000000000000000000
2.8900000000 0.02573261223518222285 0.00000000000000000000
2.9000000000 0.02568584870589750088 0.00000000000000000000
2.9100000000 0.02563957096713451525 0.00000000000000000000
2.9200000000 0.02559377159208556241 0.00000000000000000000
2.9300000000 0.02554844330094343391 0.00000000000000000000
2.9400000000 0.02550357895740596251 0.00000000000000000000
2.9500000000 0.02545917156527707434 0.00000000000000000000
2.9600000000 0.02541521426515868862 0.00000000000000000000
2.9700000000 0.02537170033123261129 0.00000000000000000000
2.9800000000 0.02532862316812879711 0.00000000000000000000
2.9900000000 0.02528597630787817949 0.00000000000000000000
3.0000000000 0.02524375340694673051 0.00000000000000000000
3.0100000000 0.02520194824334890879 0.00000000000000000000
3.0200000000 0.02516055471383786546 0.00000000000000000000
3.0300000000 0.02511956683117020500 0.00000000000000000000
3.0400000000 0.02507897872144354556 0.00000000000000000000
3.0500000000 0.02503878462150353756 0.00000000000000000000
3.0600000000 0.02499897887641956695 0.00000000000000000000
3.0700000000 0.02495955593702704409 0.00000000000000000000
3.0800000000 0.02492051035753326677 0.00000000000000000000
3.0900000000 0.02488183679318566044 0.00000000000000000000
3.1000000000 0.02484352999800161499 0.00000000000000000000
3.1100000000 0.02480558482255597677 0.00000000000000000000
3.1200000000 0.02476799621182625491 0.00000000000000000000
3.1300000000 0.02473075920309338385 0.00000000000000000000
3.1400000000 0.02469386892389620336 0.00000000000000000000
3.1500000000 0.02465732059003829940 0.00000000000000000000
3.1600000000 0.02462110950364576265 0.00000000000000000000
3.1700000000 0.02458523105127448719 0.00000000000000000000
3.1800000000 0.02454968070206545172 0.00000000000000000000
3.1900000000 0.02451445400594597784 0.00000000000000000000
3.2000000000 0.02447954659187783280 0.00000000000000000000
3.2100000000 0.02444495416614771849 0.00000000000000000000
3.2200000000 0.02441067251070160038 0.00000000000000000000
3.2300000000 0.02437669748152047552 0.00000000000000000000
3.2400000000 0.02434302500703645553 0.00000000000000000000
3.2500000000 0.02430965108658797794 0.00000000000000000000
3.2600000000 0.02427657178891374362 0.00000000000000000000
3.2700000000 0.02424378325068356557 0.00000000000000000000
3.2800000000 0.02421128167506524445 0.00000000000000000000
3.2900000000 0.02417906333032651331 0.00000000000000000000
3.3000000000 0.02414712454847208270 0.00000000000000000000
3.3100000000 0.02411546172391239654 0.00000000000000000000
3.3200000000 0.02408407131216559402 0.00000000000000000000
3.3300000000 0.02405294982859135580 0.00000000000000000000
3.3400000000 0.02402209384715439655 0.00000000000000000000
3.3500000000 0.02399149999921813825 0.00000000000000000000
3.3600000000 0.02396116497236750603 0.00000000000000000000
3.3700000000 0.02393108550925965652 0.00000000000000000000
3.3800000000 0.02390125840650204544 0.00000000000000000000
3.3900000000 0.02387168051355745627 0.00000000000000000000
3.4000000000 0.02384234873167478952 0.00000000000000000000
3.4100000000 0.02381326001284509233 0.00000000000000000000
3.4200000000 0.02378441135878224186 0.00000000000000000000
3.4300000000 0.02375579981992793216 0.00000000000000000000
3.4400000000 0.02372742249447891763 0.00000000000000000000
3.4500000000 0.02369927652743814700 0.00000000000000000000
3.4600000000 0.02367135910968762649 0.00000000000000000000
3.4700000000 0.02364366747708185681 0.00000000000000000000
3.4800000000 0.02361619890956391174 0.00000000000000000000
3.4900000000 0.02358895073030031417 0.00000000000000000000
3.5000000000 0.02356192030483685723 0.00000000000000000000
3.5100000000 0.02353510504027315001 0.00000000000000000000
3.5200000000 0.02350850238445648457 0.00000000000000000000
3.5300000000 0.02348210982519345971 0.00000000000000000000
3.5400000000 0.02345592488948008633 0.00000000000000000000
3.5500000000 0.02342994514274909443 0.00000000000000000000
3.5600000000 0.02340416818813410155 0.00000000000000000000
3.5700000000 0.02337859166575053521 0.00000000000000000000
3.5800000000 0.02335321325199234826 0.00000000000000000000
3.5900000000 0.02332803065884473184 0.00000000000000000000
3.6000000000 0.02330304163321245473 0.00000000000000000000
3.6100000000 0.02327824395626219844 0.00000000000000000000
3.6200000000 0.02325363544278024816 0.00000000000000000000
3.6300000000 0.02322921394054419664 0.00000000000000000000
3.6400000000 0.02320497732970800212 0.00000000000000000000
3.6500000000 0.02318092352220151725 0.00000000000000000000
3.6600000000 0.02315705046114208132 0.00000000000000000000
3.6700000000 0.02313335612025962246 0.00000000000000000000
3.6800000000 0.02310983850333369130 0.00000000000000000000
3.6900000000 0.02308649564364372020 0.00000000000000000000
3.7000000000 0.02306332560342973237 0.00000000000000000000
3.7100000000 0.02304032647336590883 0.00000000000000000000
3.7200000000 0.02301749637204488289 0.00000000000000000000
3.7300000000 0.02299483344547289393 0.00000000000000000000
3.7400000000 0.02297233586657623089 0.00000000000000000000
3.7500000000 0.02295000183471771274 0.00000000000000000000
3.7600000000 0.02292782957522388962 0.00000000000000000000
3.7700000000 0.02290581733892151778 0.00000000000000000000
3.7800000000 0.02288396340168473431 0.00000000000000000000
3.7900000000 0.02286226606399101996 0.00000000000000000000
3.8000000000 0.02284072365048669950 0.00000000000000000000
3.8100000000 0.02281933450956143139 0.00000000000000000000
3.8200000000 0.02279809701293198168 0.00000000000000000000
3.8300000000 0.02277700955523395687 0.00000000000000000000
3.8400000000 0.02275607055362235259 0.00000000000000000000
3.8500000000 0.02273527844738057468 0.00000000000000000000
3.8600000000 0.02271463169753711389 0.00000000000000000000
3.8700000000 0.02269412878648995047 0.00000000000000000000
3.8800000000 0.02267376821763935485 0.00000000000000000000
3.8900000000 0.02265354851502728722 0.00000000000000000000
3.9000000000 0.02263346822298495375 0.00000000000000000000
3.9100000000 0.02261352590578663904 0.00000000000000000000
3.9200000000 0.02259372014731145933 0.00000000000000000000
3.9300000000 0.02257404955071104502 0.00000000000000000000
3.9400000000 0.02255451273808447080 0.00000000000000000000
3.9500000000 0.02253510835015969452 0.00000000000000000000
3.9600000000 0.02251583504598078656 0.00000000000000000000
3.9700000000 0.02249669150260220560 0.00000000000000000000
3.9800000000 0.02247767641478845210 0.00000000000000000000
3.9900000000 0.02245878849471974123 0.00000000000000000000
4.0000000000 0.02244002647170415324 0.00000000000000000000
4.0100000000 0.02242138909189451967 0.00000000000000000000
4.0200000000 0.02240287511801136028 0.00000000000000000000
4.0300000000 0.02238448332907136407 0.00000000000000000000
4.0400000000 0.02236621252012060621 0.00000000000000000000
4.0500000000 0.02234806150197358315 0.00000000000000000000
4.0600000000 0.02233002910095681012 0.00000000000000000000
4.0700000000 0.02231211415865761924 0.00000000000000000000
4.0800000000 0.02229431553167783575 0.00000000000000000000
4.0900000000 0.02227663209139186390 0.00000000000000000000
4.1000000000 0.02225906272370993186 0.00000000000000000000
4.1100000000 0.02224160632884511143 0.00000000000000000000
4.1200000000 0.02222426182108566683 0.00000000000000000000
4.1300000000 0.02220702812857100819 0.00000000000000000000
4.1400000000 0.02218990419307200965 0.00000000000000000000
4.1500000000 0.02217288896977583426 0.00000000000000000000
4.1600000000 0.02215598142707459611 0.00000000000000000000
4.1700000000 0.02213918054635762370 0.00000000000000000000
4.1800000000 0.02212248532180816074 0.00000000000000000000
4.1900000000 0.02210589476020361280 0.00000000000000000000
4.2000000000 0.02208940788071956166 0.00000000000000000000
4.2100000000 0.02207302371473718675 0.00000000000000000000
4.2200000000 0.02205674130565456192 0.00000000000000000000
4.2300000000 0.02204055970870134884 0.00000000000000000000
4.2400000000 0.02202447799075673424 0.00000000000000000000
4.2500000000 0.02200849523017073261 0.00000000000000000000
4.2600000000 0.02199261051658912142 0.00000000000000000000
4.2700000000 0.02197682295078084644 0.00000000000000000000
4.2800000000 0.02196113164446939284 0.00000000000000000000
4.2900000000 0.02194553572016655005 0.00000000000000000000
4.3000000000 0.02193003431100945533 0.00000000000000000000
4.3100000000 0.02191462656060071471 0.00000000000000000000
4.3200000000 0.02189931162285096988 0.00000000000000000000
4.3300000000 0.02188408866182477847 0.00000000000000000000
4.3400000000 0.02186895685158877708 0.00000000000000000000
4.3500000000 0.02185391537606301560 0.00000000000000000000
4.3600000000 0.02183896342887442499 0.00000000000000000000
4.3700000000 0.02182410021321345983 0.00000000000000000000
4.3800000000 0.02180932494169257954 0.00000000000000000000
4.3900000000 0.02179463683620804296 0.00000000000000000000
4.4000000000 0.02178003512780316356 0.00000000000000000000
4.4100000000 0.02176551905653490576 0.00000000000000000000
4.4200000000 0.02175108787134225757 0.00000000000000000000
4.4300000000 0.02173674082991688961 0.00000000000000000000
4.4400000000 0.02172247719857626005 0.00000000000000000000
4.4500000000 0.02170829625213894359 0.00000000000000000000
4.4600000000 0.02169419727380191010 0.00000000000000000000
4.4700000000 0.02168017955502000299 0.00000000000000000000
4.4800000000 0.02166624239538754090 0.00000000000000000000
4.4900000000 0.02165238510252180323 0.00000000000000000000
4.5000000000 0.02163860699194898249 0.00000000000000000000
4.5100000000 0.02162490738699105255 0.00000000000000000000
4.5200000000 0.02161128561865578723 0.00000000000000000000
4.5300000000 0.02159774102552785430 0.00000000000000000000
4.5400000000 0.02158427295366183510 0.00000000000000000000
4.5500000000 0.02157088075647734665 0.00000000000000000000
4.5600000000 0.02155756379465569375 0.00000000000000000000
4.5700000000 0.02154432143603818989 0.00000000000000000000
4.5800000000 0.02153115305552648004 0.00000000000000000000
4.5900000000 0.02151805803498422001 0.00000000000000000000
4.6000000000 0.02150503576314046622 0.00000000000000000000
4.6100000000 0.02149208563549478285 0.00000000000000000000
4.6200000000 0.02147920705422376453 0.00000000000000000000
4.6300000000 0.02146639942808934928 0.00000000000000000000
4.6400000000 0.02145366217234810288 0.00000000000000000000
4.6500000000 0.02144099470866279653 0.00000000000000000000
4.6600000000 0.02142839646501459167 0.00000000000000000000
4.6700000000 0.02141586687561726141 0.00000000000000000000
4.6800000000 0.02140340538083244579 0.00000000000000000000
4.6900000000 0.02139101142708676670 0.00000000000000000000
4.7000000000 0.02137868446678940076 0.00000000000000000000
4.7100000000 0.02136642395825202531 0.00000000000000000000
4.7200000000 0.02135422936560916335 0.00000000000000000000
4.7300000000 0.02134210015874054081 0.00000000000000000000
4.7400000000 0.02133003581319418973 0.00000000000000000000
4.7500000000 0.02131803581011069634 0.00000000000000000000
4.7600000000 0.02130609963614939553 0.00000000000000000000
4.7700000000 0.02129422678341473876 0.00000000000000000000
4.7800000000 0.02128241674938472980 0.00000000000000000000
4.7900000000 0.02127066903683963797 0.00000000000000000000
4.8000000000 0.02125898315379275844 0.00000000000000000000
4.8100000000 0.02124735861342145690 0.00000000000000000000
4.8200000000 0.02123579493399975135 0.00000000000000000000
4.8300000000 0.02122429163883167089 0.00000000000000000000
4.8400000000 0.02121284825618609607 0.00000000000000000000
4.8500000000 0.02120146431923201902 0.00000000000000000000
4.8600000000 0.02119013936597527459 0.00000000000000000000
4.8700000000 0.02117887293919600358 0.00000000000000000000
4.8800000000 0.02116766458638722273 0.00000000000000000000
4.8900000000 0.02115651385969416140 0.00000000000000000000
4.9000000000 0.02114542031585492365 0.00000000000000000000
4.9100000000 0.02113438351614147295 0.00000000000000000000
4.9200000000 0.02112340302630188668 0.00000000000000000000
4.9300000000 0.02111247841650365151 0.00000000000000000000
4.9400000000 0.02110160926127736120 0.00000000000000000000
4.9500000000 0.02109079513946169812 0.00000000000000000000
4.9600000000 0.02108003563414882417 0.00000000000000000000
4.9700000000 0.02106933033263115249 0.00000000000000000000
4.9800000000 0.02105867882634829616 0.00000000000000000000
4.9900000000 0.02104808071083532142 0.00000000000000000000
5.0000000000 0.02103753558567144841 0.00000000000000000000
