0.1000000000 1.60740080929289330669 0.00000000000000000000
0.1100000000 1.51316367096198201025 0.00000000000000000000
0.1200000000 1.42633846814317477580 0.00000000000000000000
0.1300000000 1.34645990394094039466 0.00000000000000000000
0.1400000000 1.27302973882800030125 0.00000000000000000000
0.1500000000 1.20553665171293844516 0.00000000000000000000
0.1600000000 1.14347273535511329001 0.00000000000000000000
0.1700000000 1.08634629536511062575 0.00000000000000000000
0.1800000000 1.03369105216936540970 0.00000000000000000000
0.1900000000 0.98507212884343609005 0.00000000000000000000
0.2000000000 0.94008935605435850480 0.00000000000000000000
0.2100000000 0.89837846804693588521 0.00000000000000000000
0.2200000000 0.85961073504053331362 0.00000000000000000000
0.2300000000 0.82349150844041618669 0.00000000000000000000
0.2400000000 0.78975806952272997741 0.00000000000000000000
0.2500000000 0.75817708552078477702 0.00000000000000000000
0.2600000000 0.72854189844974459600 0.00000000000000000000
0.2700000000 0.70066980576520998536 0.00000000000000000000
0.2800000000 0.67439943904895660598 0.00000000000000000000
0.2900000000 0.64958830649099941201 0.00000000000000000000
0.3000000000 0.62611053524431403705 0.00000000000000000000
0.3100000000 0.60385482874916762697 0.00000000000000000000
0.3200000000 0.58272263991794437388 0.00000000000000000000
0.3300000000 0.56262655194463240260 0.00000000000000000000
0.3400000000 0.54348885306513317062 0.00000000000000000000
0.3500000000 0.52524028875276163042 0.00000000000000000000
0.3600000000 0.50781897375858975341 0.00000000000000000000
0.3700000000 0.49116944648711130528 0.00000000000000000000
0.3800000000 0.47524184899476579202 0.00000000000000000000
0.3900000000 0.45999121710436574606 0.00000000000000000000
0.4000000000 0.44537686653267793968 0.00000000000000000000
0.4100000000 0.43136186239268603515 0.00000000000000000000
0.4200000000 0.41791256086873834752 0.00000000000000000000
0.4300000000 0.40499821321913553884 0.00000000000000000000
0.4400000000 0.39259062350875001401 0.00000000000000000000
0.4500000000 0.38066385260133883683 0.00000000000000000000
0.4600000000 0.36919396194558623536 0.00000000000000000000
0.4700000000 0.35815879157476682160 0.00000000000000000000
0.4800000000 0.34753776751523723920 0.00000000000000000000
0.4900000000 0.33731173447359741324 0.00000000000000000000
0.5000000000 0.32746281025660606279 0.00000000000000000000
0.5100000000 0.31797425888217195622 0.00000000000000000000
0.5200000000 0.30883037977378713368 0.00000000000000000000
0.5300000000 0.30001641080352942081 0.00000000000000000000
0.5400000000 0.29151844326851666933 0.00000000000000000000
0.5500000000 0.28332334715957363525 0.00000000000000000000
0.5600000000 0.27541870531538054090 0.00000000000000000000
0.5700000000 0.26779275525592982632 0.00000000000000000000
0.5800000000 0.26043433766075302360 0.00000000000000000000
0.5900000000 0.25333285060409266309 0.00000000000000000000
0.6000000000 0.24647820878474824280 0.00000000000000000000
0.6100000000 0.23986080709565243962 0.00000000000000000000
0.6200000000 0.23347148797013900223 0.00000000000000000000
0.6300000000 0.22730151202045115189 0.00000000000000000000
0.6400000000 0.22134253155140579117 0.00000000000000000000
0.6500000000 0.21558656658979247212 0.00000000000000000000
0.6600000000 0.21002598311947537346 0.00000000000000000000
0.6700000000 0.20465347325460689354 0.00000000000000000000
0.6800000000 0.19946203711967908090 0.00000000000000000000
0.6900000000 0.19444496623636417509 0.00000000000000000000
0.7000000000 0.18959582824392690048 0.00000000000000000000
0.7100000000 0.18490845280296908104 0.00000000000000000000
0.7200000000 0.18037691855215734482 0.00000000000000000000
0.7300000000 0.17599554100458036920 0.00000000000000000000
0.7400000000 0.17175886128508077721 0.00000000000000000000
0.7500000000 0.16766163562255254060 0.00000000000000000000
0.7600000000 0.16369882552209921722 0.00000000000000000000
0.7700000000 0.15986558855137941726 0.00000000000000000000
0.7800000000 0.15615726968354540216 0.00000000000000000000
0.7900000000 0.15256939314627801507 0.00000000000000000000
0.8000000000 0.14909765473239505740 0.00000000000000000000
0.8100000000 0.14573791453288106879 0.00000000000000000000
0.8200000000 0.14248619005764212586 0.00000000000000000000
0.8300000000 0.13933864971330683913 0.00000000000000000000
0.8400000000 0.13629160661080308437 0.00000000000000000000
0.8500000000 0.13334151267841548583 0.00000000000000000000
0.8600000000 0.13048495305863444527 0.00000000000000000000
0.8700000000 0.12771864076933325816 0.00000000000000000000
0.8800000000 0.12503941161189405240 0.00000000000000000000
0.8900000000 0.12244421931044158214 0.00000000000000000000
0.9000000000 0.11993013086806632306 0.00000000000000000000
0.9100000000 0.11749432212699464917 0.00000000000000000000
0.9200000000 0.11513407352113273763 0.00000000000000000000
0.9300000000 0.11284676601011782437 0.00000000000000000000
0.9400000000 0.11062987718515424063 0.00000000000000000000
0.9500000000 0.10848097753753380146 0.00000000000000000000
0.9600000000 0.10639772688158424807 0.00000000000000000000
0.9700000000 0.10437787092441162817 0.00000000000000000000
0.9800000000 0.10241923797515097017 0.00000000000000000000
0.9900000000 0.10051973578712977697 0.00000000000000000000
1.0000000000 0.09867734852617383867 0.00000000000000000000
1.0100000000 0.09689013386281696005 0.00000000000000000000
1.0200000000 0.09515622017667314803 0.00000000000000000000
1.0300000000 0.09347380387052837969 0.00000000000000000000
1.0400000000 0.09184114679506655277 0.00000000000000000000
1.0500000000 0.09025657377062999698 0.00000000000000000000
1.0600000000 0.08871847020714097865 0.00000000000000000000
1.0700000000 0.08722527981683214637 0.00000000000000000000
1.0800000000 0.08577550241599320169 0.00000000000000000000
1.0900000000 0.08436769181198584822 0.00000000000000000000
1.1000000000 0.08300045377221089427 0.00000000000000000000
1.1100000000 0.08167244407162781161 0.00000000000000000000
1.1200000000 0.08038236661566858232 0.00000000000000000000
1.1300000000 0.07912897163559121094 0.00000000000000000000
1.1400000000 0.07791105395332897920 0.00000000000000000000
1.1500000000 0.07672745131314610834 0.00000000000000000000
1.1600000000 0.07557704277741628118 0.00000000000000000000
1.1700000000 0.07445874718403840131 0.00000000000000000000
1.1800000000 0.07337152166306845635 0.00000000000000000000
1.1900000000 0.07231436021022846772 0.00000000000000000000
1.2000000000 0.07128629231510495712 0.00000000000000000000
1.2100000000 0.07028638164189507376 0.00000000000000000000
1.2200000000 0.06931372476064300014 0.00000000000000000000
1.2300000000 0.06836744992703348844 0.00000000000000000000
1.2400000000 0.06744671590882171663 0.00000000000000000000
1.2500000000 0.06655071085713061552 0.00000000000000000000
1.2600000000 0.06567865122084434737 0.00000000000000000000
1.2700000000 0.06482978070244728441 0.00000000000000000000
1.2800000000 0.06400336925369679020 0.00000000000000000000
1.2900000000 0.06319871210958620533 0.00000000000000000000
1.3000000000 0.06241512885912244013 0.00000000000000000000
1.3100000000 0.06165196255149118371 0.00000000000000000000
1.3200000000 0.06090857883623280317 0.00000000000000000000
1.3300000000 0.06018436513613483613 0.00000000000000000000
1.3400000000 0.05947872985153992292 0.00000000000000000000
1.3500000000 0.05879110159489502052 0.00000000000000000000
1.3600000000 0.05812092845434210786 0.00000000000000000000
1.3700000000 0.05746767728523734242 0.00000000000000000000
1.3800000000 0.05683083302851838631 0.00000000000000000000
1.3900000000 0.05620989805488356417 0.00000000000000000000
1.4000000000 0.05560439153378436694 0.00000000000000000000
1.4100000000 0.05501384882625885014 0.00000000000000000000
1.4200000000 0.05443782090070577173 0.00000000000000000000
1.4300000000 0.05387587377069755906 0.00000000000000000000
1.4400000000 0.05332758795398268720 0.00000000000000000000
1.4500000000 0.05279255795185870681 0.00000000000000000000
1.4600000000 0.05227039174812934258 0.00000000000000000000
1.4700000000 0.05176071032689601170 0.00000000000000000000
1.4800000000 0.05126314720843675593 0.00000000000000000000
1.4900000000 0.05077734800249390779 0.00000000000000000000
1.5000000000 0.05030296997829583616 0.00000000000000000000
1.5100000000 0.04983968165064808775 0.00000000000000000000
1.5200000000 0.04938716238150196031 0.00000000000000000000
1.5300000000 0.04894510199638214820 0.00000000000000000000
1.5400000000 0.04851320041510946007 0.00000000000000000000
1.5500000000 0.04809116729627055387 0.00000000000000000000
1.5600000000 0.04767872169489654338 0.00000000000000000000
1.5700000000 0.04727559173285188904 0.00000000000000000000
1.5800000000 0.04688151428143905175 0.00000000000000000000
1.5900000000 0.04649623465575077053 0.00000000000000000000
1.6000000000 0.04611950632031801278 0.00000000000000000000
1.6100000000 0.04575109060562426722 0.00000000000000000000
1.6200000000 0.04539075643506430835 0.00000000000000000000
1.6300000000 0.04503828006194928596 0.00000000000000000000
1.6400000000 0.04469344481617514714 0.00000000000000000000
1.6500000000 0.04435604086018238995 0.00000000000000000000
1.6600000000 0.04402586495385491655 0.00000000000000000000
1.6700000000 0.04370272022801308803 0.00000000000000000000
1.6800000000 0.04338641596617600488 0.00000000000000000000
1.6900000000 0.04307676739427811208 0.00000000000000000000
1.7000000000 0.04277359547803433887 0.00000000000000000000
1.7100000000 0.04247672672766829305 0.00000000000000000000
1.7200000000 0.04218599300971773852 0.00000000000000000000
1.7300000000 0.04190123136565335193 0.00000000000000000000
1.7400000000 0.04162228383705148665 0.00000000000000000000
1.7500000000 0.04134899729707155330 0.00000000000000000000
1.7600000000 0.04108122328800162260 0.00000000000000000000
1.7700000000 0.04081881786464174738 0.00000000000000000000
1.7800000000 0.04056164144330560994 0.00000000000000000000
1.7900000000 0.04030955865622876805 0.00000000000000000000
1.8000000000 0.04006243821118133513 0.00000000000000000000
1.8100000000 0.03982015275608478955 0.00000000000000000000
1.8200000000 0.03958257874845452773 0.00000000000000000000
1.8300000000 0.03934959632947687691 0.00000000000000000000
1.8400000000 0.03912108920255562977 0.00000000000000000000
1.8500000000 0.03889694451615388626 0.00000000000000000000
1.8600000000 0.03867705275077915755 0.00000000000000000000
1.8700000000 0.03846130760995164488 0.00000000000000000000
1.8800000000 0.03824960591500706913 0.00000000000000000000
1.8900000000 0.03804184750359678596 0.00000000000000000000
1.9000000000 0.03783793513174275869 0.00000000000000000000
1.9100000000 0.03763777437931937336 0.00000000000000000000
1.9200000000 0.03744127355883483665 0.00000000000000000000
1.9300000000 0.03724834362738652788 0.00000000000000000000
1.9400000000 0.03705889810168239845 0.00000000000000000000
1.9500000000 0.03687285297600387951 0.00000000000000000000
1.9600000000 0.03669012664301188331 0.00000000000000000000
1.9700000000 0.03651063981728849828 0.00000000000000000000
1.9800000000 0.03633431546151087016 0.00000000000000000000
1.9900000000 0.03616107871516768824 0.00000000000000000000
2.0000000000 0.03599085682571970257 0.00000000000000000000
2.0100000000 0.03582357908211914604 0.00000000000000000000
2.0200000000 0.03565917675059870201 0.00000000000000000000
2.0300000000 0.03549758301265248245 0.00000000000000000000
2.0400000000 0.03533873290512525023 0.00000000000000000000
2.0500000000 0.03518256326233477893 0.00000000000000000000
2.0600000000 0.03502901266015708004 0.00000000000000000000
2.0700000000 0.03487802136199768394 0.00000000000000000000
2.0800000000 0.03472953126658898104 0.00000000000000000000
2.0900000000 0.03458348585753934917 0.00000000000000000000
2.1000000000 0.03443983015457920821 0.00000000000000000000
2.1100000000 0.03429851066643819363 0.00000000000000000000
2.1200000000 0.03415947534529774343 0.00000000000000000000
2.1300000000 0.03402267354276129058 0.00000000000000000000
2.1400000000 0.03388805596728997060 0.00000000000000000000
2.1500000000 0.03375557464305006111 0.00000000000000000000
2.1600000000 0.03362518287012297713 0.00000000000000000000
2.1700000000 0.03349683518603033261 0.00000000000000000000
2.1800000000 0.03337048732852563454 0.00000000000000000000
2.1900000000 0.03324609619961083756 0.00000000000000000000
2.2000000000 0.03312361983073106725 0.00000000000000000000
2.2100000000 0.03300301734911025714 0.00000000000000000000
2.2200000000 0.03288424894518483799 0.00000000000000000000
2.2300000000 0.03276727584109755814 0.00000000000000000000
2.2400000000 0.03265206026021615082 0.00000000000000000000
2.2500000000 0.03253856539763794881 0.00000000000000000000
2.2600000000 0.03242675539165031096 0.00000000000000000000
2.2700000000 0.03231659529611094483 0.00000000000000000000
2.2800000000 0.03220805105371526283 0.00000000000000000000
2.2900000000 0.03210108947012442482 0.00000000000000000000
2.3000000000 0.03199567818892002508 0.00000000000000000000
2.3100000000 0.03189178566735936804 0.00000000000000000000
2.3200000000 0.03178938115290336902 0.00000000000000000000
2.3300000000 0.03168843466049013624 0.00000000000000000000
2.3400000000 0.03158891695052895576 0.00000000000000000000
2.3500000000 0.03149079950759205854 0.00000000000000000000
2.3600000000 0.03139405451977548417 0.00000000000000000000
2.3700000000 0.03129865485871221459 0.00000000000000000000
2.3800000000 0.03120457406021167127 0.00000000000000000000
2.3900000000 0.03111178630550514440 0.00000000000000000000
2.4000000000 0.03102026640307813457 0.00000000000000000000
2.4100000000 0.03092998977106666686 0.00000000000000000000
2.4200000000 0.03084093242020360601 0.00000000000000000000
2.4300000000 0.03075307093729023541 0.00000000000000000000
2.4400000000 0.03066638246918205329 0.00000000000000000000
2.4500000000 0.03058084470726604720 0.00000000000000000000
2.4600000000 0.03049643587241661000 0.00000000000000000000
2.4700000000 0.03041313470041298941 0.00000000000000000000
2.4800000000 0.03033092042780273501 0.00000000000000000000
2.4900000000 0.03024977277819645288 0.00000000000000000000
2.5000000000 0.03016967194898050389 0.00000000000000000000
2.5100000000 0.03009059859843237622 0.00000000000000000000
2.5200000000 0.03001253383322678714 0.00000000000000000000
2.5300000000 0.02993545919631955196 0.00000000000000000000
2.5400000000 0.02985935665519517945 0.00000000000000000000
2.5500000000 0.02978420859046877062 0.00000000000000000000
2.5600000000 0.02970999778482940473 0.00000000000000000000
2.5700000000 0.02963670741231382369 0.00000000000000000000
2.5800000000 0.02956432102789944422 0.00000000000000000000
2.5900000000 0.02949282255740761846 0.00000000000000000000
2.6000000000 0.02942219628770582907 0.00000000000000000000
2.6100000000 0.02935242685719964550 0.00000000000000000000
2.6200000000 0.02928349924660537604 0.00000000000000000000
2.6300000000 0.02921539876999342325 0.00000000000000000000
2.6400000000 0.02914811106609624045 0.00000000000000000000
2.6500000000 0.02908162208986779171 0.00000000000000000000
2.6600000000 0.02901591810429214602 0.00000000000000000000
2.6700000000 0.02895098567242824703 0.00000000000000000000
2.6800000000 0.02888681164968715659 0.00000000000000000000
2.6900000000 0.02882338317633169333 0.00000000000000000000
2.7000000000 0.02876068767019302613 0.00000000000000000000
2.7100000000 0.02869871281959736689 0.00000000000000000000
2.7200000000 0.02863744657649459555 0.00000000000000000000
2.7300000000 0.02857687714978469559 0.00000000000000000000
2.7400000000 0.02851699299883420427 0.00000000000000000000
2.7500000000 0.02845778282717710550 0.00000000000000000000
2.7600000000 0.02839923557639512097 0.00000000000000000000
2.7700000000 0.02834134042017055072 0.00000000000000000000
2.7800000000 0.02828408675850785717 0.00000000000000000000
2.7900000000 0.02822746421211689768 0.00000000000000000000
2.8000000000 0.02817146261695526940 0.00000000000000000000
2.8100000000 0.02811607201892194971 0.00000000000000000000
2.8200000000 0.02806128266870019233 0.00000000000000000000
2.8300000000 0.02800708501674338893 0.00000000000000000000
2.8400000000 0.02795346970840084655 0.00000000000000000000
2.8500000000 0.02790042757917755162 0.00000000000000000000
2.8600000000 0.02784794965012568971 0.00000000000000000000
2.8700000000 0.02779602712336239415 0.00000000000000000000
2.8800000000 0.02774465137771086123 0.00000000000000000000
2.8900000000 0.02769381396446117180 0.00000000000000000000
2.9000000000 0.02764350660324586470 0.00000000000000000000
2.9100000000 0.02759372117802868715 0.00000000000000000000
2.9200000000 0.02754444973320156059 0.00000000000000000000
2.9300000000 0.02749568446978777753 0.00000000000000000000
2.9400000000 0.02744741774174712032 0.00000000000000000000
2.9500000000 0.02739964205238090006 0.00000000000000000000
2.9600000000 0.02735235005083280768 0.00000000000000000000
2.9700000000 0.02730553452868406117 0.00000000000000000000
2.9800000000 0.02725918841663935860 0.00000000000000000000
2.9900000000 0.02721330478130015718 0.00000000000000000000
3.0000000000 0.02716787682202480639 0.00000000000000000000
3.0100000000 0.02712289786787017848 0.00000000000000000000
3.0200000000 0.02707836137461556297 0.00000000000000000000
3.0300000000 0.02703426092186379109 0.00000000000000000000
3.0400000000 0.02699059021021869842 0.00000000000000000000
3.0500000000 0.02694734305853626125 0.00000000000000000000
3.0600000000 0.02690451340124703702 0.00000000000000000000
3.0700000000 0.02686209528574964867 0.00000000000000000000
3.0800000000 0.02682008286986971302 0.00000000000000000000
3.0900000000 0.02677847041938571579 0.00000000000000000000
3.1000000000 0.02673725230561876942 0.00000000000000000000
3.1100000000 0.02669642300308354768 0.00000000000000000000
3.1200000000 0.02665597708719956091 0.00000000000000000000
3.1300000000 0.02661590923206145001 0.00000000000000000000
3.1400000000 0.02657621420826532938 0.00000000000000000000
3.1500000000 0.02653688688079061664 0.00000000000000000000
3.1600000000 0.02649792220693551748 0.00000000000000000000
3.1700000000 0.02645931523430465268 0.00000000000000000000
3.1800000000 0.02642106109884696796 0.00000000000000000000
3.1900000000 0.02638315502294327070 0.00000000000000000000
3.2000000000 0.02634559231354138484 0.00000000000000000000
3.2100000000 0.02630836836033778603 0.00000000000000000000
3.2200000000 0.02627147863400456501 0.00000000000000000000
3.2300000000 0.02623491868446039058 0.00000000000000000000
3.2400000000 0.02619868413918395242 0.00000000000000000000
3.2500000000 0.02616277070156914145 0.00000000000000000000
3.2600000000 0.02612717414932074281 0.00000000000000000000
3.2700000000 0.02609189033288890000 0.00000000000000000000
3.2800000000 0.02605691517394267964 0.00000000000000000000
3.2900000000 0.02602224466388009666 0.00000000000000000000
3.3000000000 0.02598787486237457214 0.00000000000000000000
3.3100000000 0.02595380189595616546 0.00000000000000000000
3.3200000000 0.02592002195662816005 0.00000000000000000000
3.3300000000 0.02588653130051541892 0.00000000000000000000
3.3400000000 0.02585332624654628972 0.00000000000000000000
3.3500000000 0.02582040317516553704 0.00000000000000000000
3.3600000000 0.02578775852707814592 0.00000000000000000000
3.3700000000 0.02575538880202274394 0.00000000000000000000
3.3800000000 0.02572329055757442001 0.00000000000000000000
3.3900000000 0.02569146040797558664 0.00000000000000000000
3.4000000000 0.02565989502299449720 0.00000000000000000000
3.4100000000 0.02562859112681007204 0.00000000000000000000
3.4200000000 0.02559754549692404638 0.00000000000000000000
3.4300000000 0.02556675496309731080 0.00000000000000000000
3.4400000000 0.02553621640631124901 0.00000000000000000000
3.4500000000 0.02550592675775379542 0.00000000000000000000
3.4600000000 0.02547588299782819685 0.00000000000000000000
3.4700000000 0.02544608215518500555 0.00000000000000000000
3.4800000000 0.02541652130577629065 0.00000000000000000000
3.4900000000 0.02538719757193171750 0.00000000000000000000
3.5000000000 0.02535810812145500998 0.00000000000000000000
3.5100000000 0.02532925016674202404 0.00000000000000000000
3.5200000000 0.02530062096391809054 0.00000000000000000000
3.5300000000 0.02527221781199506800 0.00000000000000000000
3.5400000000 0.02524403805204778958 0.00000000000000000000
3.5500000000 0.02521607906640862748 0.00000000000000000000
3.5600000000 0.02518833827787999094 0.00000000000000000000
3.5700000000 0.02516081314896521579 0.00000000000000000000
3.5800000000 0.02513350118111564585 0.00000000000000000000
3.5900000000 0.02510639991399528370 0.00000000000000000000
3.6000000000 0.02507950692476110591 0.00000000000000000000
3.6100000000 0.02505281982735981655 0.00000000000000000000
3.6200000000 0.02502633627183946732 0.00000000000000000000
3.6300000000 0.02500005394367703013 0.00000000000000000000
3.6400000000 0.02497397056311978503 0.00000000000000000000
3.6500000000 0.02494808388454195294 0.00000000000000000000
3.6600000000 0.02492239169581481756 0.00000000000000000000
3.6700000000 0.02489689181769012827 0.00000000000000000000
3.6800000000 0.02487158210319823787 0.00000000000000000000
3.6900000000 0.02484646043705764779 0.00000000000000000000
3.7000000000 0.02482152473509829232 0.00000000000000000000
3.7100000000 0.02479677294369652188 0.00000000000000000000
3.7200000000 0.02477220303922272882 0.00000000000000000000
3.7300000000 0.02474781302750055437 0.00000000000000000000
3.7400000000 0.02472360094327724980 0.00000000000000000000
3.7500000000 0.02469956484970575739 0.00000000000000000000
3.7600000000 0.02467570283783743212 0.00000000000000000000
3.7700000000 0.02465201302612569575 0.00000000000000000000
3.7800000000 0.02462849355993950232 0.00000000000000000000
3.7900000000 0.02460514261108807249 0.00000000000000000000
3.8000000000 0.02458195837735426340 0.00000000000000000000
3.8100000000 0.02455893908203884979 0.00000000000000000000
3.8200000000 0.02453608297351328807 0.00000000000000000000
3.8300000000 0.02451338832478234045 0.00000000000000000000
3.8400000000 0.02449085343305552193 0.00000000000000000000
3.8500000000 0.02446847661932717924 0.00000000000000000000
3.8600000000 0.02444625622796570141 0.00000000000000000000
3.8700000000 0.02442419062631035268 0.00000000000000000000
3.8800000000 0.02440227820427703226 0.00000000000000000000
3.8900000000 0.02438051737397174332 0.00000000000000000000
3.9000000000 0.02435890656931182299 0.00000000000000000000
3.9100000000 0.02433744424565490241 0.00000000000000000000
3.9200000000 0.02431612887943529477 0.00000000000000000000
3.9300000000 0.02429495896780801620 0.00000000000000000000
3.9400000000 0.02427393302829911753 0.00000000000000000000
3.9500000000 0.02425304959846413463 0.00000000000000000000
3.9600000000 0.02423230723555218347 0.00000000000000000000
3.9700000000 0.02421170451617754224 0.00000000000000000000
3.9800000000 0.02419124003599739184 0.00000000000000000000
3.9900000000 0.02417091240939604757 0.00000000000000000000
4.0000000000 0.02415072026917497450 0.00000000000000000000
4.0100000000 0.02413066226624965838 0.00000000000000000000
4.0200000000 0.02411073706935169120 0.00000000000000000000
4.0300000000 0.02409094336473697681 0.00000000000000000000
4.0400000000 0.02407127985589960217 0.00000000000000000000
4.0500000000 0.02405174526329125623 0.00000000000000000000
4.0600000000 0.02403233832404592929 0.00000000000000000000
4.0700000000 0.02401305779170999008 0.00000000000000000000
4.0800000000 0.02399390243597768202 0.00000000000000000000
4.0900000000 0.02397487104243125472 0.00000000000000000000
4.1000000000 0.02395596241228634127 0.00000000000000000000
4.1100000000 0.02393717536214200886 0.00000000000000000000
4.1200000000 0.02391850872373613504 0.00000000000000000000
4.1300000000 0.02389996134370418052 0.00000000000000000000
4.1400000000 0.02388153208334390862 0.00000000000000000000
4.1500000000 0.02386321981838373726 0.00000000000000000000
4.1600000000 0.02384502343875533753 0.00000000000000000000
4.1700000000 0.02382694184837110332 0.00000000000000000000
4.1800000000 0.02380897396490525356 0.00000000000000000000
4.1900000000 0.02379111871957915667 0.00000000000000000000
4.2000000000 0.02377337505695083925 0.00000000000000000000
4.2100000000 0.02375574193470776294 0.00000000000000000000
4.2200000000 0.02373821832346447586 0.00000000000000000000
4.2300000000 0.02372080320656285574 0.00000000000000000000
4.2400000000 0.02370349557987684597 0.00000000000000000000
4.2500000000 0.02368629445162020661 0.00000000000000000000
4.2600000000 0.02366919884215842179 0.00000000000000000000
4.2700000000 0.02365220778382293165 0.00000000000000000000
4.2800000000 0.02363532032073024231 0.00000000000000000000
4.2900000000 0.02361853550860283646 0.00000000000000000000
4.3000000000 0.02360185241459423350 0.00000000000000000000
4.3100000000 0.02358527011711704716 0.00000000000000000000
4.3200000000 0.02356878770567356549 0.00000000000000000000
4.3300000000 0.02355240428069038314 0.00000000000000000000
4.3400000000 0.02353611895335482734 0.00000000000000000000
4.3500000000 0.02351993084545534254 0.00000000000000000000
4.3600000000 0.02350383908922376586 0.00000000000000000000
4.3700000000 0.02348784282718124200 0.00000000000000000000
4.3800000000 0.02347194121198621641 0.00000000000000000000
4.3900000000 0.02345613340628540516 0.00000000000000000000
4.4000000000 0.02344041858256735306 0.00000000000000000000
4.4100000000 0.02342479592301846547 0.00000000000000000000
4.4200000000 0.02340926461938163186 0.00000000000000000000
4.4300000000 0.02339382387281715645 0.00000000000000000000
4.4400000000 0.02337847289376645057 0.00000000000000000000
4.4500000000 0.02336321090181761248 0.00000000000000000000
4.4600000000 0.02334803712557360217 0.00000000000000000000
4.4700000000 0.02333295080252283799 0.00000000000000000000
4.4800000000 0.02331795117891151403 0.00000000000000000000
4.4900000000 0.02330303750961869660 0.00000000000000000000
4.5000000000 0.02328820905803295413 0.00000000000000000000
4.5100000000 0.02327346509593166204 0.00000000000000000000
4.5200000000 0.02325880490336193832 0.00000000000000000000
4.5300000000 0.02324422776852369185 0.00000000000000000000
4.5400000000 0.02322973298765485667 0.00000000000000000000
4.5500000000 0.02321531986491814567 0.00000000000000000000
4.5600000000 0.02320098771229022611 0.00000000000000000000
4.5700000000 0.02318673584945214056 0.00000000000000000000
4.5800000000 0.02317256360368227797 0.00000000000000000000
4.5900000000 0.02315847030975029530 0.00000000000000000000
4.6000000000 0.02314445530981372803 0.00000000000000000000
4.6100000000 0.02313051795331529104 0.00000000000000000000
4.6200000000 0.02311665759688277116 0.00000000000000000000
4.6300000000 0.02310287360423020353 0.00000000000000000000
4.6400000000 0.02308916534606039739 0.00000000000000000000
4.6500000000 0.02307553219996960267 0.00000000000000000000
4.6600000000 0.02306197355035336655 0.00000000000000000000
4.6700000000 0.02304848878831402409 0.00000000000000000000
4.6800000000 0.02303507731156960447 0.00000000000000000000
4.6900000000 0.02302173852436448231 0.00000000000000000000
4.7000000000 0.02300847183738107329 0.00000000000000000000
4.7100000000 0.02299527666765332698 0.00000000000000000000
4.7200000000 0.02298215243848145822 0.00000000000000000000
4.7300000000 0.02296909857934788246 0.00000000000000000000
4.7400000000 0.02295611452583483716 0.00000000000000000000
4.7500000000 0.02294319971954304760 0.00000000000000000000
4.7600000000 0.02293035360801176648 0.00000000000000000000
4.7700000000 0.02291757564464000710 0.00000000000000000000
4.7800000000 0.02290486528860941062 0.00000000000000000000
4.7900000000 0.02289222200480766495 0.00000000000000000000
4.8000000000 0.02287964526375368610 0.00000000000000000000
4.8100000000 0.02286713454152380920 0.00000000000000000000
4.8200000000 0.02285468931967900644 0.00000000000000000000
4.8300000000 0.02284230908519328807 0.00000000000000000000
4.8400000000 0.02282999333038360570 0.00000000000000000000
4.8500000000 0.02281774155283998809 0.00000000000000000000
4.8600000000 0.02280555325535785216 0.00000000000000000000
4.8700000000 0.02279342794587041823 0.00000000000000000000
4.8800000000 0.02278136513738264479 0.00000000000000000000
4.8900000000 0.02276936434790611044 0.00000000000000000000
4.9000000000 0.02275742510039490546 0.00000000000000000000
4.9100000000 0.02274554692268236297 0.00000000000000000000
4.9200000000 0.02273372934741899748 0.00000000000000000000
4.9300000000 0.02272197191201109565 0.00000000000000000000
4.9400000000 0.02271027415856062895 0.00000000000000000000
4.9500000000 0.02269863563380556185 0.00000000000000000000
4.9600000000 0.02268705588906151649 0.00000000000000000000
4.9700000000 0.02267553448016419032 0.00000000000000000000
4.9800000000 0.02266407096741252306 0.00000000000000000000
4.9900000000 0.02265266491551278655 0.00000000000000000000
5.0000000000 0.02264131589352363569 0.00000000000000000000
