0.1000000000 1.57799223244119568577 0.00000000000000000000
0.1100000000 1.53315623127776912149 0.00000000000000000000
0.1200000000 1.48932433374589900943 0.00000000000000000000
0.1300000000 1.44649973126313713401 0.00000000000000000000
0.1400000000 1.40468370610356507733 0.00000000000000000000
0.1500000000 1.36387569289279109164 0.00000000000000000000
0.1600000000 1.32407334872605764176 0.00000000000000000000
0.1700000000 1.28527263081418263724 0.00000000000000000000
0.1800000000 1.24746788053235091454 0.00000000000000000000
0.1900000000 1.21065191273873207223 0.00000000000000000000
0.2000000000 1.17481610924188029088 0.00000000000000000000
0.2100000000 1.13995051532587243770 0.00000000000000000000
0.2200000000 1.10604393828782709974 0.00000000000000000000
0.2300000000 1.07308404700131410081 0.00000000000000000000
0.2400000000 1.04105747158865180602 0.00000000000000000000
0.2500000000 1.00994990236260706595 0.00000000000000000000
0.2600000000 0.97974618728110862698 0.00000000000000000000
0.2700000000 0.95043042724493254081 0.00000000000000000000
0.2800000000 0.92198606865580912118 0.00000000000000000000
0.2900000000 0.89439599273923475753 0.00000000000000000000
0.3000000000 0.86764260122075487214 0.00000000000000000000
0.3100000000 0.84170789802540035840 0.00000000000000000000
0.3200000000 0.81657356674620651393 0.00000000000000000000
0.3300000000 0.79222104369853996175 0.00000000000000000000
0.3400000000 0.76863158644176399203 0.00000000000000000000
0.3500000000 0.74578633770824842575 0.00000000000000000000
0.3600000000 0.72366638473173239277 0.00000000000000000000
0.3700000000 0.70225281401259564973 0.00000000000000000000
0.3800000000 0.68152676159684955071 0.00000000000000000000
0.3900000000 0.66146945897884723564 0.00000000000000000000
0.4000000000 0.64206227476524013742 0.00000000000000000000
0.4100000000 0.62328675225989260689 0.00000000000000000000
0.4200000000 0.60512464314683933608 0.00000000000000000000
0.4300000000 0.58755793746129125754 0.00000000000000000000
0.4400000000 0.57056889004774036245 0.00000000000000000000
0.4500000000 0.55414004370976255309 0.00000000000000000000
0.4600000000 0.53825424925864340242 0.00000000000000000000
0.4700000000 0.52289468266790917195 0.00000000000000000000
0.4800000000 0.50804485953859901404 0.00000000000000000000
0.4900000000 0.49368864707603760111 0.00000000000000000000
0.5000000000 0.47981027377331536554 0.00000000000000000000
0.5100000000 0.46639433698994575694 0.00000000000000000000
0.5200000000 0.45342580860653375341 0.00000000000000000000
0.5300000000 0.44089003892792283379 0.00000000000000000000
0.5400000000 0.42877275899855410435 0.00000000000000000000
0.5500000000 0.41706008148464290830 0.00000000000000000000
0.5600000000 0.40573850026859453743 0.00000000000000000000
0.5700000000 0.39479488889182873246 0.00000000000000000000
0.5800000000 0.38421649797309964658 0.00000000000000000000
0.5900000000 0.37399095172039831247 0.00000000000000000000
0.6000000000 0.36410624364589172508 0.00000000000000000000
0.6100000000 0.35455073158492939056 0.00000000000000000000
0.6200000000 0.34531313211213171543 0.00000000000000000000
0.6300000000 0.33638251443989364287 0.00000000000000000000
0.6400000000 0.32774829387740106457 0.00000000000000000000
0.6500000000 0.31940022492133907095 0.00000000000000000000
0.6600000000 0.31132839404307727227 0.00000000000000000000
0.6700000000 0.30352321223102568526 0.00000000000000000000
0.6800000000 0.29597540734120775241 0.00000000000000000000
0.6900000000 0.28867601630389344569 0.00000000000000000000
0.7000000000 0.28161637722917570725 0.00000000000000000000
0.7100000000 0.27478812144991743294 0.00000000000000000000
0.7200000000 0.26818316553635263011 0.00000000000000000000
0.7300000000 0.26179370331270845895 0.00000000000000000000
0.7400000000 0.25561219790278211228 0.00000000000000000000
0.7500000000 0.24963137382813310738 0.00000000000000000000
0.7600000000 0.24384420917961599495 0.00000000000000000000
0.7700000000 0.23824392788031234502 0.00000000000000000000
0.7800000000 0.23282399205542500531 0.00000000000000000000
0.7900000000 0.22757809452254990079 0.00000000000000000000
0.8000000000 0.22250015141365608873 0.00000000000000000000
0.8100000000 0.21758429493833114643 0.00000000000000000000
0.8200000000 0.21282486629621430452 0.00000000000000000000
0.8300000000 0.20821640874503283269 0.00000000000000000000
0.8400000000 0.20375366082936305356 0.00000000000000000000
0.8500000000 0.19943154977402297034 0.00000000000000000000
0.8600000000 0.19524518504500104621 0.00000000000000000000
0.8700000000 0.19118985207981153973 0.00000000000000000000
0.8800000000 0.18726100618838206757 0.00000000000000000000
0.8900000000 0.18345426662484146108 0.00000000000000000000
0.9000000000 0.17976541082989483389 0.00000000000000000000
0.9100000000 0.17619036884290772971 0.00000000000000000000
0.9200000000 0.17272521788238504037 0.00000000000000000000
0.9300000000 0.16936617709300291756 0.00000000000000000000
0.9400000000 0.16610960245701544835 0.00000000000000000000
0.9500000000 0.16295198186761511439 0.00000000000000000000
0.9600000000 0.15988993036139612092 0.00000000000000000000
0.9700000000 0.15692018550704864288 0.00000000000000000000
0.9800000000 0.15403960294696766864 0.00000000000000000000
0.9900000000 0.15124515208855801585 0.00000000000000000000
1.0000000000 0.14853391194151702170 0.00000000000000000000
1.0100000000 0.14590306709862876922 0.00000000000000000000
1.0200000000 0.14334990385469287277 0.00000000000000000000
1.0300000000 0.14087180646039648702 0.00000000000000000000
1.0400000000 0.13846625350953986611 0.00000000000000000000
1.0500000000 0.13613081445287550375 0.00000000000000000000
1.0600000000 0.13386314623667150414 0.00000000000000000000
1.0700000000 0.13166099006174075692 0.00000000000000000000
1.0800000000 0.12952216825951695656 0.00000000000000000000
1.0900000000 0.12744458128131042063 0.00000000000000000000
1.1000000000 0.12542620479733915251 0.00000000000000000000
1.1100000000 0.12346508690194760161 0.00000000000000000000
1.1200000000 0.12155934542153551403 0.00000000000000000000
1.1300000000 0.11970716532184562386 0.00000000000000000000
1.1400000000 0.11790679621121277765 0.00000000000000000000
1.1500000000 0.11615654993658802718 0.00000000000000000000
1.1600000000 0.11445479826910538723 0.00000000000000000000
1.1700000000 0.11279997067609782990 0.00000000000000000000
1.1800000000 0.11119055217654544299 0.00000000000000000000
1.1900000000 0.10962508127700131000 0.00000000000000000000
1.2000000000 0.10810214798513045897 0.00000000000000000000
1.2100000000 0.10662039189808314443 0.00000000000000000000
1.2200000000 0.10517850036299378202 0.00000000000000000000
1.2300000000 0.10377520670699066918 0.00000000000000000000
1.2400000000 0.10240928853416542132 0.00000000000000000000
1.2500000000 0.10107956608705108426 0.00000000000000000000
1.2600000000 0.09978490067021307530 0.00000000000000000000
1.2700000000 0.09852419313366354847 0.00000000000000000000
1.2800000000 0.09729638241384956643 0.00000000000000000000
1.2900000000 0.09610044413007069741 0.00000000000000000000
1.3000000000 0.09493538923424549303 0.00000000000000000000
1.3100000000 0.09380026271200722632 0.00000000000000000000
1.3200000000 0.09269414233318964969 0.00000000000000000000
1.3300000000 0.09161613744983300445 0.00000000000000000000
1.3400000000 0.09056538783990066011 0.00000000000000000000
1.3500000000 0.08954106259496319442 0.00000000000000000000
1.3600000000 0.08854235905016827335 0.00000000000000000000
1.3700000000 0.08756850175488169186 0.00000000000000000000
1.3800000000 0.08661874148243497995 0.00000000000000000000
1.3900000000 0.08569235427748034262 0.00000000000000000000
1.4000000000 0.08478864053950321833 0.00000000000000000000
1.4100000000 0.08390692414110484387 0.00000000000000000000
1.4200000000 0.08304655157969990931 0.00000000000000000000
1.4300000000 0.08220689116136065122 0.00000000000000000000
1.4400000000 0.08138733221554364516 0.00000000000000000000
1.4500000000 0.08058728433951886649 0.00000000000000000000
1.4600000000 0.07980617667134307092 0.00000000000000000000
1.4700000000 0.07904345719028101069 0.00000000000000000000
1.4800000000 0.07829859204360009595 0.00000000000000000000
1.4900000000 0.07757106489872488131 0.00000000000000000000
1.5000000000 0.07686037631976694318 0.00000000000000000000
1.5100000000 0.07616604316748427916 0.00000000000000000000
1.5200000000 0.07548759802175591949 0.00000000000000000000
1.5300000000 0.07482458862571457481 0.00000000000000000000
1.5400000000 0.07417657735068208802 0.00000000000000000000
1.5500000000 0.07354314068110849589 0.00000000000000000000
1.5600000000 0.07292386871874051435 0.00000000000000000000
1.5700000000 0.07231836470527262806 0.00000000000000000000
1.5800000000 0.07172624456276828486 0.00000000000000000000
1.5900000000 0.07114713645115952612 0.00000000000000000000
1.6000000000 0.07058068034216630204 0.00000000000000000000
1.6100000000 0.07002652760900762718 0.00000000000000000000
1.6200000000 0.06948434063128076932 0.00000000000000000000
1.6300000000 0.06895379241443869156 0.00000000000000000000
1.6400000000 0.06843456622329252559 0.00000000000000000000
1.6500000000 0.06792635522900233869 0.00000000000000000000
1.6600000000 0.06742886216903758168 0.00000000000000000000
1.6700000000 0.06694179901960964352 0.00000000000000000000
1.6800000000 0.06646488668009316314 0.00000000000000000000
1.6900000000 0.06599785466898053232 0.00000000000000000000
1.7000000000 0.06554044083092649964 0.00000000000000000000
1.7100000000 0.06509239105445671636 0.00000000000000000000
1.7200000000 0.06465345899993550638 0.00000000000000000000
1.7300000000 0.06422340583739712117 0.00000000000000000000
1.7400000000 0.06380199999386777787 0.00000000000000000000
1.7500000000 0.06338901690981658954 0.00000000000000000000
1.7600000000 0.06298423880438326627 0.00000000000000000000
1.7700000000 0.06258745444905969291 0.00000000000000000000
1.7800000000 0.06219845894949257992 0.00000000000000000000
1.7900000000 0.06181705353510676126 0.00000000000000000000
1.8000000000 0.06144304535625313979 0.00000000000000000000
1.8100000000 0.06107624728859309404 0.00000000000000000000
1.8200000000 0.06071647774445209506 0.00000000000000000000
1.8300000000 0.06036356049087314435 0.00000000000000000000
1.8400000000 0.06001732447412703314 0.00000000000000000000
1.8500000000 0.05967760365042720783 0.00000000000000000000
1.8600000000 0.05934423682262394972 0.00000000000000000000
1.8700000000 0.05901706748265260483 0.00000000000000000000
1.8800000000 0.05869594365951773945 0.00000000000000000000
1.8900000000 0.05838071777261143874 0.00000000000000000000
1.9000000000 0.05807124649016474210 0.00000000000000000000
1.9100000000 0.05776739059264014015 0.00000000000000000000
1.9200000000 0.05746901484088461076 0.00000000000000000000
1.9300000000 0.05717598784886664121 0.00000000000000000000
1.9400000000 0.05688818196082429113 0.00000000000000000000
1.9500000000 0.05660547313266812292 0.00000000000000000000
1.9600000000 0.05632774081747424222 0.00000000000000000000
1.9700000000 0.05605486785492335561 0.00000000000000000000
1.9800000000 0.05578674036454026042 0.00000000000000000000
1.9900000000 0.05552324764258977086 0.00000000000000000000
2.0000000000 0.05526428206250272313 0.00000000000000000000
2.0100000000 0.05500973897869593232 0.00000000000000000000
2.0200000000 0.05475951663367001343 0.00000000000000000000
2.0300000000 0.05451351606825804302 0.00000000000000000000
2.0400000000 0.05427164103491819575 0.00000000000000000000
2.0500000000 0.05403379791395400422 0.00000000000000000000
2.0600000000 0.05379989563256152435 0.00000000000000000000
2.0700000000 0.05356984558659787232 0.00000000000000000000
2.0800000000 0.05334356156497404439 0.00000000000000000000
2.0900000000 0.05312095967658045370 0.00000000000000000000
2.1000000000 0.05290195827964989939 0.00000000000000000000
2.1100000000 0.05268647791347411125 0.00000000000000000000
2.1200000000 0.05247444123238985403 0.00000000000000000000
2.1300000000 0.05226577294195122736 0.00000000000000000000
2.1400000000 0.05206039973721232617 0.00000000000000000000
2.1500000000 0.05185825024304716729 0.00000000000000000000
2.1600000000 0.05165925495642979814 0.00000000000000000000
2.1700000000 0.05146334619061044419 0.00000000000000000000
2.1800000000 0.05127045802111778600 0.00000000000000000000
2.1900000000 0.05108052623352522803 0.00000000000000000000
2.2000000000 0.05089348827291660660 0.00000000000000000000
2.2100000000 0.05070928319499445891 0.00000000000000000000
2.2200000000 0.05052785161877216408 0.00000000000000000000
2.2300000000 0.05034913568079578405 0.00000000000000000000
2.2400000000 0.05017307899083904565 0.00000000000000000000
2.2500000000 0.04999962658902627755 0.00000000000000000000
2.2600000000 0.04982872490432784657 0.00000000000000000000
2.2700000000 0.04966032171438423265 0.00000000000000000000
2.2800000000 0.04949436610661230723 0.00000000000000000000
2.2900000000 0.04933080844054852504 0.00000000000000000000
2.3000000000 0.04916960031138720849 0.00000000000000000000
2.3100000000 0.04901069451467492122 0.00000000000000000000
2.3200000000 0.04885404501211725731 0.00000000000000000000
2.3300000000 0.04869960689846388607 0.00000000000000000000
2.3400000000 0.04854733636943419500 0.00000000000000000000
2.3500000000 0.04839719069064604695 0.00000000000000000000
2.3600000000 0.04824912816751728700 0.00000000000000000000
2.3700000000 0.04810310811610421511 0.00000000000000000000
2.3800000000 0.04795909083484679869 0.00000000000000000000
2.3900000000 0.04781703757718955977 0.00000000000000000000
2.4000000000 0.04767691052504931248 0.00000000000000000000
2.4100000000 0.04753867276310104473 0.00000000000000000000
2.4200000000 0.04740228825385402883 0.00000000000000000000
2.4300000000 0.04726772181349337548 0.00000000000000000000
2.4400000000 0.04713493908846010799 0.00000000000000000000
2.4500000000 0.04700390653274544306 0.00000000000000000000
2.4600000000 0.04687459138587674740 0.00000000000000000000
2.4700000000 0.04674696165157087024 0.00000000000000000000
2.4800000000 0.04662098607703421549 0.00000000000000000000
2.4900000000 0.04649663413288628033 0.00000000000000000000
2.5000000000 0.04637387599368951452 0.00000000000000000000
2.5100000000 0.04625268251906199807 0.00000000000000000000
2.5200000000 0.04613302523535640215 0.00000000000000000000
2.5300000000 0.04601487631788606786 0.00000000000000000000
2.5400000000 0.04589820857367985646 0.00000000000000000000
2.5500000000 0.04578299542474945777 0.00000000000000000000
2.5600000000 0.04566921089185226046 0.00000000000000000000
2.5700000000 0.04555682957873422034 0.00000000000000000000
2.5800000000 0.04544582665683535166 0.00000000000000000000
2.5900000000 0.04533617785044669057 0.00000000000000000000
2.6000000000 0.04522785942230053702 0.00000000000000000000
2.6100000000 0.04512084815958167239 0.00000000000000000000
2.6200000000 0.04501512136034714617 0.00000000000000000000
2.6300000000 0.04491065682033952566 0.00000000000000000000
2.6400000000 0.04480743282018338075 0.00000000000000000000
2.6500000000 0.04470542811295014768 0.00000000000000000000
2.6600000000 0.04460462191208270505 0.00000000000000000000
2.6700000000 0.04450499387966640186 0.00000000000000000000
2.6800000000 0.04440652411503662189 0.00000000000000000000
2.6900000000 0.04430919314371067896 0.00000000000000000000
2.7000000000 0.04421298190663636857 0.00000000000000000000
2.7100000000 0.04411787174974581005 0.00000000000000000000
2.7200000000 0.04402384441380520486 0.00000000000000000000
2.7300000000 0.04393088202455018576 0.00000000000000000000
2.7400000000 0.04383896708310241336 0.00000000000000000000
2.7500000000 0.04374808245665134931 0.00000000000000000000
2.7600000000 0.04365821136940076924 0.00000000000000000000
2.7700000000 0.04356933739376578352 0.00000000000000000000
2.7800000000 0.04348144444181638313 0.00000000000000000000
2.7900000000 0.04339451675695897570 0.00000000000000000000
2.8000000000 0.04330853890584724503 0.00000000000000000000
2.8100000000 0.04322349577051738667 0.00000000000000000000
2.8200000000 0.04313937254074052402 0.00000000000000000000
2.8300000000 0.04305615470658391564 0.00000000000000000000
2.8400000000 0.04297382805117713062 0.00000000000000000000
2.8500000000 0.04289237864367500402 0.00000000000000000000
2.8600000000 0.04281179283241354216 0.00000000000000000000
2.8700000000 0.04273205723825025670 0.00000000000000000000
2.8800000000 0.04265315874808590924 0.00000000000000000000
2.8900000000 0.04257508450856113680 0.00000000000000000000
2.9000000000 0.04249782191992265007 0.00000000000000000000
2.9100000000 0.04242135863005379315 0.00000000000000000000
2.9200000000 0.04234568252866649507 0.00000000000000000000
2.9300000000 0.04227078174164638352 0.00000000000000000000
2.9400000000 0.04219664462554967993 0.00000000000000000000
2.9500000000 0.04212325976224638030 0.00000000000000000000
2.9600000000 0.04205061595370410132 0.00000000000000000000
2.9700000000 0.04197870221691119702 0.00000000000000000000
2.9800000000 0.04190750777893246376 0.00000000000000000000
2.9900000000 0.04183702207209461649 0.00000000000000000000
3.0000000000 0.04176723472929876058 0.00000000000000000000
3.0100000000 0.04169813557945441229 0.00000000000000000000
3.0200000000 0.04162971464303188290 0.00000000000000000000
3.0300000000 0.04156196212773184684 0.00000000000000000000
3.0400000000 0.04149486842426512029 0.00000000000000000000
3.0500000000 0.04142842410224194943 0.00000000000000000000
3.0600000000 0.04136261990616783152 0.00000000000000000000
3.0700000000 0.04129744675154126132 0.00000000000000000000
3.0800000000 0.04123289572105080097 0.00000000000000000000
3.0900000000 0.04116895806087076531 0.00000000000000000000
3.1000000000 0.04110562517704929170 0.00000000000000000000
3.1100000000 0.04104288863198977955 0.00000000000000000000
3.1200000000 0.04098074014101923263 0.00000000000000000000
3.1300000000 0.04091917156904550934 0.00000000000000000000
3.1400000000 0.04085817492729647282 0.00000000000000000000
3.1500000000 0.04079774237014194976 0.00000000000000000000
3.1600000000 0.04073786619199569470 0.00000000000000000000
3.1700000000 0.04067853882429257190 0.00000000000000000000
3.1800000000 0.04061975283254294633 0.00000000000000000000
3.1900000000 0.04056150091345887831 0.00000000000000000000
3.2000000000 0.04050377589215179569 0.00000000000000000000
3.2100000000 0.04044657071939895127 0.00000000000000000000
3.2200000000 0.04038987846897686834 0.00000000000000000000
3.2300000000 0.04033369233506052531 0.00000000000000000000
3.2400000000 0.04027800562968588544 0.00000000000000000000
3.2500000000 0.04022281178027397458 0.00000000000000000000
3.2600000000 0.04016810432721502899 0.00000000000000000000
3.2700000000 0.04011387692151181100 0.00000000000000000000
3.2800000000 0.04006012332247882446 0.00000000000000000000
3.2900000000 0.04000683739549776297 0.00000000000000000000
3.3000000000 0.03995401310982567983 0.00000000000000000000
3.3100000000 0.03990164453645720505 0.00000000000000000000
3.3200000000 0.03984972584603613255 0.00000000000000000000
3.3300000000 0.03979825130681799439 0.00000000000000000000
3.3400000000 0.03974721528267963211 0.00000000000000000000
3.3500000000 0.03969661223117713911 0.00000000000000000000
3.3600000000 0.03964643670164864214 0.00000000000000000000
3.3700000000 0.03959668333336237300 0.00000000000000000000
3.3800000000 0.03954734685370713682 0.00000000000000000000
3.3900000000 0.03949842207642614844 0.00000000000000000000
3.4000000000 0.03944990389989148916 0.00000000000000000000
3.4100000000 0.03940178730541882973 0.00000000000000000000
3.4200000000 0.03935406735562076846 0.00000000000000000000
3.4300000000 0.03930673919279860373 0.00000000000000000000
3.4400000000 0.03925979803737134760 0.00000000000000000000
3.4500000000 0.03921323918633974615 0.00000000000000000000
3.4600000000 0.03916705801178711754 0.00000000000000000000
3.4700000000 0.03912124995941265032 0.00000000000000000000
3.4800000000 0.03907581054709941687 0.00000000000000000000
3.4900000000 0.03903073536351416017 0.00000000000000000000
3.5000000000 0.03898602006673899945 0.00000000000000000000
3.5100000000 0.03894166038293397913 0.00000000000000000000
3.5200000000 0.03889765210502946907 0.00000000000000000000
3.5300000000 0.03885399109144836022 0.00000000000000000000
3.5400000000 0.03881067326485643232 0.00000000000000000000
3.5500000000 0.03876769461094066449 0.00000000000000000000
3.5600000000 0.03872505117721468382 0.00000000000000000000
3.5700000000 0.03868273907185090787 0.00000000000000000000
3.5800000000 0.03864075446253795176 0.00000000000000000000
3.5900000000 0.03859909357536418784 0.00000000000000000000
3.6000000000 0.03855775269372442582 0.00000000000000000000
3.6100000000 0.03851672815725187132 0.00000000000000000000
3.6200000000 0.03847601636077250392 0.00000000000000000000
3.6300000000 0.03843561375328292257 0.00000000000000000000
3.6400000000 0.03839551683694999301 0.00000000000000000000
3.6500000000 0.03835572216613137436 0.00000000000000000000
3.6600000000 0.03831622634641924929 0.00000000000000000000
3.6700000000 0.03827702603370245621 0.00000000000000000000
3.6800000000 0.03823811793324997932 0.00000000000000000000
3.6900000000 0.03819949879881361782 0.00000000000000000000
3.7000000000 0.03816116543175003539 0.00000000000000000000
3.7100000000 0.03812311468016119781 0.00000000000000000000
3.7200000000 0.03808534343805300426 0.00000000000000000000
3.7300000000 0.03804784864451257048 0.00000000000000000000
3.7400000000 0.03801062728290117293 0.00000000000000000000
3.7500000000 0.03797367638006612228 0.00000000000000000000
3.7600000000 0.03793699300556741677 0.00000000000000000000
3.7700000000 0.03790057427092174969 0.00000000000000000000
3.7800000000 0.03786441732886158124 0.00000000000000000000
3.7900000000 0.03782851937261016984 0.00000000000000000000
3.8000000000 0.03779287763517115428 0.00000000000000000000
3.8100000000 0.03775748938863261045 0.00000000000000000000
3.8200000000 0.03772235194348644294 0.00000000000000000000
3.8300000000 0.03768746264796066225 0.00000000000000000000
3.8400000000 0.03765281888736578264 0.00000000000000000000
3.8500000000 0.03761841808345479932 0.00000000000000000000
3.8600000000 0.03758425769379582920 0.00000000000000000000
3.8700000000 0.03755033521115736656 0.00000000000000000000
3.8800000000 0.03751664816290660454 0.00000000000000000000
3.8900000000 0.03748319411041918514 0.00000000000000000000
3.9000000000 0.03744997064850147384 0.00000000000000000000
3.9100000000 0.03741697540482368661 0.00000000000000000000
3.9200000000 0.03738420603936505604 0.00000000000000000000
3.9300000000 0.03735166024386989136 0.00000000000000000000
3.9400000000 0.03731933574131385267 0.00000000000000000000
3.9500000000 0.03728723028538181994 0.00000000000000000000
3.9600000000 0.03725534165995534469 0.00000000000000000000
3.9700000000 0.03722366767861027409 0.00000000000000000000
3.9800000000 0.03719220618412471396 0.00000000000000000000
3.9900000000 0.03716095504799612342 0.00000000000000000000
4.0000000000 0.03712991216996813781 0.00000000000000000000
4.0100000000 0.03709907547756650936 0.00000000000000000000
4.0200000000 0.03706844292564417248 0.00000000000000000000
4.0300000000 0.03703801249593471207 0.00000000000000000000
4.0400000000 0.03700778219661537971 0.00000000000000000000
4.0500000000 0.03697775006187731944 0.00000000000000000000
4.0600000000 0.03694791415150527891 0.00000000000000000000
4.0700000000 0.03691827255046409295 0.00000000000000000000
4.0800000000 0.03688882336849449994 0.00000000000000000000
4.0900000000 0.03685956473971522401 0.00000000000000000000
4.1000000000 0.03683049482223383492 0.00000000000000000000
4.1100000000 0.03680161179776393621 0.00000000000000000000
4.1200000000 0.03677291387125062455 0.00000000000000000000
4.1300000000 0.03674439927050206917 0.00000000000000000000
4.1400000000 0.03671606624582862688 0.00000000000000000000
4.1500000000 0.03668791306968834792 0.00000000000000000000
4.1600000000 0.03665993803633937204 0.00000000000000000000
4.1700000000 0.03663213946149851408 0.00000000000000000000
4.1800000000 0.03660451568200681627 0.00000000000000000000
4.1900000000 0.03657706505550026993 0.00000000000000000000
4.2000000000 0.03654978596008750386 0.00000000000000000000
4.2100000000 0.03652267679403298217 0.00000000000000000000
4.2200000000 0.03649573597544631537 0.00000000000000000000
4.2300000000 0.03646896194197681018 0.00000000000000000000
4.2400000000 0.03644235315051400081 0.00000000000000000000
4.2500000000 0.03641590807689359943 0.00000000000000000000
4.2600000000 0.03638962521560840796 0.00000000000000000000
4.2700000000 0.03636350307952503080 0.00000000000000000000
4.2800000000 0.03633754019960531989 0.00000000000000000000
4.2900000000 0.03631173512463280878 0.00000000000000000000
4.3000000000 0.03628608642094444808 0.00000000000000000000
4.3100000000 0.03626059267216655974 0.00000000000000000000
4.3200000000 0.03623525247895600931 0.00000000000000000000
4.3300000000 0.03621006445874593027 0.00000000000000000000
4.3400000000 0.03618502724549567395 0.00000000000000000000
4.3500000000 0.03616013948944529072 0.00000000000000000000
4.3600000000 0.03613539985687459072 0.00000000000000000000
4.3700000000 0.03611080702986634028 0.00000000000000000000
4.3800000000 0.03608635970607322607 0.00000000000000000000
4.3900000000 0.03606205659848945450 0.00000000000000000000
4.4000000000 0.03603789643522633396 0.00000000000000000000
4.4100000000 0.03601387795929111152 0.00000000000000000000
4.4200000000 0.03598999992837027817 0.00000000000000000000
4.4300000000 0.03596626111461667663 0.00000000000000000000
4.4400000000 0.03594266030443973164 0.00000000000000000000
4.4500000000 0.03591919629829979504 0.00000000000000000000
4.4600000000 0.03589586791050569659 0.00000000000000000000
4.4700000000 0.03587267396901633321 0.00000000000000000000
4.4800000000 0.03584961331524470773 0.00000000000000000000
4.4900000000 0.03582668480386618642 0.00000000000000000000
4.5000000000 0.03580388730262960145 0.00000000000000000000
4.5100000000 0.03578121969217155918 0.00000000000000000000
4.5200000000 0.03575868086583409988 0.00000000000000000000
4.5300000000 0.03573626972948533431 0.00000000000000000000
4.5400000000 0.03571398520134273780 0.00000000000000000000
4.5500000000 0.03569182621180003179 0.00000000000000000000
4.5600000000 0.03566979170325668830 0.00000000000000000000
4.5700000000 0.03564788062995007112 0.00000000000000000000
4.5800000000 0.03562609195779060239 0.00000000000000000000
4.5900000000 0.03560442466419988516 0.00000000000000000000
4.6000000000 0.03558287773795067166 0.00000000000000000000
4.6100000000 0.03556145017901083533 0.00000000000000000000
4.6200000000 0.03554014099838842533 0.00000000000000000000
4.6300000000 0.03551894921798023907 0.00000000000000000000
4.6400000000 0.03549787387042274006 0.00000000000000000000
4.6500000000 0.03547691399894505743 0.00000000000000000000
4.6600000000 0.03545606865722479573 0.00000000000000000000
4.6700000000 0.03543533690924585700 0.00000000000000000000
4.6800000000 0.03541471782915868449 0.00000000000000000000
4.6900000000 0.03539421050114290729 0.00000000000000000000
4.7000000000 0.03537381401927214980 0.00000000000000000000
4.7100000000 0.03535352748738069401 0.00000000000000000000
4.7200000000 0.03533335001893275068 0.00000000000000000000
4.7300000000 0.03531328073689354863 0.00000000000000000000
4.7400000000 0.03529331877360258884 0.00000000000000000000
4.7500000000 0.03527346327064877218 0.00000000000000000000
4.7600000000 0.03525371337874783073 0.00000000000000000000
4.7700000000 0.03523406825762118166 0.00000000000000000000
4.7800000000 0.03521452707587730685 0.00000000000000000000
4.7900000000 0.03519508901089441616 0.00000000000000000000
4.8000000000 0.03517575324870552550 0.00000000000000000000
4.8100000000 0.03515651898388485325 0.00000000000000000000
4.8200000000 0.03513738541943620813 0.00000000000000000000
4.8300000000 0.03511835176668315350 0.00000000000000000000
4.8400000000 0.03509941724516084383 0.00000000000000000000
4.8500000000 0.03508058108250947105 0.00000000000000000000
4.8600000000 0.03506184251436943178 0.00000000000000000000
4.8700000000 0.03504320078427812513 0.00000000000000000000
4.8800000000 0.03502465514356833259 0.00000000000000000000
4.8900000000 0.03500620485126805514 0.00000000000000000000
4.9000000000 0.03498784917400218214 0.00000000000000000000
4.9100000000 0.03496958738589511090 0.00000000000000000000
4.9200000000 0.03495141876847545487 0.00000000000000000000
4.9300000000 0.03493334261058201468 0.00000000000000000000
4.9400000000 0.03491535820827094266 0.00000000000000000000
4.9500000000 0.03489746486472442705 0.00000000000000000000
4.9600000000 0.03487966189016100671 0.00000000000000000000
4.9700000000 0.03486194860174696153 0.00000000000000000000
4.9800000000 0.03484432432350894476 0.00000000000000000000
4.9900000000 0.03482678838624850282 0.00000000000000000000
5.0000000000 0.03480934012745694889 0.00000000000000000000
