0.1000000000 4.17166937024166095682 0.00000000000000000000
0.1100000000 4.05690251541164936810 0.00000000000000000000
0.1200000000 3.94426199384574394102 0.00000000000000000000
0.1300000000 3.83381592967052808874 0.00000000000000000000
0.1400000000 3.72562397023365532434 0.00000000000000000000
0.1500000000 3.61973713941984209796 0.00000000000000000000
0.1600000000 3.51619780742446419453 0.00000000000000000000
0.1700000000 3.41503977088286703179 0.00000000000000000000
0.1800000000 3.31628843444817489328 0.00000000000000000000
0.1900000000 3.21996108268844904998 0.00000000000000000000
0.2000000000 3.12606722959602389977 0.00000000000000000000
0.2100000000 3.03460903207883481159 0.00000000000000000000
0.2200000000 2.94558175350566342487 0.00000000000000000000
0.2300000000 2.85897426363810147620 0.00000000000000000000
0.2400000000 2.77476956201201696572 0.00000000000000000000
0.2500000000 2.69294531292506045261 0.00000000000000000000
0.2600000000 2.61347438153596289823 0.00000000000000000000
0.2700000000 2.53632536208097114638 0.00000000000000000000
0.2800000000 2.46146309076898317514 0.00000000000000000000
0.2900000000 2.38884913745083249381 0.00000000000000000000
0.3000000000 2.31844227160795979259 0.00000000000000000000
0.3100000000 2.25019889952686069634 0.00000000000000000000
0.3200000000 2.18407347069053781041 0.00000000000000000000
0.3300000000 2.12001885241275989102 0.00000000000000000000
0.3400000000 2.05798667256327627584 0.00000000000000000000
0.3500000000 1.99792763088933278404 0.00000000000000000000
0.3600000000 1.93979177994374807348 0.00000000000000000000
0.3700000000 1.88352877699979348591 0.00000000000000000000
0.3800000000 1.82908810858687509437 0.00000000000000000000
0.3900000000 1.77641928943781857164 0.00000000000000000000
0.4000000000 1.72547203771706980646 0.00000000000000000000
0.4100000000 1.67619642841588656346 0.00000000000000000000
0.4200000000 1.62854302677092244167 0.00000000000000000000
0.4300000000 1.58246300349893886938 0.00000000000000000000
0.4400000000 1.53790823355351080615 0.00000000000000000000
0.4500000000 1.49483138000785809041 0.00000000000000000000
0.4600000000 1.45318596455821102964 0.00000000000000000000
0.4700000000 1.41292642602934459539 0.00000000000000000000
0.4800000000 1.37400816815194359855 0.00000000000000000000
0.4900000000 1.33638759777270643703 0.00000000000000000000
0.5000000000 1.30002215455473968397 0.00000000000000000000
0.5100000000 1.26487033312830288168 0.00000000000000000000
0.5200000000 1.23089169856153457516 0.00000000000000000000
0.5300000000 1.19804689593719615459 0.00000000000000000000
0.5400000000 1.16629765474461111197 0.00000000000000000000
0.5500000000 1.13560678872607567769 0.00000000000000000000
0.5600000000 1.10593819175305752012 0.00000000000000000000
0.5700000000 1.07725683024958129863 0.00000000000000000000
0.5800000000 1.04952873262762458317 0.00000000000000000000
0.5900000000 1.02272097615169488272 0.00000000000000000000
0.6000000000 0.99680167160665700266 0.00000000000000000000
0.6100000000 0.97173994610387737225 0.00000000000000000000
0.6200000000 0.94750592432543145893 0.00000000000000000000
0.6300000000 0.92407070847422856374 0.00000000000000000000
0.6400000000 0.90140635716891248652 0.00000000000000000000
0.6500000000 0.87948586349653257166 0.00000000000000000000
0.6600000000 0.85828313241190234972 0.00000000000000000000
0.6700000000 0.83777295765175385789 0.00000000000000000000
0.6800000000 0.81793099831200577476 0.00000000000000000000
0.6900000000 0.79873375521921818887 0.00000000000000000000
0.7000000000 0.78015854721162836150 0.00000000000000000000
0.7100000000 0.76218348743067998452 0.00000000000000000000
0.7200000000 0.74478745971141413484 0.00000000000000000000
0.7300000000 0.72795009514825215202 0.00000000000000000000
0.7400000000 0.71165174890264470964 0.00000000000000000000
0.7500000000 0.69587347730920912081 0.00000000000000000000
0.7600000000 0.68059701532924288259 0.00000000000000000000
0.7700000000 0.66580475439222963630 0.00000000000000000000
0.7800000000 0.65147972065992743040 0.00000000000000000000
0.7900000000 0.63760555374104299631 0.00000000000000000000
0.8000000000 0.62416648587958500904 0.00000000000000000000
0.8100000000 0.61114732163481011451 0.00000000000000000000
0.8200000000 0.59853341806678583836 0.00000000000000000000
0.8300000000 0.58631066543761878318 0.00000000000000000000
0.8400000000 0.57446546843522727777 0.00000000000000000000
0.8500000000 0.56298472792350651162 0.00000000000000000000
0.8600000000 0.55185582322028270408 0.00000000000000000000
0.8700000000 0.54106659490213260266 0.00000000000000000000
0.8800000000 0.53060532813329797097 0.00000000000000000000
0.8900000000 0.52046073651425261986 0.00000000000000000000
0.9000000000 0.51062194644373726238 0.00000000000000000000
0.9100000000 0.50107848198745263968 0.00000000000000000000
0.9200000000 0.49182025024482844966 0.00000000000000000000
0.9300000000 0.48283752720520739521 0.00000000000000000000
0.9400000000 0.47412094408304461535 0.00000000000000000000
0.9500000000 0.46566147412244046633 0.00000000000000000000
0.9600000000 0.45745041985932755058 0.00000000000000000000
0.9700000000 0.44947940083063603334 0.00000000000000000000
0.9800000000 0.44174034171927273329 0.00000000000000000000
0.9900000000 0.43422546092092906278 0.00000000000000000000
1.0000000000 0.42692725952542348589 0.00000000000000000000
1.0100000000 0.41983851069537264644 0.00000000000000000000
1.0200000000 0.41295224943401009909 0.00000000000000000000
1.0300000000 0.40626176272830938352 0.00000000000000000000
1.0400000000 0.39976058005758108305 0.00000000000000000000
1.0500000000 0.39344246425358558872 0.00000000000000000000
1.0600000000 0.38730140270260687840 0.00000000000000000000
1.0700000000 0.38133159887683043543 0.00000000000000000000
1.0800000000 0.37552746418478083479 0.00000000000000000000
1.0900000000 0.36988361012943027362 0.00000000000000000000
1.1000000000 0.36439484076365130649 0.00000000000000000000
1.1100000000 0.35905614543224489976 0.00000000000000000000
1.1200000000 0.35386269179068940982 0.00000000000000000000
1.1300000000 0.34880981909043884404 0.00000000000000000000
1.1400000000 0.34389303172137158926 0.00000000000000000000
1.1500000000 0.33910799300184907290 0.00000000000000000000
1.1600000000 0.33445051920737295381 0.00000000000000000000
1.1700000000 0.32991657382889821859 0.00000000000000000000
1.1800000000 0.32550226205243010247 0.00000000000000000000
1.1900000000 0.32120382545140147013 0.00000000000000000000
1.2000000000 0.31701763688398737484 0.00000000000000000000
1.2100000000 0.31294019558747437904 0.00000000000000000000
1.2200000000 0.30896812246225330290 0.00000000000000000000
1.2300000000 0.30509815553812869027 0.00000000000000000000
1.2400000000 0.30132714561598084035 0.00000000000000000000
1.2500000000 0.29765205207808437260 0.00000000000000000000
1.2600000000 0.29406993886041554731 0.00000000000000000000
1.2700000000 0.29057797058084305908 0.00000000000000000000
1.2800000000 0.28717340881698832922 0.00000000000000000000
1.2900000000 0.28385360852807467458 0.00000000000000000000
1.3000000000 0.28061601461498547616 0.00000000000000000000
1.3100000000 0.27745815861329142793 0.00000000000000000000
1.3200000000 0.27437765551386450458 0.00000000000000000000
1.3300000000 0.27137220070624490376 0.00000000000000000000
1.3400000000 0.26843956703975008216 0.00000000000000000000
1.3500000000 0.26557760199787844302 0.00000000000000000000
1.3600000000 0.26278422498138703789 0.00000000000000000000
1.3700000000 0.26005742469588399857 0.00000000000000000000
1.3800000000 0.25739525663969414770 0.00000000000000000000
1.3900000000 0.25479584068815519515 0.00000000000000000000
1.4000000000 0.25225735877041799426 0.00000000000000000000
1.4100000000 0.24977805263522048773 0.00000000000000000000
1.4200000000 0.24735622170200405323 0.00000000000000000000
1.4300000000 0.24499022099405054487 0.00000000000000000000
1.4400000000 0.24267845915043037563 0.00000000000000000000
1.4500000000 0.24041939651358237851 0.00000000000000000000
1.4600000000 0.23821154328956714585 0.00000000000000000000
1.4700000000 0.23605345777812719588 0.00000000000000000000
1.4800000000 0.23394374466979148131 0.00000000000000000000
1.4900000000 0.23188105340738091042 0.00000000000000000000
1.5000000000 0.22986407660935198605 0.00000000000000000000
1.5100000000 0.22789154855258650367 0.00000000000000000000
1.5200000000 0.22596224371223302962 0.00000000000000000000
1.5300000000 0.22407497535640080732 0.00000000000000000000
1.5400000000 0.22222859419349780263 0.00000000000000000000
1.5500000000 0.22042198707020274617 0.00000000000000000000
1.5600000000 0.21865407571803044395 0.00000000000000000000
1.5700000000 0.21692381554662162890 0.00000000000000000000
1.5800000000 0.21523019448189820158 0.00000000000000000000
1.5900000000 0.21357223184735008026 0.00000000000000000000
1.6000000000 0.21194897728675221593 0.00000000000000000000
1.6100000000 0.21035950972671149661 0.00000000000000000000
1.6200000000 0.20880293637746685786 0.00000000000000000000
1.6300000000 0.20727839177047352459 0.00000000000000000000
1.6400000000 0.20578503683132629010 0.00000000000000000000
1.6500000000 0.20432205798666830399 0.00000000000000000000
1.6600000000 0.20288866630374888245 0.00000000000000000000
1.6700000000 0.20148409666136093965 0.00000000000000000000
1.6800000000 0.20010760695098556150 0.00000000000000000000
1.6900000000 0.19875847730691661996 0.00000000000000000000
1.7000000000 0.19743600936430960591 0.00000000000000000000
1.7100000000 0.19613952554403946138 0.00000000000000000000
1.7200000000 0.19486836836333917833 0.00000000000000000000
1.7300000000 0.19362189977126659235 0.00000000000000000000
1.7400000000 0.19239950050801160608 0.00000000000000000000
1.7500000000 0.19120056948714372891 0.00000000000000000000
1.7600000000 0.19002452319992341190 0.00000000000000000000
1.7700000000 0.18887079514086327348 0.00000000000000000000
1.7800000000 0.18773883525368470493 0.00000000000000000000
1.7900000000 0.18662810939693527668 0.00000000000000000000
1.8000000000 0.18553809882850325064 0.00000000000000000000
1.8100000000 0.18446829970832517853 0.00000000000000000000
1.8200000000 0.18341822261859624943 0.00000000000000000000
1.8300000000 0.18238739210081889031 0.00000000000000000000
1.8400000000 0.18137534620907097560 0.00000000000000000000
1.8500000000 0.18038163607887652828 0.00000000000000000000
1.8600000000 0.17940582551109424125 0.00000000000000000000
1.8700000000 0.17844749057026940142 0.00000000000000000000
1.8800000000 0.17750621919690190431 0.00000000000000000000
1.8900000000 0.17658161083313125839 0.00000000000000000000
1.9000000000 0.17567327606130894724 0.00000000000000000000
1.9100000000 0.17478083625502124909 0.00000000000000000000
1.9200000000 0.17390392324206707664 0.00000000000000000000
1.9300000000 0.17304217897897272715 0.00000000000000000000
1.9400000000 0.17219525523660669797 0.00000000000000000000
1.9500000000 0.17136281329650426830 0.00000000000000000000
1.9600000000 0.17054452365748015708 0.00000000000000000000
1.9700000000 0.16974006575219152682 0.00000000000000000000
1.9800000000 0.16894912767325395708 0.00000000000000000000
1.9900000000 0.16817140590858156712 0.00000000000000000000
2.0000000000 0.16740660508562615894 0.00000000000000000000
2.0100000000 0.16665443772415486356 0.00000000000000000000
2.0200000000 0.16591462399731107813 0.00000000000000000000
2.0300000000 0.16518689150061283133 0.00000000000000000000
2.0400000000 0.16447097502863600171 0.00000000000000000000
2.0500000000 0.16376661635908437709 0.00000000000000000000
2.0600000000 0.16307356404400460970 0.00000000000000000000
2.0700000000 0.16239157320785935212 0.00000000000000000000
2.0800000000 0.16172040535225978841 0.00000000000000000000
2.0900000000 0.16105982816707095640 0.00000000000000000000
2.1000000000 0.16040961534770514785 0.00000000000000000000
2.1100000000 0.15976954641835552917 0.00000000000000000000
2.1200000000 0.15913940656098332638 0.00000000000000000000
2.1300000000 0.15851898644984280251 0.00000000000000000000
2.1400000000 0.15790808209134177265 0.00000000000000000000
2.1500000000 0.15730649466908219747 0.00000000000000000000
2.1600000000 0.15671403039386189171 0.00000000000000000000
2.1700000000 0.15613050035849199149 0.00000000000000000000
2.1800000000 0.15555572039724749334 0.00000000000000000000
2.1900000000 0.15498951094980278897 0.00000000000000000000
2.2000000000 0.15443169692948255367 0.00000000000000000000
2.2100000000 0.15388210759569428965 0.00000000000000000000
2.2200000000 0.15334057643038484509 0.00000000000000000000
2.2300000000 0.15280694101839489840 0.00000000000000000000
2.2400000000 0.15228104293156841109 0.00000000000000000000
2.2500000000 0.15176272761649778342 0.00000000000000000000
2.2600000000 0.15125184428576862739 0.00000000000000000000
2.2700000000 0.15074824581260198864 0.00000000000000000000
2.2800000000 0.15025178862875843144 0.00000000000000000000
2.2900000000 0.14976233262561752801 0.00000000000000000000
2.3000000000 0.14927974105830307816 0.00000000000000000000
2.3100000000 0.14880388045276832232 0.00000000000000000000
2.3200000000 0.14833462051572862683 0.00000000000000000000
2.3300000000 0.14787183404735879111 0.00000000000000000000
2.3400000000 0.14741539685665502879 0.00000000000000000000
2.3500000000 0.14696518767937355454 0.00000000000000000000
2.3600000000 0.14652108809846414728 0.00000000000000000000
2.3700000000 0.14608298246690873401 0.00000000000000000000
2.3800000000 0.14565075783289699318 0.00000000000000000000
2.3900000000 0.14522430386724780038 0.00000000000000000000
2.4000000000 0.14480351279301653666 0.00000000000000000000
2.4100000000 0.14438827931720549236 0.00000000000000000000
2.4200000000 0.14397850056451724776 0.00000000000000000000
2.4300000000 0.14357407601307584089 0.00000000000000000000
2.4400000000 0.14317490743206190418 0.00000000000000000000
2.4500000000 0.14278089882118810694 0.00000000000000000000
2.4600000000 0.14239195635196794099 0.00000000000000000000
2.4700000000 0.14200798831070771122 0.00000000000000000000
2.4800000000 0.14162890504317279805 0.00000000000000000000
2.4900000000 0.14125461890087967487 0.00000000000000000000
2.5000000000 0.14088504418894667869 0.00000000000000000000
2.5100000000 0.14052009711546825654 0.00000000000000000000
2.5200000000 0.14015969574235742634 0.00000000000000000000
2.5300000000 0.13980375993760937869 0.00000000000000000000
2.5400000000 0.13945221132894505822 0.00000000000000000000
2.5500000000 0.13910497325878609653 0.00000000000000000000
2.5600000000 0.13876197074052482039 0.00000000000000000000
2.5700000000 0.13842313041604112356 0.00000000000000000000
2.5800000000 0.13808838051443583783 0.00000000000000000000
2.5900000000 0.13775765081193644401 0.00000000000000000000
2.6000000000 0.13743087259294015090 0.00000000000000000000
2.6100000000 0.13710797861215809346 0.00000000000000000000
2.6200000000 0.13678890305782862025 0.00000000000000000000
2.6300000000 0.13647358151596727938 0.00000000000000000000
2.6400000000 0.13616195093561450635 0.00000000000000000000
2.6500000000 0.13585394959506069679 0.00000000000000000000
2.6600000000 0.13554951706900975061 0.00000000000000000000
2.6700000000 0.13524859419665771765 0.00000000000000000000
2.6800000000 0.13495112305065642966 0.00000000000000000000
2.6900000000 0.13465704690693389156 0.00000000000000000000
2.7000000000 0.13436631021534850561 0.00000000000000000000
2.7100000000 0.13407885857115084405 0.00000000000000000000
2.7200000000 0.13379463868722649145 0.00000000000000000000
2.7300000000 0.13351359836709847384 0.00000000000000000000
2.7400000000 0.13323568647866437797 0.00000000000000000000
2.7500000000 0.13296085292865095218 0.00000000000000000000
2.7600000000 0.13268904863775851655 0.00000000000000000000
2.7700000000 0.13242022551647636419 0.00000000000000000000
2.7800000000 0.13215433644155447079 0.00000000000000000000
2.7900000000 0.13189133523310248020 0.00000000000000000000
2.8000000000 0.13163117663230722298 0.00000000000000000000
2.8100000000 0.13137381627974201170 0.00000000000000000000
2.8200000000 0.13111921069425755415 0.00000000000000000000
2.8300000000 0.13086731725242942148 0.00000000000000000000
2.8400000000 0.13061809416855682531 0.00000000000000000000
2.8500000000 0.13037150047518392126 0.00000000000000000000
2.8600000000 0.13012749600413658913 0.00000000000000000000
2.8700000000 0.12988604136805892431 0.00000000000000000000
2.8800000000 0.12964709794243206575 0.00000000000000000000
2.8900000000 0.12941062784806378616 0.00000000000000000000
2.9000000000 0.12917659393403338464 0.00000000000000000000
2.9100000000 0.12894495976108025226 0.00000000000000000000
2.9200000000 0.12871568958542450867 0.00000000000000000000
2.9300000000 0.12848874834300186287 0.00000000000000000000
2.9400000000 0.12826410163410961740 0.00000000000000000000
2.9500000000 0.12804171570844186112 0.00000000000000000000
2.9600000000 0.12782155745051390627 0.00000000000000000000
2.9700000000 0.12760359436545359868 0.00000000000000000000
2.9800000000 0.12738779456515833544 0.00000000000000000000
2.9900000000 0.12717412675480252449 0.00000000000000000000
3.0000000000 0.12696256021968677086 0.00000000000000000000
3.0100000000 0.12675306481241960244 0.00000000000000000000
3.0200000000 0.12654561094042199310 0.00000000000000000000
3.0300000000 0.12634016955374618996 0.00000000000000000000
3.0400000000 0.12613671213319752051 0.00000000000000000000
3.0500000000 0.12593521067875890207 0.00000000000000000000
3.0600000000 0.12573563769829412817 0.00000000000000000000
3.0700000000 0.12553796619654253308 0.00000000000000000000
3.0800000000 0.12534216966437661256 0.00000000000000000000
3.0900000000 0.12514822206833250973 0.00000000000000000000
3.1000000000 0.12495609784039422852 0.00000000000000000000
3.1100000000 0.12476577186802820241 0.00000000000000000000
3.1200000000 0.12457721948446666416 0.00000000000000000000
3.1300000000 0.12439041645922364887 0.00000000000000000000
3.1400000000 0.12420533898884351942 0.00000000000000000000
3.1500000000 0.12402196368787378467 0.00000000000000000000
3.1600000000 0.12384026758005974023 0.00000000000000000000
3.1700000000 0.12366022808974655445 0.00000000000000000000
3.1800000000 0.12348182303349276856 0.00000000000000000000
3.1900000000 0.12330503061188248515 0.00000000000000000000
3.2000000000 0.12312982940153477385 0.00000000000000000000
3.2100000000 0.12295619834730588116 0.00000000000000000000
3.2200000000 0.12278411675467239272 0.00000000000000000000
3.2300000000 0.12261356428230137106 0.00000000000000000000
3.2400000000 0.12244452093478991328 0.00000000000000000000
3.2500000000 0.12227696705558190049 0.00000000000000000000
3.2600000000 0.12211088332004838009 0.00000000000000000000
3.2700000000 0.12194625072873215010 0.00000000000000000000
3.2800000000 0.12178305060074789967 0.00000000000000000000
3.2900000000 0.12162126456734149993 0.00000000000000000000
3.3000000000 0.12146087456559269413 0.00000000000000000000
3.3100000000 0.12130186283227034627 0.00000000000000000000
3.3200000000 0.12114421189782570432 0.00000000000000000000
3.3300000000 0.12098790458052656460 0.00000000000000000000
3.3400000000 0.12083292398072562057 0.00000000000000000000
3.3500000000 0.12067925347526170521 0.00000000000000000000
3.3600000000 0.12052687671198675234 0.00000000000000000000
3.3700000000 0.12037577760442071118 0.00000000000000000000
3.3800000000 0.12022594032652655915 0.00000000000000000000
3.3900000000 0.12007734930760392833 0.00000000000000000000
3.4000000000 0.11992998922729963818 0.00000000000000000000
3.4100000000 0.11978384501072934787 0.00000000000000000000
3.4200000000 0.11963890182371011983 0.00000000000000000000
3.4300000000 0.11949514506810014758 0.00000000000000000000
3.4400000000 0.11935256037724274736 0.00000000000000000000
3.4500000000 0.11921113361151043641 0.00000000000000000000
3.4600000000 0.11907085085395192892 0.00000000000000000000
3.4700000000 0.11893169840603190490 0.00000000000000000000
3.4800000000 0.11879366278346897845 0.00000000000000000000
3.4900000000 0.11865673071216095713 0.00000000000000000000
3.5000000000 0.11852088912420602473 0.00000000000000000000
3.5100000000 0.11838612515400351310 0.00000000000000000000
3.5200000000 0.11825242613444918172 0.00000000000000000000
3.5300000000 0.11811977959320456300 0.00000000000000000000
3.5400000000 0.11798817324905565285 0.00000000000000000000
3.5500000000 0.11785759500834418201 0.00000000000000000000
3.5600000000 0.11772803296148097452 0.00000000000000000000
3.5700000000 0.11759947537953131802 0.00000000000000000000
3.5800000000 0.11747191071087681458 0.00000000000000000000
3.5900000000 0.11734532757794596813 0.00000000000000000000
3.6000000000 0.11721971477401750550 0.00000000000000000000
3.6100000000 0.11709506126009054661 0.00000000000000000000
3.6200000000 0.11697135616182151308 0.00000000000000000000
3.6300000000 0.11684858876652692850 0.00000000000000000000
3.6400000000 0.11672674852024909897 0.00000000000000000000
3.6500000000 0.11660582502488403556 0.00000000000000000000
3.6600000000 0.11648580803536923156 0.00000000000000000000
3.6700000000 0.11636668745693272420 0.00000000000000000000
3.6800000000 0.11624845334239679306 0.00000000000000000000
3.6900000000 0.11613109588954020901 0.00000000000000000000
3.7000000000 0.11601460543851524476 0.00000000000000000000
3.7100000000 0.11589897246931667174 0.00000000000000000000
3.7200000000 0.11578418759930626802 0.00000000000000000000
3.7300000000 0.11567024158078560714 0.00000000000000000000
3.7400000000 0.11555712529861973670 0.00000000000000000000
3.7500000000 0.11544482976791187179 0.00000000000000000000
3.7600000000 0.11533334613172228911 0.00000000000000000000
3.7700000000 0.11522266565883580725 0.00000000000000000000
3.7800000000 0.11511277974157542447 0.00000000000000000000
3.7900000000 0.11500367989365896382 0.00000000000000000000
3.8000000000 0.11489535774809989110 0.00000000000000000000
3.8100000000 0.11478780505515027988 0.00000000000000000000
3.8200000000 0.11468101368028640885 0.00000000000000000000
3.8300000000 0.11457497560223264821 0.00000000000000000000
3.8400000000 0.11446968291102771476 0.00000000000000000000
3.8500000000 0.11436512780612807794 0.00000000000000000000
3.8600000000 0.11426130259454791993 0.00000000000000000000
3.8700000000 0.11415819968903941073 0.00000000000000000000
3.8800000000 0.11405581160630694215 0.00000000000000000000
3.8900000000 0.11395413096525600083 0.00000000000000000000
3.9000000000 0.11385315048527945569 0.00000000000000000000
3.9100000000 0.11375286298457355783 0.00000000000000000000
3.9200000000 0.11365326137849188215 0.00000000000000000000
3.9300000000 0.11355433867792642799 0.00000000000000000000
3.9400000000 0.11345608798772492676 0.00000000000000000000
3.9500000000 0.11335850250513508641 0.00000000000000000000
3.9600000000 0.11326157551828178183 0.00000000000000000000
3.9700000000 0.11316530040467288887 0.00000000000000000000
3.9800000000 0.11306967062973316551 0.00000000000000000000
3.9900000000 0.11297467974536790081 0.00000000000000000000
4.0000000000 0.11288032138855245978 0.00000000000000000000
4.0100000000 0.11278658927995052763 0.00000000000000000000
4.0200000000 0.11269347722255813882 0.00000000000000000000
4.0300000000 0.11260097910037228375 0.00000000000000000000
4.0400000000 0.11250908887708695183 0.00000000000000000000
4.0500000000 0.11241780059481266962 0.00000000000000000000
4.0600000000 0.11232710837282018634 0.00000000000000000000
4.0700000000 0.11223700640630869529 0.00000000000000000000
4.0800000000 0.11214748896519621812 0.00000000000000000000
4.0900000000 0.11205855039293297071 0.00000000000000000000
4.1000000000 0.11197018510533766900 0.00000000000000000000
4.1100000000 0.11188238758945444340 0.00000000000000000000
4.1200000000 0.11179515240243201313 0.00000000000000000000
4.1300000000 0.11170847417042288618 0.00000000000000000000
4.1400000000 0.11162234758750307073 0.00000000000000000000
4.1500000000 0.11153676741461242272 0.00000000000000000000
4.1600000000 0.11145172847851328446 0.00000000000000000000
4.1700000000 0.11136722567077013413 0.00000000000000000000
4.1800000000 0.11128325394674497273 0.00000000000000000000
4.1900000000 0.11119980832461462406 0.00000000000000000000
4.2000000000 0.11111688388440264796 0.00000000000000000000
4.2100000000 0.11103447576703159849 0.00000000000000000000
4.2200000000 0.11095257917339004794 0.00000000000000000000
4.2300000000 0.11087118936341823494 0.00000000000000000000
4.2400000000 0.11079030165520992179 0.00000000000000000000
4.2500000000 0.11070991142412915653 0.00000000000000000000
4.2600000000 0.11063001410194417407 0.00000000000000000000
4.2700000000 0.11055060517597677106 0.00000000000000000000
4.2800000000 0.11047168018826598879 0.00000000000000000000
4.2900000000 0.11039323473474693671 0.00000000000000000000
4.3000000000 0.11031526446444513134 0.00000000000000000000
4.3100000000 0.11023776507868369989 0.00000000000000000000
4.3200000000 0.11016073233030566902 0.00000000000000000000
4.3300000000 0.11008416202290938202 0.00000000000000000000
4.3400000000 0.11000805001009726636 0.00000000000000000000
4.3500000000 0.10993239219473842361 0.00000000000000000000
4.3600000000 0.10985718452824295988 0.00000000000000000000
4.3700000000 0.10978242300985051327 0.00000000000000000000
4.3800000000 0.10970810368592953665 0.00000000000000000000
4.3900000000 0.10963422264928972261 0.00000000000000000000
4.4000000000 0.10956077603850668256 0.00000000000000000000
4.4100000000 0.10948776003725642358 0.00000000000000000000
4.4200000000 0.10941517087366343930 0.00000000000000000000
4.4300000000 0.10934300481965877894 0.00000000000000000000
4.4400000000 0.10927125819034935739 0.00000000000000000000
4.4500000000 0.10919992734339825646 0.00000000000000000000
4.4600000000 0.10912900867841461572 0.00000000000000000000
4.4700000000 0.10905849863635593000 0.00000000000000000000
4.4800000000 0.10898839369893788265 0.00000000000000000000
4.4900000000 0.10891869038805607195 0.00000000000000000000
4.5000000000 0.10884938526521706348 0.00000000000000000000
4.5100000000 0.10878047493097799114 0.00000000000000000000
4.5200000000 0.10871195602439739925 0.00000000000000000000
4.5300000000 0.10864382522249305119 0.00000000000000000000
4.5400000000 0.10857607923971132613 0.00000000000000000000
4.5500000000 0.10850871482740233331 0.00000000000000000000
4.5600000000 0.10844172877330740534 0.00000000000000000000
4.5700000000 0.10837511790105179565 0.00000000000000000000
4.5800000000 0.10830887906964717371 0.00000000000000000000
4.5900000000 0.10824300917300323788 0.00000000000000000000
4.6000000000 0.10817750513944501822 0.00000000000000000000
4.6100000000 0.10811236393124054600 0.00000000000000000000
4.6200000000 0.10804758254413435181 0.00000000000000000000
4.6300000000 0.10798315800688973454 0.00000000000000000000
4.6400000000 0.10791908738083831609 0.00000000000000000000
4.6500000000 0.10785536775943586896 0.00000000000000000000
4.6600000000 0.10779199626782691446 0.00000000000000000000
4.6700000000 0.10772897006241530238 0.00000000000000000000
4.6800000000 0.10766628633044174335 0.00000000000000000000
4.6900000000 0.10760394228956865481 0.00000000000000000000
4.7000000000 0.10754193518747139080 0.00000000000000000000
4.7100000000 0.10748026230143568893 0.00000000000000000000
4.7200000000 0.10741892093796205632 0.00000000000000000000
4.7300000000 0.10735790843237615066 0.00000000000000000000
4.7400000000 0.10729722214844529538 0.00000000000000000000
4.7500000000 0.10723685947800153107 0.00000000000000000000
4.7600000000 0.10717681784056969085 0.00000000000000000000
4.7700000000 0.10711709468300237291 0.00000000000000000000
4.7800000000 0.10705768747912008942 0.00000000000000000000
4.7900000000 0.10699859372935685564 0.00000000000000000000
4.8000000000 0.10693981096041213497 0.00000000000000000000
4.8100000000 0.10688133672490707227 0.00000000000000000000
4.8200000000 0.10682316860104729139 0.00000000000000000000
4.8300000000 0.10676530419228970337 0.00000000000000000000
4.8400000000 0.10670774112701558733 0.00000000000000000000
4.8500000000 0.10665047705820808466 0.00000000000000000000
4.8600000000 0.10659350966313461961 0.00000000000000000000
4.8700000000 0.10653683664303466305 0.00000000000000000000
4.8800000000 0.10648045572281174265 0.00000000000000000000
4.8900000000 0.10642436465073050467 0.00000000000000000000
4.9000000000 0.10636856119811857746 0.00000000000000000000
4.9100000000 0.10631304315907232072 0.00000000000000000000
4.9200000000 0.10625780835016758463 0.00000000000000000000
4.9300000000 0.10620285461017472950 0.00000000000000000000
4.9400000000 0.10614817979977807239 0.00000000000000000000
4.9500000000 0.10609378180129902525 0.00000000000000000000
4.9600000000 0.10603965851842415968 0.00000000000000000000
4.9700000000 0.10598580787593664398 0.00000000000000000000
4.9800000000 0.10593222781945264843 0.00000000000000000000
4.9900000000 0.10587891631516004043 0.00000000000000000000
5.0000000000 0.10582587134956313035 0.00000000000000000000
