0.1000000000 4.16970672327884805952 0.00000000000000000000
0.1100000000 4.05476653561921818181 0.00000000000000000000
0.1200000000 3.94195660208343756636 0.00000000000000000000
0.1300000000 3.83134490643693137457 0.00000000000000000000
0.1400000000 3.72299094215631409810 0.00000000000000000000
0.1500000000 3.61694557051764320477 0.00000000000000000000
0.1600000000 3.51325099516078021011 0.00000000000000000000
0.1700000000 3.41194084685572329718 0.00000000000000000000
0.1800000000 3.31304036940778834364 0.00000000000000000000
0.1900000000 3.21656669544076478928 0.00000000000000000000
0.2000000000 3.12252919924790006689 0.00000000000000000000
0.2100000000 3.03092991300958036760 0.00000000000000000000
0.2200000000 2.94176399241071795387 0.00000000000000000000
0.2300000000 2.85502021798254146390 0.00000000000000000000
0.2400000000 2.77068151925070615960 0.00000000000000000000
0.2500000000 2.68872550988840197661 0.00000000000000000000
0.2600000000 2.60912502344010022171 0.00000000000000000000
0.2700000000 2.53184864069371329265 0.00000000000000000000
0.2800000000 2.45686120134245822300 0.00000000000000000000
0.2900000000 2.38412429411435367044 0.00000000000000000000
0.3000000000 2.31359672099569468884 0.00000000000000000000
0.3100000000 2.24523493249173178299 0.00000000000000000000
0.3200000000 2.17899343202572426392 0.00000000000000000000
0.3300000000 2.11482514856385828139 0.00000000000000000000
0.3400000000 2.05268177736670454081 0.00000000000000000000
0.3500000000 1.99251408941563834532 0.00000000000000000000
0.3600000000 1.93427221055837383901 0.00000000000000000000
0.3700000000 1.87790587177906420635 0.00000000000000000000
0.3800000000 1.82336463224435330055 0.00000000000000000000
0.3900000000 1.77059807692664872292 0.00000000000000000000
0.4000000000 1.71955599067843212246 0.00000000000000000000
0.4100000000 1.67018851064342399582 0.00000000000000000000
0.4200000000 1.62244625885661797327 0.00000000000000000000
0.4300000000 1.57628045681870965211 0.00000000000000000000
0.4400000000 1.53164302374107252902 0.00000000000000000000
0.4500000000 1.48848666005433560855 0.00000000000000000000
0.4600000000 1.44676491766287940166 0.00000000000000000000
0.4700000000 1.40643225831419593774 0.00000000000000000000
0.4800000000 1.36744410134010729863 0.00000000000000000000
0.4900000000 1.32975686191828490479 0.00000000000000000000
0.5000000000 1.29332798089961098498 0.00000000000000000000
0.5100000000 1.25811594714994279265 0.00000000000000000000
0.5200000000 1.22408031326539057382 0.00000000000000000000
0.5300000000 1.19118170543718782106 0.00000000000000000000
0.5400000000 1.15938182816644008710 0.00000000000000000000
0.5500000000 1.12864346445987884238 0.00000000000000000000
0.5600000000 1.09893047207467819959 0.00000000000000000000
0.5700000000 1.07020777632338970342 0.00000000000000000000
0.5800000000 1.04244135989808772713 0.00000000000000000000
0.5900000000 1.01559825012608540007 0.00000000000000000000
0.6000000000 0.98964650402709886112 0.00000000000000000000
0.6100000000 0.96455519150336332945 0.00000000000000000000
0.6200000000 0.94029437695946804787 0.00000000000000000000
0.6300000000 0.91683509961729492410 0.00000000000000000000
0.6400000000 0.89414935276307405676 0.00000000000000000000
0.6500000000 0.87221006213772911408 0.00000000000000000000
0.6600000000 0.85099106365862375867 0.00000000000000000000
0.6700000000 0.83046708063957141999 0.00000000000000000000
0.6800000000 0.81061370065716364941 0.00000000000000000000
0.6900000000 0.79140735219394453548 0.00000000000000000000
0.7000000000 0.77282528117382143229 0.00000000000000000000
0.7100000000 0.75484552749070110700 0.00000000000000000000
0.7200000000 0.73744690161883319490 0.00000000000000000000
0.7300000000 0.72060896138180707826 0.00000000000000000000
0.7400000000 0.70431198894704416524 0.00000000000000000000
0.7500000000 0.68853696810310804910 0.00000000000000000000
0.7600000000 0.67326556186891517441 0.00000000000000000000
0.7700000000 0.65848009047661892890 0.00000000000000000000
0.7800000000 0.64416350976290481789 0.00000000000000000000
0.7900000000 0.63029938999783430287 0.00000000000000000000
0.8000000000 0.61687189517458085319 0.00000000000000000000
0.8100000000 0.60386576277923731393 0.00000000000000000000
0.8200000000 0.59126628405475889494 0.00000000000000000000
0.8300000000 0.57905928477048385083 0.00000000000000000000
0.8400000000 0.56723110650413355316 0.00000000000000000000
0.8500000000 0.55576858844133913973 0.00000000000000000000
0.8600000000 0.54465904969445511075 0.00000000000000000000
0.8700000000 0.53389027214037321212 0.00000000000000000000
0.8800000000 0.52345048377537273243 0.00000000000000000000
0.8900000000 0.51332834258267767691 0.00000000000000000000
0.9000000000 0.50351292090778354549 0.00000000000000000000
0.9100000000 0.49399369033462936507 0.00000000000000000000
0.9200000000 0.48476050705473533453 0.00000000000000000000
0.9300000000 0.47580359772126518125 0.00000000000000000000
0.9400000000 0.46711354577800717758 0.00000000000000000000
0.9500000000 0.45868127825353155469 0.00000000000000000000
0.9600000000 0.45049805301005824143 0.00000000000000000000
0.9700000000 0.44255544643644662006 0.00000000000000000000
0.9800000000 0.43484534157289561618 0.00000000000000000000
0.9900000000 0.42735991665838340969 0.00000000000000000000
1.0000000000 0.42009163408499755610 0.00000000000000000000
1.0100000000 0.41303322975479800361 0.00000000000000000000
1.0200000000 0.40617770281833059931 0.00000000000000000000
1.0300000000 0.39951830578997482579 0.00000000000000000000
1.0400000000 0.39304853502738579252 0.00000000000000000000
1.0500000000 0.38676212156113376484 0.00000000000000000000
1.0600000000 0.38065302226537273134 0.00000000000000000000
1.0700000000 0.37471541135784253163 0.00000000000000000000
1.0800000000 0.36894367221804097445 0.00000000000000000000
1.0900000000 0.36333238951295404595 0.00000000000000000000
1.1000000000 0.35787634161983244985 0.00000000000000000000
1.1100000000 0.35257049333560119830 0.00000000000000000000
1.1200000000 0.34740998886284557567 0.00000000000000000000
1.1300000000 0.34239014506276432837 0.00000000000000000000
1.1400000000 0.33750644496513965143 0.00000000000000000000
1.1500000000 0.33275453152644873800 0.00000000000000000000
1.1600000000 0.32813020162670031299 0.00000000000000000000
1.1700000000 0.32362940029652387253 0.00000000000000000000
1.1800000000 0.31924821516580892400 0.00000000000000000000
1.1900000000 0.31498287112575917845 0.00000000000000000000
1.2000000000 0.31082972519628310204 0.00000000000000000000
1.2100000000 0.30678526159104108073 0.00000000000000000000
1.2200000000 0.30284608697271003797 0.00000000000000000000
1.2300000000 0.29900892589117317177 0.00000000000000000000
1.2400000000 0.29527061639763535483 0.00000000000000000000
1.2500000000 0.29162810582807308091 0.00000000000000000000
1.2600000000 0.28807844674932825413 0.00000000000000000000
1.2700000000 0.28461879306167076065 0.00000000000000000000
1.2800000000 0.28124639625179959079 0.00000000000000000000
1.2900000000 0.27795860179041514959 0.00000000000000000000
1.3000000000 0.27475284566868152236 0.00000000000000000000
1.3100000000 0.27162665106833444595 0.00000000000000000000
1.3200000000 0.26857762516006394860 0.00000000000000000000
1.3300000000 0.26560345602522095199 0.00000000000000000000
1.3400000000 0.26270190969602902342 0.00000000000000000000
1.3500000000 0.25987082730963911859 0.00000000000000000000
1.3600000000 0.25710812237155472593 0.00000000000000000000
1.3700000000 0.25441177812415194381 0.00000000000000000000
1.3800000000 0.25177984501614647517 0.00000000000000000000
1.3900000000 0.24921043826901723151 0.00000000000000000000
1.4000000000 0.24670173553661936539 0.00000000000000000000
1.4100000000 0.24425197465427445076 0.00000000000000000000
1.4200000000 0.24185945147380677467 0.00000000000000000000
1.4300000000 0.23952251778118119341 0.00000000000000000000
1.4400000000 0.23723957929344396955 0.00000000000000000000
1.4500000000 0.23500909373186873452 0.00000000000000000000
1.4600000000 0.23282956896826348392 0.00000000000000000000
1.4700000000 0.23069956124162735445 0.00000000000000000000
1.4800000000 0.22861767344230160548 0.00000000000000000000
1.4900000000 0.22658255346101968675 0.00000000000000000000
1.5000000000 0.22459289260027190394 0.00000000000000000000
1.5100000000 0.22264742404553922173 0.00000000000000000000
1.5200000000 0.22074492139403859015 0.00000000000000000000
1.5300000000 0.21888419723873650535 0.00000000000000000000
1.5400000000 0.21706410180542792809 0.00000000000000000000
1.5500000000 0.21528352164083375264 0.00000000000000000000
1.5600000000 0.21354137834970518539 0.00000000000000000000
1.5700000000 0.21183662737898656392 0.00000000000000000000
1.5800000000 0.21016825684724269041 0.00000000000000000000
1.5900000000 0.20853528641756410855 0.00000000000000000000
1.6000000000 0.20693676621222659162 0.00000000000000000000
1.6100000000 0.20537177576751097785 0.00000000000000000000
1.6200000000 0.20383942302710589267 0.00000000000000000000
1.6300000000 0.20233884337259627761 0.00000000000000000000
1.6400000000 0.20086919868957939239 0.00000000000000000000
1.6500000000 0.19942967646806017412 0.00000000000000000000
1.6600000000 0.19801948893575724298 0.00000000000000000000
1.6700000000 0.19663787222308215519 0.00000000000000000000
1.6800000000 0.19528408555854628870 0.00000000000000000000
1.6900000000 0.19395741049342471451 0.00000000000000000000
1.7000000000 0.19265715015456660875 0.00000000000000000000
1.7100000000 0.19138262852423759686 0.00000000000000000000
1.7200000000 0.19013318974598994449 0.00000000000000000000
1.7300000000 0.18890819745554734976 0.00000000000000000000
1.7400000000 0.18770703413574019169 0.00000000000000000000
1.7500000000 0.18652910049458462649 0.00000000000000000000
1.7600000000 0.18537381486562340416 0.00000000000000000000
1.7700000000 0.18424061262966962005 0.00000000000000000000
1.7800000000 0.18312894565714812889 0.00000000000000000000
1.7900000000 0.18203828177025818680 0.00000000000000000000
1.8000000000 0.18096810422418890818 0.00000000000000000000
1.8100000000 0.17991791120669439752 0.00000000000000000000
1.8200000000 0.17888721535530602291 0.00000000000000000000
1.8300000000 0.17787554329154484090 0.00000000000000000000
1.8400000000 0.17688243517147927975 0.00000000000000000000
1.8500000000 0.17590744425201515488 0.00000000000000000000
1.8600000000 0.17495013647234175513 0.00000000000000000000
1.8700000000 0.17401009004995920959 0.00000000000000000000
1.8800000000 0.17308689509072761048 0.00000000000000000000
1.8900000000 0.17218015321246213367 0.00000000000000000000
1.9000000000 0.17128947718151796287 0.00000000000000000000
1.9100000000 0.17041449056191884659 0.00000000000000000000
1.9200000000 0.16955482737655250269 0.00000000000000000000
1.9300000000 0.16871013177998678279 0.00000000000000000000
1.9400000000 0.16788005774249720181 0.00000000000000000000
1.9500000000 0.16706426874485436063 0.00000000000000000000
1.9600000000 0.16626243748352553808 0.00000000000000000000
1.9700000000 0.16547424558586976140 0.00000000000000000000
1.9800000000 0.16469938333498651550 0.00000000000000000000
1.9900000000 0.16393754940385565910 0.00000000000000000000
2.0000000000 0.16318845059843292700 0.00000000000000000000
2.0100000000 0.16245180160937508496 0.00000000000000000000
2.0200000000 0.16172732477208867641 0.00000000000000000000
2.0300000000 0.16101474983479105441 0.00000000000000000000
2.0400000000 0.16031381373431474735 0.00000000000000000000
2.0500000000 0.15962426037934848710 0.00000000000000000000
2.0600000000 0.15894584044087289865 0.00000000000000000000
2.0700000000 0.15827831114952758962 0.00000000000000000000
2.0800000000 0.15762143609965217905 0.00000000000000000000
2.0900000000 0.15697498505977888761 0.00000000000000000000
2.1000000000 0.15633873378933166309 0.00000000000000000000
2.1100000000 0.15571246386133344441 0.00000000000000000000
2.1200000000 0.15509596249088308806 0.00000000000000000000
2.1300000000 0.15448902236921580045 0.00000000000000000000
2.1400000000 0.15389144150315545168 0.00000000000000000000
2.1500000000 0.15330302305974627397 0.00000000000000000000
2.1600000000 0.15272357521591276019 0.00000000000000000000
2.1700000000 0.15215291101294295406 0.00000000000000000000
2.1800000000 0.15159084821565005363 0.00000000000000000000
2.1900000000 0.15103720917603874474 0.00000000000000000000
2.2000000000 0.15049182070131969513 0.00000000000000000000
2.2100000000 0.14995451392612629826 0.00000000000000000000
2.2200000000 0.14942512418878881042 0.00000000000000000000
2.2300000000 0.14890349091151841576 0.00000000000000000000
2.2400000000 0.14838945748437740169 0.00000000000000000000
2.2500000000 0.14788287115290074669 0.00000000000000000000
2.2600000000 0.14738358290924394312 0.00000000000000000000
2.2700000000 0.14689144738673595714 0.00000000000000000000
2.2800000000 0.14640632275772705317 0.00000000000000000000
2.2900000000 0.14592807063461535333 0.00000000000000000000
2.3000000000 0.14545655597394235858 0.00000000000000000000
2.3100000000 0.14499164698346014846 0.00000000000000000000
2.3200000000 0.14453321503206670307 0.00000000000000000000
2.3300000000 0.14408113456251117612 0.00000000000000000000
2.3400000000 0.14363528300678340965 0.00000000000000000000
2.3500000000 0.14319554070408738178 0.00000000000000000000
2.3600000000 0.14276179082131937315 0.00000000000000000000
2.3700000000 0.14233391927597716098 0.00000000000000000000
2.3800000000 0.14191181466138985678 0.00000000000000000000
2.3900000000 0.14149536817422714297 0.00000000000000000000
2.4000000000 0.14108447354419220710 0.00000000000000000000
2.4100000000 0.14067902696582543220 0.00000000000000000000
2.4200000000 0.14027892703236188865 0.00000000000000000000
2.4300000000 0.13988407467156294128 0.00000000000000000000
2.4400000000 0.13949437308347198416 0.00000000000000000000
2.4500000000 0.13910972768000898214 0.00000000000000000000
2.4600000000 0.13873004602636992977 0.00000000000000000000
2.4700000000 0.13835523778415417806 0.00000000000000000000
2.4800000000 0.13798521465617374915 0.00000000000000000000
2.4900000000 0.13761989033288438145 0.00000000000000000000
2.5000000000 0.13725918044038853960 0.00000000000000000000
2.5100000000 0.13690300248996492560 0.00000000000000000000
2.5200000000 0.13655127582906109729 0.00000000000000000000
2.5300000000 0.13620392159372438079 0.00000000000000000000
2.5400000000 0.13586086266240079978 0.00000000000000000000
2.5500000000 0.13552202361108400819 0.00000000000000000000
2.5600000000 0.13518733066974364387 0.00000000000000000000
2.5700000000 0.13485671168002330567 0.00000000000000000000
2.5800000000 0.13453009605413623895 0.00000000000000000000
2.5900000000 0.13420741473495212404 0.00000000000000000000
2.6000000000 0.13388860015721029684 0.00000000000000000000
2.6100000000 0.13357358620984574604 0.00000000000000000000
2.6200000000 0.13326230819937598393 0.00000000000000000000
2.6300000000 0.13295470281433152682 0.00000000000000000000
2.6400000000 0.13265070809068518765 0.00000000000000000000
2.6500000000 0.13235026337825137044 0.00000000000000000000
2.6600000000 0.13205330930803657608 0.00000000000000000000
2.6700000000 0.13175978776049518393 0.00000000000000000000
2.6800000000 0.13146964183467310661 0.00000000000000000000
2.6900000000 0.13118281581821109039 0.00000000000000000000
2.7000000000 0.13089925515817951718 0.00000000000000000000
2.7100000000 0.13061890643272008883 0.00000000000000000000
2.7200000000 0.13034171732346569450 0.00000000000000000000
2.7300000000 0.13006763658872633194 0.00000000000000000000
2.7400000000 0.12979661403740458403 0.00000000000000000000
2.7500000000 0.12952860050362621780 0.00000000000000000000
2.7600000000 0.12926354782206286864 0.00000000000000000000
2.7700000000 0.12900140880392479970 0.00000000000000000000
2.7800000000 0.12874213721360761031 0.00000000000000000000
2.7900000000 0.12848568774596527686 0.00000000000000000000
2.8000000000 0.12823201600420258695 0.00000000000000000000
2.8100000000 0.12798107847835490936 0.00000000000000000000
2.8200000000 0.12773283252435269075 0.00000000000000000000
2.8300000000 0.12748723634363695600 0.00000000000000000000
2.8400000000 0.12724424896332642287 0.00000000000000000000
2.8500000000 0.12700383021690753171 0.00000000000000000000
2.8600000000 0.12676594072543795333 0.00000000000000000000
2.8700000000 0.12653054187924445140 0.00000000000000000000
2.8800000000 0.12629759582010779972 0.00000000000000000000
2.8900000000 0.12606706542391141190 0.00000000000000000000
2.9000000000 0.12583891428374804899 0.00000000000000000000
2.9100000000 0.12561310669346756330 0.00000000000000000000
2.9200000000 0.12538960763165007961 0.00000000000000000000
2.9300000000 0.12516838274600194936 0.00000000000000000000
2.9400000000 0.12494939833815071895 0.00000000000000000000
2.9500000000 0.12473262134883608687 0.00000000000000000000
2.9600000000 0.12451801934348209755 0.00000000000000000000
2.9700000000 0.12430556049813702713 0.00000000000000000000
2.9800000000 0.12409521358578023964 0.00000000000000000000
2.9900000000 0.12388694796297160250 0.00000000000000000000
3.0000000000 0.12368073355684651438 0.00000000000000000000
3.0100000000 0.12347654085243965627 0.00000000000000000000
3.0200000000 0.12327434088032772352 0.00000000000000000000
3.0300000000 0.12307410520458908487 0.00000000000000000000
3.0400000000 0.12287580591106252170 0.00000000000000000000
3.0500000000 0.12267941559590343770 0.00000000000000000000
3.0600000000 0.12248490735442615907 0.00000000000000000000
3.0700000000 0.12229225477022458157 0.00000000000000000000
3.0800000000 0.12210143190456441975 0.00000000000000000000
3.0900000000 0.12191241328604025818 0.00000000000000000000
3.1000000000 0.12172517390048488706 0.00000000000000000000
3.1100000000 0.12153968918113193520 0.00000000000000000000
3.1200000000 0.12135593499902069814 0.00000000000000000000
3.1300000000 0.12117388765363272529 0.00000000000000000000
3.1400000000 0.12099352386376359403 0.00000000000000000000
3.1500000000 0.12081482075861153802 0.00000000000000000000
3.1600000000 0.12063775586908918880 0.00000000000000000000
3.1700000000 0.12046230711934087509 0.00000000000000000000
3.1800000000 0.12028845281847001802 0.00000000000000000000
3.1900000000 0.12011617165246263328 0.00000000000000000000
3.2000000000 0.11994544267630835588 0.00000000000000000000
3.2100000000 0.11977624530630831545 0.00000000000000000000
3.2200000000 0.11960855931256923756 0.00000000000000000000
3.2300000000 0.11944236481167522235 0.00000000000000000000
3.2400000000 0.11927764225953509103 0.00000000000000000000
3.2500000000 0.11911437244439916638 0.00000000000000000000
3.2600000000 0.11895253648004192049 0.00000000000000000000
3.2700000000 0.11879211579910431418 0.00000000000000000000
3.2800000000 0.11863309214659538415 0.00000000000000000000
3.2900000000 0.11847544757354334932 0.00000000000000000000
3.3000000000 0.11831916443079792955 0.00000000000000000000
3.3100000000 0.11816422536297660484 0.00000000000000000000
3.3200000000 0.11801061330255079029 0.00000000000000000000
3.3300000000 0.11785831146407137193 0.00000000000000000000
3.3400000000 0.11770730333852574834 0.00000000000000000000
3.3500000000 0.11755757268782744684 0.00000000000000000000
3.3600000000 0.11740910353943033451 0.00000000000000000000
3.3700000000 0.11726188018106854793 0.00000000000000000000
3.3800000000 0.11711588715561598029 0.00000000000000000000
3.3900000000 0.11697110925606134246 0.00000000000000000000
3.4000000000 0.11682753152060239288 0.00000000000000000000
3.4100000000 0.11668513922784599923 0.00000000000000000000
3.4200000000 0.11654391789212122099 0.00000000000000000000
3.4300000000 0.11640385325889472667 0.00000000000000000000
3.4400000000 0.11626493130029352807 0.00000000000000000000
3.4500000000 0.11612713821072308262 0.00000000000000000000
3.4600000000 0.11599046040258911838 0.00000000000000000000
3.4700000000 0.11585488450210988665 0.00000000000000000000
3.4800000000 0.11572039734522565624 0.00000000000000000000
3.4900000000 0.11558698597359615134 0.00000000000000000000
3.5000000000 0.11545463763068854190 0.00000000000000000000
3.5100000000 0.11532333975795001912 0.00000000000000000000
3.5200000000 0.11519307999106735696 0.00000000000000000000
3.5300000000 0.11506384615630541046 0.00000000000000000000
3.5400000000 0.11493562626692813144 0.00000000000000000000
3.5500000000 0.11480840851969593974 0.00000000000000000000
3.5600000000 0.11468218129144108763 0.00000000000000000000
3.5700000000 0.11455693313571720104 0.00000000000000000000
3.5800000000 0.11443265277951830683 0.00000000000000000000
3.5900000000 0.11430932912007420177 0.00000000000000000000
3.6000000000 0.11418695122170971490 0.00000000000000000000
3.6100000000 0.11406550831277390001 0.00000000000000000000
3.6200000000 0.11394498978263491173 0.00000000000000000000
3.6300000000 0.11382538517873780348 0.00000000000000000000
3.6400000000 0.11370668420372694041 0.00000000000000000000
3.6500000000 0.11358887671262765662 0.00000000000000000000
3.6600000000 0.11347195271008821138 0.00000000000000000000
3.6700000000 0.11335590234768040674 0.00000000000000000000
3.6800000000 0.11324071592125688202 0.00000000000000000000
3.6900000000 0.11312638386836312843 0.00000000000000000000
3.7000000000 0.11301289676570487608 0.00000000000000000000
3.7100000000 0.11290024532666781409 0.00000000000000000000
3.7200000000 0.11278842039888820059 0.00000000000000000000
3.7300000000 0.11267741296187555600 0.00000000000000000000
3.7400000000 0.11256721412468327637 0.00000000000000000000
3.7500000000 0.11245781512362743038 0.00000000000000000000
3.7600000000 0.11234920732005383714 0.00000000000000000000
3.7700000000 0.11224138219814913664 0.00000000000000000000
3.7800000000 0.11213433136279765678 0.00000000000000000000
3.7900000000 0.11202804653748277275 0.00000000000000000000
3.8000000000 0.11192251956222912246 0.00000000000000000000
3.8100000000 0.11181774239158841222 0.00000000000000000000
3.8200000000 0.11171370709266557897 0.00000000000000000000
3.8300000000 0.11161040584318362989 0.00000000000000000000
3.8400000000 0.11150783092958922726 0.00000000000000000000
3.8500000000 0.11140597474519522980 0.00000000000000000000
3.8600000000 0.11130482978836056529 0.00000000000000000000
3.8700000000 0.11120438866070715689 0.00000000000000000000
3.8800000000 0.11110464406537109983 0.00000000000000000000
3.8900000000 0.11100558880529001748 0.00000000000000000000
3.9000000000 0.11090721578152278048 0.00000000000000000000
3.9100000000 0.11080951799160465576 0.00000000000000000000
3.9200000000 0.11071248852793209860 0.00000000000000000000
3.9300000000 0.11061612057618189220 0.00000000000000000000
3.9400000000 0.11052040741375902810 0.00000000000000000000
3.9500000000 0.11042534240827710235 0.00000000000000000000
3.9600000000 0.11033091901606582874 0.00000000000000000000
3.9700000000 0.11023713078071094296 0.00000000000000000000
3.9800000000 0.11014397133161818454 0.00000000000000000000
3.9900000000 0.11005143438260849009 0.00000000000000000000
4.0000000000 0.10995951373053933220 0.00000000000000000000
4.0100000000 0.10986820325395188491 0.00000000000000000000
4.0200000000 0.10977749691174366886 0.00000000000000000000
4.0300000000 0.10968738874186924337 0.00000000000000000000
4.0400000000 0.10959787286006233975 0.00000000000000000000
4.0500000000 0.10950894345858468160 0.00000000000000000000
4.0600000000 0.10942059480499728708 0.00000000000000000000
4.0700000000 0.10933282124095569654 0.00000000000000000000
4.0800000000 0.10924561718102750174 0.00000000000000000000
4.0900000000 0.10915897711153235705 0.00000000000000000000
4.1000000000 0.10907289558940358454 0.00000000000000000000
4.1100000000 0.10898736724107140061 0.00000000000000000000
4.1200000000 0.10890238676136622387 0.00000000000000000000
4.1300000000 0.10881794891244392365 0.00000000000000000000
4.1400000000 0.10873404852272894328 0.00000000000000000000
4.1500000000 0.10865068048587872562 0.00000000000000000000
4.1600000000 0.10856783975976661005 0.00000000000000000000
4.1700000000 0.10848552136548317293 0.00000000000000000000
4.1800000000 0.10840372038635626151 0.00000000000000000000
4.1900000000 0.10832243196698906895 0.00000000000000000000
4.2000000000 0.10824165131231573700 0.00000000000000000000
4.2100000000 0.10816137368667352869 0.00000000000000000000
4.2200000000 0.10808159441289309777 0.00000000000000000000
4.2300000000 0.10800230887140381542 0.00000000000000000000
4.2400000000 0.10792351249935648594 0.00000000000000000000
4.2500000000 0.10784520078976114754 0.00000000000000000000
4.2600000000 0.10776736929064086035 0.00000000000000000000
4.2700000000 0.10769001360419991342 0.00000000000000000000
4.2800000000 0.10761312938600781086 0.00000000000000000000
4.2900000000 0.10753671234419717728 0.00000000000000000000
4.3000000000 0.10746075823867655419 0.00000000000000000000
4.3100000000 0.10738526288035608880 0.00000000000000000000
4.3200000000 0.10731022213038814150 0.00000000000000000000
4.3300000000 0.10723563189942061924 0.00000000000000000000
4.3400000000 0.10716148814686325685 0.00000000000000000000
4.3500000000 0.10708778688016763747 0.00000000000000000000
4.3600000000 0.10701452415411893959 0.00000000000000000000
4.3700000000 0.10694169607014049339 0.00000000000000000000
4.3800000000 0.10686929877561010538 0.00000000000000000000
4.3900000000 0.10679732846318919226 0.00000000000000000000
4.4000000000 0.10672578137016190680 0.00000000000000000000
4.4100000000 0.10665465377778760026 0.00000000000000000000
4.4200000000 0.10658394201066255513 0.00000000000000000000
4.4300000000 0.10651364243609436067 0.00000000000000000000
4.4400000000 0.10644375146348586392 0.00000000000000000000
4.4500000000 0.10637426554373036192 0.00000000000000000000
4.4600000000 0.10630518116861624456 0.00000000000000000000
4.4700000000 0.10623649487024305893 0.00000000000000000000
4.4800000000 0.10616820322044630276 0.00000000000000000000
4.4900000000 0.10610030283023229314 0.00000000000000000000
4.5000000000 0.10603279034922336033 0.00000000000000000000
4.5100000000 0.10596566246511106291 0.00000000000000000000
4.5200000000 0.10589891590311947822 0.00000000000000000000
4.5300000000 0.10583254742547704152 0.00000000000000000000
4.5400000000 0.10576655383089808571 0.00000000000000000000
4.5500000000 0.10570093195407140318 0.00000000000000000000
4.5600000000 0.10563567866515898019 0.00000000000000000000
4.5700000000 0.10557079086930194756 0.00000000000000000000
4.5800000000 0.10550626550613544097 0.00000000000000000000
4.5900000000 0.10544209954931066386 0.00000000000000000000
4.6000000000 0.10537829000602556839 0.00000000000000000000
4.6100000000 0.10531483391656297488 0.00000000000000000000
4.6200000000 0.10525172835383565795 0.00000000000000000000
4.6300000000 0.10518897042294050870 0.00000000000000000000
4.6400000000 0.10512655726071741535 0.00000000000000000000
4.6500000000 0.10506448603531814978 0.00000000000000000000
4.6600000000 0.10500275394577986143 0.00000000000000000000
4.6700000000 0.10494135822160703675 0.00000000000000000000
4.6800000000 0.10488029612235930110 0.00000000000000000000
4.6900000000 0.10481956493724625679 0.00000000000000000000
4.7000000000 0.10475916198472898233 0.00000000000000000000
4.7100000000 0.10469908461212729112 0.00000000000000000000
4.7200000000 0.10463933019523366519 0.00000000000000000000
4.7300000000 0.10457989613793385042 0.00000000000000000000
4.7400000000 0.10452077987183210073 0.00000000000000000000
4.7500000000 0.10446197885588380527 0.00000000000000000000
4.7600000000 0.10440349057603338923 0.00000000000000000000
4.7700000000 0.10434531254485719665 0.00000000000000000000
4.7800000000 0.10428744230121329839 0.00000000000000000000
4.7900000000 0.10422987740989581029 0.00000000000000000000
4.8000000000 0.10417261546129505390 0.00000000000000000000
4.8100000000 0.10411565407106308789 0.00000000000000000000
4.8200000000 0.10405899087978386086 0.00000000000000000000
4.8300000000 0.10400262355264940084 0.00000000000000000000
4.8400000000 0.10394654977914009886 0.00000000000000000000
4.8500000000 0.10389076727271079337 0.00000000000000000000
4.8600000000 0.10383527377048094864 0.00000000000000000000
4.8700000000 0.10378006703293020385 0.00000000000000000000
4.8800000000 0.10372514484359787734 0.00000000000000000000
4.8900000000 0.10367050500878821628 0.00000000000000000000
4.9000000000 0.10361614535727874109 0.00000000000000000000
4.9100000000 0.10356206374003412707 0.00000000000000000000
4.9200000000 0.10350825802992426328 0.00000000000000000000
4.9300000000 0.10345472612144555880 0.00000000000000000000
4.9400000000 0.10340146593044809153 0.00000000000000000000
4.9500000000 0.10334847539386608772 0.00000000000000000000
4.9600000000 0.10329575246945160716 0.00000000000000000000
4.9700000000 0.10324329513551386284 0.00000000000000000000
4.9800000000 0.10319110139066131615 0.00000000000000000000
4.9900000000 0.10313916925354804643 0.00000000000000000000
5.0000000000 0.10308749676262361772 0.00000000000000000000
