0.1000000000 1.61355596666018308305 0.00000000000000000000
0.1100000000 1.51903172100592809279 0.00000000000000000000
0.1200000000 1.43186108357579744421 0.00000000000000000000
0.1300000000 1.35160136022261423427 0.00000000000000000000
0.1400000000 1.27777310484998385398 0.00000000000000000000
0.1500000000 1.20987992339783323459 0.00000000000000000000
0.1600000000 1.14742519281743016180 0.00000000000000000000
0.1700000000 1.08992526712491977214 0.00000000000000000000
0.1800000000 1.03691918075173195035 0.00000000000000000000
0.1900000000 0.98797516111695993235 0.00000000000000000000
0.2000000000 0.94269443210005643419 0.00000000000000000000
0.2100000000 0.90071285269750200886 0.00000000000000000000
0.2200000000 0.86170092253784069669 0.00000000000000000000
0.2300000000 0.82536262829702822241 0.00000000000000000000
0.2400000000 0.79143352641143782655 0.00000000000000000000
0.2500000000 0.75967837451254149883 0.00000000000000000000
0.2600000000 0.72988854681385484380 0.00000000000000000000
0.2700000000 0.70187940233789092304 0.00000000000000000000
0.2800000000 0.67548772103305421144 0.00000000000000000000
0.2900000000 0.65056928109817946382 0.00000000000000000000
0.3000000000 0.62699661975142084724 0.00000000000000000000
0.3100000000 0.60465699739897860177 0.00000000000000000000
0.3200000000 0.58345056981774612304 0.00000000000000000000
0.3300000000 0.56328876289666263144 0.00000000000000000000
0.3400000000 0.54409283828881227496 0.00000000000000000000
0.3500000000 0.52579263489740335480 0.00000000000000000000
0.3600000000 0.50832546959810454013 0.00000000000000000000
0.3700000000 0.49163518034965009162 0.00000000000000000000
0.3800000000 0.47567129540030894663 0.00000000000000000000
0.3900000000 0.46038831333122343104 0.00000000000000000000
0.4000000000 0.44574507996177153979 0.00000000000000000000
0.4100000000 0.43170424952502733928 0.00000000000000000000
0.4200000000 0.41823181890456029297 0.00000000000000000000
0.4300000000 0.40529672504694469470 0.00000000000000000000
0.4400000000 0.39287049689300757027 0.00000000000000000000
0.4500000000 0.38092695428836514937 0.00000000000000000000
0.4600000000 0.36944194733502444539 0.00000000000000000000
0.4700000000 0.35839313053267829456 0.00000000000000000000
0.4800000000 0.34775976683731907313 0.00000000000000000000
0.4900000000 0.33752255744438397489 0.00000000000000000000
0.5000000000 0.32766349369369734967 0.00000000000000000000
0.5100000000 0.31816572800357445505 0.00000000000000000000
0.5200000000 0.30901346118129352503 0.00000000000000000000
0.5300000000 0.30019184383536351435 0.00000000000000000000
0.5400000000 0.29168688993975450119 0.00000000000000000000
0.5500000000 0.28348540087870915949 0.00000000000000000000
0.5600000000 0.27557489853925981604 0.00000000000000000000
0.5700000000 0.26794356622276888080 0.00000000000000000000
0.5800000000 0.26058019632153389677 0.00000000000000000000
0.5900000000 0.25347414385594041475 0.00000000000000000000
0.6000000000 0.24661528509559943467 0.00000000000000000000
0.6100000000 0.23999398059722815146 0.00000000000000000000
0.6200000000 0.23360104208573514994 0.00000000000000000000
0.6300000000 0.22742770268501241726 0.00000000000000000000
0.6400000000 0.22146559007367297434 0.00000000000000000000
0.6500000000 0.21570670219962848058 0.00000000000000000000
0.6600000000 0.21014338523784531487 0.00000000000000000000
0.6700000000 0.20476831351878521659 0.00000000000000000000
0.6800000000 0.19957447119206409014 0.00000000000000000000
0.6900000000 0.19455513542168348384 0.00000000000000000000
0.7000000000 0.18970386093649263537 0.00000000000000000000
0.7100000000 0.18501446578299471368 0.00000000000000000000
0.7200000000 0.18048101814777617324 0.00000000000000000000
0.7300000000 0.17609782413425451031 0.00000000000000000000
0.7400000000 0.17185941639330928887 0.00000000000000000000
0.7500000000 0.16776054352028355043 0.00000000000000000000
0.7600000000 0.16379616014195422236 0.00000000000000000000
0.7700000000 0.15996141762661697516 0.00000000000000000000
0.7800000000 0.15625165535870833011 0.00000000000000000000
0.7900000000 0.15266239252656230163 0.00000000000000000000
0.8000000000 0.14918932037805124335 0.00000000000000000000
0.8100000000 0.14582829490422064000 0.00000000000000000000
0.8200000000 0.14257532991566249092 0.00000000000000000000
0.8300000000 0.13942659048041602943 0.00000000000000000000
0.8400000000 0.13637838669561508365 0.00000000000000000000
0.8500000000 0.13342716776824090075 0.00000000000000000000
0.8600000000 0.13056951638283184614 0.00000000000000000000
0.8700000000 0.12780214333650671832 0.00000000000000000000
0.8800000000 0.12512188242338301292 0.00000000000000000000
0.8900000000 0.12252568555257704885 0.00000000000000000000
0.9000000000 0.12001061808520928353 0.00000000000000000000
0.9100000000 0.11757385437730488720 0.00000000000000000000
0.9200000000 0.11521267351669317591 0.00000000000000000000
0.9300000000 0.11292445524305277926 0.00000000000000000000
0.9400000000 0.11070667604102371606 0.00000000000000000000
0.9500000000 0.10855690539732867905 0.00000000000000000000
0.9600000000 0.10647280221341298700 0.00000000000000000000
0.9700000000 0.10445211136595876356 0.00000000000000000000
0.9800000000 0.10249266040763872765 0.00000000000000000000
0.9900000000 0.10059235640195095252 0.00000000000000000000
1.0000000000 0.09874918288412466716 0.00000000000000000000
1.0100000000 0.09696119694844665404 0.00000000000000000000
1.0200000000 0.09522652644624821083 0.00000000000000000000
1.0300000000 0.09354336729471926515 0.00000000000000000000
1.0400000000 0.09190998089794917558 0.00000000000000000000
1.0500000000 0.09032469166441993436 0.00000000000000000000
1.0600000000 0.08878588462322144215 0.00000000000000000000
1.0700000000 0.08729200313367325992 0.00000000000000000000
1.0800000000 0.08584154668411744793 0.00000000000000000000
1.0900000000 0.08443306877632060503 0.00000000000000000000
1.1000000000 0.08306517489214514105 0.00000000000000000000
1.1100000000 0.08173652053894914227 0.00000000000000000000
1.1200000000 0.08044580937062062453 0.00000000000000000000
1.1300000000 0.07919179138126836159 0.00000000000000000000
1.1400000000 0.07797326116855918254 0.00000000000000000000
1.1500000000 0.07678905626404616824 0.00000000000000000000
1.1600000000 0.07563805552772528973 0.00000000000000000000
1.1700000000 0.07451917760441849337 0.00000000000000000000
1.1800000000 0.07343137943941040191 0.00000000000000000000
1.1900000000 0.07237365485113966823 0.00000000000000000000
1.2000000000 0.07134503315863457984 0.00000000000000000000
1.2100000000 0.07034457786158171411 0.00000000000000000000
1.2200000000 0.06937138537097428670 0.00000000000000000000
1.2300000000 0.06842458378837242006 0.00000000000000000000
1.2400000000 0.06750333173186882918 0.00000000000000000000
1.2500000000 0.06660681720697687880 0.00000000000000000000
1.2600000000 0.06573425652064969482 0.00000000000000000000
1.2700000000 0.06488489323680299292 0.00000000000000000000
1.2800000000 0.06405799717170598817 0.00000000000000000000
1.2900000000 0.06325286342769292913 0.00000000000000000000
1.3000000000 0.06246881146372392640 0.00000000000000000000
1.3100000000 0.06170518420135780169 0.00000000000000000000
1.3200000000 0.06096134716476861448 0.00000000000000000000
1.3300000000 0.06023668765347491016 0.00000000000000000000
1.3400000000 0.05953061394654711458 0.00000000000000000000
1.3500000000 0.05884255453702671307 0.00000000000000000000
1.3600000000 0.05817195739542876248 0.00000000000000000000
1.3700000000 0.05751828926118095209 0.00000000000000000000
1.3800000000 0.05688103496092201256 0.00000000000000000000
1.3900000000 0.05625969675261840997 0.00000000000000000000
1.4000000000 0.05565379369450175473 0.00000000000000000000
1.4100000000 0.05506286103786798419 0.00000000000000000000
1.4200000000 0.05448644964280561359 0.00000000000000000000
1.4300000000 0.05392412541598279319 0.00000000000000000000
1.4400000000 0.05337546876961821868 0.00000000000000000000
1.4500000000 0.05284007410083848416 0.00000000000000000000
1.4600000000 0.05231754929061406545 0.00000000000000000000
1.4700000000 0.05180751522153019539 0.00000000000000000000
1.4800000000 0.05130960531366142441 0.00000000000000000000
1.4900000000 0.05082346507784414602 0.00000000000000000000
1.5000000000 0.05034875168568762188 0.00000000000000000000
1.5100000000 0.04988513355566281254 0.00000000000000000000
1.5200000000 0.04943228995465800968 0.00000000000000000000
1.5300000000 0.04898991061440664818 0.00000000000000000000
1.5400000000 0.04855769536220333471 0.00000000000000000000
1.5500000000 0.04813535376536601934 0.00000000000000000000
1.5600000000 0.04772260478891535845 0.00000000000000000000
1.5700000000 0.04731917646595776988 0.00000000000000000000
1.5800000000 0.04692480558028330057 0.00000000000000000000
1.5900000000 0.04653923736071857026 0.00000000000000000000
1.6000000000 0.04616222518676857400 0.00000000000000000000
1.6100000000 0.04579353030512497286 0.00000000000000000000
1.6200000000 0.04543292155662264492 0.00000000000000000000
1.6300000000 0.04508017511323917509 0.00000000000000000000
1.6400000000 0.04473507422475781620 0.00000000000000000000
1.6500000000 0.04439740897472169850 0.00000000000000000000
1.6600000000 0.04406697604532549412 0.00000000000000000000
1.6700000000 0.04374357849090383665 0.00000000000000000000
1.6800000000 0.04342702551968609381 0.00000000000000000000
1.6900000000 0.04311713228350395194 0.00000000000000000000
1.7000000000 0.04281371967515219812 0.00000000000000000000
1.7100000000 0.04251661413310555554 0.00000000000000000000
1.7200000000 0.04222564745331651437 0.00000000000000000000
1.7300000000 0.04194065660782640703 0.00000000000000000000
1.7400000000 0.04166148356992667445 0.00000000000000000000
1.7500000000 0.04138797514562823215 0.00000000000000000000
1.7600000000 0.04111998281119642884 0.00000000000000000000
1.7700000000 0.04085736255652318294 0.00000000000000000000
1.7800000000 0.04059997473411819380 0.00000000000000000000
1.7900000000 0.04034768391350771616 0.00000000000000000000
1.8000000000 0.04010035874083247437 0.00000000000000000000
1.8100000000 0.03985787180345783803 0.00000000000000000000
1.8200000000 0.03962009949939904185 0.00000000000000000000
1.8300000000 0.03938692191139007287 0.00000000000000000000
1.8400000000 0.03915822268541471751 0.00000000000000000000
1.8500000000 0.03893388891354062492 0.00000000000000000000
1.8600000000 0.03871381102088702897 0.00000000000000000000
1.8700000000 0.03849788265658207059 0.00000000000000000000
1.8800000000 0.03828600058855327615 0.00000000000000000000
1.8900000000 0.03807806460201355186 0.00000000000000000000
1.9000000000 0.03787397740150412473 0.00000000000000000000
1.9100000000 0.03767364451636240341 0.00000000000000000000
1.9200000000 0.03747697420948958857 0.00000000000000000000
1.9300000000 0.03728387738929517942 0.00000000000000000000
1.9400000000 0.03709426752470056099 0.00000000000000000000
1.9500000000 0.03690806056309337002 0.00000000000000000000
1.9600000000 0.03672517485111755770 0.00000000000000000000
1.9700000000 0.03654553105820098485 0.00000000000000000000
1.9800000000 0.03636905210271813155 0.00000000000000000000
1.9900000000 0.03619566308069147031 0.00000000000000000000
2.0000000000 0.03602529119693984039 0.00000000000000000000
2.0100000000 0.03585786569858354089 0.00000000000000000000
2.0200000000 0.03569331781082123872 0.00000000000000000000
2.0300000000 0.03553158067489716604 0.00000000000000000000
2.0400000000 0.03537258928817669373 0.00000000000000000000
2.0500000000 0.03521628044625720044 0.00000000000000000000
2.0600000000 0.03506259268703926929 0.00000000000000000000
2.0700000000 0.03491146623668592991 0.00000000000000000000
2.0800000000 0.03476284295740628139 0.00000000000000000000
2.0900000000 0.03461666629699319819 0.00000000000000000000
2.1000000000 0.03447288124005647852 0.00000000000000000000
2.1100000000 0.03433143426088727107 0.00000000000000000000
2.1200000000 0.03419227327789985810 0.00000000000000000000
2.1300000000 0.03405534760958709578 0.00000000000000000000
2.1400000000 0.03392060793194730250 0.00000000000000000000
2.1500000000 0.03378800623731832015 0.00000000000000000000
2.1600000000 0.03365749579457528312 0.00000000000000000000
2.1700000000 0.03352903111064534092 0.00000000000000000000
2.1800000000 0.03340256789328761161 0.00000000000000000000
2.1900000000 0.03327806301509778075 0.00000000000000000000
2.2000000000 0.03315547447869317266 0.00000000000000000000
2.2100000000 0.03303476138303620274 0.00000000000000000000
2.2200000000 0.03291588389085789434 0.00000000000000000000
2.2300000000 0.03279880319714112424 0.00000000000000000000
2.2400000000 0.03268348149862771584 0.00000000000000000000
2.2500000000 0.03256988196431499089 0.00000000000000000000
2.2600000000 0.03245796870690415004 0.00000000000000000000
2.2700000000 0.03234770675517070065 0.00000000000000000000
2.2800000000 0.03223906202722293113 0.00000000000000000000
2.2900000000 0.03213200130461985049 0.00000000000000000000
2.3000000000 0.03202649220731595969 0.00000000000000000000
2.3100000000 0.03192250316940783983 0.00000000000000000000
2.3200000000 0.03182000341565166535 0.00000000000000000000
2.3300000000 0.03171896293872940309 0.00000000000000000000
2.3400000000 0.03161935247723302034 0.00000000000000000000
2.3500000000 0.03152114349434641943 0.00000000000000000000
2.3600000000 0.03142430815719950143 0.00000000000000000000
2.3700000000 0.03132881931687195309 0.00000000000000000000
2.3800000000 0.03123465048902457700 0.00000000000000000000
2.3900000000 0.03114177583513663694 0.00000000000000000000
2.4000000000 0.03105017014432950515 0.00000000000000000000
2.4100000000 0.03095980881575646423 0.00000000000000000000
2.4200000000 0.03087066784153991161 0.00000000000000000000
2.4300000000 0.03078272379023641939 0.00000000000000000000
2.4400000000 0.03069595379081410322 0.00000000000000000000
2.4500000000 0.03061033551712360329 0.00000000000000000000
2.4600000000 0.03052584717284600319 0.00000000000000000000
2.4700000000 0.03044246747690397895 0.00000000000000000000
2.4800000000 0.03036017564931750221 0.00000000000000000000
2.4900000000 0.03027895139749260667 0.00000000000000000000
2.5000000000 0.03019877490292702943 0.00000000000000000000
2.5100000000 0.03011962680831918246 0.00000000000000000000
2.5200000000 0.03004148820506821402 0.00000000000000000000
2.5300000000 0.02996434062115059180 0.00000000000000000000
2.5400000000 0.02988816600936286191 0.00000000000000000000
2.5500000000 0.02981294673591675104 0.00000000000000000000
2.5600000000 0.02973866556937703257 0.00000000000000000000
2.5700000000 0.02966530566992917756 0.00000000000000000000
2.5800000000 0.02959285057896680546 0.00000000000000000000
2.5900000000 0.02952128420898933805 0.00000000000000000000
2.6000000000 0.02945059083379890363 0.00000000000000000000
2.6100000000 0.02938075507898688099 0.00000000000000000000
2.6200000000 0.02931176191270158313 0.00000000000000000000
2.6300000000 0.02924359663668613801 0.00000000000000000000
2.6400000000 0.02917624487758142815 0.00000000000000000000
2.6500000000 0.02910969257848134220 0.00000000000000000000
2.6600000000 0.02904392599073560288 0.00000000000000000000
2.6700000000 0.02897893166599063361 0.00000000000000000000
2.6800000000 0.02891469644846161521 0.00000000000000000000
2.6900000000 0.02885120746742804790 0.00000000000000000000
2.7000000000 0.02878845212994581709 0.00000000000000000000
2.7100000000 0.02872641811376950433 0.00000000000000000000
2.7200000000 0.02866509336047675521 0.00000000000000000000
2.7300000000 0.02860446606879071818 0.00000000000000000000
2.7400000000 0.02854452468809235213 0.00000000000000000000
2.7500000000 0.02848525791211736768 0.00000000000000000000
2.7600000000 0.02842665467283272615 0.00000000000000000000
2.7700000000 0.02836870413448537576 0.00000000000000000000
2.7800000000 0.02831139568782056748 0.00000000000000000000
2.7900000000 0.02825471894446140650 0.00000000000000000000
2.8000000000 0.02819866373144681512 0.00000000000000000000
2.8100000000 0.02814322008592292854 0.00000000000000000000
2.8200000000 0.02808837824998169572 0.00000000000000000000
2.8300000000 0.02803412866564406261 0.00000000000000000000
2.8400000000 0.02798046196998139196 0.00000000000000000000
2.8500000000 0.02792736899037343012 0.00000000000000000000
2.8600000000 0.02787484073989572944 0.00000000000000000000
2.8700000000 0.02782286841283473922 0.00000000000000000000
2.8800000000 0.02777144338032572560 0.00000000000000000000
2.8900000000 0.02772055718611073430 0.00000000000000000000
2.9000000000 0.02767020154241125671 0.00000000000000000000
2.9100000000 0.02762036832591433649 0.00000000000000000000
2.9200000000 0.02757104957386678420 0.00000000000000000000
2.9300000000 0.02752223748027519262 0.00000000000000000000
2.9400000000 0.02747392439220934859 0.00000000000000000000
2.9500000000 0.02742610280620356653 0.00000000000000000000
2.9600000000 0.02737876536475623498 0.00000000000000000000
2.9700000000 0.02733190485292162977 0.00000000000000000000
2.9800000000 0.02728551419499340366 0.00000000000000000000
2.9900000000 0.02723958645127642214 0.00000000000000000000
3.0000000000 0.02719411481494326752 0.00000000000000000000
3.0100000000 0.02714909260897510265 0.00000000000000000000
3.0200000000 0.02710451328318217584 0.00000000000000000000
3.0300000000 0.02706037041130329376 0.00000000000000000000
3.0400000000 0.02701665768818081043 0.00000000000000000000
3.0500000000 0.02697336892701033065 0.00000000000000000000
3.0600000000 0.02693049805666092311 0.00000000000000000000
3.0700000000 0.02688803911906577707 0.00000000000000000000
3.0800000000 0.02684598626668019752 0.00000000000000000000
3.0900000000 0.02680433376000581139 0.00000000000000000000
3.1000000000 0.02676307596517707443 0.00000000000000000000
3.1100000000 0.02672220735161152938 0.00000000000000000000
3.1200000000 0.02668172248971958233 0.00000000000000000000
3.1300000000 0.02664161604867154240 0.00000000000000000000
3.1400000000 0.02660188279422382590 0.00000000000000000000
3.1500000000 0.02656251758659856563 0.00000000000000000000
3.1600000000 0.02652351537841709031 0.00000000000000000000
3.1700000000 0.02648487121268652128 0.00000000000000000000
3.1800000000 0.02644658022083577406 0.00000000000000000000
3.1900000000 0.02640863762080163102 0.00000000000000000000
3.2000000000 0.02637103871516266462 0.00000000000000000000
3.2100000000 0.02633377888931910313 0.00000000000000000000
3.2200000000 0.02629685360971854152 0.00000000000000000000
3.2300000000 0.02626025842212527384 0.00000000000000000000
3.2400000000 0.02622398894993271598 0.00000000000000000000
3.2500000000 0.02618804089251691378 0.00000000000000000000
3.2600000000 0.02615241002363099046 0.00000000000000000000
3.2700000000 0.02611709218983882669 0.00000000000000000000
3.2800000000 0.02608208330898668589 0.00000000000000000000
3.2900000000 0.02604737936871209802 0.00000000000000000000
3.3000000000 0.02601297642498961310 0.00000000000000000000
3.3100000000 0.02597887060071043044 0.00000000000000000000
3.3200000000 0.02594505808429790547 0.00000000000000000000
3.3300000000 0.02591153512835490599 0.00000000000000000000
3.3400000000 0.02587829804834435032 0.00000000000000000000
3.3500000000 0.02584534322130149081 0.00000000000000000000
3.3600000000 0.02581266708457631565 0.00000000000000000000
3.3700000000 0.02578026613460581568 0.00000000000000000000
3.3800000000 0.02574813692571641111 0.00000000000000000000
3.3900000000 0.02571627606895298193 0.00000000000000000000
3.4000000000 0.02568468023093689254 0.00000000000000000000
3.4100000000 0.02565334613275039449 0.00000000000000000000
3.4200000000 0.02562227054884657490 0.00000000000000000000
3.4300000000 0.02559145030598578355 0.00000000000000000000
3.4400000000 0.02556088228219572517 0.00000000000000000000
3.4500000000 0.02553056340575674682 0.00000000000000000000
3.4600000000 0.02550049065420965239 0.00000000000000000000
3.4700000000 0.02547066105338689768 0.00000000000000000000
3.4800000000 0.02544107167646601428 0.00000000000000000000
3.4900000000 0.02541171964304476255 0.00000000000000000000
3.5000000000 0.02538260211823699028 0.00000000000000000000
3.5100000000 0.02535371631178988741 0.00000000000000000000
3.5200000000 0.02532505947722025336 0.00000000000000000000
3.5300000000 0.02529662891097164690 0.00000000000000000000
3.5400000000 0.02526842195158902557 0.00000000000000000000
3.5500000000 0.02524043597891335172 0.00000000000000000000
3.5600000000 0.02521266841329306355 0.00000000000000000000
3.5700000000 0.02518511671481458991 0.00000000000000000000
3.5800000000 0.02515777838254855403 0.00000000000000000000
3.5900000000 0.02513065095381350131 0.00000000000000000000
3.6000000000 0.02510373200345627706 0.00000000000000000000
3.6100000000 0.02507701914314735062 0.00000000000000000000
3.6200000000 0.02505051002069250132 0.00000000000000000000
3.6300000000 0.02502420231935934686 0.00000000000000000000
3.6400000000 0.02499809375721854382 0.00000000000000000000
3.6500000000 0.02497218208649934837 0.00000000000000000000
3.6600000000 0.02494646509295947792 0.00000000000000000000
3.6700000000 0.02492094059526794511 0.00000000000000000000
3.6800000000 0.02489560644440270629 0.00000000000000000000
3.6900000000 0.02487046052305943306 0.00000000000000000000
3.7000000000 0.02484550074507441489 0.00000000000000000000
3.7100000000 0.02482072505485931682 0.00000000000000000000
3.7200000000 0.02479613142684779573 0.00000000000000000000
3.7300000000 0.02477171786495443312 0.00000000000000000000
3.7400000000 0.02474748240204479796 0.00000000000000000000
3.7500000000 0.02472342309941687188 0.00000000000000000000
3.7600000000 0.02469953804629323318 0.00000000000000000000
3.7700000000 0.02467582535932440202 0.00000000000000000000
3.7800000000 0.02465228318210197639 0.00000000000000000000
3.7900000000 0.02462890968468258238 0.00000000000000000000
3.8000000000 0.02460570306312111558 0.00000000000000000000
3.8100000000 0.02458266153901437004 0.00000000000000000000
3.8200000000 0.02455978335905372248 0.00000000000000000000
3.8300000000 0.02453706679458717357 0.00000000000000000000
3.8400000000 0.02451451014119011493 0.00000000000000000000
3.8500000000 0.02449211171824557109 0.00000000000000000000
3.8600000000 0.02446986986853260868 0.00000000000000000000
3.8700000000 0.02444778295782294372 0.00000000000000000000
3.8800000000 0.02442584937448651766 0.00000000000000000000
3.8900000000 0.02440406752910426191 0.00000000000000000000
3.9000000000 0.02438243585408907468 0.00000000000000000000
3.9100000000 0.02436095280331466301 0.00000000000000000000
3.9200000000 0.02433961685175143122 0.00000000000000000000
3.9300000000 0.02431842649511018264 0.00000000000000000000
3.9400000000 0.02429738024949199340 0.00000000000000000000
3.9500000000 0.02427647665104660027 0.00000000000000000000
3.9600000000 0.02425571425563607594 0.00000000000000000000
3.9700000000 0.02423509163850597059 0.00000000000000000000
3.9800000000 0.02421460739396299675 0.00000000000000000000
3.9900000000 0.02419426013505879616 0.00000000000000000000
4.0000000000 0.02417404849327971228 0.00000000000000000000
4.0100000000 0.02415397111824329340 0.00000000000000000000
4.0200000000 0.02413402667740034702 0.00000000000000000000
4.0300000000 0.02411421385574260418 0.00000000000000000000
4.0400000000 0.02409453135551649014 0.00000000000000000000
4.0500000000 0.02407497789594213386 0.00000000000000000000
4.0600000000 0.02405555221293788001 0.00000000000000000000
4.0700000000 0.02403625305885042154 0.00000000000000000000
4.0800000000 0.02401707920218928288 0.00000000000000000000
4.0900000000 0.02399802942736749961 0.00000000000000000000
4.1000000000 0.02397910253444631573 0.00000000000000000000
4.1100000000 0.02396029733888538002 0.00000000000000000000
4.1200000000 0.02394161267129703979 0.00000000000000000000
4.1300000000 0.02392304737720611987 0.00000000000000000000
4.1400000000 0.02390460031681349712 0.00000000000000000000
4.1500000000 0.02388627036476438995 0.00000000000000000000
4.1600000000 0.02386805640992111649 0.00000000000000000000
4.1700000000 0.02384995735513995366 0.00000000000000000000
4.1800000000 0.02383197211705225665 0.00000000000000000000
4.1900000000 0.02381409962584949205 0.00000000000000000000
4.2000000000 0.02379633882507243073 0.00000000000000000000
4.2100000000 0.02377868867140416412 0.00000000000000000000
4.2200000000 0.02376114813446697852 0.00000000000000000000
4.2300000000 0.02374371619662280983 0.00000000000000000000
4.2400000000 0.02372639185277760146 0.00000000000000000000
4.2500000000 0.02370917411018924267 0.00000000000000000000
4.2600000000 0.02369206198827845944 0.00000000000000000000
4.2700000000 0.02367505451844408373 0.00000000000000000000
4.2800000000 0.02365815074388064043 0.00000000000000000000
4.2900000000 0.02364134971940037161 0.00000000000000000000
4.3000000000 0.02362465051125721416 0.00000000000000000000
4.3100000000 0.02360805219697485746 0.00000000000000000000
4.3200000000 0.02359155386517781602 0.00000000000000000000
4.3300000000 0.02357515461542490642 0.00000000000000000000
4.3400000000 0.02355885355804632902 0.00000000000000000000
4.3500000000 0.02354264981398342116 0.00000000000000000000
4.3600000000 0.02352654251463103321 0.00000000000000000000
4.3700000000 0.02351053080168315559 0.00000000000000000000
4.3800000000 0.02349461382698090836 0.00000000000000000000
4.3900000000 0.02347879075236317115 0.00000000000000000000
4.4000000000 0.02346306074952026963 0.00000000000000000000
4.4100000000 0.02344742299984952510 0.00000000000000000000
4.4200000000 0.02343187669431402373 0.00000000000000000000
4.4300000000 0.02341642103330336330 0.00000000000000000000
4.4400000000 0.02340105522649714789 0.00000000000000000000
4.4500000000 0.02338577849273036982 0.00000000000000000000
4.4600000000 0.02337059005986184823 0.00000000000000000000
4.4700000000 0.02335548916464404851 0.00000000000000000000
4.4800000000 0.02334047505259588887 0.00000000000000000000
4.4900000000 0.02332554697787731293 0.00000000000000000000
4.5000000000 0.02331070420316607578 0.00000000000000000000
4.5100000000 0.02329594599953678166 0.00000000000000000000
4.5200000000 0.02328127164634167731 0.00000000000000000000
4.5300000000 0.02326668043109373502 0.00000000000000000000
4.5400000000 0.02325217164935163006 0.00000000000000000000
4.5500000000 0.02323774460460648061 0.00000000000000000000
4.5600000000 0.02322339860817086710 0.00000000000000000000
4.5700000000 0.02320913297906925313 0.00000000000000000000
4.5800000000 0.02319494704393051943 0.00000000000000000000
4.5900000000 0.02318084013688243364 0.00000000000000000000
4.6000000000 0.02316681159944728591 0.00000000000000000000
4.6100000000 0.02315286078043995999 0.00000000000000000000
4.6200000000 0.02313898703586726377 0.00000000000000000000
4.6300000000 0.02312518972882871351 0.00000000000000000000
4.6400000000 0.02311146822941991669 0.00000000000000000000
4.6500000000 0.02309782191463607623 0.00000000000000000000
4.6600000000 0.02308425016827855142 0.00000000000000000000
4.6700000000 0.02307075238086176913 0.00000000000000000000
4.6800000000 0.02305732794952228965 0.00000000000000000000
4.6900000000 0.02304397627792929490 0.00000000000000000000
4.7000000000 0.02303069677619639516 0.00000000000000000000
4.7100000000 0.02301748886079456671 0.00000000000000000000
4.7200000000 0.02300435195446721981 0.00000000000000000000
4.7300000000 0.02299128548614603681 0.00000000000000000000
4.7400000000 0.02297828889086822243 0.00000000000000000000
4.7500000000 0.02296536160969531865 0.00000000000000000000
4.7600000000 0.02295250308963318539 0.00000000000000000000
4.7700000000 0.02293971278355312268 0.00000000000000000000
4.7800000000 0.02292699015011449501 0.00000000000000000000
4.7900000000 0.02291433465368837227 0.00000000000000000000
4.8000000000 0.02290174576428231912 0.00000000000000000000
4.8100000000 0.02288922295746682184 0.00000000000000000000
4.8200000000 0.02287676571430219755 0.00000000000000000000
4.8300000000 0.02286437352126715478 0.00000000000000000000
4.8400000000 0.02285204587018827699 0.00000000000000000000
4.8500000000 0.02283978225817063362 0.00000000000000000000
4.8600000000 0.02282758218752933832 0.00000000000000000000
4.8700000000 0.02281544516572248105 0.00000000000000000000
4.8800000000 0.02280337070528478186 0.00000000000000000000
4.8900000000 0.02279135832376235835 0.00000000000000000000
4.9000000000 0.02277940754364863804 0.00000000000000000000
4.9100000000 0.02276751789232101669 0.00000000000000000000
4.9200000000 0.02275568890197858518 0.00000000000000000000
4.9300000000 0.02274392010958094928 0.00000000000000000000
4.9400000000 0.02273221105678787171 0.00000000000000000000
4.9500000000 0.02272056128989962537 0.00000000000000000000
4.9600000000 0.02270897035979849501 0.00000000000000000000
4.9700000000 0.02269743782189124343 0.00000000000000000000
4.9800000000 0.02268596323605218470 0.00000000000000000000
4.9900000000 0.02267454616656720129 0.00000000000000000000
5.0000000000 0.02266318618207864913 0.00000000000000000000
