0.1000000000 1.51573149478637869692 0.00000000000000000000
0.1100000000 1.43293317189751379104 0.00000000000000000000
0.1200000000 1.35647894232822441296 0.00000000000000000000
0.1300000000 1.28588795240867992398 0.00000000000000000000
0.1400000000 1.22068590512344998800 0.00000000000000000000
0.1500000000 1.16041464970811936119 0.00000000000000000000
0.1600000000 1.10463907902838753827 0.00000000000000000000
0.1700000000 1.05295165364693144028 0.00000000000000000000
0.1800000000 1.00497494878061632839 0.00000000000000000000
0.1900000000 0.96036263564554136263 0.00000000000000000000
0.2000000000 0.91879928301051327910 0.00000000000000000000
0.2100000000 0.87999931621721316777 0.00000000000000000000
0.2200000000 0.84370541308291557847 0.00000000000000000000
0.2300000000 0.80968655807093770083 0.00000000000000000000
0.2400000000 0.77773592321247009274 0.00000000000000000000
0.2500000000 0.74766869902339960774 0.00000000000000000000
0.2600000000 0.71931996176526535880 0.00000000000000000000
0.2700000000 0.69254263443933294919 0.00000000000000000000
0.2800000000 0.66720557691096948894 0.00000000000000000000
0.2900000000 0.64319182437045563372 0.00000000000000000000
0.3000000000 0.62039698178612834312 0.00000000000000000000
0.3100000000 0.59872777405257160410 0.00000000000000000000
0.3200000000 0.57810074629739216512 0.00000000000000000000
0.3300000000 0.55844110556899995146 0.00000000000000000000
0.3400000000 0.53968169332271309635 0.00000000000000000000
0.3500000000 0.52176207732332569034 0.00000000000000000000
0.3600000000 0.50462775146679528238 0.00000000000000000000
0.3700000000 0.48822943235552174190 0.00000000000000000000
0.3800000000 0.47252244207015947630 0.00000000000000000000
0.3900000000 0.45746616734550099581 0.00000000000000000000
0.4000000000 0.44302358619529164097 0.00000000000000000000
0.4100000000 0.42916085388468527828 0.00000000000000000000
0.4200000000 0.41584694098272195761 0.00000000000000000000
0.4300000000 0.40305331701819924195 0.00000000000000000000
0.4400000000 0.39075367399761357090 0.00000000000000000000
0.4500000000 0.37892368471730863977 0.00000000000000000000
0.4600000000 0.36754079141190582058 0.00000000000000000000
0.4700000000 0.35658402082869211647 0.00000000000000000000
0.4800000000 0.34603382230591939184 0.00000000000000000000
0.4900000000 0.33587192586606107181 0.00000000000000000000
0.5000000000 0.32608121771741543915 0.00000000000000000000
0.5100000000 0.31664563089392905315 0.00000000000000000000
0.5200000000 0.30755004905825455985 0.00000000000000000000
0.5300000000 0.29878022175137575189 0.00000000000000000000
0.5400000000 0.29032268959776819095 0.00000000000000000000
0.5500000000 0.28216471817180427406 0.00000000000000000000
0.5600000000 0.27429423940241770552 0.00000000000000000000
0.5700000000 0.26669979954205469408 0.00000000000000000000
0.5800000000 0.25937051285539247658 0.00000000000000000000
0.5900000000 0.25229602029570891153 0.00000000000000000000
0.6000000000 0.24546645253428642230 0.00000000000000000000
0.6100000000 0.23887239679279465010 0.00000000000000000000
0.6200000000 0.23250486700181430266 0.00000000000000000000
0.6300000000 0.22635527687220527437 0.00000000000000000000
0.6400000000 0.22041541552088034228 0.00000000000000000000
0.6500000000 0.21467742534021047596 0.00000000000000000000
0.6600000000 0.20913378184139758131 0.00000000000000000000
0.6700000000 0.20377727523780875263 0.00000000000000000000
0.6800000000 0.19860099356508575941 0.00000000000000000000
0.6900000000 0.19359830716151738006 0.00000000000000000000
0.7000000000 0.18876285435520953615 0.00000000000000000000
0.7100000000 0.18408852822459215171 0.00000000000000000000
0.7200000000 0.17956946431601764069 0.00000000000000000000
0.7300000000 0.17520002921716604227 0.00000000000000000000
0.7400000000 0.17097480989791555284 0.00000000000000000000
0.7500000000 0.16688860374147682086 0.00000000000000000000
0.7600000000 0.16293640919831811620 0.00000000000000000000
0.7700000000 0.15911341700373590746 0.00000000000000000000
0.7800000000 0.15541500190727280950 0.00000000000000000000
0.7900000000 0.15183671486833461017 0.00000000000000000000
0.8000000000 0.14837427567796465655 0.00000000000000000000
0.8100000000 0.14502356597132581850 0.00000000000000000000
0.8200000000 0.14178062259964024916 0.00000000000000000000
0.8300000000 0.13864163133379509008 0.00000000000000000000
0.8400000000 0.13560292087502681668 0.00000000000000000000
0.8500000000 0.13266095715069428640 0.00000000000000000000
0.8600000000 0.12981233787548376868 0.00000000000000000000
0.8700000000 0.12705378736056749389 0.00000000000000000000
0.8800000000 0.12438215155477620744 0.00000000000000000000
0.8900000000 0.12179439330360451732 0.00000000000000000000
0.9000000000 0.11928758781315322579 0.00000000000000000000
0.9100000000 0.11685891830721517604 0.00000000000000000000
0.9200000000 0.11450567186697130362 0.00000000000000000000
0.9300000000 0.11222523544333055934 0.00000000000000000000
0.9400000000 0.11001509203319026486 0.00000000000000000000
0.9500000000 0.10787281701116369081 0.00000000000000000000
0.9600000000 0.10579607460934242757 0.00000000000000000000
0.9700000000 0.10378261453794575264 0.00000000000000000000
0.9800000000 0.10183026874027177600 0.00000000000000000000
0.9900000000 0.09993694827608939901 0.00000000000000000000
1.0000000000 0.09810064032548164448 0.00000000000000000000
1.0100000000 0.09631940531601640432 0.00000000000000000000
1.0200000000 0.09459137415506735369 0.00000000000000000000
1.0300000000 0.09291474556972818821 0.00000000000000000000
1.0400000000 0.09128778355608788142 0.00000000000000000000
1.0500000000 0.08970881492144683333 0.00000000000000000000
1.0600000000 0.08817622692294938003 0.00000000000000000000
1.0700000000 0.08668846499685924079 0.00000000000000000000
1.0800000000 0.08524403057510025750 0.00000000000000000000
1.0900000000 0.08384147898539086319 0.00000000000000000000
1.1000000000 0.08247941743181759489 0.00000000000000000000
1.1100000000 0.08115650305265907638 0.00000000000000000000
1.1200000000 0.07987144105240431835 0.00000000000000000000
1.1300000000 0.07862298290514083132 0.00000000000000000000
1.1400000000 0.07740992462648296768 0.00000000000000000000
1.1500000000 0.07623110511146109769 0.00000000000000000000
1.1600000000 0.07508540453574628903 0.00000000000000000000
1.1700000000 0.07397174281786023098 0.00000000000000000000
1.1800000000 0.07288907813995813834 0.00000000000000000000
1.1900000000 0.07183640552499215293 0.00000000000000000000
1.2000000000 0.07081275546803521281 0.00000000000000000000
1.2100000000 0.06981719261975453950 0.00000000000000000000
1.2200000000 0.06884881451999269597 0.00000000000000000000
1.2300000000 0.06790675037954585491 0.00000000000000000000
1.2400000000 0.06699015990832624112 0.00000000000000000000
1.2500000000 0.06609823218807921175 0.00000000000000000000
1.2600000000 0.06523018458799959007 0.00000000000000000000
1.2700000000 0.06438526172157553462 0.00000000000000000000
1.2800000000 0.06356273444309148979 0.00000000000000000000
1.2900000000 0.06276189888226901825 0.00000000000000000000
1.3000000000 0.06198207551558103379 0.00000000000000000000
1.3100000000 0.06122260827283804163 0.00000000000000000000
1.3200000000 0.06048286367768402477 0.00000000000000000000
1.3300000000 0.05976223002071746893 0.00000000000000000000
1.3400000000 0.05906011656396126241 0.00000000000000000000
1.3500000000 0.05837595277549839645 0.00000000000000000000
1.3600000000 0.05770918759310247198 0.00000000000000000000
1.3700000000 0.05705928871574819650 0.00000000000000000000
1.3800000000 0.05642574192193913762 0.00000000000000000000
1.3900000000 0.05580805041380438453 0.00000000000000000000
1.4000000000 0.05520573418599039606 0.00000000000000000000
1.4100000000 0.05461832941837609090 0.00000000000000000000
1.4200000000 0.05404538789171510482 0.00000000000000000000
1.4300000000 0.05348647642529410356 0.00000000000000000000
1.4400000000 0.05294117633578539206 0.00000000000000000000
1.4500000000 0.05240908291646124290 0.00000000000000000000
1.4600000000 0.05188980493599193444 0.00000000000000000000
1.4700000000 0.05138296415607095796 0.00000000000000000000
1.4800000000 0.05088819486713980211 0.00000000000000000000
1.4900000000 0.05040514344152540599 0.00000000000000000000
1.5000000000 0.04993346790329947216 0.00000000000000000000
1.5100000000 0.04947283751424141895 0.00000000000000000000
1.5200000000 0.04902293237525746916 0.00000000000000000000
1.5300000000 0.04858344304268980701 0.00000000000000000000
1.5400000000 0.04815407015891287612 0.00000000000000000000
1.5500000000 0.04773452409669383389 0.00000000000000000000
1.5600000000 0.04732452461676830979 0.00000000000000000000
1.5700000000 0.04692380053813732799 0.00000000000000000000
1.5800000000 0.04653208942058639080 0.00000000000000000000
1.5900000000 0.04614913725896516855 0.00000000000000000000
1.6000000000 0.04577469818876997443 0.00000000000000000000
1.6100000000 0.04540853420260260870 0.00000000000000000000
1.6200000000 0.04505041487708141834 0.00000000000000000000
1.6300000000 0.04470011710981172670 0.00000000000000000000
1.6400000000 0.04435742486602221868 0.00000000000000000000
1.6500000000 0.04402212893450905412 0.00000000000000000000
1.6600000000 0.04369402669251752636 0.00000000000000000000
1.6700000000 0.04337292187923354192 0.00000000000000000000
1.6800000000 0.04305862437755273581 0.00000000000000000000
1.6900000000 0.04275095000380234322 0.00000000000000000000
1.7000000000 0.04244972030512927930 0.00000000000000000000
1.7100000000 0.04215476236425051704 0.00000000000000000000
1.7200000000 0.04186590861129003971 0.00000000000000000000
1.7300000000 0.04158299664243676752 0.00000000000000000000
1.7400000000 0.04130586904515725494 0.00000000000000000000
1.7500000000 0.04103437322972519619 0.00000000000000000000
1.7600000000 0.04076836126681702283 0.00000000000000000000
1.7700000000 0.04050768973095565662 0.00000000000000000000
1.7800000000 0.04025221954957415582 0.00000000000000000000
1.7900000000 0.04000181585749206653 0.00000000000000000000
1.8000000000 0.03975634785659692971 0.00000000000000000000
1.8100000000 0.03951568868053896566 0.00000000000000000000
1.8200000000 0.03927971526424726273 0.00000000000000000000
1.8300000000 0.03904830821809176372 0.00000000000000000000
1.8400000000 0.03882135170650989620 0.00000000000000000000
1.8500000000 0.03859873333093941788 0.00000000000000000000
1.8600000000 0.03838034401688910496 0.00000000000000000000
1.8700000000 0.03816607790499728509 0.00000000000000000000
1.8800000000 0.03795583224593065269 0.00000000000000000000
1.8900000000 0.03774950729897635221 0.00000000000000000000
1.9000000000 0.03754700623419469918 0.00000000000000000000
1.9100000000 0.03734823503799777900 0.00000000000000000000
1.9200000000 0.03715310242202933544 0.00000000000000000000
1.9300000000 0.03696151973522096568 0.00000000000000000000
1.9400000000 0.03677340087891176751 0.00000000000000000000
1.9500000000 0.03658866222491515691 0.00000000000000000000
1.9600000000 0.03640722253642485889 0.00000000000000000000
1.9700000000 0.03622900289165847942 0.00000000000000000000
1.9800000000 0.03605392661013553240 0.00000000000000000000
1.9900000000 0.03588191918149529619 0.00000000000000000000
2.0000000000 0.03571290819675933259 0.00000000000000000000
2.0100000000 0.03554682328195478414 0.00000000000000000000
2.0200000000 0.03538359603400553083 0.00000000000000000000
2.0300000000 0.03522315995881466349 0.00000000000000000000
2.0400000000 0.03506545041145527758 0.00000000000000000000
2.0500000000 0.03491040453839625718 0.00000000000000000000
2.0600000000 0.03475796122168461899 0.00000000000000000000
2.0700000000 0.03460806102502232695 0.00000000000000000000
2.0800000000 0.03446064614165719048 0.00000000000000000000
2.0900000000 0.03431566034403574217 0.00000000000000000000
2.1000000000 0.03417304893514527819 0.00000000000000000000
2.1100000000 0.03403275870148891880 0.00000000000000000000
2.1200000000 0.03389473786763447238 0.00000000000000000000
2.1300000000 0.03375893605228053734 0.00000000000000000000
2.1400000000 0.03362530422578641209 0.00000000000000000000
2.1500000000 0.03349379466911367453 0.00000000000000000000
2.1600000000 0.03336436093412840920 0.00000000000000000000
2.1700000000 0.03323695780521816051 0.00000000000000000000
2.1800000000 0.03311154126217406846 0.00000000000000000000
2.1900000000 0.03298806844429649082 0.00000000000000000000
2.2000000000 0.03286649761567825984 0.00000000000000000000
2.2100000000 0.03274678813162829050 0.00000000000000000000
2.2200000000 0.03262890040618971615 0.00000000000000000000
2.2300000000 0.03251279588071975812 0.00000000000000000000
2.2400000000 0.03239843699349104905 0.00000000000000000000
2.2500000000 0.03228578715027997231 0.00000000000000000000
2.2600000000 0.03217481069590744092 0.00000000000000000000
2.2700000000 0.03206547288669890639 0.00000000000000000000
2.2800000000 0.03195773986383201870 0.00000000000000000000
2.2900000000 0.03185157862754061514 0.00000000000000000000
2.3000000000 0.03174695701214672733 0.00000000000000000000
2.3100000000 0.03164384366189133824 0.00000000000000000000
2.3200000000 0.03154220800753531478 0.00000000000000000000
2.3300000000 0.03144202024370630622 0.00000000000000000000
2.3400000000 0.03134325130696471312 0.00000000000000000000
2.3500000000 0.03124587285456469077 0.00000000000000000000
2.3600000000 0.03114985724388535590 0.00000000000000000000
2.3700000000 0.03105517751251136299 0.00000000000000000000
2.3800000000 0.03096180735893890382 0.00000000000000000000
2.3900000000 0.03086972112388733716 0.00000000000000000000
2.4000000000 0.03077889377219540645 0.00000000000000000000
2.4100000000 0.03068930087528201969 0.00000000000000000000
2.4200000000 0.03060091859415253052 0.00000000000000000000
2.4300000000 0.03051372366293406135 0.00000000000000000000
2.4400000000 0.03042769337291880913 0.00000000000000000000
2.4500000000 0.03034280555710175409 0.00000000000000000000
2.4600000000 0.03025903857519361001 0.00000000000000000000
2.4700000000 0.03017637129909456553 0.00000000000000000000
2.4800000000 0.03009478309881429697 0.00000000000000000000
2.4900000000 0.03001425382881995826 0.00000000000000000000
2.5000000000 0.02993476381480330434 0.00000000000000000000
2.5100000000 0.02985629384084802565 0.00000000000000000000
2.5200000000 0.02977882513698743364 0.00000000000000000000
2.5300000000 0.02970233936713824116 0.00000000000000000000
2.5400000000 0.02962681861739820122 0.00000000000000000000
2.5500000000 0.02955224538469650858 0.00000000000000000000
2.5600000000 0.02947860256578385685 0.00000000000000000000
2.5700000000 0.02940587344655321705 0.00000000000000000000
2.5800000000 0.02933404169167856679 0.00000000000000000000
2.5900000000 0.02926309133456250072 0.00000000000000000000
2.6000000000 0.02919300676758206439 0.00000000000000000000
2.6100000000 0.02912377273262430760 0.00000000000000000000
2.6200000000 0.02905537431190014994 0.00000000000000000000
2.6300000000 0.02898779691902982070 0.00000000000000000000
2.6400000000 0.02892102629038969044 0.00000000000000000000
2.6500000000 0.02885504847671328463 0.00000000000000000000
2.6600000000 0.02878984983493652200 0.00000000000000000000
2.6700000000 0.02872541702028166138 0.00000000000000000000
2.6800000000 0.02866173697857126237 0.00000000000000000000
2.6900000000 0.02859879693876411430 0.00000000000000000000
2.7000000000 0.02853658440570741930 0.00000000000000000000
2.7100000000 0.02847508715309838082 0.00000000000000000000
2.7200000000 0.02841429321664695404 0.00000000000000000000
2.7300000000 0.02835419088743561938 0.00000000000000000000
2.7400000000 0.02829476870546844547 0.00000000000000000000
2.7500000000 0.02823601545340443178 0.00000000000000000000
2.7600000000 0.02817792015046804641 0.00000000000000000000
2.7700000000 0.02812047204653421104 0.00000000000000000000
2.7800000000 0.02806366061637874040 0.00000000000000000000
2.7900000000 0.02800747555409159248 0.00000000000000000000
2.8000000000 0.02795190676764731930 0.00000000000000000000
2.8100000000 0.02789694437362769119 0.00000000000000000000
2.8200000000 0.02784257869209159214 0.00000000000000000000
2.8300000000 0.02778880024158797424 0.00000000000000000000
2.8400000000 0.02773559973430789888 0.00000000000000000000
2.8500000000 0.02768296807137034937 0.00000000000000000000
2.8600000000 0.02763089633823863009 0.00000000000000000000
2.8700000000 0.02757937580026354960 0.00000000000000000000
2.8800000000 0.02752839789834796852 0.00000000000000000000
2.8900000000 0.02747795424473165743 0.00000000000000000000
2.9000000000 0.02742803661888982072 0.00000000000000000000
2.9100000000 0.02737863696354504370 0.00000000000000000000
2.9200000000 0.02732974738078574120 0.00000000000000000000
2.9300000000 0.02728136012829153120 0.00000000000000000000
2.9400000000 0.02723346761565938884 0.00000000000000000000
2.9500000000 0.02718606240082959563 0.00000000000000000000
2.9600000000 0.02713913718660667176 0.00000000000000000000
2.9700000000 0.02709268481727502426 0.00000000000000000000
2.9800000000 0.02704669827530321521 0.00000000000000000000
2.9900000000 0.02700117067813769672 0.00000000000000000000
3.0000000000 0.02695609527508010389 0.00000000000000000000
3.0100000000 0.02691146544424873749 0.00000000000000000000
3.0200000000 0.02686727468961888285 0.00000000000000000000
3.0300000000 0.02682351663814195111 0.00000000000000000000
3.0400000000 0.02678018503694030994 0.00000000000000000000
3.0500000000 0.02673727375057434810 0.00000000000000000000
3.0600000000 0.02669477675838241928 0.00000000000000000000
3.0700000000 0.02665268815188879398 0.00000000000000000000
3.0800000000 0.02661100213227972702 0.00000000000000000000
3.0900000000 0.02656971300794374116 0.00000000000000000000
3.1000000000 0.02652881519207646310 0.00000000000000000000
3.1100000000 0.02648830320034649063 0.00000000000000000000
3.1200000000 0.02644817164862121525 0.00000000000000000000
3.1300000000 0.02640841525075000862 0.00000000000000000000
3.1400000000 0.02636902881640579982 0.00000000000000000000
3.1500000000 0.02633000724897946801 0.00000000000000000000
3.1600000000 0.02629134554352851802 0.00000000000000000000
3.1700000000 0.02625303878477760339 0.00000000000000000000
3.1800000000 0.02621508214516920371 0.00000000000000000000
3.1900000000 0.02617747088296353344 0.00000000000000000000
3.2000000000 0.02614020034038533682 0.00000000000000000000
3.2100000000 0.02610326594181782561 0.00000000000000000000
3.2200000000 0.02606666319204068230 0.00000000000000000000
3.2300000000 0.02603038767451281224 0.00000000000000000000
3.2400000000 0.02599443504969630933 0.00000000000000000000
3.2500000000 0.02595880105342277325 0.00000000000000000000
3.2600000000 0.02592348149529983756 0.00000000000000000000
3.2700000000 0.02588847225715533440 0.00000000000000000000
3.2800000000 0.02585376929152167699 0.00000000000000000000
3.2900000000 0.02581936862015513437 0.00000000000000000000
3.3000000000 0.02578526633259249287 0.00000000000000000000
3.3100000000 0.02575145858474198191 0.00000000000000000000
3.3200000000 0.02571794159750814129 0.00000000000000000000
3.3300000000 0.02568471165545063370 0.00000000000000000000
3.3400000000 0.02565176510547394900 0.00000000000000000000
3.3500000000 0.02561909835554981515 0.00000000000000000000
3.3600000000 0.02558670787346905423 0.00000000000000000000
3.3700000000 0.02555459018562346654 0.00000000000000000000
3.3800000000 0.02552274187581712178 0.00000000000000000000
3.3900000000 0.02549115958410481594 0.00000000000000000000
3.4000000000 0.02545984000565866545 0.00000000000000000000
3.4100000000 0.02542877988966073602 0.00000000000000000000
3.4200000000 0.02539797603822237237 0.00000000000000000000
3.4300000000 0.02536742530532802922 0.00000000000000000000
3.4400000000 0.02533712459580406140 0.00000000000000000000
3.4500000000 0.02530707086431132138 0.00000000000000000000
3.4600000000 0.02527726111436130046 0.00000000000000000000
3.4700000000 0.02524769239735479703 0.00000000000000000000
3.4800000000 0.02521836181164241464 0.00000000000000000000
3.4900000000 0.02518926650160743796 0.00000000000000000000
3.5000000000 0.02516040365676885243 0.00000000000000000000
3.5100000000 0.02513177051090495495 0.00000000000000000000
3.5200000000 0.02510336434119739280 0.00000000000000000000
3.5300000000 0.02507518246739401033 0.00000000000000000000
3.5400000000 0.02504722225099102403 0.00000000000000000000
3.5500000000 0.02501948109443337398 0.00000000000000000000
3.5600000000 0.02499195644033286659 0.00000000000000000000
3.5700000000 0.02496464577070450774 0.00000000000000000000
3.5800000000 0.02493754660621894451 0.00000000000000000000
3.5900000000 0.02491065650547246227 0.00000000000000000000
3.6000000000 0.02488397306427243480 0.00000000000000000000
3.6100000000 0.02485749391493883784 0.00000000000000000000
3.6200000000 0.02483121672562139254 0.00000000000000000000
3.6300000000 0.02480513919963152694 0.00000000000000000000
3.6400000000 0.02477925907478861420 0.00000000000000000000
3.6500000000 0.02475357412278138269 0.00000000000000000000
3.6600000000 0.02472808214854246844 0.00000000000000000000
3.6700000000 0.02470278098963647057 0.00000000000000000000
3.6800000000 0.02467766851566213435 0.00000000000000000000
3.6900000000 0.02465274262766651084 0.00000000000000000000
3.7000000000 0.02462800125757213382 0.00000000000000000000
3.7100000000 0.02460344236761659656 0.00000000000000000000
3.7200000000 0.02457906394980380674 0.00000000000000000000
3.7300000000 0.02455486402536708260 0.00000000000000000000
3.7400000000 0.02453084064424382663 0.00000000000000000000
3.7500000000 0.02450699188456114883 0.00000000000000000000
3.7600000000 0.02448331585213218281 0.00000000000000000000
3.7700000000 0.02445981067996360475 0.00000000000000000000
3.7800000000 0.02443647452777265514 0.00000000000000000000
3.7900000000 0.02441330558151513438 0.00000000000000000000
3.8000000000 0.02439030205292280415 0.00000000000000000000
3.8100000000 0.02436746217905029141 0.00000000000000000000
3.8200000000 0.02434478422183159602 0.00000000000000000000
3.8300000000 0.02432226646764608716 0.00000000000000000000
3.8400000000 0.02429990722689260793 0.00000000000000000000
3.8500000000 0.02427770483357334641 0.00000000000000000000
3.8600000000 0.02425565764488530479 0.00000000000000000000
3.8700000000 0.02423376404082102503 0.00000000000000000000
3.8800000000 0.02421202242377651012 0.00000000000000000000
3.8900000000 0.02419043121816791264 0.00000000000000000000
3.9000000000 0.02416898887005571733 0.00000000000000000000
3.9100000000 0.02414769384677629277 0.00000000000000000000
3.9200000000 0.02412654463658098561 0.00000000000000000000
3.9300000000 0.02410553974828277823 0.00000000000000000000
3.9400000000 0.02408467771090955570 0.00000000000000000000
3.9500000000 0.02406395707336453707 0.00000000000000000000
3.9600000000 0.02404337640409353466 0.00000000000000000000
3.9700000000 0.02402293429075863171 0.00000000000000000000
3.9800000000 0.02400262933991828204 0.00000000000000000000
3.9900000000 0.02398246017671413349 0.00000000000000000000
4.0000000000 0.02396242544456336082 0.00000000000000000000
4.0100000000 0.02394252380485755588 0.00000000000000000000
4.0200000000 0.02392275393666754360 0.00000000000000000000
4.0300000000 0.02390311453645331888 0.00000000000000000000
4.0400000000 0.02388360431778021112 0.00000000000000000000
4.0500000000 0.02386422201104066235 0.00000000000000000000
4.0600000000 0.02384496636318064397 0.00000000000000000000
4.0700000000 0.02382583613743210690 0.00000000000000000000
4.0800000000 0.02380683011305028893 0.00000000000000000000
4.0900000000 0.02378794708505569191 0.00000000000000000000
4.1000000000 0.02376918586398180447 0.00000000000000000000
4.1100000000 0.02375054527562684217 0.00000000000000000000
4.1200000000 0.02373202416081051855 0.00000000000000000000
4.1300000000 0.02371362137513551710 0.00000000000000000000
4.1400000000 0.02369533578875344590 0.00000000000000000000
4.1500000000 0.02367716628613492427 0.00000000000000000000
4.1600000000 0.02365911176584409303 0.00000000000000000000
4.1700000000 0.02364117114031796807 0.00000000000000000000
4.1800000000 0.02362334333564868744 0.00000000000000000000
4.1900000000 0.02360562729137092794 0.00000000000000000000
4.2000000000 0.02358802196025267320 0.00000000000000000000
4.2100000000 0.02357052630809005483 0.00000000000000000000
4.2200000000 0.02355313931350607945 0.00000000000000000000
4.2300000000 0.02353585996775251626 0.00000000000000000000
4.2400000000 0.02351868727451628810 0.00000000000000000000
4.2500000000 0.02350162024972856853 0.00000000000000000000
4.2600000000 0.02348465792137796604 0.00000000000000000000
4.2700000000 0.02346779932932670926 0.00000000000000000000
4.2800000000 0.02345104352513047857 0.00000000000000000000
4.2900000000 0.02343438957186114169 0.00000000000000000000
4.3000000000 0.02341783654393297595 0.00000000000000000000
4.3100000000 0.02340138352693199586 0.00000000000000000000
4.3200000000 0.02338502961744813938 0.00000000000000000000
4.3300000000 0.02336877392291075370 0.00000000000000000000
4.3400000000 0.02335261556142655126 0.00000000000000000000
4.3500000000 0.02333655366162107683 0.00000000000000000000
4.3600000000 0.02332058736248233954 0.00000000000000000000
4.3700000000 0.02330471581320783803 0.00000000000000000000
4.3800000000 0.02328893817305356315 0.00000000000000000000
4.3900000000 0.02327325361118648753 0.00000000000000000000
4.4000000000 0.02325766130653883143 0.00000000000000000000
4.4100000000 0.02324216044766540604 0.00000000000000000000
4.4200000000 0.02322675023260359004 0.00000000000000000000
4.4300000000 0.02321142986873474603 0.00000000000000000000
4.4400000000 0.02319619857264936663 0.00000000000000000000
4.4500000000 0.02318105557001364642 0.00000000000000000000
4.4600000000 0.02316600009543866995 0.00000000000000000000
4.4700000000 0.02315103139235183058 0.00000000000000000000
4.4800000000 0.02313614871287042463 0.00000000000000000000
4.4900000000 0.02312135131767732374 0.00000000000000000000
4.5000000000 0.02310663847589904465 0.00000000000000000000
4.5100000000 0.02309200946498554674 0.00000000000000000000
4.5200000000 0.02307746357059236100 0.00000000000000000000
4.5300000000 0.02306300008646435667 0.00000000000000000000
4.5400000000 0.02304861831432201275 0.00000000000000000000
4.5500000000 0.02303431756374901135 0.00000000000000000000
4.5600000000 0.02302009715208212792 0.00000000000000000000
4.5700000000 0.02300595640430283875 0.00000000000000000000
4.5800000000 0.02299189465293057302 0.00000000000000000000
4.5900000000 0.02297791123791812287 0.00000000000000000000
4.6000000000 0.02296400550654838918 0.00000000000000000000
4.6100000000 0.02295017681333299045 0.00000000000000000000
4.6200000000 0.02293642451991282846 0.00000000000000000000
4.6300000000 0.02292274799495963231 0.00000000000000000000
4.6400000000 0.02290914661407975408 0.00000000000000000000
4.6500000000 0.02289561975971933852 0.00000000000000000000
4.6600000000 0.02288216682107091157 0.00000000000000000000
4.6700000000 0.02286878719398158233 0.00000000000000000000
4.6800000000 0.02285548028086269515 0.00000000000000000000
4.6900000000 0.02284224549060122345 0.00000000000000000000
4.7000000000 0.02282908223847193371 0.00000000000000000000
4.7100000000 0.02281598994605188793 0.00000000000000000000
4.7200000000 0.02280296804113553927 0.00000000000000000000
4.7300000000 0.02279001595765143412 0.00000000000000000000
4.7400000000 0.02277713313558041644 0.00000000000000000000
4.7500000000 0.02276431902087511575 0.00000000000000000000
4.7600000000 0.02275157306538024699 0.00000000000000000000
4.7700000000 0.02273889472675499554 0.00000000000000000000
4.7800000000 0.02272628346839583938 0.00000000000000000000
4.7900000000 0.02271373875936103306 0.00000000000000000000
4.8000000000 0.02270126007429624018 0.00000000000000000000
4.8100000000 0.02268884689336110941 0.00000000000000000000
4.8200000000 0.02267649870215746391 0.00000000000000000000
4.8300000000 0.02266421499165790360 0.00000000000000000000
4.8400000000 0.02265199525813623230 0.00000000000000000000
4.8500000000 0.02263983900309859618 0.00000000000000000000
4.8600000000 0.02262774573321568380 0.00000000000000000000
4.8700000000 0.02261571496025606420 0.00000000000000000000
4.8800000000 0.02260374620102059695 0.00000000000000000000
4.8900000000 0.02259183897727780679 0.00000000000000000000
4.9000000000 0.02257999281570014297 0.00000000000000000000
4.9100000000 0.02256820724780137996 0.00000000000000000000
4.9200000000 0.02255648180987480239 0.00000000000000000000
4.9300000000 0.02254481604293263539 0.00000000000000000000
4.9400000000 0.02253320949264599887 0.00000000000000000000
4.9500000000 0.02252166170928608657 0.00000000000000000000
4.9600000000 0.02251017224766604236 0.00000000000000000000
4.9700000000 0.02249874066708380457 0.00000000000000000000
4.9800000000 0.02248736653126575877 0.00000000000000000000
4.9900000000 0.02247604940831150061 0.00000000000000000000
5.0000000000 0.02246478887063876884 0.00000000000000000000
