0.1000000000 5.00645821088764897411 0.00000000000000000000
0.1100000000 4.84161789722578372874 0.00000000000000000000
0.1200000000 4.67975092214341081842 0.00000000000000000000
0.1300000000 4.52116733906378343022 0.00000000000000000000
0.1400000000 4.36615793390831807841 0.00000000000000000000
0.1500000000 4.21498850071545838603 0.00000000000000000000
0.1600000000 4.06789467994790321370 0.00000000000000000000
0.1700000000 3.92507763874966375539 0.00000000000000000000
0.1800000000 3.78670082556896892001 0.00000000000000000000
0.1900000000 3.65288796115952862920 0.00000000000000000000
0.2000000000 3.52372234172968079591 0.00000000000000000000
0.2100000000 3.39924743812629337469 0.00000000000000000000
0.2200000000 3.27946868828637505544 0.00000000000000000000
0.2300000000 3.16435630838033343792 0.00000000000000000000
0.2400000000 3.05384889790608671234 0.00000000000000000000
0.2500000000 2.94785758859295876633 0.00000000000000000000
0.2600000000 2.84627048574289842620 0.00000000000000000000
0.2700000000 2.74895716993380734294 0.00000000000000000000
0.2800000000 2.65577306126573864375 0.00000000000000000000
0.2900000000 2.56656349127100025242 0.00000000000000000000
0.3000000000 2.48116737332049419607 0.00000000000000000000
0.3100000000 2.39942040602112882652 0.00000000000000000000
0.3200000000 2.32115778234529912538 0.00000000000000000000
0.3300000000 2.24621640817489476305 0.00000000000000000000
0.3400000000 2.17443665696850674252 0.00000000000000000000
0.3500000000 2.10566370271966585292 0.00000000000000000000
0.3600000000 2.03974848222687610289 0.00000000000000000000
0.3700000000 1.97654834120850053658 0.00000000000000000000
0.3800000000 1.91592741830170765205 0.00000000000000000000
0.3900000000 1.85775681772576395367 0.00000000000000000000
0.4000000000 1.80191461642601646886 0.00000000000000000000
0.4100000000 1.74828574568664274480 0.00000000000000000000
0.4200000000 1.69676178113291098448 0.00000000000000000000
0.4300000000 1.64724066916814626538 0.00000000000000000000
0.4400000000 1.59962641247838321945 0.00000000000000000000
0.4500000000 1.55382873243751062908 0.00000000000000000000
0.4600000000 1.50976272211499740195 0.00000000000000000000
0.4700000000 1.46734850012427919808 0.00000000000000000000
0.4800000000 1.42651087270984922029 0.00000000000000000000
0.4900000000 1.38717900919125991521 0.00000000000000000000
0.5000000000 1.34928613408932185358 0.00000000000000000000
0.5100000000 1.31276923787880916983 0.00000000000000000000
0.5200000000 1.27756880727130206488 0.00000000000000000000
0.5300000000 1.24362857516874703023 0.00000000000000000000
0.5400000000 1.21089528988475891857 0.00000000000000000000
0.5500000000 1.17931850286039452413 0.00000000000000000000
0.5600000000 1.14885037386325494779 0.00000000000000000000
0.5700000000 1.11944549252122937943 0.00000000000000000000
0.5800000000 1.09106071497879208998 0.00000000000000000000
0.5900000000 1.06365501445377463874 0.00000000000000000000
0.6000000000 1.03718934449966582179 0.00000000000000000000
0.6100000000 1.01162651383102764058 0.00000000000000000000
0.6200000000 0.98693107163720750208 0.00000000000000000000
0.6300000000 0.96306920238632032216 0.00000000000000000000
0.6400000000 0.94000862920174976800 0.00000000000000000000
0.6500000000 0.91771852497375860924 0.00000000000000000000
0.6600000000 0.89616943044712238375 0.00000000000000000000
0.6700000000 0.87533317859981385478 0.00000000000000000000
0.6800000000 0.85518282469711537352 0.00000000000000000000
0.6900000000 0.83569258146994784830 0.00000000000000000000
0.7000000000 0.81683775892427479270 0.00000000000000000000
0.7100000000 0.79859470834179357990 0.00000000000000000000
0.7200000000 0.78094077007998563555 0.00000000000000000000
0.7300000000 0.76385422482216769335 0.00000000000000000000
0.7400000000 0.74731424796669487787 0.00000000000000000000
0.7500000000 0.73130086687814843671 0.00000000000000000000
0.7600000000 0.71579492075404094198 0.00000000000000000000
0.7700000000 0.70077802288638058048 0.00000000000000000000
0.7800000000 0.68623252512198162911 0.00000000000000000000
0.7900000000 0.67214148434581488800 0.00000000000000000000
0.8000000000 0.65848863082962605375 0.00000000000000000000
0.8100000000 0.64525833830511614142 0.00000000000000000000
0.8200000000 0.63243559563462592443 0.00000000000000000000
0.8300000000 0.62000597996500250719 0.00000000000000000000
0.8400000000 0.60795563126175578006 0.00000000000000000000
0.8500000000 0.59627122812968857968 0.00000000000000000000
0.8600000000 0.58493996483583254875 0.00000000000000000000
0.8700000000 0.57394952945729604821 0.00000000000000000000
0.8800000000 0.56328808308434230590 0.00000000000000000000
0.8900000000 0.55294424001355357845 0.00000000000000000000
0.9000000000 0.54290704887365559550 0.00000000000000000000
0.9100000000 0.53316597462889003811 0.00000000000000000000
0.9200000000 0.52371088141065824662 0.00000000000000000000
0.9300000000 0.51453201613138555004 0.00000000000000000000
0.9400000000 0.50561999283852088194 0.00000000000000000000
0.9500000000 0.49696577776862410625 0.00000000000000000000
0.9600000000 0.48856067506502376396 0.00000000000000000000
0.9700000000 0.48039631312601532853 0.00000000000000000000
0.9800000000 0.47246463154962592412 0.00000000000000000000
0.9900000000 0.46475786864673412913 0.00000000000000000000
1.0000000000 0.45726854949784384585 0.00000000000000000000
1.0100000000 0.44998947451424031740 0.00000000000000000000
1.0200000000 0.44291370849939326604 0.00000000000000000000
1.0300000000 0.43603457017212010616 0.00000000000000000000
1.0400000000 0.42934562213154048305 0.00000000000000000000
1.0500000000 0.42284066124854124968 0.00000000000000000000
1.0600000000 0.41651370946104854243 0.00000000000000000000
1.0700000000 0.41035900495480198691 0.00000000000000000000
1.0800000000 0.40437099371182316787 0.00000000000000000000
1.0900000000 0.39854432141164636283 0.00000000000000000000
1.1000000000 0.39287382566770151504 0.00000000000000000000
1.1100000000 0.38735452858529717535 0.00000000000000000000
1.1200000000 0.38198162962615117566 0.00000000000000000000
1.1300000000 0.37675049876679356231 0.00000000000000000000
1.1400000000 0.37165666993718532440 0.00000000000000000000
1.1500000000 0.36669583472802252944 0.00000000000000000000
1.1600000000 0.36186383635471591758 0.00000000000000000000
1.1700000000 0.35715666386714001179 0.00000000000000000000
1.1800000000 0.35257044659446745705 0.00000000000000000000
1.1900000000 0.34810144881516924542 0.00000000000000000000
1.2000000000 0.34374606464236395764 0.00000000000000000000
1.2100000000 0.33950081311555591057 0.00000000000000000000
1.2200000000 0.33536233348984018088 0.00000000000000000000
1.2300000000 0.33132738071428841087 0.00000000000000000000
1.2400000000 0.32739282109154255185 0.00000000000000000000
1.2500000000 0.32355562811089649822 0.00000000000000000000
1.2600000000 0.31981287844766559392 0.00000000000000000000
1.2700000000 0.31616174812181713216 0.00000000000000000000
1.2800000000 0.31259950880923975669 0.00000000000000000000
1.2900000000 0.30912352429920131325 0.00000000000000000000
1.3000000000 0.30573124709200527604 0.00000000000000000000
1.3100000000 0.30242021513093431118 0.00000000000000000000
1.3200000000 0.29918804866292275646 0.00000000000000000000
1.3300000000 0.29603244722271249145 0.00000000000000000000
1.3400000000 0.29295118673517661634 0.00000000000000000000
1.3500000000 0.28994211673120734440 0.00000000000000000000
1.3600000000 0.28700315767225342833 0.00000000000000000000
1.3700000000 0.28413229837918602128 0.00000000000000000000
1.3800000000 0.28132759356111541882 0.00000000000000000000
1.3900000000 0.27858716144015494010 0.00000000000000000000
1.4000000000 0.27590918146810089473 0.00000000000000000000
1.4100000000 0.27329189213137033976 0.00000000000000000000
1.4200000000 0.27073358884053694284 0.00000000000000000000
1.4300000000 0.26823262190106328395 0.00000000000000000000
1.4400000000 0.26578739456187089329 0.00000000000000000000
1.4500000000 0.26339636113868958311 0.00000000000000000000
1.4600000000 0.26105802520904219932 0.00000000000000000000
1.4700000000 0.25877093787606897379 0.00000000000000000000
1.4800000000 0.25653369609834186793 0.00000000000000000000
1.4900000000 0.25434494108308847160 0.00000000000000000000
1.5000000000 0.25220335674017491101 0.00000000000000000000
1.5100000000 0.25010766819451624166 0.00000000000000000000
1.5200000000 0.24805664035449595528 0.00000000000000000000
1.5300000000 0.24604907653420748925 0.00000000000000000000
1.5400000000 0.24408381712731075375 0.00000000000000000000
1.5500000000 0.24215973833054157960 0.00000000000000000000
1.5600000000 0.24027575091480102287 0.00000000000000000000
1.5700000000 0.23843079904198793972 0.00000000000000000000
1.5800000000 0.23662385912576941460 0.00000000000000000000
1.5900000000 0.23485393873453269675 0.00000000000000000000
1.6000000000 0.23312007553485550315 0.00000000000000000000
1.6100000000 0.23142133627393307593 0.00000000000000000000
1.6200000000 0.22975681579934462140 0.00000000000000000000
1.6300000000 0.22812563611483802073 0.00000000000000000000
1.6400000000 0.22652694547057164454 0.00000000000000000000
1.6500000000 0.22495991748656529730 0.00000000000000000000
1.6600000000 0.22342375030804989544 0.00000000000000000000
1.6700000000 0.22191766579143704097 0.00000000000000000000
1.6800000000 0.22044090871976398938 0.00000000000000000000
1.6900000000 0.21899274604645474485 0.00000000000000000000
1.7000000000 0.21757246616630604441 0.00000000000000000000
1.7100000000 0.21617937821262619980 0.00000000000000000000
1.7200000000 0.21481281137958452288 0.00000000000000000000
1.7300000000 0.21347211426871190443 0.00000000000000000000
1.7400000000 0.21215665425870897098 0.00000000000000000000
1.7500000000 0.21086581689763048142 0.00000000000000000000
1.7600000000 0.20959900531659339529 0.00000000000000000000
1.7700000000 0.20835563966420386772 0.00000000000000000000
1.7800000000 0.20713515656090886186 0.00000000000000000000
1.7900000000 0.20593700857251476255 0.00000000000000000000
1.8000000000 0.20476066370216125523 0.00000000000000000000
1.8100000000 0.20360560490003634659 0.00000000000000000000
1.8200000000 0.20247132959017596909 0.00000000000000000000
1.8300000000 0.20135734921371542527 0.00000000000000000000
1.8400000000 0.20026318878795915102 0.00000000000000000000
1.8500000000 0.19918838648068776243 0.00000000000000000000
1.8600000000 0.19813249319913364688 0.00000000000000000000
1.8700000000 0.19709507219308355919 0.00000000000000000000
1.8800000000 0.19607569867157154109 0.00000000000000000000
1.8900000000 0.19507395943267513694 0.00000000000000000000
1.9000000000 0.19408945250592385401 0.00000000000000000000
1.9100000000 0.19312178680685698762 0.00000000000000000000
1.9200000000 0.19217058180328119854 0.00000000000000000000
1.9300000000 0.19123546719279929662 0.00000000000000000000
1.9400000000 0.19031608259120502691 0.00000000000000000000
1.9500000000 0.18941207723135305985 0.00000000000000000000
1.9600000000 0.18852310967209492953 0.00000000000000000000
1.9700000000 0.18764884751694727028 0.00000000000000000000
1.9800000000 0.18678896714212769870 0.00000000000000000000
1.9900000000 0.18594315343361955684 0.00000000000000000000
2.0000000000 0.18511109953294055397 0.00000000000000000000
2.0100000000 0.18429250659130083645 0.00000000000000000000
2.0200000000 0.18348708353186396480 0.00000000000000000000
2.0300000000 0.18269454681979624411 0.00000000000000000000
2.0400000000 0.18191462023985432994 0.00000000000000000000
2.0500000000 0.18114703468122364538 0.00000000000000000000
2.0600000000 0.18039152792935286840 0.00000000000000000000
2.0700000000 0.17964784446455470124 0.00000000000000000000
2.0800000000 0.17891573526710949360 0.00000000000000000000
2.0900000000 0.17819495762865619759 0.00000000000000000000
2.1000000000 0.17748527496965799122 0.00000000000000000000
2.1100000000 0.17678645666270256798 0.00000000000000000000
2.1200000000 0.17609827786147330686 0.00000000000000000000
2.1300000000 0.17542051933515595552 0.00000000000000000000
2.1400000000 0.17475296730811623602 0.00000000000000000000
2.1500000000 0.17409541330465308495 0.00000000000000000000
2.1600000000 0.17344765399866604594 0.00000000000000000000
2.1700000000 0.17280949106804482929 0.00000000000000000000
2.1800000000 0.17218073105365186426 0.00000000000000000000
2.1900000000 0.17156118522270089044 0.00000000000000000000
2.2000000000 0.17095066943641915036 0.00000000000000000000
2.2100000000 0.17034900402182029389 0.00000000000000000000
2.2200000000 0.16975601364746362165 0.00000000000000000000
2.2300000000 0.16917152720305492219 0.00000000000000000000
2.2400000000 0.16859537768276711134 0.00000000000000000000
2.2500000000 0.16802740207215005608 0.00000000000000000000
2.2600000000 0.16746744123850756947 0.00000000000000000000
2.2700000000 0.16691533982463402364 0.00000000000000000000
2.2800000000 0.16637094614578989971 0.00000000000000000000
2.2900000000 0.16583411208980691764 0.00000000000000000000
2.3000000000 0.16530469302022976485 0.00000000000000000000
2.3100000000 0.16478254768238007055 0.00000000000000000000
2.3200000000 0.16426753811225586199 0.00000000000000000000
2.3300000000 0.16375952954816810903 0.00000000000000000000
2.3400000000 0.16325839034502764857 0.00000000000000000000
2.3500000000 0.16276399189119247768 0.00000000000000000000
2.3600000000 0.16227620852779101046 0.00000000000000000000
2.3700000000 0.16179491747044283390 0.00000000000000000000
2.3800000000 0.16131999873330399309 0.00000000000000000000
2.3900000000 0.16085133505534665588 0.00000000000000000000
2.4000000000 0.16038881182881339904 0.00000000000000000000
2.4100000000 0.15993231702977964148 0.00000000000000000000
2.4200000000 0.15948174115073743273 0.00000000000000000000
2.4300000000 0.15903697713515296819 0.00000000000000000000
2.4400000000 0.15859792031393257772 0.00000000000000000000
2.4500000000 0.15816446834372541175 0.00000000000000000000
2.4600000000 0.15773652114701722238 0.00000000000000000000
2.4700000000 0.15731398085395148501 0.00000000000000000000
2.4800000000 0.15689675174582282113 0.00000000000000000000
2.4900000000 0.15648474020019209618 0.00000000000000000000
2.5000000000 0.15607785463757462008 0.00000000000000000000
2.5100000000 0.15567600546964405206 0.00000000000000000000
2.5200000000 0.15527910504891198618 0.00000000000000000000
2.5300000000 0.15488706761983792037 0.00000000000000000000
2.5400000000 0.15449980927131162778 0.00000000000000000000
2.5500000000 0.15411724789048913964 0.00000000000000000000
2.5600000000 0.15373930311791361714 0.00000000000000000000
2.5700000000 0.15336589630390312644 0.00000000000000000000
2.5800000000 0.15299695046615188754 0.00000000000000000000
2.5900000000 0.15263239024851810166 0.00000000000000000000
2.6000000000 0.15227214188095342107 0.00000000000000000000
2.6100000000 0.15191613314054350226 0.00000000000000000000
2.6200000000 0.15156429331362669677 0.00000000000000000000
2.6300000000 0.15121655315895529692 0.00000000000000000000
2.6400000000 0.15087284487186883308 0.00000000000000000000
2.6500000000 0.15053310204944869710 0.00000000000000000000
2.6600000000 0.15019725965662628075 0.00000000000000000000
2.6700000000 0.14986525399321184993 0.00000000000000000000
2.6800000000 0.14953702266182156144 0.00000000000000000000
2.6900000000 0.14921250453667031510 0.00000000000000000000
2.7000000000 0.14889163973321020706 0.00000000000000000000
2.7100000000 0.14857436957858519144 0.00000000000000000000
2.7200000000 0.14826063658287902403 0.00000000000000000000
2.7300000000 0.14795038441113336769 0.00000000000000000000
2.7400000000 0.14764355785611271710 0.00000000000000000000
2.7500000000 0.14734010281179807378 0.00000000000000000000
2.7600000000 0.14703996624757600942 0.00000000000000000000
2.7700000000 0.14674309618312128545 0.00000000000000000000
2.7800000000 0.14644944166393433771 0.00000000000000000000
2.7900000000 0.14615895273752751993 0.00000000000000000000
2.8000000000 0.14587158043023568110 0.00000000000000000000
2.8100000000 0.14558727672463295244 0.00000000000000000000
2.8200000000 0.14530599453753750838 0.00000000000000000000
2.8300000000 0.14502768769859319953 0.00000000000000000000
2.8400000000 0.14475231092940452071 0.00000000000000000000
2.8500000000 0.14447981982320934335 0.00000000000000000000
2.8600000000 0.14421017082508266749 0.00000000000000000000
2.8700000000 0.14394332121264319380 0.00000000000000000000
2.8800000000 0.14367922907726005111 0.00000000000000000000
2.8900000000 0.14341785330573694757 0.00000000000000000000
2.9000000000 0.14315915356246797230 0.00000000000000000000
2.9100000000 0.14290309027204176062 0.00000000000000000000
2.9200000000 0.14264962460229421715 0.00000000000000000000
2.9300000000 0.14239871844778517751 0.00000000000000000000
2.9400000000 0.14215033441369243072 0.00000000000000000000
2.9500000000 0.14190443580011469216 0.00000000000000000000
2.9600000000 0.14166098658676418154 0.00000000000000000000
2.9700000000 0.14141995141804700187 0.00000000000000000000
2.9800000000 0.14118129558851044703 0.00000000000000000000
2.9900000000 0.14094498502865840384 0.00000000000000000000
3.0000000000 0.14071098629111375433 0.00000000000000000000
3.0100000000 0.14047926653712730638 0.00000000000000000000
3.0200000000 0.14024979352341787608 0.00000000000000000000
3.0300000000 0.14002253558933630551 0.00000000000000000000
3.0400000000 0.13979746164434500577 0.00000000000000000000
3.0500000000 0.13957454115580431031 0.00000000000000000000
3.0600000000 0.13935374413705645114 0.00000000000000000000
3.0700000000 0.13913504113580010824 0.00000000000000000000
3.0800000000 0.13891840322274814912 0.00000000000000000000
3.0900000000 0.13870380198055726195 0.00000000000000000000
3.1000000000 0.13849120949302792805 0.00000000000000000000
3.1100000000 0.13828059833456290972 0.00000000000000000000
3.1200000000 0.13807194155987970174 0.00000000000000000000
3.1300000000 0.13786521269396873057 0.00000000000000000000
3.1400000000 0.13766038572229158388 0.00000000000000000000
3.1500000000 0.13745743508121202603 0.00000000000000000000
3.1600000000 0.13725633564865735714 0.00000000000000000000
3.1700000000 0.13705706273499659864 0.00000000000000000000
3.1800000000 0.13685959207413744831 0.00000000000000000000
3.1900000000 0.13666389981483167970 0.00000000000000000000
3.2000000000 0.13646996251218418417 0.00000000000000000000
3.2100000000 0.13627775711936435110 0.00000000000000000000
3.2200000000 0.13608726097950604728 0.00000000000000000000
3.2300000000 0.13589845181780071948 0.00000000000000000000
3.2400000000 0.13571130773377101941 0.00000000000000000000
3.2500000000 0.13552580719372736562 0.00000000000000000000
3.2600000000 0.13534192902339448050 0.00000000000000000000
3.2700000000 0.13515965240071189934 0.00000000000000000000
3.2800000000 0.13497895684879582245 0.00000000000000000000
3.2900000000 0.13479982222906705669 0.00000000000000000000
3.3000000000 0.13462222873453302818 0.00000000000000000000
3.3100000000 0.13444615688322278380 0.00000000000000000000
3.3200000000 0.13427158751177334373 0.00000000000000000000
3.3300000000 0.13409850176916002229 0.00000000000000000000
3.3400000000 0.13392688111056935685 0.00000000000000000000
3.3500000000 0.13375670729140923254 0.00000000000000000000
3.3600000000 0.13358796236145495384 0.00000000000000000000
3.3700000000 0.13342062865912718284 0.00000000000000000000
3.3800000000 0.13325468880589405596 0.00000000000000000000
3.3900000000 0.13309012570080447357 0.00000000000000000000
3.4000000000 0.13292692251513774093 0.00000000000000000000
3.4100000000 0.13276506268717419568 0.00000000000000000000
3.4200000000 0.13260452991708190917 0.00000000000000000000
3.4300000000 0.13244530816191540934 0.00000000000000000000
3.4400000000 0.13228738163072589762 0.00000000000000000000
3.4500000000 0.13213073477977532733 0.00000000000000000000
3.4600000000 0.13197535230786094917 0.00000000000000000000
3.4700000000 0.13182121915173619642 0.00000000000000000000
3.4800000000 0.13166832048163606972 0.00000000000000000000
3.4900000000 0.13151664169689683548 0.00000000000000000000
3.5000000000 0.13136616842167092578 0.00000000000000000000
3.5100000000 0.13121688650073629057 0.00000000000000000000
3.5200000000 0.13106878199539429009 0.00000000000000000000
3.5300000000 0.13092184117945523947 0.00000000000000000000
3.5400000000 0.13077605053531254908 0.00000000000000000000
3.5500000000 0.13063139675009924345 0.00000000000000000000
3.5600000000 0.13048786671192522113 0.00000000000000000000
3.5700000000 0.13034544750619747600 0.00000000000000000000
3.5800000000 0.13020412641201548065 0.00000000000000000000
3.5900000000 0.13006389089864564546 0.00000000000000000000
3.6000000000 0.12992472862206677631 0.00000000000000000000
3.6100000000 0.12978662742159141619 0.00000000000000000000
3.6200000000 0.12964957531655602052 0.00000000000000000000
3.6300000000 0.12951356050308218681 0.00000000000000000000
3.6400000000 0.12937857135090335969 0.00000000000000000000
3.6500000000 0.12924459640025953711 0.00000000000000000000
3.6600000000 0.12911162435885531474 0.00000000000000000000
3.6700000000 0.12897964409888107440 0.00000000000000000000
3.6800000000 0.12884864465409670564 0.00000000000000000000
3.6900000000 0.12871861521697383623 0.00000000000000000000
3.7000000000 0.12858954513589773705 0.00000000000000000000
3.7100000000 0.12846142391242701408 0.00000000000000000000
3.7200000000 0.12833424119860825652 0.00000000000000000000
3.7300000000 0.12820798679434552980 0.00000000000000000000
3.7400000000 0.12808265064482424189 0.00000000000000000000
3.7500000000 0.12795822283798688468 0.00000000000000000000
3.7600000000 0.12783469360205909626 0.00000000000000000000
3.7700000000 0.12771205330312668247 0.00000000000000000000
3.7800000000 0.12759029244276098858 0.00000000000000000000
3.7900000000 0.12746940165569076164 0.00000000000000000000
3.8000000000 0.12734937170752333446 0.00000000000000000000
3.8100000000 0.12723019349250869192 0.00000000000000000000
3.8200000000 0.12711185803134930628 0.00000000000000000000
3.8300000000 0.12699435646905266051 0.00000000000000000000
3.8400000000 0.12687768007282806959 0.00000000000000000000
3.8500000000 0.12676182023002222077 0.00000000000000000000
3.8600000000 0.12664676844609806805 0.00000000000000000000
3.8700000000 0.12653251634265252901 0.00000000000000000000
3.8800000000 0.12641905565547137402 0.00000000000000000000
3.8900000000 0.12630637823262588770 0.00000000000000000000
3.9000000000 0.12619447603260250390 0.00000000000000000000
3.9100000000 0.12608334112247113201 0.00000000000000000000
3.9200000000 0.12597296567608928797 0.00000000000000000000
3.9300000000 0.12586334197233933763 0.00000000000000000000
3.9400000000 0.12575446239340182242 0.00000000000000000000
3.9500000000 0.12564631942305923284 0.00000000000000000000
3.9600000000 0.12553890564503539240 0.00000000000000000000
3.9700000000 0.12543221374136426238 0.00000000000000000000
3.9800000000 0.12532623649079219219 0.00000000000000000000
3.9900000000 0.12522096676720750885 0.00000000000000000000
4.0000000000 0.12511639753810302467 0.00000000000000000000
4.0100000000 0.12501252186306577308 0.00000000000000000000
4.0200000000 0.12490933289229580461 0.00000000000000000000
4.0300000000 0.12480682386515326576 0.00000000000000000000
4.0400000000 0.12470498810873278939 0.00000000000000000000
4.0500000000 0.12460381903646335078 0.00000000000000000000
4.0600000000 0.12450331014673596264 0.00000000000000000000
4.0700000000 0.12440345502155662760 0.00000000000000000000
4.0800000000 0.12430424732522310505 0.00000000000000000000
4.0900000000 0.12420568080302823999 0.00000000000000000000
4.1000000000 0.12410774927998512174 0.00000000000000000000
4.1100000000 0.12401044665957781932 0.00000000000000000000
4.1200000000 0.12391376692253379399 0.00000000000000000000
4.1300000000 0.12381770412561929340 0.00000000000000000000
4.1400000000 0.12372225240045681138 0.00000000000000000000
4.1500000000 0.12362740595236425267 0.00000000000000000000
4.1600000000 0.12353315905921517792 0.00000000000000000000
4.1700000000 0.12343950607031939359 0.00000000000000000000
4.1800000000 0.12334644140532473322 0.00000000000000000000
4.1900000000 0.12325395955313790675 0.00000000000000000000
4.2000000000 0.12316205507086516735 0.00000000000000000000
4.2100000000 0.12307072258277194921 0.00000000000000000000
4.2200000000 0.12297995677926143454 0.00000000000000000000
4.2300000000 0.12288975241587064835 0.00000000000000000000
4.2400000000 0.12280010431228584322 0.00000000000000000000
4.2500000000 0.12271100735137387139 0.00000000000000000000
4.2600000000 0.12262245647823216688 0.00000000000000000000
4.2700000000 0.12253444669925445121 0.00000000000000000000
4.2800000000 0.12244697308121360591 0.00000000000000000000
4.2900000000 0.12236003075036067100 0.00000000000000000000
4.3000000000 0.12227361489153953933 0.00000000000000000000
4.3100000000 0.12218772074731702737 0.00000000000000000000
4.3200000000 0.12210234361712871132 0.00000000000000000000
4.3300000000 0.12201747885643933478 0.00000000000000000000
4.3400000000 0.12193312187591728857 0.00000000000000000000
4.3500000000 0.12184926814062470302 0.00000000000000000000
4.3600000000 0.12176591316922057151 0.00000000000000000000
4.3700000000 0.12168305253317801551 0.00000000000000000000
4.3800000000 0.12160068185601477508 0.00000000000000000000
4.3900000000 0.12151879681253771603 0.00000000000000000000
4.4000000000 0.12143739312809895270 0.00000000000000000000
4.4100000000 0.12135646657786601510 0.00000000000000000000
4.4200000000 0.12127601298610377056 0.00000000000000000000
4.4300000000 0.12119602822546897414 0.00000000000000000000
4.4400000000 0.12111650821631608776 0.00000000000000000000
4.4500000000 0.12103744892601578376 0.00000000000000000000
4.4600000000 0.12095884636828439784 0.00000000000000000000
4.4700000000 0.12088069660252492854 0.00000000000000000000
4.4800000000 0.12080299573317865303 0.00000000000000000000
4.4900000000 0.12072573990908862240 0.00000000000000000000
4.5000000000 0.12064892532287234406 0.00000000000000000000
4.5100000000 0.12057254821030666259 0.00000000000000000000
4.5200000000 0.12049660484972132823 0.00000000000000000000
4.5300000000 0.12042109156140362591 0.00000000000000000000
4.5400000000 0.12034600470701238561 0.00000000000000000000
4.5500000000 0.12027134068900192931 0.00000000000000000000
4.5600000000 0.12019709595005555192 0.00000000000000000000
4.5700000000 0.12012326697252782848 0.00000000000000000000
4.5800000000 0.12004985027789696894 0.00000000000000000000
4.5900000000 0.11997684242622515260 0.00000000000000000000
4.6000000000 0.11990424001562835499 0.00000000000000000000
4.6100000000 0.11983203968175466791 0.00000000000000000000
4.6200000000 0.11976023809727076586 0.00000000000000000000
4.6300000000 0.11968883197135724017 0.00000000000000000000
4.6400000000 0.11961781804921174654 0.00000000000000000000
4.6500000000 0.11954719311156002115 0.00000000000000000000
4.6600000000 0.11947695397417500141 0.00000000000000000000
4.6700000000 0.11940709748740434282 0.00000000000000000000
4.6800000000 0.11933762053570352857 0.00000000000000000000
4.6900000000 0.11926852003717901274 0.00000000000000000000
4.7000000000 0.11919979294313634566 0.00000000000000000000
4.7100000000 0.11913143623763711165 0.00000000000000000000
4.7200000000 0.11906344693706188975 0.00000000000000000000
4.7300000000 0.11899582208968095820 0.00000000000000000000
4.7400000000 0.11892855877523056396 0.00000000000000000000
4.7500000000 0.11886165410449760216 0.00000000000000000000
4.7600000000 0.11879510521890905561 0.00000000000000000000
4.7700000000 0.11872890929012890060 0.00000000000000000000
4.7800000000 0.11866306351966135479 0.00000000000000000000
4.7900000000 0.11859756513845952364 0.00000000000000000000
4.8000000000 0.11853241140654102725 0.00000000000000000000
4.8100000000 0.11846759961260922012 0.00000000000000000000
4.8200000000 0.11840312707367979528 0.00000000000000000000
4.8300000000 0.11833899113471435527 0.00000000000000000000
4.8400000000 0.11827518916825816020 0.00000000000000000000
4.8500000000 0.11821171857408484251 0.00000000000000000000
4.8600000000 0.11814857677884540998 0.00000000000000000000
4.8700000000 0.11808576123572356309 0.00000000000000000000
4.8800000000 0.11802326942409525901 0.00000000000000000000
4.8900000000 0.11796109884919502020 0.00000000000000000000
4.9000000000 0.11789924704178492143 0.00000000000000000000
4.9100000000 0.11783771155783143159 0.00000000000000000000
4.9200000000 0.11777648997818500332 0.00000000000000000000
4.9300000000 0.11771557990826504725 0.00000000000000000000
4.9400000000 0.11765497897775030467 0.00000000000000000000
4.9500000000 0.11759468484027313373 0.00000000000000000000
4.9600000000 0.11753469517311876391 0.00000000000000000000
4.9700000000 0.11747500767692860280 0.00000000000000000000
4.9800000000 0.11741562007540845558 0.00000000000000000000
4.9900000000 0.11735653011504129650 0.00000000000000000000
5.0000000000 0.11729773556480312113 0.00000000000000000000
