0.1000000000 2.23800888577668599666 0.00000000000000000000
0.1100000000 2.13091278383598847768 0.00000000000000000000
0.1200000000 2.02941583573548722796 0.00000000000000000000
0.1300000000 1.93346435863737475813 0.00000000000000000000
0.1400000000 1.84294760046811112453 0.00000000000000000000
0.1500000000 1.75770566245355785995 0.00000000000000000000
0.1600000000 1.67753849920321385092 0.00000000000000000000
0.1700000000 1.60221531503082204040 0.00000000000000000000
0.1800000000 1.53148375602989283983 0.00000000000000000000
0.1900000000 1.46507842453535741534 0.00000000000000000000
0.2000000000 1.40272838936533883469 0.00000000000000000000
0.2100000000 1.34416350882873203432 0.00000000000000000000
0.2200000000 1.28911950788357421160 0.00000000000000000000
0.2300000000 1.23734184746187003689 0.00000000000000000000
0.2400000000 1.18858849067266825195 0.00000000000000000000
0.2500000000 1.14263170973565619803 0.00000000000000000000
0.2600000000 1.09925909402425636685 0.00000000000000000000
0.2700000000 1.05827391936426762342 0.00000000000000000000
0.2800000000 1.01949502736608654807 0.00000000000000000000
0.2900000000 0.98275634582150039886 0.00000000000000000000
0.3000000000 0.94790616071215594296 0.00000000000000000000
0.3100000000 0.91480622969971858716 0.00000000000000000000
0.3200000000 0.88333080770009519966 0.00000000000000000000
0.3300000000 0.85336563815646504505 0.00000000000000000000
0.3400000000 0.82480694926643838283 0.00000000000000000000
0.3500000000 0.79756048269214430135 0.00000000000000000000
0.3600000000 0.77154057298922484875 0.00000000000000000000
0.3700000000 0.74666928882943817136 0.00000000000000000000
0.3800000000 0.72287564172439855437 0.00000000000000000000
0.3900000000 0.70009486405363019479 0.00000000000000000000
0.4000000000 0.67826775545734341311 0.00000000000000000000
0.4100000000 0.65734009481190003310 0.00000000000000000000
0.4200000000 0.63726211384589404041 0.00000000000000000000
0.4300000000 0.61798802780016859337 0.00000000000000000000
0.4400000000 0.59947561824544903786 0.00000000000000000000
0.4500000000 0.58168586313786863062 0.00000000000000000000
0.4600000000 0.56458260933229553746 0.00000000000000000000
0.4700000000 0.54813228302396233005 0.00000000000000000000
0.4800000000 0.53230363390509016774 0.00000000000000000000
0.4900000000 0.51706750917190502648 0.00000000000000000000
0.5000000000 0.50239665387623555493 0.00000000000000000000
0.5100000000 0.48826553446874587650 0.00000000000000000000
0.5200000000 0.47465018271811221240 0.00000000000000000000
0.5300000000 0.46152805750575603971 0.00000000000000000000
0.5400000000 0.44887792228601042233 0.00000000000000000000
0.5500000000 0.43667973626540168564 0.00000000000000000000
0.5600000000 0.42491455759239049605 0.00000000000000000000
0.5700000000 0.41356445706114608463 0.00000000000000000000
0.5800000000 0.40261244102145998802 0.00000000000000000000
0.5900000000 0.39204238235343830121 0.00000000000000000000
0.6000000000 0.38183895851215621242 0.00000000000000000000
0.6100000000 0.37198759577589113334 0.00000000000000000000
0.6200000000 0.36247441894395349138 0.00000000000000000000
0.6300000000 0.35328620582805347894 0.00000000000000000000
0.6400000000 0.34441034596655611955 0.00000000000000000000
0.6500000000 0.33583480306511942493 0.00000000000000000000
0.6600000000 0.32754808073163921289 0.00000000000000000000
0.6700000000 0.31953919112935730285 0.00000000000000000000
0.6800000000 0.31179762622042583864 0.00000000000000000000
0.6900000000 0.30431333131423338179 0.00000000000000000000
0.7000000000 0.29707668067115766686 0.00000000000000000000
0.7100000000 0.29007845494400424924 0.00000000000000000000
0.7200000000 0.28330982026660161965 0.00000000000000000000
0.7300000000 0.27676230882272861988 0.00000000000000000000
0.7400000000 0.27042780074907213361 0.00000000000000000000
0.7500000000 0.26429850724363945780 0.00000000000000000000
0.7600000000 0.25836695476650534120 0.00000000000000000000
0.7700000000 0.25262597023314126155 0.00000000000000000000
0.7800000000 0.24706866711222447153 0.00000000000000000000
0.7900000000 0.24168843234993053759 0.00000000000000000000
0.8000000000 0.23647891405144869093 0.00000000000000000000
0.8100000000 0.23143400985824949534 0.00000000000000000000
0.8200000000 0.22654785596619417265 0.00000000000000000000
0.8300000000 0.22181481673549557909 0.00000000000000000000
0.8400000000 0.21722947484858878830 0.00000000000000000000
0.8500000000 0.21278662197651648791 0.00000000000000000000
0.8600000000 0.20848124991825217611 0.00000000000000000000
0.8700000000 0.20430854218091623609 0.00000000000000000000
0.8800000000 0.20026386597185047433 0.00000000000000000000
0.8900000000 0.19634276457615087996 0.00000000000000000000
0.9000000000 0.19254095009565805330 0.00000000000000000000
0.9100000000 0.18885429652754967544 0.00000000000000000000
0.9200000000 0.18527883316233725863 0.00000000000000000000
0.9300000000 0.18181073828300448048 0.00000000000000000000
0.9400000000 0.17844633314827659798 0.00000000000000000000
0.9500000000 0.17518207624434814496 0.00000000000000000000
0.9600000000 0.17201455779071267438 0.00000000000000000000
0.9700000000 0.16894049448666617619 0.00000000000000000000
0.9800000000 0.16595672448591752834 0.00000000000000000000
0.9900000000 0.16306020258810993706 0.00000000000000000000
1.0000000000 0.16024799563426364579 0.00000000000000000000
1.0100000000 0.15751727810346058400 0.00000000000000000000
1.0200000000 0.15486532788958840001 0.00000000000000000000
1.0300000000 0.15228952225526648512 0.00000000000000000000
1.0400000000 0.14978733396117768772 0.00000000000000000000
1.0500000000 0.14735632755107294645 0.00000000000000000000
1.0600000000 0.14499415579209048999 0.00000000000000000000
1.0700000000 0.14269855626189598130 0.00000000000000000000
1.0800000000 0.14046734807583485805 0.00000000000000000000
1.0900000000 0.13829842874799910812 0.00000000000000000000
1.1000000000 0.13618977118023453676 0.00000000000000000000
1.1100000000 0.13413942077347065784 0.00000000000000000000
1.1200000000 0.13214549265607225537 0.00000000000000000000
1.1300000000 0.13020616902406992321 0.00000000000000000000
1.1400000000 0.12831969658853567551 0.00000000000000000000
1.1500000000 0.12648438412544843468 0.00000000000000000000
1.1600000000 0.12469860012372985247 0.00000000000000000000
1.1700000000 0.12296077052727250045 0.00000000000000000000
1.1800000000 0.12126937656694422585 0.00000000000000000000
1.1900000000 0.11962295267892943118 0.00000000000000000000
1.2000000000 0.11802008450559318964 0.00000000000000000000
1.2100000000 0.11645940697560849819 0.00000000000000000000
1.2200000000 0.11493960245994390423 0.00000000000000000000
1.2300000000 0.11345939900058329974 0.00000000000000000000
1.2400000000 0.11201756860902617463 0.00000000000000000000
1.2500000000 0.11061292563163442615 0.00000000000000000000
1.2600000000 0.10924432517908434781 0.00000000000000000000
1.2700000000 0.10791066161732854045 0.00000000000000000000
1.2800000000 0.10661086711753642309 0.00000000000000000000
1.2900000000 0.10534391026258704827 0.00000000000000000000
1.3000000000 0.10410879470782828660 0.00000000000000000000
1.3100000000 0.10290455789391743380 0.00000000000000000000
1.3200000000 0.10173026980956373366 0.00000000000000000000
1.3300000000 0.10058503180224107054 0.00000000000000000000
1.3400000000 0.09946797543485848270 0.00000000000000000000
1.3500000000 0.09837826138656477482 0.00000000000000000000
1.3600000000 0.09731507839591178877 0.00000000000000000000
1.3700000000 0.09627764224466386911 0.00000000000000000000
1.3800000000 0.09526519478061466761 0.00000000000000000000
1.3900000000 0.09427700297787217076 0.00000000000000000000
1.4000000000 0.09331235803307753873 0.00000000000000000000
1.4100000000 0.09237057449615473925 0.00000000000000000000
1.4200000000 0.09145098943417680204 0.00000000000000000000
1.4300000000 0.09055296162706930052 0.00000000000000000000
1.4400000000 0.08967587079385060111 0.00000000000000000000
1.4500000000 0.08881911684821072739 0.00000000000000000000
1.4600000000 0.08798211918225386230 0.00000000000000000000
1.4700000000 0.08716431597731424952 0.00000000000000000000
1.4800000000 0.08636516354072902579 0.00000000000000000000
1.4900000000 0.08558413566759255631 0.00000000000000000000
1.5000000000 0.08482072302646712081 0.00000000000000000000
1.5100000000 0.08407443256813139365 0.00000000000000000000
1.5200000000 0.08334478695643818269 0.00000000000000000000
1.5300000000 0.08263132402043921187 0.00000000000000000000
1.5400000000 0.08193359622691721855 0.00000000000000000000
1.5500000000 0.08125117017254408769 0.00000000000000000000
1.5600000000 0.08058362609488649297 0.00000000000000000000
1.5700000000 0.07993055740152879562 0.00000000000000000000
1.5800000000 0.07929157021660458715 0.00000000000000000000
1.5900000000 0.07866628294406023680 0.00000000000000000000
1.6000000000 0.07805432584699685539 0.00000000000000000000
1.6100000000 0.07745534064247465433 0.00000000000000000000
1.6200000000 0.07686898011116886920 0.00000000000000000000
1.6300000000 0.07629490772131231058 0.00000000000000000000
1.6400000000 0.07573279726636987508 0.00000000000000000000
1.6500000000 0.07518233251591308064 0.00000000000000000000
1.6600000000 0.07464320687918860053 0.00000000000000000000
1.6700000000 0.07411512308089589218 0.00000000000000000000
1.6800000000 0.07359779284869695515 0.00000000000000000000
1.6900000000 0.07309093661201834791 0.00000000000000000000
1.7000000000 0.07259428321171074172 0.00000000000000000000
1.7100000000 0.07210756962014232274 0.00000000000000000000
1.7200000000 0.07163054067134966285 0.00000000000000000000
1.7300000000 0.07116294880083420815 0.00000000000000000000
1.7400000000 0.07070455379467385781 0.00000000000000000000
1.7500000000 0.07025512254755562902 0.00000000000000000000
1.7600000000 0.06981442882943351969 0.00000000000000000000
1.7700000000 0.06938225306044924767 0.00000000000000000000
1.7800000000 0.06895838209383131634 0.00000000000000000000
1.7900000000 0.06854260900646001742 0.00000000000000000000
1.8000000000 0.06813473289680764544 0.00000000000000000000
1.8100000000 0.06773455868998644325 0.00000000000000000000
1.8200000000 0.06734189694963441108 0.00000000000000000000
1.8300000000 0.06695656369638140759 0.00000000000000000000
1.8400000000 0.06657838023265073846 0.00000000000000000000
1.8500000000 0.06620717297356784603 0.00000000000000000000
1.8600000000 0.06584277328373777660 0.00000000000000000000
1.8700000000 0.06548501731968310591 0.00000000000000000000
1.8800000000 0.06513374587772870206 0.00000000000000000000
1.8900000000 0.06478880424713491515 0.00000000000000000000
1.9000000000 0.06445004206828258697 0.00000000000000000000
1.9100000000 0.06411731319572873400 0.00000000000000000000
1.9200000000 0.06379047556594667767 0.00000000000000000000
1.9300000000 0.06346939106959313681 0.00000000000000000000
1.9400000000 0.06315392542811736065 0.00000000000000000000
1.9500000000 0.06284394807457352461 0.00000000000000000000
1.9600000000 0.06253933203846963329 0.00000000000000000000
1.9700000000 0.06223995383451347979 0.00000000000000000000
1.9800000000 0.06194569335511149188 0.00000000000000000000
1.9900000000 0.06165643376648785590 0.00000000000000000000
2.0000000000 0.06137206140828739553 0.00000000000000000000
2.0100000000 0.06109246569654685349 0.00000000000000000000
2.0200000000 0.06081753902990024580 0.00000000000000000000
2.0300000000 0.06054717669891705040 0.00000000000000000000
2.0400000000 0.06028127679844772630 0.00000000000000000000
2.0500000000 0.06001974014287900921 0.00000000000000000000
2.0600000000 0.05976247018419190288 0.00000000000000000000
2.0700000000 0.05950937293271895551 0.00000000000000000000
2.0800000000 0.05926035688051484174 0.00000000000000000000
2.0900000000 0.05901533292723561142 0.00000000000000000000
2.1000000000 0.05877421430845022887 0.00000000000000000000
2.1100000000 0.05853691652628800063 0.00000000000000000000
2.1200000000 0.05830335728234724985 0.00000000000000000000
2.1300000000 0.05807345641278442716 0.00000000000000000000
2.1400000000 0.05784713582550302796 0.00000000000000000000
2.1500000000 0.05762431943937620232 0.00000000000000000000
2.1600000000 0.05740493312542555016 0.00000000000000000000
2.1700000000 0.05718890464989363071 0.00000000000000000000
2.1800000000 0.05697616361913931254 0.00000000000000000000
2.1900000000 0.05676664142629962023 0.00000000000000000000
2.2000000000 0.05656027119964756461 0.00000000000000000000
2.2100000000 0.05635698775259891796 0.00000000000000000000
2.2200000000 0.05615672753530272926 0.00000000000000000000
2.2300000000 0.05595942858776250389 0.00000000000000000000
2.2400000000 0.05576503049444277160 0.00000000000000000000
2.2500000000 0.05557347434029864808 0.00000000000000000000
2.2600000000 0.05538470266819175980 0.00000000000000000000
2.2700000000 0.05519865943763584137 0.00000000000000000000
2.2800000000 0.05501528998483442429 0.00000000000000000000
2.2900000000 0.05483454098396180199 0.00000000000000000000
2.3000000000 0.05465636040964776815 0.00000000000000000000
2.3100000000 0.05448069750062637523 0.00000000000000000000
2.3200000000 0.05430750272450581700 0.00000000000000000000
2.3300000000 0.05413672774362682932 0.00000000000000000000
2.3400000000 0.05396832538197104262 0.00000000000000000000
2.3500000000 0.05380224959308232968 0.00000000000000000000
2.3600000000 0.05363845542897101304 0.00000000000000000000
2.3700000000 0.05347689900996616813 0.00000000000000000000
2.3800000000 0.05331753749548563681 0.00000000000000000000
2.3900000000 0.05316032905569283151 0.00000000000000000000
2.4000000000 0.05300523284401031238 0.00000000000000000000
2.4100000000 0.05285220897046513655 0.00000000000000000000
2.4200000000 0.05270121847583493502 0.00000000000000000000
2.4300000000 0.05255222330657069452 0.00000000000000000000
2.4400000000 0.05240518629047097310 0.00000000000000000000
2.4500000000 0.05226007111308147296 0.00000000000000000000
2.4600000000 0.05211684229479884856 0.00000000000000000000
2.4700000000 0.05197546516865370059 0.00000000000000000000
2.4800000000 0.05183590585875215428 0.00000000000000000000
2.4900000000 0.05169813125935435877 0.00000000000000000000
2.5000000000 0.05156210901456946549 0.00000000000000000000
2.5100000000 0.05142780749864679646 0.00000000000000000000
2.5200000000 0.05129519579684597291 0.00000000000000000000
2.5300000000 0.05116424368686452173 0.00000000000000000000
2.5400000000 0.05103492162080846412 0.00000000000000000000
2.5500000000 0.05090720070768621486 0.00000000000000000000
2.5600000000 0.05078105269640971475 0.00000000000000000000
2.5700000000 0.05065644995928866162 0.00000000000000000000
2.5800000000 0.05053336547599852208 0.00000000000000000000
2.5900000000 0.05041177281801183241 0.00000000000000000000
2.6000000000 0.05029164613347439361 0.00000000000000000000
2.6100000000 0.05017296013251528602 0.00000000000000000000
2.6200000000 0.05005569007297476503 0.00000000000000000000
2.6300000000 0.04993981174654044120 0.00000000000000000000
2.6400000000 0.04982530146527285042 0.00000000000000000000
2.6500000000 0.04971213604851724283 0.00000000000000000000
2.6600000000 0.04960029281018066283 0.00000000000000000000
2.6700000000 0.04948974954636947005 0.00000000000000000000
2.6800000000 0.04938048452337319427 0.00000000000000000000
2.6900000000 0.04927247646598360148 0.00000000000000000000
2.7000000000 0.04916570454614218461 0.00000000000000000000
2.7100000000 0.04906014837190181277 0.00000000000000000000
2.7200000000 0.04895578797669548898 0.00000000000000000000
2.7300000000 0.04885260380890194681 0.00000000000000000000
2.7400000000 0.04875057672170040463 0.00000000000000000000
2.7500000000 0.04864968796320288946 0.00000000000000000000
2.7600000000 0.04854991916685973824 0.00000000000000000000
2.7700000000 0.04845125234212552257 0.00000000000000000000
2.7800000000 0.04835366986538178202 0.00000000000000000000
2.7900000000 0.04825715447110671963 0.00000000000000000000
2.8000000000 0.04816168924328339401 0.00000000000000000000
2.8100000000 0.04806725760704261274 0.00000000000000000000
2.8200000000 0.04797384332052988948 0.00000000000000000000
2.8300000000 0.04788143046699250283 0.00000000000000000000
2.8400000000 0.04779000344707932252 0.00000000000000000000
2.8500000000 0.04769954697134594357 0.00000000000000000000
2.8600000000 0.04761004605296138142 0.00000000000000000000
2.8700000000 0.04752148600060723121 0.00000000000000000000
2.8800000000 0.04743385241156818782 0.00000000000000000000
2.8900000000 0.04734713116500330332 0.00000000000000000000
2.9000000000 0.04726130841539615685 0.00000000000000000000
2.9100000000 0.04717637058617712292 0.00000000000000000000
2.9200000000 0.04709230436351456717 0.00000000000000000000
2.9300000000 0.04700909669026666349 0.00000000000000000000
2.9400000000 0.04692673476009317363 0.00000000000000000000
2.9500000000 0.04684520601171967419 0.00000000000000000000
2.9600000000 0.04676449812335155970 0.00000000000000000000
2.9700000000 0.04668459900723154199 0.00000000000000000000
2.9800000000 0.04660549680433999364 0.00000000000000000000
2.9900000000 0.04652717987922978804 0.00000000000000000000
3.0000000000 0.04644963681499494207 0.00000000000000000000
3.0100000000 0.04637285640836897455 0.00000000000000000000
3.0200000000 0.04629682766494592344 0.00000000000000000000
3.0300000000 0.04622153979452715139 0.00000000000000000000
3.0400000000 0.04614698220658295519 0.00000000000000000000
3.0500000000 0.04607314450583069321 0.00000000000000000000
3.0600000000 0.04600001648792477471 0.00000000000000000000
3.0700000000 0.04592758813525535389 0.00000000000000000000
3.0800000000 0.04585584961285269628 0.00000000000000000000
3.0900000000 0.04578479126439267965 0.00000000000000000000
3.1000000000 0.04571440360830522631 0.00000000000000000000
3.1100000000 0.04564467733397663957 0.00000000000000000000
3.1200000000 0.04557560329804860588 0.00000000000000000000
3.1300000000 0.04550717252080752062 0.00000000000000000000
3.1400000000 0.04543937618266433165 0.00000000000000000000
3.1500000000 0.04537220562071979379 0.00000000000000000000
3.1600000000 0.04530565232541539783 0.00000000000000000000
3.1700000000 0.04523970793726573431 0.00000000000000000000
3.1800000000 0.04517436424367075182 0.00000000000000000000
3.1900000000 0.04510961317580686192 0.00000000000000000000
3.2000000000 0.04504544680559136038 0.00000000000000000000
3.2100000000 0.04498185734272271141 0.00000000000000000000
3.2200000000 0.04491883713179121301 0.00000000000000000000
3.2300000000 0.04485637864945971054 0.00000000000000000000
3.2400000000 0.04479447450171170769 0.00000000000000000000
3.2500000000 0.04473311742116613948 0.00000000000000000000
3.2600000000 0.04467230026445558749 0.00000000000000000000
3.2700000000 0.04461201600966752112 0.00000000000000000000
3.2800000000 0.04455225775384617781 0.00000000000000000000
3.2900000000 0.04449301871055374308 0.00000000000000000000
3.3000000000 0.04443429220748926906 0.00000000000000000000
3.3100000000 0.04437607168416320136 0.00000000000000000000
3.3200000000 0.04431835068962729912 0.00000000000000000000
3.3300000000 0.04426112288025762370 0.00000000000000000000
3.3400000000 0.04420438201758884744 0.00000000000000000000
3.3500000000 0.04414812196619958412 0.00000000000000000000
3.3600000000 0.04409233669164640962 0.00000000000000000000
3.3700000000 0.04403702025844668383 0.00000000000000000000
3.3800000000 0.04398216682810675987 0.00000000000000000000
3.3900000000 0.04392777065719636470 0.00000000000000000000
3.4000000000 0.04387382609546754131 0.00000000000000000000
3.4100000000 0.04382032758401561978 0.00000000000000000000
3.4200000000 0.04376726965348380627 0.00000000000000000000
3.4300000000 0.04371464692230676852 0.00000000000000000000
3.4400000000 0.04366245409499600050 0.00000000000000000000
3.4500000000 0.04361068596046280277 0.00000000000000000000
3.4600000000 0.04355933739037958635 0.00000000000000000000
3.4700000000 0.04350840333757834827 0.00000000000000000000
3.4800000000 0.04345787883448447297 0.00000000000000000000
3.4900000000 0.04340775899158656054 0.00000000000000000000
3.5000000000 0.04335803899593951988 0.00000000000000000000
3.5100000000 0.04330871410970157237 0.00000000000000000000
3.5200000000 0.04325977966870361152 0.00000000000000000000
3.5300000000 0.04321123108105048849 0.00000000000000000000
3.5400000000 0.04316306382575257894 0.00000000000000000000
3.5500000000 0.04311527345138820022 0.00000000000000000000
3.5600000000 0.04306785557479525517 0.00000000000000000000
3.5700000000 0.04302080587979101312 0.00000000000000000000
3.5800000000 0.04297412011592079834 0.00000000000000000000
3.5900000000 0.04292779409723256751 0.00000000000000000000
3.6000000000 0.04288182370108021418 0.00000000000000000000
3.6100000000 0.04283620486695029206 0.00000000000000000000
3.6200000000 0.04279093359531614682 0.00000000000000000000
3.6300000000 0.04274600594651542518 0.00000000000000000000
3.6400000000 0.04270141803965245286 0.00000000000000000000
3.6500000000 0.04265716605152379548 0.00000000000000000000
3.6600000000 0.04261324621556690506 0.00000000000000000000
3.6700000000 0.04256965482083077679 0.00000000000000000000
3.6800000000 0.04252638821096929589 0.00000000000000000000
3.6900000000 0.04248344278325470735 0.00000000000000000000
3.7000000000 0.04244081498761342885 0.00000000000000000000
3.7100000000 0.04239850132568052238 0.00000000000000000000
3.7200000000 0.04235649834987539886 0.00000000000000000000
3.7300000000 0.04231480266249612598 0.00000000000000000000
3.7400000000 0.04227341091483280411 0.00000000000000000000
3.7500000000 0.04223231980629951060 0.00000000000000000000
3.7600000000 0.04219152608358441026 0.00000000000000000000
3.7700000000 0.04215102653981677577 0.00000000000000000000
3.7800000000 0.04211081801375209099 0.00000000000000000000
3.7900000000 0.04207089738897366177 0.00000000000000000000
3.8000000000 0.04203126159310996424 0.00000000000000000000
3.8100000000 0.04199190759706911830 0.00000000000000000000
3.8200000000 0.04195283241428816173 0.00000000000000000000
3.8300000000 0.04191403309999779114 0.00000000000000000000
3.8400000000 0.04187550675050236842 0.00000000000000000000
3.8500000000 0.04183725050247407568 0.00000000000000000000
3.8600000000 0.04179926153226171809 0.00000000000000000000
3.8700000000 0.04176153705521282872 0.00000000000000000000
3.8800000000 0.04172407432501023389 0.00000000000000000000
3.8900000000 0.04168687063302118495 0.00000000000000000000
3.9000000000 0.04164992330766006945 0.00000000000000000000
3.9100000000 0.04161322971376277269 0.00000000000000000000
3.9200000000 0.04157678725197520159 0.00000000000000000000
3.9300000000 0.04154059335815214055 0.00000000000000000000
3.9400000000 0.04150464550276895814 0.00000000000000000000
3.9500000000 0.04146894119034464504 0.00000000000000000000
3.9600000000 0.04143347795887659946 0.00000000000000000000
3.9700000000 0.04139825337928535604 0.00000000000000000000
3.9800000000 0.04136326505487154803 0.00000000000000000000
3.9900000000 0.04132851062078243820 0.00000000000000000000
4.0000000000 0.04129398774348922579 0.00000000000000000000
4.0100000000 0.04125969412027456068 0.00000000000000000000
4.0200000000 0.04122562747872959149 0.00000000000000000000
4.0300000000 0.04119178557626085313 0.00000000000000000000
4.0400000000 0.04115816619960725731 0.00000000000000000000
4.0500000000 0.04112476716436482688 0.00000000000000000000
4.0600000000 0.04109158631452221322 0.00000000000000000000
4.0700000000 0.04105862152200379089 0.00000000000000000000
4.0800000000 0.04102587068622230021 0.00000000000000000000
4.0900000000 0.04099333173363925442 0.00000000000000000000
4.1000000000 0.04096100261733432585 0.00000000000000000000
4.1100000000 0.04092888131658205947 0.00000000000000000000
4.1200000000 0.04089696583643723238 0.00000000000000000000
4.1300000000 0.04086525420732767949 0.00000000000000000000
4.1400000000 0.04083374448465492551 0.00000000000000000000
4.1500000000 0.04080243474840167944 0.00000000000000000000
4.1600000000 0.04077132310274757254 0.00000000000000000000
4.1700000000 0.04074040767569097471 0.00000000000000000000
4.1800000000 0.04070968661867865879 0.00000000000000000000
4.1900000000 0.04067915810624174455 0.00000000000000000000
4.2000000000 0.04064882033563860936 0.00000000000000000000
4.2100000000 0.04061867152650421031 0.00000000000000000000
4.2200000000 0.04058870992050599841 0.00000000000000000000
4.2300000000 0.04055893378100575847 0.00000000000000000000
4.2400000000 0.04052934139272786063 0.00000000000000000000
4.2500000000 0.04049993106143361804 0.00000000000000000000
4.2600000000 0.04047070111360118183 0.00000000000000000000
4.2700000000 0.04044164989611154920 0.00000000000000000000
4.2800000000 0.04041277577594008102 0.00000000000000000000
4.2900000000 0.04038407713985347341 0.00000000000000000000
4.3000000000 0.04035555239411217632 0.00000000000000000000
4.3100000000 0.04032719996417837016 0.00000000000000000000
4.3200000000 0.04029901829442865402 0.00000000000000000000
4.3300000000 0.04027100584787243059 0.00000000000000000000
4.3400000000 0.04024316110587457251 0.00000000000000000000
4.3500000000 0.04021548256788389647 0.00000000000000000000
4.3600000000 0.04018796875116528028 0.00000000000000000000
4.3700000000 0.04016061819053731025 0.00000000000000000000
4.3800000000 0.04013342943811469554 0.00000000000000000000
4.3900000000 0.04010640106305410346 0.00000000000000000000
4.4000000000 0.04007953165130560824 0.00000000000000000000
4.4100000000 0.04005281980536769260 0.00000000000000000000
4.4200000000 0.04002626414404678035 0.00000000000000000000
4.4300000000 0.03999986330222090464 0.00000000000000000000
4.4400000000 0.03997361593060751866 0.00000000000000000000
4.4500000000 0.03994752069553504648 0.00000000000000000000
4.4600000000 0.03992157627871854852 0.00000000000000000000
4.4700000000 0.03989578137703930077 0.00000000000000000000
4.4800000000 0.03987013470232775303 0.00000000000000000000
4.4900000000 0.03984463498115073388 0.00000000000000000000
4.5000000000 0.03981928095460184752 0.00000000000000000000
4.5100000000 0.03979407137809535394 0.00000000000000000000
4.5200000000 0.03976900502116392788 0.00000000000000000000
4.5300000000 0.03974408066725952648 0.00000000000000000000
4.5400000000 0.03971929711355767778 0.00000000000000000000
4.5500000000 0.03969465317076493333 0.00000000000000000000
4.5600000000 0.03967014766292980416 0.00000000000000000000
4.5700000000 0.03964577942725649312 0.00000000000000000000
4.5800000000 0.03962154731392204116 0.00000000000000000000
4.5900000000 0.03959745018589636706 0.00000000000000000000
4.6000000000 0.03957348691876514529 0.00000000000000000000
4.6100000000 0.03954965640055577852 0.00000000000000000000
4.6200000000 0.03952595753156629144 0.00000000000000000000
4.6300000000 0.03950238922419681276 0.00000000000000000000
4.6400000000 0.03947895040278397855 0.00000000000000000000
4.6500000000 0.03945564000343792371 0.00000000000000000000
4.6600000000 0.03943245697388195192 0.00000000000000000000
4.6700000000 0.03940940027329511985 0.00000000000000000000
4.6800000000 0.03938646887215654230 0.00000000000000000000
4.6900000000 0.03936366175209331936 0.00000000000000000000
4.7000000000 0.03934097790573005266 0.00000000000000000000
4.7100000000 0.03931841633654093587 0.00000000000000000000
4.7200000000 0.03929597605870474575 0.00000000000000000000
4.7300000000 0.03927365609696144289 0.00000000000000000000
4.7400000000 0.03925145548647150651 0.00000000000000000000
4.7500000000 0.03922937327267723290 0.00000000000000000000
4.7600000000 0.03920740851116653186 0.00000000000000000000
4.7700000000 0.03918556026753870769 0.00000000000000000000
4.7800000000 0.03916382761727205813 0.00000000000000000000
4.7900000000 0.03914220964559438770 0.00000000000000000000
4.8000000000 0.03912070544735454791 0.00000000000000000000
4.8100000000 0.03909931412689682251 0.00000000000000000000
4.8200000000 0.03907803479793659635 0.00000000000000000000
4.8300000000 0.03905686658343864720 0.00000000000000000000
4.8400000000 0.03903580861549663800 0.00000000000000000000
4.8500000000 0.03901486003521501683 0.00000000000000000000
4.8600000000 0.03899401999259249907 0.00000000000000000000
4.8700000000 0.03897328764640733967 0.00000000000000000000
4.8800000000 0.03895266216410433330 0.00000000000000000000
4.8900000000 0.03893214272168393775 0.00000000000000000000
4.9000000000 0.03891172850359241736 0.00000000000000000000
4.9100000000 0.03889141870261429018 0.00000000000000000000
4.9200000000 0.03887121251976614900 0.00000000000000000000
4.9300000000 0.03885110916419177995 0.00000000000000000000
4.9400000000 0.03883110785305975837 0.00000000000000000000
4.9500000000 0.03881120781146157189 0.00000000000000000000
4.9600000000 0.03879140827231196409 0.00000000000000000000
4.9700000000 0.03877170847625041605 0.00000000000000000000
4.9800000000 0.03875210767154443903 0.00000000000000000000
4.9900000000 0.03873260511399387318 0.00000000000000000000
5.0000000000 0.03871320006683728887 0.00000000000000000000
