0.1000000000 1.61616316640657742276 0.00000000000000000000
0.1100000000 1.52148760473689503847 0.00000000000000000000
0.1200000000 1.43414352146302914726 0.00000000000000000000
0.1300000000 1.35369857770815049669 0.00000000000000000000
0.1400000000 1.27968170235470557472 0.00000000000000000000
0.1500000000 1.21160293858717560411 0.00000000000000000000
0.1600000000 1.14897032933378584474 0.00000000000000000000
0.1700000000 1.09130336452352039167 0.00000000000000000000
0.1800000000 1.03814295728717742584 0.00000000000000000000
0.1900000000 0.98905822821737665596 0.00000000000000000000
0.2000000000 0.94365055769958172682 0.00000000000000000000
0.2100000000 0.90155543878973676275 0.00000000000000000000
0.2200000000 0.86244265807614350905 0.00000000000000000000
0.2300000000 0.82601527945424502164 0.00000000000000000000
0.2400000000 0.79200783009634001530 0.00000000000000000000
0.2500000000 0.76018400631206883844 0.00000000000000000000
0.2600000000 0.73033414010057895460 0.00000000000000000000
0.2700000000 0.70227260049953466048 0.00000000000000000000
0.2800000000 0.67583524931687355419 0.00000000000000000000
0.2900000000 0.65087702830444837954 0.00000000000000000000
0.3000000000 0.62726972297338012829 0.00000000000000000000
0.3100000000 0.60489992527532976396 0.00000000000000000000
0.3200000000 0.58366720144909645107 0.00000000000000000000
0.3300000000 0.56348246079347241722 0.00000000000000000000
0.3400000000 0.54426651456979369126 0.00000000000000000000
0.3500000000 0.52594881053305597707 0.00000000000000000000
0.3600000000 0.50846632686677095680 0.00000000000000000000
0.3700000000 0.49176260890014306115 0.00000000000000000000
0.3800000000 0.47578693243948200209 0.00000000000000000000
0.3900000000 0.46049357850935462855 0.00000000000000000000
0.4000000000 0.44584120553719797098 0.00000000000000000000
0.4100000000 0.43179230636908577656 0.00000000000000000000
0.4200000000 0.41831273887060227423 0.00000000000000000000
0.4300000000 0.40537132018112509435 0.00000000000000000000
0.4400000000 0.39293947591521732887 0.00000000000000000000
0.4500000000 0.38099093672257083876 0.00000000000000000000
0.4600000000 0.36950147562148910607 0.00000000000000000000
0.4700000000 0.35844868041136895842 0.00000000000000000000
0.4800000000 0.34781175625269644680 0.00000000000000000000
0.4900000000 0.33757135418697203910 0.00000000000000000000
0.5000000000 0.32770942196316649175 0.00000000000000000000
0.5100000000 0.31820907405138532109 0.00000000000000000000
0.5200000000 0.30905447816772979586 0.00000000000000000000
0.5300000000 0.30023075601589704897 0.00000000000000000000
0.5400000000 0.29172389627853828609 0.00000000000000000000
0.5500000000 0.28352067817239517966 0.00000000000000000000
0.5600000000 0.27560860412187598856 0.00000000000000000000
0.5700000000 0.26797584031177179575 0.00000000000000000000
0.5800000000 0.26061116405616047143 0.00000000000000000000
0.5900000000 0.25350391707135755404 0.00000000000000000000
0.6000000000 0.24664396386984147047 0.00000000000000000000
0.6100000000 0.24002165460244506701 0.00000000000000000000
0.6200000000 0.23362779177063056069 0.00000000000000000000
0.6300000000 0.22745360031140685053 0.00000000000000000000
0.6400000000 0.22149070062676945447 0.00000000000000000000
0.6500000000 0.21573108418876549286 0.00000000000000000000
0.6600000000 0.21016709140209072215 0.00000000000000000000
0.6700000000 0.20479139144970223696 0.00000000000000000000
0.6800000000 0.19959696388422554225 0.00000000000000000000
0.6900000000 0.19457708176010388157 0.00000000000000000000
0.7000000000 0.18972529612878494265 0.00000000000000000000
0.7100000000 0.18503542174307560653 0.00000000000000000000
0.7200000000 0.18050152383702811054 0.00000000000000000000
0.7300000000 0.17611790586519754376 0.00000000000000000000
0.7400000000 0.17187909810025214785 0.00000000000000000000
0.7500000000 0.16777984700081155500 0.00000000000000000000
0.7600000000 0.16381510527260642607 0.00000000000000000000
0.7700000000 0.15998002255570684116 0.00000000000000000000
0.7800000000 0.15626993667885344386 0.00000000000000000000
0.7900000000 0.15268036542921800680 0.00000000000000000000
0.8000000000 0.14920699879197715787 0.00000000000000000000
0.8100000000 0.14584569161969090922 0.00000000000000000000
0.8200000000 0.14259245669592618411 0.00000000000000000000
0.8300000000 0.13944345816177527997 0.00000000000000000000
0.8400000000 0.13639500527736952984 0.00000000000000000000
0.8500000000 0.13344354649346903963 0.00000000000000000000
0.8600000000 0.13058566381112621246 0.00000000000000000000
0.8700000000 0.12781806740928361443 0.00000000000000000000
0.8800000000 0.12513759052277578787 0.00000000000000000000
0.8900000000 0.12254118455435286661 0.00000000000000000000
0.9000000000 0.12002591440645346554 0.00000000000000000000
0.9100000000 0.11758895401933783242 0.00000000000000000000
0.9200000000 0.11522758210378512833 0.00000000000000000000
0.9300000000 0.11293917805719239089 0.00000000000000000000
0.9400000000 0.11072121805336405942 0.00000000000000000000
0.9500000000 0.10857127129641327978 0.00000000000000000000
0.9600000000 0.10648699643074621690 0.00000000000000000000
0.9700000000 0.10446613809881490076 0.00000000000000000000
0.9800000000 0.10250652363980400361 0.00000000000000000000
0.9900000000 0.10060605992242241391 0.00000000000000000000
1.0000000000 0.09876273030490510807 0.00000000000000000000
1.0100000000 0.09697459171788891386 0.00000000000000000000
1.0200000000 0.09523977186256704641 0.00000000000000000000
1.0300000000 0.09355646652043519973 0.00000000000000000000
1.0400000000 0.09192293696973387329 0.00000000000000000000
1.0500000000 0.09033750750310974575 0.00000000000000000000
1.0600000000 0.08879856304297467640 0.00000000000000000000
1.0700000000 0.08730454685005885340 0.00000000000000000000
1.0800000000 0.08585395832143891126 0.00000000000000000000
1.0900000000 0.08444535087427541831 0.00000000000000000000
1.1000000000 0.08307732991176762505 0.00000000000000000000
1.1100000000 0.08174855086799315274 0.00000000000000000000
1.1200000000 0.08045771732842729729 0.00000000000000000000
1.1300000000 0.07920357922314694155 0.00000000000000000000
1.1400000000 0.07798493108975264321 0.00000000000000000000
1.1500000000 0.07680061040330356248 0.00000000000000000000
1.1600000000 0.07564949597054779207 0.00000000000000000000
1.1700000000 0.07453050638597753796 0.00000000000000000000
1.1800000000 0.07344259854719509262 0.00000000000000000000
1.1900000000 0.07238476622736690624 0.00000000000000000000
1.2000000000 0.07135603870241323532 0.00000000000000000000
1.2100000000 0.07035547943089204281 0.00000000000000000000
1.2200000000 0.06938218478446873949 0.00000000000000000000
1.2300000000 0.06843528282699697096 0.00000000000000000000
1.2400000000 0.06751393214036155443 0.00000000000000000000
1.2500000000 0.06661732069521930644 0.00000000000000000000
1.2600000000 0.06574466476491241940 0.00000000000000000000
1.2700000000 0.06489520788088762315 0.00000000000000000000
1.2800000000 0.06406821982798295567 0.00000000000000000000
1.2900000000 0.06326299567806686897 0.00000000000000000000
1.3000000000 0.06247885486052204979 0.00000000000000000000
1.3100000000 0.06171514026814828996 0.00000000000000000000
1.3200000000 0.06097121739712076799 0.00000000000000000000
1.3300000000 0.06024647351967427067 0.00000000000000000000
1.3400000000 0.05954031688824830415 0.00000000000000000000
1.3500000000 0.05885217596987404182 0.00000000000000000000
1.3600000000 0.05818149870964011566 0.00000000000000000000
1.3700000000 0.05752775182209138305 0.00000000000000000000
1.3800000000 0.05689042010950110667 0.00000000000000000000
1.3900000000 0.05626900580596053830 0.00000000000000000000
1.4000000000 0.05566302794629281875 0.00000000000000000000
1.4100000000 0.05507202175882858208 0.00000000000000000000
1.4200000000 0.05449553808111874675 0.00000000000000000000
1.4300000000 0.05393314279769945152 0.00000000000000000000
1.4400000000 0.05338441629905513880 0.00000000000000000000
1.4500000000 0.05284895296095195455 0.00000000000000000000
1.4600000000 0.05232636064337168463 0.00000000000000000000
1.4700000000 0.05181626020826621271 0.00000000000000000000
1.4800000000 0.05131828505542187363 0.00000000000000000000
1.4900000000 0.05083208067572712180 0.00000000000000000000
1.5000000000 0.05035730422116798527 0.00000000000000000000
1.5100000000 0.04989362409091956108 0.00000000000000000000
1.5200000000 0.04944071953288631943 0.00000000000000000000
1.5300000000 0.04899828026012702231 0.00000000000000000000
1.5400000000 0.04856600608156789317 0.00000000000000000000
1.5500000000 0.04814360654645300636 0.00000000000000000000
1.5600000000 0.04773080060202729291 0.00000000000000000000
1.5700000000 0.04732731626390641183 0.00000000000000000000
1.5800000000 0.04693289029867644263 0.00000000000000000000
1.5900000000 0.04654726791824170817 0.00000000000000000000
1.6000000000 0.04617020248545848637 0.00000000000000000000
1.6100000000 0.04580145523064830387 0.00000000000000000000
1.6200000000 0.04544079497854115052 0.00000000000000000000
1.6300000000 0.04508799788527923652 0.00000000000000000000
1.6400000000 0.04474284718507202940 0.00000000000000000000
1.6500000000 0.04440513294615002632 0.00000000000000000000
1.6600000000 0.04407465183565290046 0.00000000000000000000
1.6700000000 0.04375120689311245287 0.00000000000000000000
1.6800000000 0.04343460731220746135 0.00000000000000000000
1.6900000000 0.04312466823046692127 0.00000000000000000000
1.7000000000 0.04282121052662847538 0.00000000000000000000
1.7100000000 0.04252406062534910824 0.00000000000000000000
1.7200000000 0.04223305030900609963 0.00000000000000000000
1.7300000000 0.04194801653630047394 0.00000000000000000000
1.7400000000 0.04166880126741663581 0.00000000000000000000
1.7500000000 0.04139525129548830840 0.00000000000000000000
1.7600000000 0.04112721808413208335 0.00000000000000000000
1.7700000000 0.04086455761081552590 0.00000000000000000000
1.7800000000 0.04060713021584570759 0.00000000000000000000
1.7900000000 0.04035480045676474725 0.00000000000000000000
1.8000000000 0.04010743696794590724 0.00000000000000000000
1.8100000000 0.03986491232519865507 0.00000000000000000000
1.8200000000 0.03962710291519375844 0.00000000000000000000
1.8300000000 0.03939388880952703065 0.00000000000000000000
1.8400000000 0.03916515364324875403 0.00000000000000000000
1.8500000000 0.03894078449769385053 0.00000000000000000000
1.8600000000 0.03872067178744820898 0.00000000000000000000
1.8700000000 0.03850470915130080329 0.00000000000000000000
1.8800000000 0.03829279334703374060 0.00000000000000000000
1.8900000000 0.03808482414990368298 0.00000000000000000000
1.9000000000 0.03788070425468188784 0.00000000000000000000
1.9100000000 0.03768033918112041053 0.00000000000000000000
1.9200000000 0.03748363718271630063 0.00000000000000000000
1.9300000000 0.03729050915865245175 0.00000000000000000000
1.9400000000 0.03710086856879914879 0.00000000000000000000
1.9500000000 0.03691463135166581089 0.00000000000000000000
1.9600000000 0.03673171584518737653 0.00000000000000000000
1.9700000000 0.03655204271024989349 0.00000000000000000000
1.9800000000 0.03637553485685026539 0.00000000000000000000
1.9900000000 0.03620211737279445396 0.00000000000000000000
2.0000000000 0.03603171745484358424 0.00000000000000000000
2.0100000000 0.03586426434221594295 0.00000000000000000000
2.0200000000 0.03569968925236185336 0.00000000000000000000
2.0300000000 0.03553792531892736167 0.00000000000000000000
2.0400000000 0.03537890753182793002 0.00000000000000000000
2.0500000000 0.03522257267935581526 0.00000000000000000000
2.0600000000 0.03506885929225017628 0.00000000000000000000
2.0700000000 0.03491770758965171556 0.00000000000000000000
2.0800000000 0.03476905942688537920 0.00000000000000000000
2.0900000000 0.03462285824499530124 0.00000000000000000000
2.1000000000 0.03447904902197453797 0.00000000000000000000
2.1100000000 0.03433757822562825274 0.00000000000000000000
2.1200000000 0.03419839376801162706 0.00000000000000000000
2.1300000000 0.03406144496138607120 0.00000000000000000000
2.1400000000 0.03392668247563909723 0.00000000000000000000
2.1500000000 0.03379405829711931014 0.00000000000000000000
2.1600000000 0.03366352568883201890 0.00000000000000000000
2.1700000000 0.03353503915194935153 0.00000000000000000000
2.1800000000 0.03340855438859050008 0.00000000000000000000
2.1900000000 0.03328402826582234353 0.00000000000000000000
2.2000000000 0.03316141878084337413 0.00000000000000000000
2.2100000000 0.03304068502730469342 0.00000000000000000000
2.2200000000 0.03292178716273135020 0.00000000000000000000
2.2300000000 0.03280468637700389295 0.00000000000000000000
2.2400000000 0.03268934486186297894 0.00000000000000000000
2.2500000000 0.03257572578140380953 0.00000000000000000000
2.2600000000 0.03246379324352347689 0.00000000000000000000
2.2700000000 0.03235351227228842191 0.00000000000000000000
2.2800000000 0.03224484878119154158 0.00000000000000000000
2.2900000000 0.03213776954726823426 0.00000000000000000000
2.3000000000 0.03203224218603931833 0.00000000000000000000
2.3100000000 0.03192823512725544849 0.00000000000000000000
2.3200000000 0.03182571759141356732 0.00000000000000000000
2.3300000000 0.03172465956702061329 0.00000000000000000000
2.3400000000 0.03162503178857638958 0.00000000000000000000
2.3500000000 0.03152680571525411785 0.00000000000000000000
2.3600000000 0.03142995351025251044 0.00000000000000000000
2.3700000000 0.03133444802079768388 0.00000000000000000000
2.3800000000 0.03124026275877322956 0.00000000000000000000
2.3900000000 0.03114737188195603954 0.00000000000000000000
2.4000000000 0.03105575017583853820 0.00000000000000000000
2.4100000000 0.03096537303601668012 0.00000000000000000000
2.4200000000 0.03087621645112510055 0.00000000000000000000
2.4300000000 0.03078825698630241817 0.00000000000000000000
2.4400000000 0.03070147176716600187 0.00000000000000000000
2.4500000000 0.03061583846428104008 0.00000000000000000000
2.4600000000 0.03053133527810880654 0.00000000000000000000
2.4700000000 0.03044794092441448566 0.00000000000000000000
2.4800000000 0.03036563462012294851 0.00000000000000000000
2.4900000000 0.03028439606960613151 0.00000000000000000000
2.5000000000 0.03020420545138683896 0.00000000000000000000
2.5100000000 0.03012504340524677776 0.00000000000000000000
2.5200000000 0.03004689101972529350 0.00000000000000000000
2.5300000000 0.02996972981999491623 0.00000000000000000000
2.5400000000 0.02989354175610315148 0.00000000000000000000
2.5500000000 0.02981830919156591361 0.00000000000000000000
2.5600000000 0.02974401489230470846 0.00000000000000000000
2.5700000000 0.02967064201591276471 0.00000000000000000000
2.5800000000 0.02959817410124193290 0.00000000000000000000
2.5900000000 0.02952659505829925701 0.00000000000000000000
2.6000000000 0.02945588915844252545 0.00000000000000000000
2.6100000000 0.02938604102486555916 0.00000000000000000000
2.6200000000 0.02931703562336558308 0.00000000000000000000
2.6300000000 0.02924885825338003828 0.00000000000000000000
2.6400000000 0.02918149453928820664 0.00000000000000000000
2.6500000000 0.02911493042196538344 0.00000000000000000000
2.6600000000 0.02904915215058563940 0.00000000000000000000
2.6700000000 0.02898414627466107049 0.00000000000000000000
2.6800000000 0.02891989963631308447 0.00000000000000000000
2.6900000000 0.02885639936276783793 0.00000000000000000000
2.7000000000 0.02879363285906598804 0.00000000000000000000
2.7100000000 0.02873158780098557935 0.00000000000000000000
2.7200000000 0.02867025212816530846 0.00000000000000000000
2.7300000000 0.02860961403742561318 0.00000000000000000000
2.7400000000 0.02854966197628040422 0.00000000000000000000
2.7500000000 0.02849038463663421464 0.00000000000000000000
2.7600000000 0.02843177094865628057 0.00000000000000000000
2.7700000000 0.02837381007483052997 0.00000000000000000000
2.7800000000 0.02831649140417095284 0.00000000000000000000
2.7900000000 0.02825980454660261335 0.00000000000000000000
2.8000000000 0.02820373932749757617 0.00000000000000000000
2.8100000000 0.02814828578236621900 0.00000000000000000000
2.8200000000 0.02809343415169499730 0.00000000000000000000
2.8300000000 0.02803917487592874278 0.00000000000000000000
2.8400000000 0.02798549859059254116 0.00000000000000000000
2.8500000000 0.02793239612154738843 0.00000000000000000000
2.8600000000 0.02787985848037859843 0.00000000000000000000
2.8700000000 0.02782787685990925283 0.00000000000000000000
2.8800000000 0.02777644262983858248 0.00000000000000000000
2.8900000000 0.02772554733249812942 0.00000000000000000000
2.9000000000 0.02767518267872508958 0.00000000000000000000
2.9100000000 0.02762534054384692059 0.00000000000000000000
2.9200000000 0.02757601296377530653 0.00000000000000000000
2.9300000000 0.02752719213120671804 0.00000000000000000000
2.9400000000 0.02747887039192326020 0.00000000000000000000
2.9500000000 0.02743104024119561585 0.00000000000000000000
2.9600000000 0.02738369432028061115 0.00000000000000000000
2.9700000000 0.02733682541301352478 0.00000000000000000000
2.9800000000 0.02729042644249057153 0.00000000000000000000
2.9900000000 0.02724449046784037723 0.00000000000000000000
3.0000000000 0.02719901068108036488 0.00000000000000000000
3.0100000000 0.02715398040405683777 0.00000000000000000000
3.0200000000 0.02710939308546537335 0.00000000000000000000
3.0300000000 0.02706524229794929001 0.00000000000000000000
3.0400000000 0.02702152173527550688 0.00000000000000000000
3.0500000000 0.02697822520958211359 0.00000000000000000000
3.0600000000 0.02693534664869965539 0.00000000000000000000
3.0700000000 0.02689288009354078718 0.00000000000000000000
3.0800000000 0.02685081969555810563 0.00000000000000000000
3.0900000000 0.02680915971426741859 0.00000000000000000000
3.1000000000 0.02676789451483515755 0.00000000000000000000
3.1100000000 0.02672701856572701901 0.00000000000000000000
3.1200000000 0.02668652643641752573 0.00000000000000000000
3.1300000000 0.02664641279515827382 0.00000000000000000000
3.1400000000 0.02660667240680175336 0.00000000000000000000
3.1500000000 0.02656730013068159604 0.00000000000000000000
3.1600000000 0.02652829091854621082 0.00000000000000000000
3.1700000000 0.02648963981254421479 0.00000000000000000000
3.1800000000 0.02645134194326059437 0.00000000000000000000
3.1900000000 0.02641339252780249697 0.00000000000000000000
3.2000000000 0.02637578686793271010 0.00000000000000000000
3.2100000000 0.02633852034824944385 0.00000000000000000000
3.2200000000 0.02630158843441141731 0.00000000000000000000
3.2300000000 0.02626498667140754820 0.00000000000000000000
3.2400000000 0.02622871068186842167 0.00000000000000000000
3.2500000000 0.02619275616442004462 0.00000000000000000000
3.2600000000 0.02615711889207814403 0.00000000000000000000
3.2700000000 0.02612179471068075062 0.00000000000000000000
3.2800000000 0.02608677953736040361 0.00000000000000000000
3.2900000000 0.02605206935905310731 0.00000000000000000000
3.3000000000 0.02601766023104241932 0.00000000000000000000
3.3100000000 0.02598354827554059249 0.00000000000000000000
3.3200000000 0.02594972968030265573 0.00000000000000000000
3.3300000000 0.02591620069727395767 0.00000000000000000000
3.3400000000 0.02588295764127062151 0.00000000000000000000
3.3500000000 0.02584999688869148507 0.00000000000000000000
3.3600000000 0.02581731487626015217 0.00000000000000000000
3.3700000000 0.02578490809979740520 0.00000000000000000000
3.3800000000 0.02575277311302327440 0.00000000000000000000
3.3900000000 0.02572090652638585676 0.00000000000000000000
3.4000000000 0.02568930500591918437 0.00000000000000000000
3.4100000000 0.02565796527212730813 0.00000000000000000000
3.4200000000 0.02562688409889435359 0.00000000000000000000
3.4300000000 0.02559605831242070875 0.00000000000000000000
3.4400000000 0.02556548479018276240 0.00000000000000000000
3.4500000000 0.02553516045991806316 0.00000000000000000000
3.4600000000 0.02550508229863330395 0.00000000000000000000
3.4700000000 0.02547524733163484753 0.00000000000000000000
3.4800000000 0.02544565263158239665 0.00000000000000000000
3.4900000000 0.02541629531756386950 0.00000000000000000000
3.5000000000 0.02538717255419107796 0.00000000000000000000
3.5100000000 0.02535828155071679496 0.00000000000000000000
3.5200000000 0.02532961956017111896 0.00000000000000000000
3.5300000000 0.02530118387851805831 0.00000000000000000000
3.5400000000 0.02527297184383058004 0.00000000000000000000
3.5500000000 0.02524498083548459143 0.00000000000000000000
3.5600000000 0.02521720827337060530 0.00000000000000000000
3.5700000000 0.02518965161712391834 0.00000000000000000000
3.5800000000 0.02516230836537081475 0.00000000000000000000
3.5900000000 0.02513517605499216226 0.00000000000000000000
3.6000000000 0.02510825226040358862 0.00000000000000000000
3.6100000000 0.02508153459285100695 0.00000000000000000000
3.6200000000 0.02505502069972141005 0.00000000000000000000
3.6300000000 0.02502870826387029388 0.00000000000000000000
3.6400000000 0.02500259500296204973 0.00000000000000000000
3.6500000000 0.02497667866882556306 0.00000000000000000000
3.6600000000 0.02495095704682413762 0.00000000000000000000
3.6700000000 0.02492542795523825655 0.00000000000000000000
3.6800000000 0.02490008924466263762 0.00000000000000000000
3.6900000000 0.02487493879741555988 0.00000000000000000000
3.7000000000 0.02484997452696138115 0.00000000000000000000
3.7100000000 0.02482519437734479265 0.00000000000000000000
3.7200000000 0.02480059632263830957 0.00000000000000000000
3.7300000000 0.02477617836640011797 0.00000000000000000000
3.7400000000 0.02475193854114477940 0.00000000000000000000
3.7500000000 0.02472787490782384426 0.00000000000000000000
3.7600000000 0.02470398555531884768 0.00000000000000000000
3.7700000000 0.02468026859994382205 0.00000000000000000000
3.7800000000 0.02465672218495857174 0.00000000000000000000
3.7900000000 0.02463334448009275521 0.00000000000000000000
3.8000000000 0.02461013368107880725 0.00000000000000000000
3.8100000000 0.02458708800919557833 0.00000000000000000000
3.8200000000 0.02456420571082082102 0.00000000000000000000
3.8300000000 0.02454148505699337707 0.00000000000000000000
3.8400000000 0.02451892434298370838 0.00000000000000000000
3.8500000000 0.02449652188787422927 0.00000000000000000000
3.8600000000 0.02447427603414729577 0.00000000000000000000
3.8700000000 0.02445218514728228487 0.00000000000000000000
3.8800000000 0.02443024761536046613 0.00000000000000000000
3.8900000000 0.02440846184867819998 0.00000000000000000000
3.9000000000 0.02438682627936772374 0.00000000000000000000
3.9100000000 0.02436533936102583398 0.00000000000000000000
3.9200000000 0.02434399956834975426 0.00000000000000000000
3.9300000000 0.02432280539678061820 0.00000000000000000000
3.9400000000 0.02430175536215388801 0.00000000000000000000
3.9500000000 0.02428084800035673271 0.00000000000000000000
3.9600000000 0.02426008186699248059 0.00000000000000000000
3.9700000000 0.02423945553705128889 0.00000000000000000000
3.9800000000 0.02421896760458780787 0.00000000000000000000
3.9900000000 0.02419861668240501362 0.00000000000000000000
4.0000000000 0.02417840140174390071 0.00000000000000000000
4.0100000000 0.02415832041197978758 0.00000000000000000000
4.0200000000 0.02413837238032439519 0.00000000000000000000
4.0300000000 0.02411855599153374038 0.00000000000000000000
4.0400000000 0.02409886994762120913 0.00000000000000000000
4.0500000000 0.02407931296757727727 0.00000000000000000000
4.0600000000 0.02405988378709348480 0.00000000000000000000
4.0700000000 0.02404058115829237063 0.00000000000000000000
4.0800000000 0.02402140384946269483 0.00000000000000000000
4.0900000000 0.02400235064479922659 0.00000000000000000000
4.1000000000 0.02398342034414778848 0.00000000000000000000
4.1100000000 0.02396461176275530361 0.00000000000000000000
4.1200000000 0.02394592373102438776 0.00000000000000000000
4.1300000000 0.02392735509427235119 0.00000000000000000000
4.1400000000 0.02390890471249537338 0.00000000000000000000
4.1500000000 0.02389057146013676830 0.00000000000000000000
4.1600000000 0.02387235422585916658 0.00000000000000000000
4.1700000000 0.02385425191232174932 0.00000000000000000000
4.1800000000 0.02383626343596133984 0.00000000000000000000
4.1900000000 0.02381838772677719041 0.00000000000000000000
4.2000000000 0.02380062372812025845 0.00000000000000000000
4.2100000000 0.02378297039648627487 0.00000000000000000000
4.2200000000 0.02376542670131225402 0.00000000000000000000
4.2300000000 0.02374799162477740297 0.00000000000000000000
4.2400000000 0.02373066416160700409 0.00000000000000000000
4.2500000000 0.02371344331888047829 0.00000000000000000000
4.2600000000 0.02369632811584238344 0.00000000000000000000
4.2700000000 0.02367931758371742343 0.00000000000000000000
4.2800000000 0.02366241076552824327 0.00000000000000000000
4.2900000000 0.02364560671591705437 0.00000000000000000000
4.3000000000 0.02362890450096999037 0.00000000000000000000
4.3100000000 0.02361230319804499128 0.00000000000000000000
4.3200000000 0.02359580189560263677 0.00000000000000000000
4.3300000000 0.02357939969303984862 0.00000000000000000000
4.3400000000 0.02356309570052688568 0.00000000000000000000
4.3500000000 0.02354688903884711096 0.00000000000000000000
4.3600000000 0.02353077883923907626 0.00000000000000000000
4.3700000000 0.02351476424324249956 0.00000000000000000000
4.3800000000 0.02349884440254595280 0.00000000000000000000
4.3900000000 0.02348301847883756122 0.00000000000000000000
4.4000000000 0.02346728564365871753 0.00000000000000000000
4.4100000000 0.02345164507825947542 0.00000000000000000000
4.4200000000 0.02343609597345755469 0.00000000000000000000
4.4300000000 0.02342063752949860578 0.00000000000000000000
4.4400000000 0.02340526895592006523 0.00000000000000000000
4.4500000000 0.02338998947141653420 0.00000000000000000000
4.4600000000 0.02337479830370783190 0.00000000000000000000
4.4700000000 0.02335969468940912730 0.00000000000000000000
4.4800000000 0.02334467787390369711 0.00000000000000000000
4.4900000000 0.02332974711121726941 0.00000000000000000000
4.5000000000 0.02331490166389495189 0.00000000000000000000
4.5100000000 0.02330014080288018638 0.00000000000000000000
4.5200000000 0.02328546380739560454 0.00000000000000000000
4.5300000000 0.02327086996482601033 0.00000000000000000000
4.5400000000 0.02325635857060327771 0.00000000000000000000
4.5500000000 0.02324192892809326047 0.00000000000000000000
4.5600000000 0.02322758034848458608 0.00000000000000000000
4.5700000000 0.02321331215067921547 0.00000000000000000000
4.5800000000 0.02319912366118489708 0.00000000000000000000
4.5900000000 0.02318501421400951876 0.00000000000000000000
4.6000000000 0.02317098315055690638 0.00000000000000000000
4.6100000000 0.02315702981952480130 0.00000000000000000000
4.6200000000 0.02314315357680393759 0.00000000000000000000
4.6300000000 0.02312935378537952363 0.00000000000000000000
4.6400000000 0.02311562981523358068 0.00000000000000000000
4.6500000000 0.02310198104324929363 0.00000000000000000000
4.6600000000 0.02308840685311706886 0.00000000000000000000
4.6700000000 0.02307490663524168484 0.00000000000000000000
4.6800000000 0.02306147978665122611 0.00000000000000000000
4.6900000000 0.02304812571090758891 0.00000000000000000000
4.7000000000 0.02303484381801800332 0.00000000000000000000
4.7100000000 0.02302163352434864751 0.00000000000000000000
4.7200000000 0.02300849425253897670 0.00000000000000000000
4.7300000000 0.02299542543141785619 0.00000000000000000000
4.7400000000 0.02298242649592080467 0.00000000000000000000
4.7500000000 0.02296949688700877443 0.00000000000000000000
4.7600000000 0.02295663605158809045 0.00000000000000000000
4.7700000000 0.02294384344243157597 0.00000000000000000000
4.7800000000 0.02293111851810121157 0.00000000000000000000
4.7900000000 0.02291846074287150550 0.00000000000000000000
4.8000000000 0.02290586958665477568 0.00000000000000000000
4.8100000000 0.02289334452492705965 0.00000000000000000000
4.8200000000 0.02288088503865523191 0.00000000000000000000
4.8300000000 0.02286849061422560267 0.00000000000000000000
4.8400000000 0.02285616074337326262 0.00000000000000000000
4.8500000000 0.02284389492311269740 0.00000000000000000000
4.8600000000 0.02283169265566956443 0.00000000000000000000
4.8700000000 0.02281955344841321912 0.00000000000000000000
4.8800000000 0.02280747681379060102 0.00000000000000000000
4.8900000000 0.02279546226926100136 0.00000000000000000000
4.9000000000 0.02278350933723186783 0.00000000000000000000
4.9100000000 0.02277161754499553228 0.00000000000000000000
4.9200000000 0.02275978642466692028 0.00000000000000000000
4.9300000000 0.02274801551312223558 0.00000000000000000000
4.9400000000 0.02273630435193868884 0.00000000000000000000
4.9500000000 0.02272465248733489956 0.00000000000000000000
4.9600000000 0.02271305947011237683 0.00000000000000000000
4.9700000000 0.02270152485559774613 0.00000000000000000000
4.9800000000 0.02269004820358610716 0.00000000000000000000
4.9900000000 0.02267862907828492591 0.00000000000000000000
5.0000000000 0.02266726704825892946 0.00000000000000000000
