0.1000000000 1.57799265758715145935 0.00000000000000000000
0.1100000000 1.53315669009042276905 0.00000000000000000000
0.1200000000 1.48932482483738448664 0.00000000000000000000
0.1300000000 1.44650025329873943569 0.00000000000000000000
0.1400000000 1.40468425779986461066 0.00000000000000000000
0.1500000000 1.36387627301552694092 0.00000000000000000000
0.1600000000 1.32407395608777789242 0.00000000000000000000
0.1700000000 1.28527326427174215517 0.00000000000000000000
0.1800000000 1.24746853898431453445 0.00000000000000000000
0.1900000000 1.21065259512274603360 0.00000000000000000000
0.2000000000 1.17481681453204966914 0.00000000000000000000
0.2100000000 1.13995124253019830540 0.00000000000000000000
0.2200000000 1.10604468644573450398 0.00000000000000000000
0.2300000000 1.07308481518130482968 0.00000000000000000000
0.2400000000 1.04105825888610481478 0.00000000000000000000
0.2500000000 1.00995070789774921138 0.00000000000000000000
0.2600000000 0.97974701019716314843 0.00000000000000000000
0.2700000000 0.95043126670645361465 0.00000000000000000000
0.2800000000 0.92198692384721248061 0.00000000000000000000
0.2900000000 0.89439686286351438582 0.00000000000000000000
0.3000000000 0.86764348549838410385 0.00000000000000000000
0.3100000000 0.84170879569341161552 0.00000000000000000000
0.3200000000 0.81657447705743657629 0.00000000000000000000
0.3300000000 0.79222196592102855917 0.00000000000000000000
0.3400000000 0.76863251985829539326 0.00000000000000000000
0.3500000000 0.74578728161601870461 0.00000000000000000000
0.3600000000 0.72366733844212705051 0.00000000000000000000
0.3700000000 0.70225377685106715742 0.00000000000000000000
0.3800000000 0.68152773290287493868 0.00000000000000000000
0.3900000000 0.66147043810595473889 0.00000000000000000000
0.4000000000 0.64206326108109035289 0.00000000000000000000
0.4100000000 0.62328774514640428173 0.00000000000000000000
0.4200000000 0.60512564200034246742 0.00000000000000000000
0.4300000000 0.58755894169270184157 0.00000000000000000000
0.4400000000 0.57056989908274802215 0.00000000000000000000
0.4500000000 0.55414105698901661157 0.00000000000000000000
0.4600000000 0.53825526623793540359 0.00000000000000000000
0.4700000000 0.52289570281834729659 0.00000000000000000000
0.4800000000 0.50804588234676206771 0.00000000000000000000
0.4900000000 0.49368967204410901806 0.00000000000000000000
0.5000000000 0.47981130041919284324 0.00000000000000000000
0.5100000000 0.46639536484732790900 0.00000000000000000000
0.5200000000 0.45342683722497162391 0.00000000000000000000
0.5300000000 0.44089106787284565447 0.00000000000000000000
0.5400000000 0.42877378785126424310 0.00000000000000000000
0.5500000000 0.41706110984227956484 0.00000000000000000000
0.5600000000 0.40573952774406341071 0.00000000000000000000
0.5700000000 0.39479591511370865087 0.00000000000000000000
0.5800000000 0.38421752258551522541 0.00000000000000000000
0.5900000000 0.37399197438286568840 0.00000000000000000000
0.6000000000 0.36410726403314103150 0.00000000000000000000
0.6100000000 0.35455174938669792306 0.00000000000000000000
0.6200000000 0.34531414703294038837 0.00000000000000000000
0.6300000000 0.33638352619879657857 0.00000000000000000000
0.6400000000 0.32774930220771786304 0.00000000000000000000
0.6500000000 0.31940122957037275775 0.00000000000000000000
0.6600000000 0.31132939477181292842 0.00000000000000000000
0.6700000000 0.30352420881381425577 0.00000000000000000000
0.6800000000 0.29597639956544952167 0.00000000000000000000
0.6900000000 0.28867700396969531162 0.00000000000000000000
0.7000000000 0.28161736014900440317 0.00000000000000000000
0.7100000000 0.27478909944825752332 0.00000000000000000000
0.7200000000 0.26818413844935101720 0.00000000000000000000
0.7300000000 0.26179467098780606626 0.00000000000000000000
0.7400000000 0.25561316019836177738 0.00000000000000000000
0.7500000000 0.24963233061314840655 0.00000000000000000000
0.7600000000 0.24384516033323574979 0.00000000000000000000
0.7700000000 0.23824487329154922510 0.00000000000000000000
0.7800000000 0.23282493162279102594 0.00000000000000000000
0.7900000000 0.22757902815368433180 0.00000000000000000000
0.8000000000 0.22250107902497864854 0.00000000000000000000
0.8100000000 0.21758521645469328099 0.00000000000000000000
0.8200000000 0.21282578165055604513 0.00000000000000000000
0.8300000000 0.20821731787804528824 0.00000000000000000000
0.8400000000 0.20375456368915390026 0.00000000000000000000
0.8500000000 0.19943244631579279402 0.00000000000000000000
0.8600000000 0.19524607523073103654 0.00000000000000000000
0.8700000000 0.19119073587794396807 0.00000000000000000000
0.8800000000 0.18726188357352602232 0.00000000000000000000
0.8900000000 0.18345513757747203276 0.00000000000000000000
0.9000000000 0.17976627533606737153 0.00000000000000000000
0.9100000000 0.17619122689398389325 0.00000000000000000000
0.9200000000 0.17272606947475452333 0.00000000000000000000
0.9300000000 0.16936702222782998306 0.00000000000000000000
0.9400000000 0.16611044113996983884 0.00000000000000000000
0.9500000000 0.16295281410864265181 0.00000000000000000000
0.9600000000 0.15989075617449077793 0.00000000000000000000
0.9700000000 0.15692100491000096629 0.00000000000000000000
0.9800000000 0.15404041596112058587 0.00000000000000000000
0.9900000000 0.15124595873867144324 0.00000000000000000000
1.0000000000 0.14853471225554706892 0.00000000000000000000
1.0100000000 0.14590386110751071835 0.00000000000000000000
1.0200000000 0.14335069159194638311 0.00000000000000000000
1.0300000000 0.14087258796229834568 0.00000000000000000000
1.0400000000 0.13846702881479411307 0.00000000000000000000
1.0500000000 0.13613158360243232670 0.00000000000000000000
1.0600000000 0.13386390927356045522 0.00000000000000000000
1.0700000000 0.13166174703095345766 0.00000000000000000000
1.0800000000 0.12952291920782516010 0.00000000000000000000
1.0900000000 0.12744532625715654373 0.00000000000000000000
1.1000000000 0.12542694385068606233 0.00000000000000000000
1.1100000000 0.12346582008415057929 0.00000000000000000000
1.1200000000 0.12156007278522959481 0.00000000000000000000
1.1300000000 0.11970788692081575644 0.00000000000000000000
1.1400000000 0.11790751210029409846 0.00000000000000000000
1.1500000000 0.11615726017156227656 0.00000000000000000000
1.1600000000 0.11445550290659177450 0.00000000000000000000
1.1700000000 0.11280066977346195345 0.00000000000000000000
1.1800000000 0.11119124579181369206 0.00000000000000000000
1.1900000000 0.10962576946876646800 0.00000000000000000000
1.2000000000 0.10810283081247519521 0.00000000000000000000
1.2100000000 0.10662106942050389446 0.00000000000000000000
1.2200000000 0.10517917264032639046 0.00000000000000000000
1.2300000000 0.10377587379934433143 0.00000000000000000000
1.2400000000 0.10240995050185114357 0.00000000000000000000
1.2500000000 0.10108022299052583926 0.00000000000000000000
1.2600000000 0.09978555257002046097 0.00000000000000000000
1.2700000000 0.09852484009037799917 0.00000000000000000000
1.2800000000 0.09729702448802481085 0.00000000000000000000
1.2900000000 0.09610108138219587703 0.00000000000000000000
1.3000000000 0.09493602172469382816 0.00000000000000000000
1.3100000000 0.09380089050099503500 0.00000000000000000000
1.3200000000 0.09269476548073807276 0.00000000000000000000
1.3300000000 0.09161675601572978611 0.00000000000000000000
1.3400000000 0.09056600188366581428 0.00000000000000000000
1.3500000000 0.08954167217581367189 0.00000000000000000000
1.3600000000 0.08854296422699081681 0.00000000000000000000
1.3700000000 0.08756910258620338727 0.00000000000000000000
1.3800000000 0.08661933802639694424 0.00000000000000000000
1.3900000000 0.08569294659181300733 0.00000000000000000000
1.4000000000 0.08478922868150653991 0.00000000000000000000
1.4100000000 0.08390750816762218567 0.00000000000000000000
1.4200000000 0.08304713154710419154 0.00000000000000000000
1.4300000000 0.08220746712553465840 0.00000000000000000000
1.4400000000 0.08138790423186305356 0.00000000000000000000
1.4500000000 0.08058785246283983739 0.00000000000000000000
1.4600000000 0.07980674095598848383 0.00000000000000000000
1.4700000000 0.07904401769002715461 0.00000000000000000000
1.4800000000 0.07829914881166712137 0.00000000000000000000
1.4900000000 0.07757161798776751604 0.00000000000000000000
1.5000000000 0.07686092578186481949 0.00000000000000000000
1.5100000000 0.07616658905413434266 0.00000000000000000000
1.5200000000 0.07548814038386827963 0.00000000000000000000
1.5300000000 0.07482512751360471948 0.00000000000000000000
1.5400000000 0.07417711281406683121 0.00000000000000000000
1.5500000000 0.07354367276910143969 0.00000000000000000000
1.5600000000 0.07292439747985013376 0.00000000000000000000
1.5700000000 0.07231889018739935671 0.00000000000000000000
1.5800000000 0.07172676681320275249 0.00000000000000000000
1.5900000000 0.07114765551658071285 0.00000000000000000000
1.6000000000 0.07058119626864280127 0.00000000000000000000
1.6100000000 0.07002704044199632716 0.00000000000000000000
1.6200000000 0.06948485041562806053 0.00000000000000000000
1.6300000000 0.06895429919438175737 0.00000000000000000000
1.6400000000 0.06843507004246035530 0.00000000000000000000
1.6500000000 0.06792685613041815618 0.00000000000000000000
1.6600000000 0.06742936019512126011 0.00000000000000000000
1.6700000000 0.06694229421218100828 0.00000000000000000000
1.6800000000 0.06646537908037425391 0.00000000000000000000
1.6900000000 0.06599834431759922515 0.00000000000000000000
1.7000000000 0.06554092776792128094 0.00000000000000000000
1.7100000000 0.06509287531928038828 0.00000000000000000000
1.7200000000 0.06465394063145893377 0.00000000000000000000
1.7300000000 0.06422388487391393619 0.00000000000000000000
1.7400000000 0.06380247647309973680 0.00000000000000000000
1.7500000000 0.06338949086891799978 0.00000000000000000000
1.7600000000 0.06298471027994727300 0.00000000000000000000
1.7700000000 0.06258792347712226201 0.00000000000000000000
1.7800000000 0.06219892556553900664 0.00000000000000000000
1.7900000000 0.06181751777407698545 0.00000000000000000000
1.8000000000 0.06144350725254701245 0.00000000000000000000
1.8100000000 0.06107670687607756610 0.00000000000000000000
1.8200000000 0.06071693505646533207 0.00000000000000000000
1.8300000000 0.06036401556023356096 0.00000000000000000000
1.8400000000 0.06001777733313632540 0.00000000000000000000
1.8500000000 0.05967805433087765982 0.00000000000000000000
1.8600000000 0.05934468535580590676 0.00000000000000000000
1.8700000000 0.05901751389935896291 0.00000000000000000000
1.8800000000 0.05869638799005177932 0.00000000000000000000
1.8900000000 0.05838116004679263366 0.00000000000000000000
1.9000000000 0.05807168673733480863 0.00000000000000000000
1.9100000000 0.05776782884166967169 0.00000000000000000000
1.9200000000 0.05746945112018042590 0.00000000000000000000
1.9300000000 0.05717642218637654372 0.00000000000000000000
1.9400000000 0.05688861438404527182 0.00000000000000000000
1.9500000000 0.05660590366865163314 0.00000000000000000000
1.9600000000 0.05632816949283246666 0.00000000000000000000
1.9700000000 0.05605529469583699076 0.00000000000000000000
1.9800000000 0.05578716539676294162 0.00000000000000000000
1.9900000000 0.05552367089145590628 0.00000000000000000000
2.0000000000 0.05526470355293319064 0.00000000000000000000
2.0100000000 0.05501015873520468530 0.00000000000000000000
2.0200000000 0.05475993468036933348 0.00000000000000000000
2.0300000000 0.05451393242886608259 0.00000000000000000000
2.0400000000 0.05427205573276407125 0.00000000000000000000
2.0500000000 0.05403421097198472800 0.00000000000000000000
2.0600000000 0.05380030707334702844 0.00000000000000000000
2.0700000000 0.05357025543233758652 0.00000000000000000000
2.0800000000 0.05334396983750293308 0.00000000000000000000
2.0900000000 0.05312136639737449761 0.00000000000000000000
2.1000000000 0.05290236346983204219 0.00000000000000000000
2.1100000000 0.05268688159382041436 0.00000000000000000000
2.1200000000 0.05247484342333411794 0.00000000000000000000
2.1300000000 0.05226617366359180561 0.00000000000000000000
2.1400000000 0.05206079900931685073 0.00000000000000000000
2.1500000000 0.05185864808505832868 0.00000000000000000000
2.1600000000 0.05165965138747104918 0.00000000000000000000
2.1700000000 0.05146374122949055191 0.00000000000000000000
2.1800000000 0.05127085168633709750 0.00000000000000000000
2.1900000000 0.05108091854327996562 0.00000000000000000000
2.2000000000 0.05089387924510435646 0.00000000000000000000
2.2100000000 0.05070967284721972917 0.00000000000000000000
2.2200000000 0.05052823996835065917 0.00000000000000000000
2.2300000000 0.05034952274475963663 0.00000000000000000000
2.2400000000 0.05017346478594180564 0.00000000000000000000
2.2500000000 0.05000001113174720735 0.00000000000000000000
2.2600000000 0.04982910821087745135 0.00000000000000000000
2.2700000000 0.04966070380070862489 0.00000000000000000000
2.2800000000 0.04949474698839680803 0.00000000000000000000
2.2900000000 0.04933118813322365931 0.00000000000000000000
2.3000000000 0.04916997883013236870 0.00000000000000000000
2.3100000000 0.04901107187442286378 0.00000000000000000000
2.3200000000 0.04885442122755825900 0.00000000000000000000
2.3300000000 0.04869998198405018491 0.00000000000000000000
2.3400000000 0.04854771033938434094 0.00000000000000000000
2.3500000000 0.04839756355894852397 0.00000000000000000000
2.3600000000 0.04824949994793514135 0.00000000000000000000
2.3700000000 0.04810347882217825416 0.00000000000000000000
2.3800000000 0.04795946047990025385 0.00000000000000000000
2.3900000000 0.04781740617433166696 0.00000000000000000000
2.4000000000 0.04767727808717885096 0.00000000000000000000
2.4100000000 0.04753903930291027147 0.00000000000000000000
2.4200000000 0.04740265378383243938 0.00000000000000000000
2.4300000000 0.04726808634593097219 0.00000000000000000000
2.4400000000 0.04713530263545140375 0.00000000000000000000
2.4500000000 0.04700426910619270177 0.00000000000000000000
2.4600000000 0.04687495299749298155 0.00000000000000000000
2.4700000000 0.04674732231288412226 0.00000000000000000000
2.4800000000 0.04662134579938973650 0.00000000000000000000
2.4900000000 0.04649699292745074902 0.00000000000000000000
2.5000000000 0.04637423387145358372 0.00000000000000000000
2.5100000000 0.04625303949084371563 0.00000000000000000000
2.5200000000 0.04613338131180434731 0.00000000000000000000
2.5300000000 0.04601523150948198110 0.00000000000000000000
2.5400000000 0.04589856289074174811 0.00000000000000000000
2.5500000000 0.04578334887743493870 0.00000000000000000000
2.5600000000 0.04566956349016108863 0.00000000000000000000
2.5700000000 0.04555718133251075719 0.00000000000000000000
2.5800000000 0.04544617757577205930 0.00000000000000000000
2.5900000000 0.04533652794408610937 0.00000000000000000000
2.6000000000 0.04522820870003848442 0.00000000000000000000
2.6100000000 0.04512119663066937320 0.00000000000000000000
2.6200000000 0.04501546903389437582 0.00000000000000000000
2.6300000000 0.04491100370531655311 0.00000000000000000000
2.6400000000 0.04480777892542362612 0.00000000000000000000
2.6500000000 0.04470577344715282592 0.00000000000000000000
2.6600000000 0.04460496648381491458 0.00000000000000000000
2.6700000000 0.04450533769736583767 0.00000000000000000000
2.6800000000 0.04440686718701320618 0.00000000000000000000
2.6900000000 0.04430953547814942689 0.00000000000000000000
2.7000000000 0.04421332351159959484 0.00000000000000000000
2.7100000000 0.04411821263317477343 0.00000000000000000000
2.7200000000 0.04402418458352241881 0.00000000000000000000
2.7300000000 0.04393122148826208301 0.00000000000000000000
2.7400000000 0.04383930584840044220 0.00000000000000000000
2.7500000000 0.04374842053101494349 0.00000000000000000000
2.7600000000 0.04365854876019834019 0.00000000000000000000
2.7700000000 0.04356967410825771103 0.00000000000000000000
2.7800000000 0.04348178048715605620 0.00000000000000000000
2.7900000000 0.04339485214019481174 0.00000000000000000000
2.8000000000 0.04330887363392487560 0.00000000000000000000
2.8100000000 0.04322382985028148938 0.00000000000000000000
2.8200000000 0.04313970597893590497 0.00000000000000000000
2.8300000000 0.04305648750985798662 0.00000000000000000000
2.8400000000 0.04297416022608102626 0.00000000000000000000
2.8500000000 0.04289271019666589246 0.00000000000000000000
2.8600000000 0.04281212376985538137 0.00000000000000000000
2.8700000000 0.04273238756641629249 0.00000000000000000000
2.8800000000 0.04265348847315968139 0.00000000000000000000
2.8900000000 0.04257541363663840811 0.00000000000000000000
2.9000000000 0.04249815045701219735 0.00000000000000000000
2.9100000000 0.04242168658207985665 0.00000000000000000000
2.9200000000 0.04234600990146956262 0.00000000000000000000
2.9300000000 0.04227110854098484888 0.00000000000000000000
2.9400000000 0.04219697085710121670 0.00000000000000000000
2.9500000000 0.04212358543160932278 0.00000000000000000000
2.9600000000 0.04205094106639892249 0.00000000000000000000
2.9700000000 0.04197902677838149382 0.00000000000000000000
2.9800000000 0.04190783179454656004 0.00000000000000000000
2.9900000000 0.04183734554714666626 0.00000000000000000000
3.0000000000 0.04176755766901042027 0.00000000000000000000
3.0100000000 0.04169845798897499345 0.00000000000000000000
3.0200000000 0.04163003652744121097 0.00000000000000000000
3.0300000000 0.04156228349203976158 0.00000000000000000000
3.0400000000 0.04149518927341365460 0.00000000000000000000
3.0500000000 0.04142874444110623833 0.00000000000000000000
3.0600000000 0.04136293973955749992 0.00000000000000000000
3.0700000000 0.04129776608420050038 0.00000000000000000000
3.0800000000 0.04123321455766092158 0.00000000000000000000
3.0900000000 0.04116927640604987199 0.00000000000000000000
3.1000000000 0.04110594303535440586 0.00000000000000000000
3.1100000000 0.04104320600791701995 0.00000000000000000000
3.1200000000 0.04098105703900550845 0.00000000000000000000
3.1300000000 0.04091948799346886712 0.00000000000000000000
3.1400000000 0.04085849088247754668 0.00000000000000000000
3.1500000000 0.04079805786034482185 0.00000000000000000000
3.1600000000 0.04073818122142851272 0.00000000000000000000
3.1700000000 0.04067885339710866632 0.00000000000000000000
3.1800000000 0.04062006695284174629 0.00000000000000000000
3.1900000000 0.04056181458528684836 0.00000000000000000000
3.2000000000 0.04050408911950319907 0.00000000000000000000
3.2100000000 0.04044688350621652995 0.00000000000000000000
3.2200000000 0.04039019081915301568 0.00000000000000000000
3.2300000000 0.04033400425243790360 0.00000000000000000000
3.2400000000 0.04027831711805817533 0.00000000000000000000
3.2500000000 0.04022312284338663141 0.00000000000000000000
3.2600000000 0.04016841496876637219 0.00000000000000000000
3.2700000000 0.04011418714515337103 0.00000000000000000000
3.2800000000 0.04006043313181639060 0.00000000000000000000
3.2900000000 0.04000714679409177188 0.00000000000000000000
3.3000000000 0.03995432210119236743 0.00000000000000000000
3.3100000000 0.03990195312406893957 0.00000000000000000000
3.3200000000 0.03985003403332226107 0.00000000000000000000
3.3300000000 0.03979855909716552287 0.00000000000000000000
3.3400000000 0.03974752267943375272 0.00000000000000000000
3.3500000000 0.03969691923764215313 0.00000000000000000000
3.3600000000 0.03964674332108843180 0.00000000000000000000
3.3700000000 0.03959698956900089412 0.00000000000000000000
3.3800000000 0.03954765270872909189 0.00000000000000000000
3.3900000000 0.03949872755397787483 0.00000000000000000000
3.4000000000 0.03945020900308143091 0.00000000000000000000
3.4100000000 0.03940209203731773191 0.00000000000000000000
3.4200000000 0.03935437171926282202 0.00000000000000000000
3.4300000000 0.03930704319118164675 0.00000000000000000000
3.4400000000 0.03926010167345738572 0.00000000000000000000
3.4500000000 0.03921354246305593788 0.00000000000000000000
3.4600000000 0.03916736093202564939 0.00000000000000000000
3.4700000000 0.03912155252603181921 0.00000000000000000000
3.4800000000 0.03907611276292383140 0.00000000000000000000
3.4900000000 0.03903103723133555941 0.00000000000000000000
3.5000000000 0.03898632158931617658 0.00000000000000000000
3.5100000000 0.03894196156299381539 0.00000000000000000000
3.5200000000 0.03889795294526730146 0.00000000000000000000
3.5300000000 0.03885429159452838399 0.00000000000000000000
3.5400000000 0.03881097343341195771 0.00000000000000000000
3.5500000000 0.03876799444757499102 0.00000000000000000000
3.5600000000 0.03872535068450116275 0.00000000000000000000
3.5700000000 0.03868303825233366383 0.00000000000000000000
3.5800000000 0.03864105331873213950 0.00000000000000000000
3.5900000000 0.03859939210975636692 0.00000000000000000000
3.6000000000 0.03855805090877319902 0.00000000000000000000
3.6100000000 0.03851702605538810664 0.00000000000000000000
3.6200000000 0.03847631394439997993 0.00000000000000000000
3.6300000000 0.03843591102477839083 0.00000000000000000000
3.6400000000 0.03839581379866358751 0.00000000000000000000
3.6500000000 0.03835601882038747884 0.00000000000000000000
3.6600000000 0.03831652269551626133 0.00000000000000000000
3.6700000000 0.03827732207991344643 0.00000000000000000000
3.6800000000 0.03823841367882304526 0.00000000000000000000
3.6900000000 0.03819979424597223089 0.00000000000000000000
3.7000000000 0.03816146058269329067 0.00000000000000000000
3.7100000000 0.03812340953706438995 0.00000000000000000000
3.7200000000 0.03808563800306784264 0.00000000000000000000
3.7300000000 0.03804814291976726243 0.00000000000000000000
3.7400000000 0.03801092127050129110 0.00000000000000000000
3.7500000000 0.03797397008209427854 0.00000000000000000000
3.7600000000 0.03793728642408411567 0.00000000000000000000
3.7700000000 0.03790086740796540926 0.00000000000000000000
3.7800000000 0.03786471018644903264 0.00000000000000000000
3.7900000000 0.03782881195273676139 0.00000000000000000000
3.8000000000 0.03779316993981108458 0.00000000000000000000
3.8100000000 0.03775778141973936547 0.00000000000000000000
3.8200000000 0.03772264370299298342 0.00000000000000000000
3.8300000000 0.03768775413777963879 0.00000000000000000000
3.8400000000 0.03765311010938990344 0.00000000000000000000
3.8500000000 0.03761870903955723960 0.00000000000000000000
3.8600000000 0.03758454838583008550 0.00000000000000000000
3.8700000000 0.03755062564095785343 0.00000000000000000000
3.8800000000 0.03751693833228884889 0.00000000000000000000
3.8900000000 0.03748348402118016620 0.00000000000000000000
3.9000000000 0.03745026030241964399 0.00000000000000000000
3.9100000000 0.03741726480365935997 0.00000000000000000000
3.9200000000 0.03738449518486068601 0.00000000000000000000
3.9300000000 0.03735194913775017472 0.00000000000000000000
3.9400000000 0.03731962438528611120 0.00000000000000000000
3.9500000000 0.03728751868113613227 0.00000000000000000000
3.9600000000 0.03725562980916483080 0.00000000000000000000
3.9700000000 0.03722395558293137285 0.00000000000000000000
3.9800000000 0.03719249384519718316 0.00000000000000000000
3.9900000000 0.03716124246744349768 0.00000000000000000000
4.0000000000 0.03713019934939786743 0.00000000000000000000
4.0100000000 0.03709936241857002964 0.00000000000000000000
4.0200000000 0.03706872962979725072 0.00000000000000000000
4.0300000000 0.03703829896479778061 0.00000000000000000000
4.0400000000 0.03700806843173334859 0.00000000000000000000
4.0500000000 0.03697803606478019395 0.00000000000000000000
4.0600000000 0.03694819992370801387 0.00000000000000000000
4.0700000000 0.03691855809346712008 0.00000000000000000000
4.0800000000 0.03688910868378359603 0.00000000000000000000
4.0900000000 0.03685984982876192029 0.00000000000000000000
4.1000000000 0.03683077968649531991 0.00000000000000000000
4.1100000000 0.03680189643868360394 0.00000000000000000000
4.1200000000 0.03677319829025808146 0.00000000000000000000
4.1300000000 0.03674468346901318266 0.00000000000000000000
4.1400000000 0.03671635022524580294 0.00000000000000000000
4.1500000000 0.03668819683140084331 0.00000000000000000000
4.1600000000 0.03666022158172316248 0.00000000000000000000
4.1700000000 0.03663242279191677303 0.00000000000000000000
4.1800000000 0.03660479879880979004 0.00000000000000000000
4.1900000000 0.03657734796002567318 0.00000000000000000000
4.2000000000 0.03655006865366051266 0.00000000000000000000
4.2100000000 0.03652295927796646996 0.00000000000000000000
4.2200000000 0.03649601825104092229 0.00000000000000000000
4.2300000000 0.03646924401052115128 0.00000000000000000000
4.2400000000 0.03644263501328483257 0.00000000000000000000
4.2500000000 0.03641618973515597935 0.00000000000000000000
4.2600000000 0.03638990667061572232 0.00000000000000000000
4.2700000000 0.03636378433251932080 0.00000000000000000000
4.2800000000 0.03633782125181719141 0.00000000000000000000
4.2900000000 0.03631201597728177938 0.00000000000000000000
4.3000000000 0.03628636707523883592 0.00000000000000000000
4.3100000000 0.03626087312930387913 0.00000000000000000000
4.3200000000 0.03623553274012311642 0.00000000000000000000
4.3300000000 0.03621034452511887741 0.00000000000000000000
4.3400000000 0.03618530711823988999 0.00000000000000000000
4.3500000000 0.03616041916971596271 0.00000000000000000000
4.3600000000 0.03613567934581662228 0.00000000000000000000
4.3700000000 0.03611108632861430995 0.00000000000000000000
4.3800000000 0.03608663881575182447 0.00000000000000000000
4.3900000000 0.03606233552021350514 0.00000000000000000000
4.4000000000 0.03603817517010061283 0.00000000000000000000
4.4100000000 0.03601415650841086058 0.00000000000000000000
4.4200000000 0.03599027829282117064 0.00000000000000000000
4.4300000000 0.03596653929547486556 0.00000000000000000000
4.4400000000 0.03594293830277198870 0.00000000000000000000
4.4500000000 0.03591947411516365624 0.00000000000000000000
4.4600000000 0.03589614554694964960 0.00000000000000000000
4.4700000000 0.03587295142607965087 0.00000000000000000000
4.4800000000 0.03584989059395776723 0.00000000000000000000
4.4900000000 0.03582696190525060803 0.00000000000000000000
4.5000000000 0.03580416422769814450 0.00000000000000000000
4.5100000000 0.03578149644192855222 0.00000000000000000000
4.5200000000 0.03575895744127514236 0.00000000000000000000
4.5300000000 0.03573654613159756022 0.00000000000000000000
4.5400000000 0.03571426143110505852 0.00000000000000000000
4.5500000000 0.03569210227018303205 0.00000000000000000000
4.5600000000 0.03567006759122277881 0.00000000000000000000
4.5700000000 0.03564815634845362041 0.00000000000000000000
4.5800000000 0.03562636750777799233 0.00000000000000000000
4.5900000000 0.03560470004660956644 0.00000000000000000000
4.6000000000 0.03558315295371340670 0.00000000000000000000
4.6100000000 0.03556172522904949701 0.00000000000000000000
4.6200000000 0.03554041588361834397 0.00000000000000000000
4.6300000000 0.03551922393930908445 0.00000000000000000000
4.6400000000 0.03549814842875088222 0.00000000000000000000
4.6500000000 0.03547718839516539324 0.00000000000000000000
4.6600000000 0.03545634289222286684 0.00000000000000000000
4.6700000000 0.03543561098390005104 0.00000000000000000000
4.6800000000 0.03541499174434017960 0.00000000000000000000
4.6900000000 0.03539448425771582474 0.00000000000000000000
4.7000000000 0.03537408761809363728 0.00000000000000000000
4.7100000000 0.03535380092930092560 0.00000000000000000000
4.7200000000 0.03533362330479509344 0.00000000000000000000
4.7300000000 0.03531355386753460418 0.00000000000000000000
4.7400000000 0.03529359174985217951 0.00000000000000000000
4.7500000000 0.03527373609333025323 0.00000000000000000000
4.7600000000 0.03525398604867776425 0.00000000000000000000
4.7700000000 0.03523434077560982230 0.00000000000000000000
4.7800000000 0.03521479944272839363 0.00000000000000000000
4.7900000000 0.03519536122740540840 0.00000000000000000000
4.8000000000 0.03517602531566749180 0.00000000000000000000
4.8100000000 0.03515679090208270047 0.00000000000000000000
4.8200000000 0.03513765718964865364 0.00000000000000000000
4.8300000000 0.03511862338968287089 0.00000000000000000000
4.8400000000 0.03509968872171442128 0.00000000000000000000
4.8500000000 0.03508085241337750848 0.00000000000000000000
4.8600000000 0.03506211370030673513 0.00000000000000000000
4.8700000000 0.03504347182603358146 0.00000000000000000000
4.8800000000 0.03502492604188504194 0.00000000000000000000
4.8900000000 0.03500647560688333049 0.00000000000000000000
4.9000000000 0.03498811978764777841 0.00000000000000000000
4.9100000000 0.03496985785829707927 0.00000000000000000000
4.9200000000 0.03495168910035437865 0.00000000000000000000
4.9300000000 0.03493361280265293994 0.00000000000000000000
4.9400000000 0.03491562826124343377 0.00000000000000000000
4.9500000000 0.03489773477930270540 0.00000000000000000000
4.9600000000 0.03487993166704399239 0.00000000000000000000
4.9700000000 0.03486221824162821087 0.00000000000000000000
4.9800000000 0.03484459382707687236 0.00000000000000000000
4.9900000000 0.03482705775418627053 0.00000000000000000000
5.0000000000 0.03480960936044266013 0.00000000000000000000
