0.1000000000 1.57799265306639768802 0.00000000000000000000
0.1100000000 1.53315668543576788529 0.00000000000000000000
0.1200000000 1.48932482009185229721 0.00000000000000000000
0.1300000000 1.44650024850144154343 0.00000000000000000000
0.1400000000 1.40468425298605481544 0.00000000000000000000
0.1500000000 1.36387626821668916932 0.00000000000000000000
0.1600000000 1.32407395133174521362 0.00000000000000000000
0.1700000000 1.28527325958284222018 0.00000000000000000000
0.1800000000 1.24746853438354055044 0.00000000000000000000
0.1900000000 1.21065259062793839639 0.00000000000000000000
0.2000000000 1.17481681015809780178 0.00000000000000000000
0.2100000000 1.13995123828925115639 0.00000000000000000000
0.2200000000 1.10604468234741459831 0.00000000000000000000
0.2300000000 1.07308481123292653869 0.00000000000000000000
0.2400000000 1.04105825509289262598 0.00000000000000000000
0.2500000000 1.00995070426304933697 0.00000000000000000000
0.2600000000 0.97974700672265369050 0.00000000000000000000
0.2700000000 0.95043126339234418332 0.00000000000000000000
0.2800000000 0.92198692069243348701 0.00000000000000000000
0.2900000000 0.89439685986589834155 0.00000000000000000000
0.3000000000 0.86764348265483293154 0.00000000000000000000
0.3100000000 0.84170879300005208012 0.00000000000000000000
0.3200000000 0.81657447450976317072 0.00000000000000000000
0.3300000000 0.79222196351403473269 0.00000000000000000000
0.3400000000 0.76863251758658934776 0.00000000000000000000
0.3500000000 0.74578727947392964293 0.00000000000000000000
0.3600000000 0.72366733642379654778 0.00000000000000000000
0.3700000000 0.70225377495053298293 0.00000000000000000000
0.3800000000 0.68152773111414011176 0.00000000000000000000
0.3900000000 0.66147043642304825806 0.00000000000000000000
0.4000000000 0.64206325949811959841 0.00000000000000000000
0.4100000000 0.62328774365759731513 0.00000000000000000000
0.4200000000 0.60512564060008289246 0.00000000000000000000
0.4300000000 0.58755894037555622678 0.00000000000000000000
0.4400000000 0.57056989784348977057 0.00000000000000000000
0.4500000000 0.55414105582264061578 0.00000000000000000000
0.4600000000 0.53825526513966959197 0.00000000000000000000
0.4700000000 0.52289570178365918363 0.00000000000000000000
0.4800000000 0.50804588137136386106 0.00000000000000000000
0.4900000000 0.49368967112395617525 0.00000000000000000000
0.5000000000 0.47981129955048335001 0.00000000000000000000
0.5100000000 0.46639536402649789393 0.00000000000000000000
0.5200000000 0.45342683644868603254 0.00000000000000000000
0.5300000000 0.44089106713799769421 0.00000000000000000000
0.5400000000 0.42877378715495867434 0.00000000000000000000
0.5500000000 0.41706110918182875968 0.00000000000000000000
0.5600000000 0.40573952711697458540 0.00000000000000000000
0.5700000000 0.39479591451767548360 0.00000000000000000000
0.5800000000 0.38421752201840658758 0.00000000000000000000
0.5900000000 0.37399197384271526401 0.00000000000000000000
0.6000000000 0.36410726351813410551 0.00000000000000000000
0.6100000000 0.35455174889516888337 0.00000000000000000000
0.6200000000 0.34531414656335146507 0.00000000000000000000
0.6300000000 0.33638352574974006437 0.00000000000000000000
0.6400000000 0.32774930177789762809 0.00000000000000000000
0.6500000000 0.31940122915859991970 0.00000000000000000000
0.6600000000 0.31132939437699652663 0.00000000000000000000
0.6700000000 0.30352420843495353520 0.00000000000000000000
0.6800000000 0.29597639920162649441 0.00000000000000000000
0.6900000000 0.28867700362006620818 0.00000000000000000000
0.7000000000 0.28161735981279745200 0.00000000000000000000
0.7100000000 0.27478909912476245925 0.00000000000000000000
0.7200000000 0.26818413813791275313 0.00000000000000000000
0.7300000000 0.26179467068782663608 0.00000000000000000000
0.7400000000 0.25561315990928706876 0.00000000000000000000
0.7500000000 0.24963233033446860509 0.00000000000000000000
0.7600000000 0.24384516006447728986 0.00000000000000000000
0.7700000000 0.23824487303228270019 0.00000000000000000000
0.7800000000 0.23282493137260784621 0.00000000000000000000
0.7900000000 0.22757902791221024108 0.00000000000000000000
0.8000000000 0.22250107879186797888 0.00000000000000000000
0.8100000000 0.21758521622961601860 0.00000000000000000000
0.8200000000 0.21282578143321323472 0.00000000000000000000
0.8300000000 0.20821731766814929876 0.00000000000000000000
0.8400000000 0.20375456348643897209 0.00000000000000000000
0.8500000000 0.19943244612000912697 0.00000000000000000000
0.8600000000 0.19524607504163918326 0.00000000000000000000
0.8700000000 0.19119073569532044066 0.00000000000000000000
0.8800000000 0.18726188339715987841 0.00000000000000000000
0.8900000000 0.18345513740715765905 0.00000000000000000000
0.9000000000 0.17976627517161106184 0.00000000000000000000
0.9100000000 0.17619122673520151712 0.00000000000000000000
0.9200000000 0.17272606932147818726 0.00000000000000000000
0.9300000000 0.16936702207988557634 0.00000000000000000000
0.9400000000 0.16611044099721139489 0.00000000000000000000
0.9500000000 0.16295281397091157527 0.00000000000000000000
0.9600000000 0.15989075604165003952 0.00000000000000000000
0.9700000000 0.15692100478191570168 0.00000000000000000000
0.9800000000 0.15404041583774472080 0.00000000000000000000
0.9900000000 0.15124595862010145608 0.00000000000000000000
1.0000000000 0.14853471214046307103 0.00000000000000000000
1.0100000000 0.14590386099571481249 0.00000000000000000000
1.0200000000 0.14335069148461915267 0.00000000000000000000
1.0300000000 0.14087258785903400415 0.00000000000000000000
1.0400000000 0.13846702871539640078 0.00000000000000000000
1.0500000000 0.13613158350675261254 0.00000000000000000000
1.0600000000 0.13386390918147467177 0.00000000000000000000
1.0700000000 0.13166174694234411557 0.00000000000000000000
1.0800000000 0.12952291912258759310 0.00000000000000000000
1.0900000000 0.12744532617517531636 0.00000000000000000000
1.1000000000 0.12542694377186025534 0.00000000000000000000
1.1100000000 0.12346582000838121629 0.00000000000000000000
1.1200000000 0.12156007271241869860 0.00000000000000000000
1.1300000000 0.11970788685086852787 0.00000000000000000000
1.1400000000 0.11790751203311862494 0.00000000000000000000
1.1500000000 0.11615726010706861615 0.00000000000000000000
1.1600000000 0.11445550284469213631 0.00000000000000000000
1.1700000000 0.11280066971407537446 0.00000000000000000000
1.1800000000 0.11119124573485437979 0.00000000000000000000
1.1900000000 0.10962576941415548559 0.00000000000000000000
1.2000000000 0.10810283076013557646 0.00000000000000000000
1.2100000000 0.10662106937035928378 0.00000000000000000000
1.2200000000 0.10517917259230387395 0.00000000000000000000
1.2300000000 0.10377587375337028741 0.00000000000000000000
1.2400000000 0.10240995045785765416 0.00000000000000000000
1.2500000000 0.10108022294844458411 0.00000000000000000000
1.2600000000 0.09978555252978590917 0.00000000000000000000
1.2700000000 0.09852484005192696515 0.00000000000000000000
1.2800000000 0.09729702445129646826 0.00000000000000000000
1.2900000000 0.09610108134712831707 0.00000000000000000000
1.3000000000 0.09493602169122908330 0.00000000000000000000
1.3100000000 0.09380089046907676142 0.00000000000000000000
1.3200000000 0.09269476545031238301 0.00000000000000000000
1.3300000000 0.09161675598674219601 0.00000000000000000000
1.3400000000 0.09056600185606464293 0.00000000000000000000
1.3500000000 0.08954167214955037479 0.00000000000000000000
1.3600000000 0.08854296420201582252 0.00000000000000000000
1.3700000000 0.08756910256246991375 0.00000000000000000000
1.3800000000 0.08661933800386009685 0.00000000000000000000
1.3900000000 0.08569294657042957064 0.00000000000000000000
1.4000000000 0.08478922866123252133 0.00000000000000000000
1.4100000000 0.08390750814841684002 0.00000000000000000000
1.4200000000 0.08304713152892798100 0.00000000000000000000
1.4300000000 0.08220746710834817006 0.00000000000000000000
1.4400000000 0.08138790421563056598 0.00000000000000000000
1.4500000000 0.08058785244752472710 0.00000000000000000000
1.4600000000 0.07980674094155594533 0.00000000000000000000
1.4700000000 0.07904401767644414489 0.00000000000000000000
1.4800000000 0.07829914879890073620 0.00000000000000000000
1.4900000000 0.07757161797578611406 0.00000000000000000000
1.5000000000 0.07686092577063911857 0.00000000000000000000
1.5100000000 0.07616658904363475535 0.00000000000000000000
1.5200000000 0.07548814037406623156 0.00000000000000000000
1.5300000000 0.07482512750447370409 0.00000000000000000000
1.5400000000 0.07417711280557982845 0.00000000000000000000
1.5500000000 0.07354367276123356667 0.00000000000000000000
1.5600000000 0.07292439747257720151 0.00000000000000000000
1.5700000000 0.07231889018069780073 0.00000000000000000000
1.5800000000 0.07172676680704946628 0.00000000000000000000
1.5900000000 0.07114765551095450502 0.00000000000000000000
1.6000000000 0.07058119626352236942 0.00000000000000000000
1.6100000000 0.07002704043736085460 0.00000000000000000000
1.6200000000 0.06948485041145849306 0.00000000000000000000
1.6300000000 0.06895429919065934610 0.00000000000000000000
1.6400000000 0.06843507003916669829 0.00000000000000000000
1.6500000000 0.06792685612753587843 0.00000000000000000000
1.6600000000 0.06742936019263408298 0.00000000000000000000
1.6700000000 0.06694229421007205638 0.00000000000000000000
1.6800000000 0.06646537907862783146 0.00000000000000000000
1.6900000000 0.06599834431620117681 0.00000000000000000000
1.7000000000 0.06554092776685674360 0.00000000000000000000
1.7100000000 0.06509287531853526210 0.00000000000000000000
1.7200000000 0.06465394063101985445 0.00000000000000000000
1.7300000000 0.06422388487376841371 0.00000000000000000000
1.7400000000 0.06380247647323498972 0.00000000000000000000
1.7500000000 0.06338949086932255117 0.00000000000000000000
1.7600000000 0.06298471028060943777 0.00000000000000000000
1.7700000000 0.06258792347803114609 0.00000000000000000000
1.7800000000 0.06219892556668439598 0.00000000000000000000
1.7900000000 0.06181751777544833293 0.00000000000000000000
1.8000000000 0.06144350725413473546 0.00000000000000000000
1.8100000000 0.06107670687787215141 0.00000000000000000000
1.8200000000 0.06071693505845802974 0.00000000000000000000
1.8300000000 0.06036401556241535737 0.00000000000000000000
1.8400000000 0.06001777733549882449 0.00000000000000000000
1.8500000000 0.05967805433341357574 0.00000000000000000000
1.8600000000 0.05934468535850725979 0.00000000000000000000
1.8700000000 0.05901751390221841864 0.00000000000000000000
1.8800000000 0.05869638799306162169 0.00000000000000000000
1.8900000000 0.05838116004994708258 0.00000000000000000000
1.9000000000 0.05807168674062673092 0.00000000000000000000
1.9100000000 0.05776782884509318317 0.00000000000000000000
1.9200000000 0.05746945112372921216 0.00000000000000000000
1.9300000000 0.05717642219004522713 0.00000000000000000000
1.9400000000 0.05688861438782789881 0.00000000000000000000
1.9500000000 0.05660590367254293709 0.00000000000000000000
1.9600000000 0.05632816949682783320 0.00000000000000000000
1.9700000000 0.05605529469993083408 0.00000000000000000000
1.9800000000 0.05578716540095095267 0.00000000000000000000
1.9900000000 0.05552367089573412295 0.00000000000000000000
2.0000000000 0.05526470355729647815 0.00000000000000000000
2.0100000000 0.05501015873964910929 0.00000000000000000000
2.0200000000 0.05475993468489129962 0.00000000000000000000
2.0300000000 0.05451393243346175366 0.00000000000000000000
2.0400000000 0.05427205573742951289 0.00000000000000000000
2.0500000000 0.05403421097671654016 0.00000000000000000000
2.0600000000 0.05380030707814179719 0.00000000000000000000
2.0700000000 0.05357025543719221017 0.00000000000000000000
2.0800000000 0.05334396984241430301 0.00000000000000000000
2.0900000000 0.05312136640233978274 0.00000000000000000000
2.1000000000 0.05290236347484830043 0.00000000000000000000
2.1100000000 0.05268688159888496730 0.00000000000000000000
2.1200000000 0.05247484342844468269 0.00000000000000000000
2.1300000000 0.05226617366874542620 0.00000000000000000000
2.1400000000 0.05206079901451148711 0.00000000000000000000
2.1500000000 0.05185864809029155920 0.00000000000000000000
2.1600000000 0.05165965139274063256 0.00000000000000000000
2.1700000000 0.05146374123479470486 0.00000000000000000000
2.1800000000 0.05127085169167357181 0.00000000000000000000
2.1900000000 0.05108091854864687392 0.00000000000000000000
2.2000000000 0.05089387925050006117 0.00000000000000000000
2.2100000000 0.05070967285264241925 0.00000000000000000000
2.2200000000 0.05052823997379866927 0.00000000000000000000
2.2300000000 0.05034952275023115570 0.00000000000000000000
2.2400000000 0.05017346479143554305 0.00000000000000000000
2.2500000000 0.05000001113726169205 0.00000000000000000000
2.2600000000 0.04982910821641128168 0.00000000000000000000
2.2700000000 0.04966070380626042002 0.00000000000000000000
2.2800000000 0.04949474699396546468 0.00000000000000000000
2.2900000000 0.04933118813880776887 0.00000000000000000000
2.3000000000 0.04916997883573072381 0.00000000000000000000
2.3100000000 0.04901107188003455545 0.00000000000000000000
2.3200000000 0.04885442123318194108 0.00000000000000000000
2.3300000000 0.04869998198968518432 0.00000000000000000000
2.3400000000 0.04854771034502944338 0.00000000000000000000
2.3500000000 0.04839756356460299391 0.00000000000000000000
2.3600000000 0.04824949995359782695 0.00000000000000000000
2.3700000000 0.04810347882784853785 0.00000000000000000000
2.3800000000 0.04795946048557728214 0.00000000000000000000
2.3900000000 0.04781740618001468351 0.00000000000000000000
2.4000000000 0.04767727809286712026 0.00000000000000000000
2.4100000000 0.04753903930860306493 0.00000000000000000000
2.4200000000 0.04740265378952913250 0.00000000000000000000
2.4300000000 0.04726808635163104455 0.00000000000000000000
2.4400000000 0.04713530264115416840 0.00000000000000000000
2.4500000000 0.04700426911189749257 0.00000000000000000000
2.4600000000 0.04687495300319944463 0.00000000000000000000
2.4700000000 0.04674732231859154291 0.00000000000000000000
2.4800000000 0.04662134580509772613 0.00000000000000000000
2.4900000000 0.04649699293315875948 0.00000000000000000000
2.5000000000 0.04637423387716131662 0.00000000000000000000
2.5100000000 0.04625303949655063668 0.00000000000000000000
2.5200000000 0.04613338131750994997 0.00000000000000000000
2.5300000000 0.04601523151518612659 0.00000000000000000000
2.5400000000 0.04589856289644403398 0.00000000000000000000
2.5500000000 0.04578334888313492779 0.00000000000000000000
2.5600000000 0.04566956349585853808 0.00000000000000000000
2.5700000000 0.04555718133820532700 0.00000000000000000000
2.5800000000 0.04544617758146336089 0.00000000000000000000
2.5900000000 0.04533652794977410805 0.00000000000000000000
2.6000000000 0.04522820870572265284 0.00000000000000000000
2.6100000000 0.04512119663634955868 0.00000000000000000000
2.6200000000 0.04501546903957034940 0.00000000000000000000
2.6300000000 0.04491100371098807886 0.00000000000000000000
2.6400000000 0.04480777893109056526 0.00000000000000000000
2.6500000000 0.04470577345281488008 0.00000000000000000000
2.6600000000 0.04460496648947201437 0.00000000000000000000
2.6700000000 0.04450533770301778880 0.00000000000000000000
2.6800000000 0.04440686719265977966 0.00000000000000000000
2.6900000000 0.04430953548379050477 0.00000000000000000000
2.7000000000 0.04421332351723502446 0.00000000000000000000
2.7100000000 0.04411821263880451316 0.00000000000000000000
2.7200000000 0.04402418458914626742 0.00000000000000000000
2.7300000000 0.04393122149387997805 0.00000000000000000000
2.7400000000 0.04383930585401219632 0.00000000000000000000
2.7500000000 0.04374842053662050811 0.00000000000000000000
2.7600000000 0.04365854876579758348 0.00000000000000000000
2.7700000000 0.04356967411385045952 0.00000000000000000000
2.7800000000 0.04348178049274225437 0.00000000000000000000
2.7900000000 0.04339485214577461225 0.00000000000000000000
2.8000000000 0.04330887363949796620 0.00000000000000000000
2.8100000000 0.04322382985584794640 0.00000000000000000000
2.8200000000 0.04313970598449556881 0.00000000000000000000
2.8300000000 0.04305648751541087116 0.00000000000000000000
2.8400000000 0.04297416023162708293 0.00000000000000000000
2.8500000000 0.04289271020220494779 0.00000000000000000000
2.8600000000 0.04281212377538765046 0.00000000000000000000
2.8700000000 0.04273238757194154636 0.00000000000000000000
2.8800000000 0.04265348847867793391 0.00000000000000000000
2.8900000000 0.04257541364214963153 0.00000000000000000000
2.9000000000 0.04249815046251639167 0.00000000000000000000
2.9100000000 0.04242168658757707045 0.00000000000000000000
2.9200000000 0.04234600990695967793 0.00000000000000000000
2.9300000000 0.04227110854646787957 0.00000000000000000000
2.9400000000 0.04219697086257714197 0.00000000000000000000
2.9500000000 0.04212358543707814956 0.00000000000000000000
2.9600000000 0.04205094107186068547 0.00000000000000000000
2.9700000000 0.04197902678383614444 0.00000000000000000000
2.9800000000 0.04190783179999400115 0.00000000000000000000
2.9900000000 0.04183734555258709908 0.00000000000000000000
3.0000000000 0.04176755767444367828 0.00000000000000000000
3.0100000000 0.04169845799440129869 0.00000000000000000000
3.0200000000 0.04163003653286032751 0.00000000000000000000
3.0300000000 0.04156228349745189066 0.00000000000000000000
3.0400000000 0.04149518927881876151 0.00000000000000000000
3.0500000000 0.04142874444650434390 0.00000000000000000000
3.0600000000 0.04136293974494838210 0.00000000000000000000
3.0700000000 0.04129776608958460327 0.00000000000000000000
3.0800000000 0.04123321456303796068 0.00000000000000000000
3.0900000000 0.04116927641142004851 0.00000000000000000000
3.1000000000 0.04110594304071756022 0.00000000000000000000
3.1100000000 0.04104320601327339502 0.00000000000000000000
3.1200000000 0.04098105704435489605 0.00000000000000000000
3.1300000000 0.04091948799881146154 0.00000000000000000000
3.1400000000 0.04085849088781324384 0.00000000000000000000
3.1500000000 0.04079805786567375359 0.00000000000000000000
3.1600000000 0.04073818122675059578 0.00000000000000000000
3.1700000000 0.04067885340242401171 0.00000000000000000000
3.1800000000 0.04062006695815043034 0.00000000000000000000
3.1900000000 0.04056181459058889188 0.00000000000000000000
3.2000000000 0.04050408912479855350 0.00000000000000000000
3.2100000000 0.04044688351150532712 0.00000000000000000000
3.2200000000 0.04039019082443515152 0.00000000000000000000
3.2300000000 0.04033400425771344749 0.00000000000000000000
3.2400000000 0.04027831712332714809 0.00000000000000000000
3.2500000000 0.04022312284864915100 0.00000000000000000000
3.2600000000 0.04016841497402240391 0.00000000000000000000
3.2700000000 0.04011418715040296346 0.00000000000000000000
3.2800000000 0.04006043313705968251 0.00000000000000000000
3.2900000000 0.04000714679932870083 0.00000000000000000000
3.3000000000 0.03995432210642296117 0.00000000000000000000
3.3100000000 0.03990195312929320504 0.00000000000000000000
3.3200000000 0.03985003403854030929 0.00000000000000000000
3.3300000000 0.03979855910237736771 0.00000000000000000000
3.3400000000 0.03974752268463944971 0.00000000000000000000
3.3500000000 0.03969691924284171614 0.00000000000000000000
3.3600000000 0.03964674332628182613 0.00000000000000000000
3.3700000000 0.03959698957418816834 0.00000000000000000000
3.3800000000 0.03954765271391040560 0.00000000000000000000
3.3900000000 0.03949872755915324191 0.00000000000000000000
3.4000000000 0.03945020900825080279 0.00000000000000000000
3.4100000000 0.03940209204248122654 0.00000000000000000000
3.4200000000 0.03935437172442039083 0.00000000000000000000
3.4300000000 0.03930704319633334526 0.00000000000000000000
3.4400000000 0.03926010167860337352 0.00000000000000000000
3.4500000000 0.03921354246819606926 0.00000000000000000000
3.4600000000 0.03916736093716002842 0.00000000000000000000
3.4700000000 0.03912155253116045284 0.00000000000000000000
3.4800000000 0.03907611276804686534 0.00000000000000000000
3.4900000000 0.03903103723645286183 0.00000000000000000000
3.5000000000 0.03898632159442793482 0.00000000000000000000
3.5100000000 0.03894196156810008497 0.00000000000000000000
3.5200000000 0.03889795295036804074 0.00000000000000000000
3.5300000000 0.03885429159962359991 0.00000000000000000000
3.5400000000 0.03881097343850174741 0.00000000000000000000
3.5500000000 0.03876799445265939614 0.00000000000000000000
3.5600000000 0.03872535068958014165 0.00000000000000000000
3.5700000000 0.03868303825740721652 0.00000000000000000000
3.5800000000 0.03864105332380042557 0.00000000000000000000
3.5900000000 0.03859939211481942106 0.00000000000000000000
3.6000000000 0.03855805091383097266 0.00000000000000000000
3.6100000000 0.03851702606044069693 0.00000000000000000000
3.6200000000 0.03847631394944744238 0.00000000000000000000
3.6300000000 0.03843591102982066299 0.00000000000000000000
3.6400000000 0.03839581380370073183 0.00000000000000000000
3.6500000000 0.03835601882541953694 0.00000000000000000000
3.6600000000 0.03831652270054323323 0.00000000000000000000
3.6700000000 0.03827732208493545701 0.00000000000000000000
3.6800000000 0.03823841368384010841 0.00000000000000000000
3.6900000000 0.03819979425098429110 0.00000000000000000000
3.7000000000 0.03816146058770053529 0.00000000000000000000
3.7100000000 0.03812340954206675653 0.00000000000000000000
3.7200000000 0.03808563800806534505 0.00000000000000000000
3.7300000000 0.03804814292475998394 0.00000000000000000000
3.7400000000 0.03801092127548917621 0.00000000000000000000
3.7500000000 0.03797397008707742438 0.00000000000000000000
3.7600000000 0.03793728642906251530 0.00000000000000000000
3.7700000000 0.03790086741293919453 0.00000000000000000000
3.7800000000 0.03786471019141810640 0.00000000000000000000
3.7900000000 0.03782881195770125549 0.00000000000000000000
3.8000000000 0.03779316994477086716 0.00000000000000000000
3.8100000000 0.03775778142469464471 0.00000000000000000000
3.8200000000 0.03772264370794371768 0.00000000000000000000
3.8300000000 0.03768775414272586277 0.00000000000000000000
3.8400000000 0.03765311011433169347 0.00000000000000000000
3.8500000000 0.03761870904449451936 0.00000000000000000000
3.8600000000 0.03758454839076291742 0.00000000000000000000
3.8700000000 0.03755062564588633467 0.00000000000000000000
3.8800000000 0.03751693833721304883 0.00000000000000000000
3.8900000000 0.03748348402609995300 0.00000000000000000000
3.9000000000 0.03745026030733514255 0.00000000000000000000
3.9100000000 0.03741726480857056336 0.00000000000000000000
3.9200000000 0.03738449518976763586 0.00000000000000000000
3.9300000000 0.03735194914265289184 0.00000000000000000000
3.9400000000 0.03731962439018467192 0.00000000000000000000
3.9500000000 0.03728751868603050190 0.00000000000000000000
3.9600000000 0.03725562981405503710 0.00000000000000000000
3.9700000000 0.03722395558781749908 0.00000000000000000000
3.9800000000 0.03719249385007917380 0.00000000000000000000
3.9900000000 0.03716124247232147071 0.00000000000000000000
4.0000000000 0.03713019935427172569 0.00000000000000000000
4.0100000000 0.03709936242343989804 0.00000000000000000000
4.0200000000 0.03706872963466315701 0.00000000000000000000
4.0300000000 0.03703829896965972479 0.00000000000000000000
4.0400000000 0.03700806843659135148 0.00000000000000000000
4.0500000000 0.03697803606963430412 0.00000000000000000000
4.0600000000 0.03694819992855820356 0.00000000000000000000
4.0700000000 0.03691855809831346563 0.00000000000000000000
4.0800000000 0.03688910868862609743 0.00000000000000000000
4.0900000000 0.03685984983360059836 0.00000000000000000000
4.1000000000 0.03683077969133021629 0.00000000000000000000
4.1100000000 0.03680189644351478107 0.00000000000000000000
4.1200000000 0.03677319829508549076 0.00000000000000000000
4.1300000000 0.03674468347383685191 0.00000000000000000000
4.1400000000 0.03671635023006576681 0.00000000000000000000
4.1500000000 0.03668819683621713651 0.00000000000000000000
4.1600000000 0.03666022158653576418 0.00000000000000000000
4.1700000000 0.03663242279672575957 0.00000000000000000000
4.1800000000 0.03660479880361523081 0.00000000000000000000
4.1900000000 0.03657734796482754736 0.00000000000000000000
4.2000000000 0.03655006865845873698 0.00000000000000000000
4.2100000000 0.03652295928276119014 0.00000000000000000000
4.2200000000 0.03649601825583208281 0.00000000000000000000
4.2300000000 0.03646924401530882848 0.00000000000000000000
4.2400000000 0.03644263501806904726 0.00000000000000000000
4.2500000000 0.03641618973993672459 0.00000000000000000000
4.2600000000 0.03638990667539306056 0.00000000000000000000
4.2700000000 0.03636378433729320347 0.00000000000000000000
4.2800000000 0.03633782125658765322 0.00000000000000000000
4.2900000000 0.03631201598204886888 0.00000000000000000000
4.3000000000 0.03628636708000258781 0.00000000000000000000
4.3100000000 0.03626087313406428647 0.00000000000000000000
4.3200000000 0.03623553274488023473 0.00000000000000000000
4.3300000000 0.03621034452987266505 0.00000000000000000000
4.3400000000 0.03618530712299040247 0.00000000000000000000
4.3500000000 0.03616041917446326248 0.00000000000000000000
4.3600000000 0.03613567935056070241 0.00000000000000000000
4.3700000000 0.03611108633335514961 0.00000000000000000000
4.3800000000 0.03608663882048941673 0.00000000000000000000
4.3900000000 0.03606233552494791245 0.00000000000000000000
4.4000000000 0.03603817517483189764 0.00000000000000000000
4.4100000000 0.03601415651313897431 0.00000000000000000000
4.4200000000 0.03599027829754620350 0.00000000000000000000
4.4300000000 0.03596653930019676898 0.00000000000000000000
4.4400000000 0.03594293830749079044 0.00000000000000000000
4.4500000000 0.03591947411987938404 0.00000000000000000000
4.4600000000 0.03589614555166228960 0.00000000000000000000
4.4700000000 0.03587295143078925858 0.00000000000000000000
4.4800000000 0.03584989059866436345 0.00000000000000000000
4.4900000000 0.03582696190995418584 0.00000000000000000000
4.5000000000 0.03580416423239878715 0.00000000000000000000
4.5100000000 0.03578149644662614870 0.00000000000000000000
4.5200000000 0.03575895744596985920 0.00000000000000000000
4.5300000000 0.03573654613628930721 0.00000000000000000000
4.5400000000 0.03571426143579386342 0.00000000000000000000
4.5500000000 0.03569210227486893650 0.00000000000000000000
4.5600000000 0.03567006759590578280 0.00000000000000000000
4.5700000000 0.03564815635313378639 0.00000000000000000000
4.5800000000 0.03562636751245536193 0.00000000000000000000
4.5900000000 0.03560470005128405641 0.00000000000000000000
4.6000000000 0.03558315295838501702 0.00000000000000000000
4.6100000000 0.03556172523371834565 0.00000000000000000000
4.6200000000 0.03554041588828430603 0.00000000000000000000
4.6300000000 0.03551922394397233340 0.00000000000000000000
4.6400000000 0.03549814843341135562 0.00000000000000000000
4.6500000000 0.03547718839982312578 0.00000000000000000000
4.6600000000 0.03545634289687785851 0.00000000000000000000
4.6700000000 0.03543561098855230879 0.00000000000000000000
4.6800000000 0.03541499174898974506 0.00000000000000000000
4.6900000000 0.03539448426236275341 0.00000000000000000000
4.7000000000 0.03537408762273784590 0.00000000000000000000
4.7100000000 0.03535380093394251133 0.00000000000000000000
4.7200000000 0.03533362330943403545 0.00000000000000000000
4.7300000000 0.03531355387217085390 0.00000000000000000000
4.7400000000 0.03529359175448585489 0.00000000000000000000
4.7500000000 0.03527373609796127102 0.00000000000000000000
4.7600000000 0.03525398605330617996 0.00000000000000000000
4.7700000000 0.03523434078023568450 0.00000000000000000000
4.7800000000 0.03521479944735170231 0.00000000000000000000
4.7900000000 0.03519536123202613581 0.00000000000000000000
4.8000000000 0.03517602532028572121 0.00000000000000000000
4.8100000000 0.03515679090669834861 0.00000000000000000000
4.8200000000 0.03513765719426185236 0.00000000000000000000
4.8300000000 0.03511862339429355773 0.00000000000000000000
4.8400000000 0.03509968872632262399 0.00000000000000000000
4.8500000000 0.03508085241798327564 0.00000000000000000000
4.8600000000 0.03506211370491001122 0.00000000000000000000
4.8700000000 0.03504347183063442200 0.00000000000000000000
4.8800000000 0.03502492604648342611 0.00000000000000000000
4.8900000000 0.03500647561147928605 0.00000000000000000000
4.9000000000 0.03498811979224131230 0.00000000000000000000
4.9100000000 0.03496985786288825393 0.00000000000000000000
4.9200000000 0.03495168910494314551 0.00000000000000000000
4.9300000000 0.03493361280723934065 0.00000000000000000000
4.9400000000 0.03491562826582748219 0.00000000000000000000
4.9500000000 0.03489773478388438765 0.00000000000000000000
4.9600000000 0.03487993167162332930 0.00000000000000000000
4.9700000000 0.03486221824620525100 0.00000000000000000000
4.9800000000 0.03484459383165157409 0.00000000000000000000
4.9900000000 0.03482705775875870324 0.00000000000000000000
5.0000000000 0.03480960936501280995 0.00000000000000000000
