0.1000000000 1.61617988338675955262 0.00000000000000000000
0.1100000000 1.52150235420489554627 0.00000000000000000000
0.1200000000 1.43415632418140259752 0.00000000000000000000
0.1300000000 1.35370953183483955229 0.00000000000000000000
0.1400000000 1.27969095623932749284 0.00000000000000000000
0.1500000000 1.21161066838589603911 0.00000000000000000000
0.1600000000 1.14897672168476616683 0.00000000000000000000
0.1700000000 1.09130860399256723881 0.00000000000000000000
0.1800000000 1.03814721795954589822 0.00000000000000000000
0.1900000000 0.98906166865737754623 0.00000000000000000000
0.2000000000 0.94365331848177058660 0.00000000000000000000
0.2100000000 0.90155764187554965350 0.00000000000000000000
0.2200000000 0.86244440742537786804 0.00000000000000000000
0.2300000000 0.82601666239029913896 0.00000000000000000000
0.2400000000 0.79200891906734227632 0.00000000000000000000
0.2500000000 0.76018486079637936914 0.00000000000000000000
0.2600000000 0.73033480849069198904 0.00000000000000000000
0.2700000000 0.70227312186336576794 0.00000000000000000000
0.2800000000 0.67583565498233422186 0.00000000000000000000
0.2900000000 0.65087734324541612896 0.00000000000000000000
0.3000000000 0.62726996699605175323 0.00000000000000000000
0.3100000000 0.60490011401649235179 0.00000000000000000000
0.3200000000 0.58366734720458435248 0.00000000000000000000
0.3300000000 0.56348257319789785136 0.00000000000000000000
0.3400000000 0.54426660114894320763 0.00000000000000000000
0.3500000000 0.52594887714918947541 0.00000000000000000000
0.3600000000 0.50846637807511274598 0.00000000000000000000
0.3700000000 0.49176264823257942460 0.00000000000000000000
0.3800000000 0.47578696262916514437 0.00000000000000000000
0.3900000000 0.46049360166772046465 0.00000000000000000000
0.4000000000 0.44584122329292791287 0.00000000000000000000
0.4100000000 0.43179231997681860600 0.00000000000000000000
0.4200000000 0.41831274929571410359 0.00000000000000000000
0.4300000000 0.40537132816567167382 0.00000000000000000000
0.4400000000 0.39293948202910139456 0.00000000000000000000
0.4500000000 0.38099094140315320489 0.00000000000000000000
0.4600000000 0.36950147920420706171 0.00000000000000000000
0.4700000000 0.35844868315335665088 0.00000000000000000000
0.4800000000 0.34781175835098254723 0.00000000000000000000
0.4900000000 0.33757135579247721235 0.00000000000000000000
0.5000000000 0.32770942319147150501 0.00000000000000000000
0.5100000000 0.31820907499098449733 0.00000000000000000000
0.5200000000 0.30905447888637871401 0.00000000000000000000
0.5300000000 0.30023075656546849288 0.00000000000000000000
0.5400000000 0.29172389669874221330 0.00000000000000000000
0.5500000000 0.28352067849363465912 0.00000000000000000000
0.5600000000 0.27560860436742995461 0.00000000000000000000
0.5700000000 0.26797584049946843177 0.00000000000000000000
0.5800000000 0.26061116419965096869 0.00000000000000000000
0.5900000000 0.25350391718109727135 0.00000000000000000000
0.6000000000 0.24664396395383433869 0.00000000000000000000
0.6100000000 0.24002165466682584549 0.00000000000000000000
0.6200000000 0.23362779182009243972 0.00000000000000000000
0.6300000000 0.22745360034954800743 0.00000000000000000000
0.6400000000 0.22149070065634229865 0.00000000000000000000
0.6500000000 0.21573108421187173200 0.00000000000000000000
0.6600000000 0.21016709142034142865 0.00000000000000000000
0.6700000000 0.20479139146432273622 0.00000000000000000000
0.6800000000 0.19959696389615691481 0.00000000000000000000
0.6900000000 0.19457708177005789141 0.00000000000000000000
0.7000000000 0.18972529613730046427 0.00000000000000000000
0.7100000000 0.18503542175056447716 0.00000000000000000000
0.7200000000 0.18050152384379844483 0.00000000000000000000
0.7300000000 0.17611790587147896359 0.00000000000000000000
0.7400000000 0.17187909810621890272 0.00000000000000000000
0.7500000000 0.16777984700659287487 0.00000000000000000000
0.7600000000 0.16381510527829132307 0.00000000000000000000
0.7700000000 0.15998002256136265031 0.00000000000000000000
0.7800000000 0.15626993668453095787 0.00000000000000000000
0.7900000000 0.15268036543494414858 0.00000000000000000000
0.8000000000 0.14920699879777238328 0.00000000000000000000
0.8100000000 0.14584569162556770827 0.00000000000000000000
0.8200000000 0.14259245670188849808 0.00000000000000000000
0.8300000000 0.13944345816782902081 0.00000000000000000000
0.8400000000 0.13639500528350551045 0.00000000000000000000
0.8500000000 0.13344354649969222826 0.00000000000000000000
0.8600000000 0.13058566381742395257 0.00000000000000000000
0.8700000000 0.12781806741565540642 0.00000000000000000000
0.8800000000 0.12513759052920295223 0.00000000000000000000
0.8900000000 0.12254118456083339106 0.00000000000000000000
0.9000000000 0.12002591441298486596 0.00000000000000000000
0.9100000000 0.11758895402591194868 0.00000000000000000000
0.9200000000 0.11522758211037707754 0.00000000000000000000
0.9300000000 0.11293917806382332281 0.00000000000000000000
0.9400000000 0.11072121806000703725 0.00000000000000000000
0.9500000000 0.10857127130307830942 0.00000000000000000000
0.9600000000 0.10648699643739030496 0.00000000000000000000
0.9700000000 0.10446613810547751566 0.00000000000000000000
0.9800000000 0.10250652364644062542 0.00000000000000000000
0.9900000000 0.10060605992903269568 0.00000000000000000000
1.0000000000 0.09876273031154310378 0.00000000000000000000
1.0100000000 0.09697459172451226850 0.00000000000000000000
1.0200000000 0.09523977186917434445 0.00000000000000000000
1.0300000000 0.09355646652702248600 0.00000000000000000000
1.0400000000 0.09192293697629717875 0.00000000000000000000
1.0500000000 0.09033750750964064657 0.00000000000000000000
1.0600000000 0.08879856304947254808 0.00000000000000000000
1.0700000000 0.08730454685651846403 0.00000000000000000000
1.0800000000 0.08585395832786249515 0.00000000000000000000
1.0900000000 0.08444535088066439099 0.00000000000000000000
1.1000000000 0.08307732991812182000 0.00000000000000000000
1.1100000000 0.08174855087430830947 0.00000000000000000000
1.1200000000 0.08045771733470206966 0.00000000000000000000
1.1300000000 0.07920357922937762418 0.00000000000000000000
1.1400000000 0.07798493109594434314 0.00000000000000000000
1.1500000000 0.07680061040945208861 0.00000000000000000000
1.1600000000 0.07564949597665464320 0.00000000000000000000
1.1700000000 0.07453050639203794014 0.00000000000000000000
1.1800000000 0.07344259855321320918 0.00000000000000000000
1.1900000000 0.07238476623334323679 0.00000000000000000000
1.2000000000 0.07135603870834482387 0.00000000000000000000
1.2100000000 0.07035547943677956939 0.00000000000000000000
1.2200000000 0.06938218479031224573 0.00000000000000000000
1.2300000000 0.06843528283279699809 0.00000000000000000000
1.2400000000 0.06751393214611665916 0.00000000000000000000
1.2500000000 0.06661732070093182023 0.00000000000000000000
1.2600000000 0.06574466477058313330 0.00000000000000000000
1.2700000000 0.06489520788651424732 0.00000000000000000000
1.2800000000 0.06406821983356592032 0.00000000000000000000
1.2900000000 0.06326299568360729819 0.00000000000000000000
1.3000000000 0.06247885486602096361 0.00000000000000000000
1.3100000000 0.06171514027360475163 0.00000000000000000000
1.3200000000 0.06097121740253643590 0.00000000000000000000
1.3300000000 0.06024647352504891584 0.00000000000000000000
1.3400000000 0.05954031689358205842 0.00000000000000000000
1.3500000000 0.05885217597516798765 0.00000000000000000000
1.3600000000 0.05818149871489397551 0.00000000000000000000
1.3700000000 0.05752775182730551079 0.00000000000000000000
1.3800000000 0.05689042011467643906 0.00000000000000000000
1.3900000000 0.05626900581109736676 0.00000000000000000000
1.4000000000 0.05566302795139165677 0.00000000000000000000
1.4100000000 0.05507202176388992926 0.00000000000000000000
1.4200000000 0.05449553808614305411 0.00000000000000000000
1.4300000000 0.05393314280268741989 0.00000000000000000000
1.4400000000 0.05338441630400662941 0.00000000000000000000
1.4500000000 0.05284895296586784169 0.00000000000000000000
1.4600000000 0.05232636064825255118 0.00000000000000000000
1.4700000000 0.05181626021311259989 0.00000000000000000000
1.4800000000 0.05131828506023428799 0.00000000000000000000
1.4900000000 0.05083208068050557027 0.00000000000000000000
1.5000000000 0.05035730422591339073 0.00000000000000000000
1.5100000000 0.04989362409563166678 0.00000000000000000000
1.5200000000 0.04944071953756663113 0.00000000000000000000
1.5300000000 0.04899828026477568571 0.00000000000000000000
1.5400000000 0.04856600608618461684 0.00000000000000000000
1.5500000000 0.04814360655103937930 0.00000000000000000000
1.5600000000 0.04773080060658340534 0.00000000000000000000
1.5700000000 0.04732731626843211109 0.00000000000000000000
1.5800000000 0.04693289030317320670 0.00000000000000000000
1.5900000000 0.04654726792270916236 0.00000000000000000000
1.6000000000 0.04617020248989761599 0.00000000000000000000
1.6100000000 0.04580145523505911587 0.00000000000000000000
1.6200000000 0.04544079498292420000 0.00000000000000000000
1.6300000000 0.04508799788963486349 0.00000000000000000000
1.6400000000 0.04474284718940076122 0.00000000000000000000
1.6500000000 0.04440513295045251524 0.00000000000000000000
1.6600000000 0.04407465183992925750 0.00000000000000000000
1.6700000000 0.04375120689736312213 0.00000000000000000000
1.6800000000 0.04343460731643253997 0.00000000000000000000
1.6900000000 0.04312466823466748478 0.00000000000000000000
1.7000000000 0.04282121053080393397 0.00000000000000000000
1.7100000000 0.04252406062950049581 0.00000000000000000000
1.7200000000 0.04223305031313392965 0.00000000000000000000
1.7300000000 0.04194801654040494071 0.00000000000000000000
1.7400000000 0.04166880127149790586 0.00000000000000000000
1.7500000000 0.04139525129954686050 0.00000000000000000000
1.7600000000 0.04112721808816851427 0.00000000000000000000
1.7700000000 0.04086455761482968990 0.00000000000000000000
1.7800000000 0.04060713021983831245 0.00000000000000000000
1.7900000000 0.04035480046073607052 0.00000000000000000000
1.8000000000 0.04010743697189633750 0.00000000000000000000
1.8100000000 0.03986491232912815069 0.00000000000000000000
1.8200000000 0.03962710291910298555 0.00000000000000000000
1.8300000000 0.03939388881341605864 0.00000000000000000000
1.8400000000 0.03916515364711820740 0.00000000000000000000
1.8500000000 0.03894078450154380561 0.00000000000000000000
1.8600000000 0.03872067179127897107 0.00000000000000000000
1.8700000000 0.03850470915511244180 0.00000000000000000000
1.8800000000 0.03829279335082694941 0.00000000000000000000
1.8900000000 0.03808482415367876045 0.00000000000000000000
1.9000000000 0.03788070425843860500 0.00000000000000000000
1.9100000000 0.03768033918485942657 0.00000000000000000000
1.9200000000 0.03748363718643788617 0.00000000000000000000
1.9300000000 0.03729050916235686353 0.00000000000000000000
1.9400000000 0.03710086857248674763 0.00000000000000000000
1.9500000000 0.03691463135533661066 0.00000000000000000000
1.9600000000 0.03673171584884172419 0.00000000000000000000
1.9700000000 0.03655204271388802495 0.00000000000000000000
1.9800000000 0.03637553486047215984 0.00000000000000000000
1.9900000000 0.03620211737640079142 0.00000000000000000000
2.0000000000 0.03603171745843433693 0.00000000000000000000
2.0100000000 0.03586426434579142314 0.00000000000000000000
2.0200000000 0.03569968925592237330 0.00000000000000000000
2.0300000000 0.03553792532247287972 0.00000000000000000000
2.0400000000 0.03537890753535884864 0.00000000000000000000
2.0500000000 0.03522257268287231485 0.00000000000000000000
2.0600000000 0.03506885929575253441 0.00000000000000000000
2.0700000000 0.03491770759313998079 0.00000000000000000000
2.0800000000 0.03476905943035992624 0.00000000000000000000
2.0900000000 0.03462285824845629661 0.00000000000000000000
2.1000000000 0.03447904902542189842 0.00000000000000000000
2.1100000000 0.03433757822906244317 0.00000000000000000000
2.1200000000 0.03419839377143289727 0.00000000000000000000
2.1300000000 0.03406144496479444894 0.00000000000000000000
2.1400000000 0.03392668247903480455 0.00000000000000000000
2.1500000000 0.03379405830050247889 0.00000000000000000000
2.1600000000 0.03366352569220286417 0.00000000000000000000
2.1700000000 0.03353503915530799823 0.00000000000000000000
2.1800000000 0.03340855439193716331 0.00000000000000000000
2.1900000000 0.03328402826915722451 0.00000000000000000000
2.2000000000 0.03316141878416648675 0.00000000000000000000
2.2100000000 0.03304068503061651646 0.00000000000000000000
2.2200000000 0.03292178716603189059 0.00000000000000000000
2.2300000000 0.03280468638029314377 0.00000000000000000000
2.2400000000 0.03268934486514112753 0.00000000000000000000
2.2500000000 0.03257572578467114038 0.00000000000000000000
2.2600000000 0.03246379324678015654 0.00000000000000000000
2.2700000000 0.03235351227553436015 0.00000000000000000000
2.2800000000 0.03224484878442708535 0.00000000000000000000
2.2900000000 0.03213776955049355705 0.00000000000000000000
2.3000000000 0.03203224218925439931 0.00000000000000000000
2.3100000000 0.03192823513046036399 0.00000000000000000000
2.3200000000 0.03182571759460863653 0.00000000000000000000
2.3300000000 0.03172465957020591254 0.00000000000000000000
2.3400000000 0.03162503179175207152 0.00000000000000000000
2.3500000000 0.03152680571842023799 0.00000000000000000000
2.3600000000 0.03142995351340922144 0.00000000000000000000
2.3700000000 0.03133444802394521472 0.00000000000000000000
2.3800000000 0.03124026276191145188 0.00000000000000000000
2.3900000000 0.03114737188508527252 0.00000000000000000000
2.4000000000 0.03105575017895882695 0.00000000000000000000
2.4100000000 0.03096537303912815647 0.00000000000000000000
2.4200000000 0.03087621645422788941 0.00000000000000000000
2.4300000000 0.03078825698939673117 0.00000000000000000000
2.4400000000 0.03070147177025171759 0.00000000000000000000
2.4500000000 0.03061583846735844300 0.00000000000000000000
2.4600000000 0.03053133528117785503 0.00000000000000000000
2.4700000000 0.03044794092747521441 0.00000000000000000000
2.4800000000 0.03036563462317579468 0.00000000000000000000
2.4900000000 0.03028439607265097366 0.00000000000000000000
2.5000000000 0.03020420545442378119 0.00000000000000000000
2.5100000000 0.03012504340827593108 0.00000000000000000000
2.5200000000 0.03004689102274676546 0.00000000000000000000
2.5300000000 0.02996972982300881091 0.00000000000000000000
2.5400000000 0.02989354175910949318 0.00000000000000000000
2.5500000000 0.02981830919456480988 0.00000000000000000000
2.5600000000 0.02974401489529617665 0.00000000000000000000
2.5700000000 0.02967064201889705460 0.00000000000000000000
2.5800000000 0.02959817410421907227 0.00000000000000000000
2.5900000000 0.02952659506126940545 0.00000000000000000000
2.6000000000 0.02945588916140548519 0.00000000000000000000
2.6100000000 0.02938604102782171185 0.00000000000000000000
2.6200000000 0.02931703562631488014 0.00000000000000000000
2.6300000000 0.02924885825632270522 0.00000000000000000000
2.6400000000 0.02918149454222411163 0.00000000000000000000
2.6500000000 0.02911493042489475894 0.00000000000000000000
2.6600000000 0.02904915215350849581 0.00000000000000000000
2.6700000000 0.02898414627757742168 0.00000000000000000000
2.6800000000 0.02891989963922314902 0.00000000000000000000
2.6900000000 0.02885639936567141461 0.00000000000000000000
2.7000000000 0.02879363286196343769 0.00000000000000000000
2.7100000000 0.02873158780387683950 0.00000000000000000000
2.7200000000 0.02867025213105044851 0.00000000000000000000
2.7300000000 0.02860961404030464353 0.00000000000000000000
2.7400000000 0.02854966197915353998 0.00000000000000000000
2.7500000000 0.02849038463950144887 0.00000000000000000000
2.7600000000 0.02843177095151769307 0.00000000000000000000
2.7700000000 0.02837381007768612073 0.00000000000000000000
2.7800000000 0.02831649140702085371 0.00000000000000000000
2.7900000000 0.02825980454944683126 0.00000000000000000000
2.8000000000 0.02820373933033630542 0.00000000000000000000
2.8100000000 0.02814828578519939367 0.00000000000000000000
2.8200000000 0.02809343415452261739 0.00000000000000000000
2.8300000000 0.02803917487875099909 0.00000000000000000000
2.8400000000 0.02798549859340943718 0.00000000000000000000
2.8500000000 0.02793239612435898314 0.00000000000000000000
2.8600000000 0.02787985848318482937 0.00000000000000000000
2.8700000000 0.02782787686271042532 0.00000000000000000000
2.8800000000 0.02777644263263456814 0.00000000000000000000
2.8900000000 0.02772554733528904969 0.00000000000000000000
2.9000000000 0.02767518268151099997 0.00000000000000000000
2.9100000000 0.02762534054662775865 0.00000000000000000000
2.9200000000 0.02757601296655130818 0.00000000000000000000
2.9300000000 0.02752719213397781736 0.00000000000000000000
2.9400000000 0.02747887039468951270 0.00000000000000000000
2.9500000000 0.02743104024395706664 0.00000000000000000000
2.9600000000 0.02738369432303743717 0.00000000000000000000
2.9700000000 0.02733682541576553868 0.00000000000000000000
2.9800000000 0.02729042644523788433 0.00000000000000000000
2.9900000000 0.02724449047058309994 0.00000000000000000000
3.0000000000 0.02719901068381860160 0.00000000000000000000
3.0100000000 0.02715398040679058156 0.00000000000000000000
3.0200000000 0.02710939308819454788 0.00000000000000000000
3.0300000000 0.02706524230067412426 0.00000000000000000000
3.0400000000 0.02702152173799593146 0.00000000000000000000
3.0500000000 0.02697822521229822565 0.00000000000000000000
3.0600000000 0.02693534665141139248 0.00000000000000000000
3.0700000000 0.02689288009624830889 0.00000000000000000000
3.0800000000 0.02685081969826144666 0.00000000000000000000
3.0900000000 0.02680915971696657546 0.00000000000000000000
3.1000000000 0.02676789451753011292 0.00000000000000000000
3.1100000000 0.02672701856841787002 0.00000000000000000000
3.1200000000 0.02668652643910437300 0.00000000000000000000
3.1300000000 0.02664641279784104450 0.00000000000000000000
3.1400000000 0.02660667240948055151 0.00000000000000000000
3.1500000000 0.02656730013335650842 0.00000000000000000000
3.1600000000 0.02652829092121716803 0.00000000000000000000
3.1700000000 0.02648963981521125846 0.00000000000000000000
3.1800000000 0.02645134194592376267 0.00000000000000000000
3.1900000000 0.02641339253046193214 0.00000000000000000000
3.2000000000 0.02637578687058829419 0.00000000000000000000
3.2100000000 0.02633852035090131910 0.00000000000000000000
3.2200000000 0.02630158843705961841 0.00000000000000000000
3.2300000000 0.02626498667405200577 0.00000000000000000000
3.2400000000 0.02622871068450927795 0.00000000000000000000
3.2500000000 0.02619275616705728574 0.00000000000000000000
3.2600000000 0.02615711889471180121 0.00000000000000000000
3.2700000000 0.02612179471331085856 0.00000000000000000000
3.2800000000 0.02608677953998699353 0.00000000000000000000
3.2900000000 0.02605206936167616186 0.00000000000000000000
3.3000000000 0.02601766023366212932 0.00000000000000000000
3.3100000000 0.02598354827815683651 0.00000000000000000000
3.3200000000 0.02594972968291546500 0.00000000000000000000
3.3300000000 0.02591620069988336342 0.00000000000000000000
3.3400000000 0.02588295764387675210 0.00000000000000000000
3.3500000000 0.02584999689129422948 0.00000000000000000000
3.3600000000 0.02581731487885963530 0.00000000000000000000
3.3700000000 0.02578490810239365827 0.00000000000000000000
3.3800000000 0.02575277311561633212 0.00000000000000000000
3.3900000000 0.02572090652897559768 0.00000000000000000000
3.4000000000 0.02568930500850583748 0.00000000000000000000
3.4100000000 0.02565796527471080057 0.00000000000000000000
3.4200000000 0.02562688410147471313 0.00000000000000000000
3.4300000000 0.02559605831499792150 0.00000000000000000000
3.4400000000 0.02556548479275694286 0.00000000000000000000
3.4500000000 0.02553516046248919744 0.00000000000000000000
3.4600000000 0.02550508230120137124 0.00000000000000000000
3.4700000000 0.02547524733419992068 0.00000000000000000000
3.4800000000 0.02544565263414450343 0.00000000000000000000
3.4900000000 0.02541629532012299256 0.00000000000000000000
3.5000000000 0.02538717255674729015 0.00000000000000000000
3.5100000000 0.02535828155327012057 0.00000000000000000000
3.5200000000 0.02532961956272153370 0.00000000000000000000
3.5300000000 0.02530118388106573218 0.00000000000000000000
3.5400000000 0.02527297184637534999 0.00000000000000000000
3.5500000000 0.02524498083802652684 0.00000000000000000000
3.5600000000 0.02521720827590973046 0.00000000000000000000
3.5700000000 0.02518965161966026101 0.00000000000000000000
3.5800000000 0.02516230836790444084 0.00000000000000000000
3.5900000000 0.02513517605752305095 0.00000000000000000000
3.6000000000 0.02510825226293176421 0.00000000000000000000
3.6100000000 0.02508153459537645208 0.00000000000000000000
3.6200000000 0.02505502070224418371 0.00000000000000000000
3.6300000000 0.02502870826639046892 0.00000000000000000000
3.6400000000 0.02500259500547960187 0.00000000000000000000
3.6500000000 0.02497667867134047495 0.00000000000000000000
3.6600000000 0.02495095704933646824 0.00000000000000000000
3.6700000000 0.02492542795774803713 0.00000000000000000000
3.6800000000 0.02490008924716983346 0.00000000000000000000
3.6900000000 0.02487493879992028895 0.00000000000000000000
3.7000000000 0.02484997452946352547 0.00000000000000000000
3.7100000000 0.02482519437984451530 0.00000000000000000000
3.7200000000 0.02480059632513548912 0.00000000000000000000
3.7300000000 0.02477617836889486891 0.00000000000000000000
3.7400000000 0.02475193854363703927 0.00000000000000000000
3.7500000000 0.02472787491031375184 0.00000000000000000000
3.7600000000 0.02470398555780634400 0.00000000000000000000
3.7700000000 0.02468026860242892445 0.00000000000000000000
3.7800000000 0.02465672218744134267 0.00000000000000000000
3.7900000000 0.02463334448257308365 0.00000000000000000000
3.8000000000 0.02461013368355680075 0.00000000000000000000
3.8100000000 0.02458708801167125424 0.00000000000000000000
3.8200000000 0.02456420571329420363 0.00000000000000000000
3.8300000000 0.02454148505946451841 0.00000000000000000000
3.8400000000 0.02451892434545254948 0.00000000000000000000
3.8500000000 0.02449652189034086727 0.00000000000000000000
3.8600000000 0.02447427603661166476 0.00000000000000000000
3.8700000000 0.02445218514974440913 0.00000000000000000000
3.8800000000 0.02443024761782040116 0.00000000000000000000
3.8900000000 0.02440846185113595967 0.00000000000000000000
3.9000000000 0.02438682628182328727 0.00000000000000000000
3.9100000000 0.02436533936347922216 0.00000000000000000000
3.9200000000 0.02434399957080098098 0.00000000000000000000
3.9300000000 0.02432280539922973897 0.00000000000000000000
3.9400000000 0.02430175536460083691 0.00000000000000000000
3.9500000000 0.02428084800280161382 0.00000000000000000000
3.9600000000 0.02426008186943522452 0.00000000000000000000
3.9700000000 0.02423945553949199277 0.00000000000000000000
3.9800000000 0.02421896760702648907 0.00000000000000000000
3.9900000000 0.02419861668484160969 0.00000000000000000000
4.0000000000 0.02417840140417842551 0.00000000000000000000
4.0100000000 0.02415832041441233827 0.00000000000000000000
4.0200000000 0.02413837238275494748 0.00000000000000000000
4.0300000000 0.02411855599396222835 0.00000000000000000000
4.0400000000 0.02409886995004776114 0.00000000000000000000
4.0500000000 0.02407931297000187598 0.00000000000000000000
4.0600000000 0.02405988378951607123 0.00000000000000000000
4.0700000000 0.02404058116071306969 0.00000000000000000000
4.0800000000 0.02402140385188147875 0.00000000000000000000
4.0900000000 0.02400235064721608150 0.00000000000000000000
4.1000000000 0.02398342034656272131 0.00000000000000000000
4.1100000000 0.02396461176516836988 0.00000000000000000000
4.1200000000 0.02394592373343555972 0.00000000000000000000
4.1300000000 0.02392735509668164964 0.00000000000000000000
4.1400000000 0.02390890471490284344 0.00000000000000000000
4.1500000000 0.02389057146254239261 0.00000000000000000000
4.1600000000 0.02387235422826291392 0.00000000000000000000
4.1700000000 0.02385425191472367867 0.00000000000000000000
4.1800000000 0.02383626343836145467 0.00000000000000000000
4.1900000000 0.02381838772917554969 0.00000000000000000000
4.2000000000 0.02380062373051679628 0.00000000000000000000
4.2100000000 0.02378297039888100858 0.00000000000000000000
4.2200000000 0.02376542670370527383 0.00000000000000000000
4.2300000000 0.02374799162716860132 0.00000000000000000000
4.2400000000 0.02373066416399650588 0.00000000000000000000
4.2500000000 0.02371344332126822455 0.00000000000000000000
4.2600000000 0.02369632811822842619 0.00000000000000000000
4.2700000000 0.02367931758610177656 0.00000000000000000000
4.2800000000 0.02366241076791087902 0.00000000000000000000
4.2900000000 0.02364560671829798663 0.00000000000000000000
4.3000000000 0.02362890450334922954 0.00000000000000000000
4.3100000000 0.02361230320042255124 0.00000000000000000000
4.3200000000 0.02359580189797852445 0.00000000000000000000
4.3300000000 0.02357939969541411607 0.00000000000000000000
4.3400000000 0.02356309570289951208 0.00000000000000000000
4.3500000000 0.02354688904121810325 0.00000000000000000000
4.3600000000 0.02353077884160844832 0.00000000000000000000
4.3700000000 0.02351476424561026179 0.00000000000000000000
4.3800000000 0.02349884440491211562 0.00000000000000000000
4.3900000000 0.02348301848120213503 0.00000000000000000000
4.4000000000 0.02346728564602168152 0.00000000000000000000
4.4100000000 0.02345164508062087816 0.00000000000000000000
4.4200000000 0.02343609597581736495 0.00000000000000000000
4.4300000000 0.02342063753185687561 0.00000000000000000000
4.4400000000 0.02340526895827679810 0.00000000000000000000
4.4500000000 0.02338998947377174745 0.00000000000000000000
4.4600000000 0.02337479830606147002 0.00000000000000000000
4.4700000000 0.02335969469176126662 0.00000000000000000000
4.4800000000 0.02334467787625434110 0.00000000000000000000
4.4900000000 0.02332974711356640418 0.00000000000000000000
4.5000000000 0.02331490166624258092 0.00000000000000000000
4.5100000000 0.02330014080522632355 0.00000000000000000000
4.5200000000 0.02328546380974026025 0.00000000000000000000
4.5300000000 0.02327086996716919154 0.00000000000000000000
4.5400000000 0.02325635857294499481 0.00000000000000000000
4.5500000000 0.02324192893043356550 0.00000000000000000000
4.5600000000 0.02322758035082344436 0.00000000000000000000
4.5700000000 0.02321331215301661310 0.00000000000000000000
4.5800000000 0.02319912366352086530 0.00000000000000000000
4.5900000000 0.02318501421634404369 0.00000000000000000000
4.6000000000 0.02317098315289006089 0.00000000000000000000
4.6100000000 0.02315702982185652986 0.00000000000000000000
4.6200000000 0.02314315357913428878 0.00000000000000000000
4.6300000000 0.02312935378770845929 0.00000000000000000000
4.6400000000 0.02311562981756112162 0.00000000000000000000
4.6500000000 0.02310198104557547455 0.00000000000000000000
4.6600000000 0.02308840685544187588 0.00000000000000000000
4.6700000000 0.02307490663756515265 0.00000000000000000000
4.6800000000 0.02306147978897333389 0.00000000000000000000
4.6900000000 0.02304812571322834014 0.00000000000000000000
4.7000000000 0.02303484382033744657 0.00000000000000000000
4.7100000000 0.02302163352666675503 0.00000000000000000000
4.7200000000 0.02300849425485575889 0.00000000000000000000
4.7300000000 0.02299542543373332346 0.00000000000000000000
4.7400000000 0.02298242649823495701 0.00000000000000000000
4.7500000000 0.02296949688932163267 0.00000000000000000000
4.7600000000 0.02295663605389962683 0.00000000000000000000
4.7700000000 0.02294384344474185988 0.00000000000000000000
4.7800000000 0.02293111852041018750 0.00000000000000000000
4.7900000000 0.02291846074517921855 0.00000000000000000000
4.8000000000 0.02290586958896122932 0.00000000000000000000
4.8100000000 0.02289334452723223653 0.00000000000000000000
4.8200000000 0.02288088504095916673 0.00000000000000000000
4.8300000000 0.02286849061652827461 0.00000000000000000000
4.8400000000 0.02285616074567470984 0.00000000000000000000
4.8500000000 0.02284389492541289562 0.00000000000000000000
4.8600000000 0.02283169265796852407 0.00000000000000000000
4.8700000000 0.02281955345071094710 0.00000000000000000000
4.8800000000 0.02280747681608713551 0.00000000000000000000
4.8900000000 0.02279546227155632154 0.00000000000000000000
4.9000000000 0.02278350933952598065 0.00000000000000000000
4.9100000000 0.02277161754728844467 0.00000000000000000000
4.9200000000 0.02275978642695863571 0.00000000000000000000
4.9300000000 0.02274801551541276792 0.00000000000000000000
4.9400000000 0.02273630435422807974 0.00000000000000000000
4.9500000000 0.02272465248962312126 0.00000000000000000000
4.9600000000 0.02271305947239940504 0.00000000000000000000
4.9700000000 0.02270152485788361901 0.00000000000000000000
4.9800000000 0.02269004820587080390 0.00000000000000000000
4.9900000000 0.02267862908056848467 0.00000000000000000000
5.0000000000 0.02266726705054135371 0.00000000000000000000
