0.1000000000 1.61896814562522428638 0.00000000000000000000
0.1100000000 1.52413585811730145636 0.00000000000000000000
0.1200000000 1.43660956920065352449 0.00000000000000000000
0.1300000000 1.35596816477023951464 0.00000000000000000000
0.1400000000 1.28174977725673344686 0.00000000000000000000
0.1500000000 1.21347162610717895781 0.00000000000000000000
0.1600000000 1.15064704145481777608 0.00000000000000000000
0.1700000000 1.09279914201333139268 0.00000000000000000000
0.1800000000 1.03947108705391877415 0.00000000000000000000
0.1900000000 0.99023314426440545155 0.00000000000000000000
0.2000000000 0.94468700779032610537 0.00000000000000000000
0.2100000000 0.90246788394140697864 0.00000000000000000000
0.2200000000 0.86324486554081736323 0.00000000000000000000
0.2300000000 0.82672006937820641248 0.00000000000000000000
0.2400000000 0.79262693926624638863 0.00000000000000000000
0.2500000000 0.76072803748852724226 0.00000000000000000000
0.2600000000 0.73081257113888886678 0.00000000000000000000
0.2700000000 0.70269383297252385745 0.00000000000000000000
0.2800000000 0.67620668125851646213 0.00000000000000000000
0.2900000000 0.65120513980859140446 0.00000000000000000000
0.3000000000 0.62756016668916980716 0.00000000000000000000
0.3100000000 0.60515761640614762484 0.00000000000000000000
0.3200000000 0.58389640379087592859 0.00000000000000000000
0.3300000000 0.56368686675734547276 0.00000000000000000000
0.3400000000 0.54444931813320807112 0.00000000000000000000
0.3500000000 0.52611277274913281765 0.00000000000000000000
0.3600000000 0.50861383401356008438 0.00000000000000000000
0.3700000000 0.49189572363334560512 0.00000000000000000000
0.3800000000 0.47590743847340799544 0.00000000000000000000
0.3900000000 0.46060301942882209136 0.00000000000000000000
0.4000000000 0.44594091836516980276 0.00000000000000000000
0.4100000000 0.43188345050116089263 0.00000000000000000000
0.4200000000 0.41839632095218137753 0.00000000000000000000
0.4300000000 0.40544821545594894596 0.00000000000000000000
0.4400000000 0.39301044652168143356 0.00000000000000000000
0.4500000000 0.38105664736113259439 0.00000000000000000000
0.4600000000 0.36956250696524556298 0.00000000000000000000
0.4700000000 0.35850554058416095327 0.00000000000000000000
0.4800000000 0.34786489065557590905 0.00000000000000000000
0.4900000000 0.33762115391498576100 0.00000000000000000000
0.5000000000 0.32775623102004697307 0.00000000000000000000
0.5100000000 0.31825319553964587227 0.00000000000000000000
0.5200000000 0.30909617960562779659 0.00000000000000000000
0.5300000000 0.30027027391020738589 0.00000000000000000000
0.5400000000 0.29176144006278875720 0.00000000000000000000
0.5500000000 0.28355643360374005457 0.00000000000000000000
0.5600000000 0.27564273621567897399 0.00000000000000000000
0.5700000000 0.26800849588106823163 0.00000000000000000000
0.5800000000 0.26064247391298311918 0.00000000000000000000
0.5900000000 0.25353399793833053533 0.00000000000000000000
0.6000000000 0.24667292004316576648 0.00000000000000000000
0.6100000000 0.24004957940123644589 0.00000000000000000000
0.6200000000 0.23365476880235022672 0.00000000000000000000
0.6300000000 0.22747970457872984662 0.00000000000000000000
0.6400000000 0.22151599949749117835 0.00000000000000000000
0.6500000000 0.21575563824719737327 0.00000000000000000000
0.6600000000 0.21019095519773040026 0.00000000000000000000
0.6700000000 0.20481461415666038506 0.00000000000000000000
0.6800000000 0.19961958988303679652 0.00000000000000000000
0.6900000000 0.19459915115182316314 0.00000000000000000000
0.7000000000 0.18974684518998688465 0.00000000000000000000
0.7100000000 0.18505648332911980858 0.00000000000000000000
0.7200000000 0.18052212773995171546 0.00000000000000000000
0.7300000000 0.17613807913179851949 0.00000000000000000000
0.7400000000 0.17189886531511508472 0.00000000000000000000
0.7500000000 0.16779923053845016701 0.00000000000000000000
0.7600000000 0.16383412552233445059 0.00000000000000000000
0.7700000000 0.15999869812239309042 0.00000000000000000000
0.7800000000 0.15628828456235510647 0.00000000000000000000
0.7900000000 0.15269840118483196667 0.00000000000000000000
0.8000000000 0.14922473667410474096 0.00000000000000000000
0.8100000000 0.14586314471052919117 0.00000000000000000000
0.8200000000 0.14260963702085366345 0.00000000000000000000
0.8300000000 0.13946037679284012389 0.00000000000000000000
0.8400000000 0.13641167242620905187 0.00000000000000000000
0.8500000000 0.13345997159474659588 0.00000000000000000000
0.8600000000 0.13060185559746861905 0.00000000000000000000
0.8700000000 0.12783403397871712093 0.00000000000000000000
0.8800000000 0.12515333939927630880 0.00000000000000000000
0.8900000000 0.12255672274240791975 0.00000000000000000000
0.9000000000 0.12004124844006869299 0.00000000000000000000
0.9100000000 0.11760409000620974940 0.00000000000000000000
0.9200000000 0.11524252576505623902 0.00000000000000000000
0.9300000000 0.11295393476320858550 0.00000000000000000000
0.9400000000 0.11073579285593235233 0.00000000000000000000
0.9500000000 0.10858566895785752571 0.00000000000000000000
0.9600000000 0.10650122144999341067 0.00000000000000000000
0.9700000000 0.10448019473502924426 0.00000000000000000000
0.9800000000 0.10252041593363712957 0.00000000000000000000
0.9900000000 0.10061979171509048692 0.00000000000000000000
1.0000000000 0.09877630525526576166 0.00000000000000000000
1.0100000000 0.09698801331832686279 0.00000000000000000000
1.0200000000 0.09525304345300379671 0.00000000000000000000
1.0300000000 0.09356959130061516527 0.00000000000000000000
1.0400000000 0.09193591801077899417 0.00000000000000000000
1.0500000000 0.09035034775781181082 0.00000000000000000000
1.0600000000 0.08881126535501646102 0.00000000000000000000
1.0700000000 0.08731711396237176737 0.00000000000000000000
1.0800000000 0.08586639288371672452 0.00000000000000000000
1.0900000000 0.08445765544975541994 0.00000000000000000000
1.1000000000 0.08308950698334865992 0.00000000000000000000
1.1100000000 0.08176060284377655030 0.00000000000000000000
1.1200000000 0.08046964654668944950 0.00000000000000000000
1.1300000000 0.07921538795684464340 0.00000000000000000000
1.1400000000 0.07799662155059057522 0.00000000000000000000
1.1500000000 0.07681218474540932317 0.00000000000000000000
1.1600000000 0.07566095629379336607 0.00000000000000000000
1.1700000000 0.07454185473897433079 0.00000000000000000000
1.1800000000 0.07345383693004226000 0.00000000000000000000
1.1900000000 0.07239589659409051414 0.00000000000000000000
1.2000000000 0.07136706296321713994 0.00000000000000000000
1.2100000000 0.07036639945418313169 0.00000000000000000000
1.2200000000 0.06939300239869657105 0.00000000000000000000
1.2300000000 0.06844599982234678137 0.00000000000000000000
1.2400000000 0.06752455027027663703 0.00000000000000000000
1.2500000000 0.06662784167779876865 0.00000000000000000000
1.2600000000 0.06575509028419054824 0.00000000000000000000
1.2700000000 0.06490553958800199252 0.00000000000000000000
1.2800000000 0.06407845934225446516 0.00000000000000000000
1.2900000000 0.06327314458798669050 0.00000000000000000000
1.3000000000 0.06248891472466101826 0.00000000000000000000
1.3100000000 0.06172511261600806265 0.00000000000000000000
1.3200000000 0.06098110372991095984 0.00000000000000000000
1.3300000000 0.06025627531104144063 0.00000000000000000000
1.3400000000 0.05955003558495623045 0.00000000000000000000
1.3500000000 0.05886181299243903320 0.00000000000000000000
1.3600000000 0.05819105545292365539 0.00000000000000000000
1.3700000000 0.05753722965586696714 0.00000000000000000000
1.3800000000 0.05689982037898033695 0.00000000000000000000
1.3900000000 0.05627832983229585223 0.00000000000000000000
1.4000000000 0.05567227702705655062 0.00000000000000000000
1.4100000000 0.05508119716846555242 0.00000000000000000000
1.4200000000 0.05450464107138409953 0.00000000000000000000
1.4300000000 0.05394217459807394005 0.00000000000000000000
1.4400000000 0.05339337811714787302 0.00000000000000000000
1.4500000000 0.05285784598288845171 0.00000000000000000000
1.4600000000 0.05233518603416716097 0.00000000000000000000
1.4700000000 0.05182501911218839741 0.00000000000000000000
1.4800000000 0.05132697859634386545 0.00000000000000000000
1.4900000000 0.05084070995747125288 0.00000000000000000000
1.5000000000 0.05036587032784139994 0.00000000000000000000
1.5100000000 0.04990212808723752669 0.00000000000000000000
1.5200000000 0.04944916246449619635 0.00000000000000000000
1.5300000000 0.04900666315392192274 0.00000000000000000000
1.5400000000 0.04857432994598927245 0.00000000000000000000
1.5500000000 0.04815187237180002661 0.00000000000000000000
1.5600000000 0.04773900936074833290 0.00000000000000000000
1.5700000000 0.04733546891089335240 0.00000000000000000000
1.5800000000 0.04694098777155398389 0.00000000000000000000
1.5900000000 0.04655531113764788120 0.00000000000000000000
1.6000000000 0.04617819235532834993 0.00000000000000000000
1.6100000000 0.04580939263848692738 0.00000000000000000000
1.6200000000 0.04544868079569833880 0.00000000000000000000
1.6300000000 0.04509583296721534490 0.00000000000000000000
1.6400000000 0.04475063237162680424 0.00000000000000000000
1.6500000000 0.04441286906180233474 0.00000000000000000000
1.6600000000 0.04408233968978037681 0.00000000000000000000
1.6700000000 0.04375884728024794640 0.00000000000000000000
1.6800000000 0.04344220101229077924 0.00000000000000000000
1.6900000000 0.04313221600909535047 0.00000000000000000000
1.7000000000 0.04282871313530137170 0.00000000000000000000
1.7100000000 0.04253151880171508747 0.00000000000000000000
1.7200000000 0.04224046477709949426 0.00000000000000000000
1.7300000000 0.04195538800678117602 0.00000000000000000000
1.7400000000 0.04167613043780420135 0.00000000000000000000
1.7500000000 0.04140253885039384824 0.00000000000000000000
1.7600000000 0.04113446469548624057 0.00000000000000000000
1.7700000000 0.04087176393809386493 0.00000000000000000000
1.7800000000 0.04061429690629352052 0.00000000000000000000
1.7900000000 0.04036192814561390813 0.00000000000000000000
1.8000000000 0.04011452627863376641 0.00000000000000000000
1.8100000000 0.03987196386958096611 0.00000000000000000000
1.8200000000 0.03963411729375562048 0.00000000000000000000
1.8300000000 0.03940086661159090259 0.00000000000000000000
1.8400000000 0.03917209544718062986 0.00000000000000000000
1.8500000000 0.03894769087110269701 0.00000000000000000000
1.8600000000 0.03872754328738711727 0.00000000000000000000
1.8700000000 0.03851154632446262410 0.00000000000000000000
1.8800000000 0.03829959672994396463 0.00000000000000000000
1.8900000000 0.03809159426911112173 0.00000000000000000000
1.9000000000 0.03788744162694622497 0.00000000000000000000
1.9100000000 0.03768704431359590212 0.00000000000000000000
1.9200000000 0.03749031057313387261 0.00000000000000000000
1.9300000000 0.03729715129549843883 0.00000000000000000000
1.9400000000 0.03710747993149152851 0.00000000000000000000
1.9500000000 0.03692121241072583021 0.00000000000000000000
1.9600000000 0.03673826706241124090 0.00000000000000000000
1.9700000000 0.03655856453887552232 0.00000000000000000000
1.9800000000 0.03638202774172130671 0.00000000000000000000
1.9900000000 0.03620858175052325129 0.00000000000000000000
2.0000000000 0.03603815375396925841 0.00000000000000000000
2.0100000000 0.03587067298336094751 0.00000000000000000000
2.0200000000 0.03570607064838601796 0.00000000000000000000
2.0300000000 0.03554427987507815384 0.00000000000000000000
2.0400000000 0.03538523564588931525 0.00000000000000000000
2.0500000000 0.03522887474179366846 0.00000000000000000000
2.0600000000 0.03507513568635509116 0.00000000000000000000
2.0700000000 0.03492395869168015560 0.00000000000000000000
2.0800000000 0.03477528560619690123 0.00000000000000000000
2.0900000000 0.03462905986418846060 0.00000000000000000000
2.1000000000 0.03448522643701977530 0.00000000000000000000
2.1100000000 0.03434373178599852555 0.00000000000000000000
2.1200000000 0.03420452381681061971 0.00000000000000000000
2.1300000000 0.03406755183547287985 0.00000000000000000000
2.1400000000 0.03393276650575272058 0.00000000000000000000
2.1500000000 0.03380011980799955962 0.00000000000000000000
2.1600000000 0.03366956499933703578 0.00000000000000000000
2.1700000000 0.03354105657517418571 0.00000000000000000000
2.1800000000 0.03341455023197936747 0.00000000000000000000
2.1900000000 0.03329000283128182719 0.00000000000000000000
2.2000000000 0.03316737236485175350 0.00000000000000000000
2.2100000000 0.03304661792102025347 0.00000000000000000000
2.2200000000 0.03292769965209731836 0.00000000000000000000
2.2300000000 0.03281057874285214088 0.00000000000000000000
2.2400000000 0.03269521738001607974 0.00000000000000000000
2.2500000000 0.03258157872277447908 0.00000000000000000000
2.2600000000 0.03246962687421158650 0.00000000000000000000
2.2700000000 0.03235932685367713668 0.00000000000000000000
2.2800000000 0.03225064457004128693 0.00000000000000000000
2.2900000000 0.03214354679580791463 0.00000000000000000000
2.3000000000 0.03203800114205661992 0.00000000000000000000
2.3100000000 0.03193397603418544201 0.00000000000000000000
2.3200000000 0.03183144068842456986 0.00000000000000000000
2.3300000000 0.03173036508909964776 0.00000000000000000000
2.3400000000 0.03163071996661120239 0.00000000000000000000
2.3500000000 0.03153247677611531463 0.00000000000000000000
2.3600000000 0.03143560767687264557 0.00000000000000000000
2.3700000000 0.03134008551224997524 0.00000000000000000000
2.3800000000 0.03124588379034733479 0.00000000000000000000
2.3900000000 0.03115297666523346443 0.00000000000000000000
2.4000000000 0.03106133891876541528 0.00000000000000000000
2.4100000000 0.03097094594297601644 0.00000000000000000000
2.4200000000 0.03088177372300739479 0.00000000000000000000
2.4300000000 0.03079379882057406773 0.00000000000000000000
2.4400000000 0.03070699835793683913 0.00000000000000000000
2.4500000000 0.03062135000237089719 0.00000000000000000000
2.4600000000 0.03053683195111170715 0.00000000000000000000
2.4700000000 0.03045342291676246191 0.00000000000000000000
2.4800000000 0.03037110211314832803 0.00000000000000000000
2.4900000000 0.03028984924160170109 0.00000000000000000000
2.5000000000 0.03020964447766541841 0.00000000000000000000
2.5100000000 0.03013046845820025257 0.00000000000000000000
2.5200000000 0.03005230226888110437 0.00000000000000000000
2.5300000000 0.02997512743207212185 0.00000000000000000000
2.5400000000 0.02989892589506719725 0.00000000000000000000
2.5500000000 0.02982368001868223803 0.00000000000000000000
2.5600000000 0.02974937256619104853 0.00000000000000000000
2.5700000000 0.02967598669259115252 0.00000000000000000000
2.5800000000 0.02960350593418821855 0.00000000000000000000
2.5900000000 0.02953191419849264532 0.00000000000000000000
2.6000000000 0.02946119575441414132 0.00000000000000000000
2.6100000000 0.02939133522274549326 0.00000000000000000000
2.6200000000 0.02932231756692883426 0.00000000000000000000
2.6300000000 0.02925412808409226170 0.00000000000000000000
2.6400000000 0.02918675239634963697 0.00000000000000000000
2.6500000000 0.02912017644235470951 0.00000000000000000000
2.6600000000 0.02905438646910208159 0.00000000000000000000
2.6700000000 0.02898936902396638537 0.00000000000000000000
2.6800000000 0.02892511094697195265 0.00000000000000000000
2.6900000000 0.02886159936328769327 0.00000000000000000000
2.7000000000 0.02879882167593669426 0.00000000000000000000
2.7100000000 0.02873676555871710822 0.00000000000000000000
2.7200000000 0.02867541894932523414 0.00000000000000000000
2.7300000000 0.02861477004267614851 0.00000000000000000000
2.7400000000 0.02855480728441402855 0.00000000000000000000
2.7500000000 0.02849551936460873250 0.00000000000000000000
2.7600000000 0.02843689521162971745 0.00000000000000000000
2.7700000000 0.02837892398619394282 0.00000000000000000000
2.7800000000 0.02832159507558273254 0.00000000000000000000
2.7900000000 0.02826489808801969927 0.00000000000000000000
2.8000000000 0.02820882284720761454 0.00000000000000000000
2.8100000000 0.02815335938701843746 0.00000000000000000000
2.8200000000 0.02809849794633045156 0.00000000000000000000
2.8300000000 0.02804422896401051815 0.00000000000000000000
2.8400000000 0.02799054307403418124 0.00000000000000000000
2.8500000000 0.02793743110074192390 0.00000000000000000000
2.8600000000 0.02788488405422618818 0.00000000000000000000
2.8700000000 0.02783289312584475220 0.00000000000000000000
2.8800000000 0.02778144968385820937 0.00000000000000000000
2.8900000000 0.02773054526918546786 0.00000000000000000000
2.9000000000 0.02768017159127716259 0.00000000000000000000
2.9100000000 0.02763032052409907999 0.00000000000000000000
2.9200000000 0.02758098410222630664 0.00000000000000000000
2.9300000000 0.02753215451704197486 0.00000000000000000000
2.9400000000 0.02748382411303951917 0.00000000000000000000
2.9500000000 0.02743598538422349284 0.00000000000000000000
2.9600000000 0.02738863097060735899 0.00000000000000000000
2.9700000000 0.02734175365480541117 0.00000000000000000000
2.9800000000 0.02729534635871450760 0.00000000000000000000
2.9900000000 0.02724940214028543847 0.00000000000000000000
3.0000000000 0.02720391419037853850 0.00000000000000000000
3.0100000000 0.02715887582970339525 0.00000000000000000000
3.0200000000 0.02711428050583911120 0.00000000000000000000
3.0300000000 0.02707012179033241664 0.00000000000000000000
3.0400000000 0.02702639337587216251 0.00000000000000000000
3.0500000000 0.02698308907353791711 0.00000000000000000000
3.0600000000 0.02694020281011989815 0.00000000000000000000
3.0700000000 0.02689772862550864410 0.00000000000000000000
3.0800000000 0.02685566067015235370 0.00000000000000000000
3.0900000000 0.02681399320257985691 0.00000000000000000000
3.1000000000 0.02677272058698751747 0.00000000000000000000
3.1100000000 0.02673183729088796090 0.00000000000000000000
3.1200000000 0.02669133788281877542 0.00000000000000000000
3.1300000000 0.02665121703011063756 0.00000000000000000000
3.1400000000 0.02661146949671106335 0.00000000000000000000
3.1500000000 0.02657209014106404199 0.00000000000000000000
3.1600000000 0.02653307391404331750 0.00000000000000000000
3.1700000000 0.02649441585693777454 0.00000000000000000000
3.1800000000 0.02645611109948727002 0.00000000000000000000
3.1900000000 0.02641815485796795634 0.00000000000000000000
3.2000000000 0.02638054243332553506 0.00000000000000000000
3.2100000000 0.02634326920935478600 0.00000000000000000000
3.2200000000 0.02630633065092479253 0.00000000000000000000
3.2300000000 0.02626972230224737873 0.00000000000000000000
3.2400000000 0.02623343978518950445 0.00000000000000000000
3.2500000000 0.02619747879762579501 0.00000000000000000000
3.2600000000 0.02616183511183313784 0.00000000000000000000
3.2700000000 0.02612650457292297126 0.00000000000000000000
3.2800000000 0.02609148309731315965 0.00000000000000000000
3.2900000000 0.02605676667123638449 0.00000000000000000000
3.3000000000 0.02602235134928497159 0.00000000000000000000
3.3100000000 0.02598823325299059323 0.00000000000000000000
3.3200000000 0.02595440856943900462 0.00000000000000000000
3.3300000000 0.02592087354991713319 0.00000000000000000000
3.3400000000 0.02588762450859323841 0.00000000000000000000
3.3500000000 0.02585465782122876519 0.00000000000000000000
3.3600000000 0.02582196992392002399 0.00000000000000000000
3.3700000000 0.02578955731187061381 0.00000000000000000000
3.3800000000 0.02575741653819309945 0.00000000000000000000
3.3900000000 0.02572554421273788583 0.00000000000000000000
3.4000000000 0.02569393700095084360 0.00000000000000000000
3.4100000000 0.02566259162275693478 0.00000000000000000000
3.4200000000 0.02563150485147042482 0.00000000000000000000
3.4300000000 0.02560067351273079619 0.00000000000000000000
3.4400000000 0.02557009448346223707 0.00000000000000000000
3.4500000000 0.02553976469085878290 0.00000000000000000000
3.4600000000 0.02550968111139205810 0.00000000000000000000
3.4700000000 0.02547984076984156562 0.00000000000000000000
3.4800000000 0.02545024073834842998 0.00000000000000000000
3.4900000000 0.02542087813548986677 0.00000000000000000000
3.5000000000 0.02539175012537483664 0.00000000000000000000
3.5100000000 0.02536285391676100162 0.00000000000000000000
3.5200000000 0.02533418676219097859 0.00000000000000000000
3.5300000000 0.02530574595714853853 0.00000000000000000000
3.5400000000 0.02527752883923372468 0.00000000000000000000
3.5500000000 0.02524953278735678902 0.00000000000000000000
3.5600000000 0.02522175522094959044 0.00000000000000000000
3.5700000000 0.02519419359919563770 0.00000000000000000000
3.5800000000 0.02516684542027615781 0.00000000000000000000
3.5900000000 0.02513970822063368513 0.00000000000000000000
3.6000000000 0.02511277957425201574 0.00000000000000000000
3.6100000000 0.02508605709195136507 0.00000000000000000000
3.6200000000 0.02505953842070007820 0.00000000000000000000
3.6300000000 0.02503322124294031156 0.00000000000000000000
3.6400000000 0.02500710327592967422 0.00000000000000000000
3.6500000000 0.02498118227109623335 0.00000000000000000000
3.6600000000 0.02495545601340810535 0.00000000000000000000
3.6700000000 0.02492992232075659856 0.00000000000000000000
3.6800000000 0.02490457904335269951 0.00000000000000000000
3.6900000000 0.02487942406313673263 0.00000000000000000000
3.7000000000 0.02485445529320031571 0.00000000000000000000
3.7100000000 0.02482967067722098228 0.00000000000000000000
3.7200000000 0.02480506818890922810 0.00000000000000000000
3.7300000000 0.02478064583146645170 0.00000000000000000000
3.7400000000 0.02475640163705540922 0.00000000000000000000
3.7500000000 0.02473233366628107763 0.00000000000000000000
3.7600000000 0.02470844000768313009 0.00000000000000000000
3.7700000000 0.02468471877723860120 0.00000000000000000000
3.7800000000 0.02466116811787517557 0.00000000000000000000
3.7900000000 0.02463778619899469752 0.00000000000000000000
3.8000000000 0.02461457121600693285 0.00000000000000000000
3.8100000000 0.02459152138987214659 0.00000000000000000000
3.8200000000 0.02456863496665415841 0.00000000000000000000
3.8300000000 0.02454591021708196763 0.00000000000000000000
3.8400000000 0.02452334543612079074 0.00000000000000000000
3.8500000000 0.02450093894255180038 0.00000000000000000000
3.8600000000 0.02447868907856029855 0.00000000000000000000
3.8700000000 0.02445659420933271253 0.00000000000000000000
3.8800000000 0.02443465272266138327 0.00000000000000000000
3.8900000000 0.02441286302855762494 0.00000000000000000000
3.9000000000 0.02439122355887250043 0.00000000000000000000
3.9100000000 0.02436973276692544141 0.00000000000000000000
3.9200000000 0.02434838912714005002 0.00000000000000000000
3.9300000000 0.02432719113468762018 0.00000000000000000000
3.9400000000 0.02430613730513719872 0.00000000000000000000
3.9500000000 0.02428522617411327938 0.00000000000000000000
3.9600000000 0.02426445629695994297 0.00000000000000000000
3.9700000000 0.02424382624841149581 0.00000000000000000000
3.9800000000 0.02422333462227032469 0.00000000000000000000
3.9900000000 0.02420298003109008778 0.00000000000000000000
4.0000000000 0.02418276110586620176 0.00000000000000000000
4.0100000000 0.02416267649573130075 0.00000000000000000000
4.0200000000 0.02414272486765789080 0.00000000000000000000
4.0300000000 0.02412290490616543839 0.00000000000000000000
4.0400000000 0.02410321531303445675 0.00000000000000000000
4.0500000000 0.02408365480702501574 0.00000000000000000000
4.0600000000 0.02406422212360157312 0.00000000000000000000
4.0700000000 0.02404491601466244785 0.00000000000000000000
4.0800000000 0.02402573524827496601 0.00000000000000000000
4.0900000000 0.02400667860841532164 0.00000000000000000000
4.1000000000 0.02398774489471371812 0.00000000000000000000
4.1100000000 0.02396893292220402677 0.00000000000000000000
4.1200000000 0.02395024152107852813 0.00000000000000000000
4.1300000000 0.02393166953644697281 0.00000000000000000000
4.1400000000 0.02391321582810068680 0.00000000000000000000
4.1500000000 0.02389487927028021916 0.00000000000000000000
4.1600000000 0.02387665875144862060 0.00000000000000000000
4.1700000000 0.02385855317406759823 0.00000000000000000000
4.1800000000 0.02384056145437904797 0.00000000000000000000
4.1900000000 0.02382268252218974411 0.00000000000000000000
4.2000000000 0.02380491532066066063 0.00000000000000000000
4.2100000000 0.02378725880609959542 0.00000000000000000000
4.2200000000 0.02376971194775834642 0.00000000000000000000
4.2300000000 0.02375227372763273961 0.00000000000000000000
4.2400000000 0.02373494314026745530 0.00000000000000000000
4.2500000000 0.02371771919256297420 0.00000000000000000000
4.2600000000 0.02370060090358752300 0.00000000000000000000
4.2700000000 0.02368358730439129242 0.00000000000000000000
4.2800000000 0.02366667743782476657 0.00000000000000000000
4.2900000000 0.02364987035835994927 0.00000000000000000000
4.3000000000 0.02363316513191492454 0.00000000000000000000
4.3100000000 0.02361656083568155692 0.00000000000000000000
4.3200000000 0.02360005655795623103 0.00000000000000000000
4.3300000000 0.02358365139797380730 0.00000000000000000000
4.3400000000 0.02356734446574433248 0.00000000000000000000
4.3500000000 0.02355113488189273727 0.00000000000000000000
4.3600000000 0.02353502177750131305 0.00000000000000000000
4.3700000000 0.02351900429395512374 0.00000000000000000000
4.3800000000 0.02350308158278994336 0.00000000000000000000
4.3900000000 0.02348725280554306294 0.00000000000000000000
4.4000000000 0.02347151713360652245 0.00000000000000000000
4.4100000000 0.02345587374808309061 0.00000000000000000000
4.4200000000 0.02344032183964456575 0.00000000000000000000
4.4300000000 0.02342486060839268219 0.00000000000000000000
4.4400000000 0.02340948926372246955 0.00000000000000000000
4.4500000000 0.02339420702418782902 0.00000000000000000000
4.4600000000 0.02337901311736938909 0.00000000000000000000
4.4700000000 0.02336390677974491126 0.00000000000000000000
4.4800000000 0.02334888725656159361 0.00000000000000000000
4.4900000000 0.02333395380171097988 0.00000000000000000000
4.5000000000 0.02331910567760518693 0.00000000000000000000
4.5100000000 0.02330434215505636925 0.00000000000000000000
4.5200000000 0.02328966251315726238 0.00000000000000000000
4.5300000000 0.02327506603916433894 0.00000000000000000000
4.5400000000 0.02326055202838247030 0.00000000000000000000
4.5500000000 0.02324611978405206197 0.00000000000000000000
4.5600000000 0.02323176861723756648 0.00000000000000000000
4.5700000000 0.02321749784671824426 0.00000000000000000000
4.5800000000 0.02320330679888059702 0.00000000000000000000
4.5900000000 0.02318919480761229279 0.00000000000000000000
4.6000000000 0.02317516121419867237 0.00000000000000000000
4.6100000000 0.02316120536721999815 0.00000000000000000000
4.6200000000 0.02314732662245107958 0.00000000000000000000
4.6300000000 0.02313352434276220310 0.00000000000000000000
4.6400000000 0.02311979789802184534 0.00000000000000000000
4.6500000000 0.02310614666500102055 0.00000000000000000000
4.6600000000 0.02309257002727895663 0.00000000000000000000
4.6700000000 0.02307906737515062756 0.00000000000000000000
4.6800000000 0.02306563810553546520 0.00000000000000000000
4.6900000000 0.02305228162188776783 0.00000000000000000000
4.7000000000 0.02303899733410860046 0.00000000000000000000
4.7100000000 0.02302578465845884007 0.00000000000000000000
4.7200000000 0.02301264301747391050 0.00000000000000000000
4.7300000000 0.02299957183987965184 0.00000000000000000000
4.7400000000 0.02298657056050988981 0.00000000000000000000
4.7500000000 0.02297363862022478234 0.00000000000000000000
4.7600000000 0.02296077546583085924 0.00000000000000000000
4.7700000000 0.02294798055000246348 0.00000000000000000000
4.7800000000 0.02293525333120376153 0.00000000000000000000
4.7900000000 0.02292259327361292204 0.00000000000000000000
4.8000000000 0.02290999984704665191 0.00000000000000000000
4.8100000000 0.02289747252688638379 0.00000000000000000000
4.8200000000 0.02288501079400546978 0.00000000000000000000
4.8300000000 0.02287261413469764484 0.00000000000000000000
4.8400000000 0.02286028204060638544 0.00000000000000000000
4.8500000000 0.02284801400865551710 0.00000000000000000000
4.8600000000 0.02283580954098092183 0.00000000000000000000
4.8700000000 0.02282366814486318923 0.00000000000000000000
4.8800000000 0.02281158933266138125 0.00000000000000000000
4.8900000000 0.02279957262174775803 0.00000000000000000000
4.9000000000 0.02278761753444369029 0.00000000000000000000
4.9100000000 0.02277572359795633494 0.00000000000000000000
4.9200000000 0.02276389034431623368 0.00000000000000000000
4.9300000000 0.02275211731031614656 0.00000000000000000000
4.9400000000 0.02274040403745060043 0.00000000000000000000
4.9500000000 0.02272875007185639826 0.00000000000000000000
4.9600000000 0.02271715496425408612 0.00000000000000000000
4.9700000000 0.02270561826989012100 0.00000000000000000000
4.9800000000 0.02269413954848029449 0.00000000000000000000
4.9900000000 0.02268271836415343065 0.00000000000000000000
5.0000000000 0.02267135428539651665 0.00000000000000000000
