0.1000000000 1.60788237356500718356 0.00000000000000000000
0.1100000000 1.51362649563560291988 0.00000000000000000000
0.1200000000 1.42677690953094282733 0.00000000000000000000
0.1300000000 1.34687013028812163640 0.00000000000000000000
0.1400000000 1.27340950278923981109 0.00000000000000000000
0.1500000000 1.20588502747747972066 0.00000000000000000000
0.1600000000 1.14378984846337372616 0.00000000000000000000
0.1700000000 1.08663306624678224210 0.00000000000000000000
0.1800000000 1.03394896704783945118 0.00000000000000000000
0.1900000000 0.98530304510172472821 0.00000000000000000000
0.2000000000 0.94029534405031967026 0.00000000000000000000
0.2100000000 0.89856168783325607308 0.00000000000000000000
0.2200000000 0.85977334432385188467 0.00000000000000000000
0.2300000000 0.82363559710302591821 0.00000000000000000000
0.2400000000 0.78988561580262339756 0.00000000000000000000
0.2500000000 0.75828992921244298131 0.00000000000000000000
0.2600000000 0.72864172702359053524 0.00000000000000000000
0.2700000000 0.70075814994894036758 0.00000000000000000000
0.2800000000 0.67447767506677946958 0.00000000000000000000
0.2900000000 0.64965766275840763910 0.00000000000000000000
0.3000000000 0.62617210183818083902 0.00000000000000000000
0.3100000000 0.60390956840706189190 0.00000000000000000000
0.3200000000 0.58277139966964341955 0.00000000000000000000
0.3300000000 0.56267007475183761223 0.00000000000000000000
0.3400000000 0.54352778905378584806 0.00000000000000000000
0.3500000000 0.52527520577780661970 0.00000000000000000000
0.3600000000 0.50785036715426246090 0.00000000000000000000
0.3700000000 0.49119774793628917520 0.00000000000000000000
0.3800000000 0.47526743450631631083 0.00000000000000000000
0.3900000000 0.46001441412416110843 0.00000000000000000000
0.4000000000 0.44539796023692707072 0.00000000000000000000
0.4100000000 0.43138110122536083013 0.00000000000000000000
0.4200000000 0.41793016139102345807 0.00000000000000000000
0.4300000000 0.40501436434028781353 0.00000000000000000000
0.4400000000 0.39260549016601398176 0.00000000000000000000
0.4500000000 0.38067757895293413695 0.00000000000000000000
0.4600000000 0.36920667413597990647 0.00000000000000000000
0.4700000000 0.35817060012611662279 0.00000000000000000000
0.4800000000 0.34754876939346396325 0.00000000000000000000
0.4900000000 0.33732201487217117197 0.00000000000000000000
0.5000000000 0.32747244413609072344 0.00000000000000000000
0.5100000000 0.31798331229890131056 0.00000000000000000000
0.5200000000 0.30883891102677096807 0.00000000000000000000
0.5300000000 0.30002447142488142262 0.00000000000000000000
0.5400000000 0.29152607887928844166 0.00000000000000000000
0.5500000000 0.28333059820988004684 0.00000000000000000000
0.5600000000 0.27542560772509250278 0.00000000000000000000
0.5700000000 0.26779934096989949088 0.00000000000000000000
0.5800000000 0.26044063513058313131 0.00000000000000000000
0.5900000000 0.25333888520672537270 0.00000000000000000000
0.6000000000 0.24648400318668350906 0.00000000000000000000
0.6100000000 0.23986638157034856356 0.00000000000000000000
0.6200000000 0.23347686067503301000 0.00000000000000000000
0.6300000000 0.22730669923914439967 0.00000000000000000000
0.6400000000 0.22134754790574129313 0.00000000000000000000
0.6500000000 0.21559142522586347002 0.00000000000000000000
0.6600000000 0.21003069587105896443 0.00000000000000000000
0.6700000000 0.20465805078699186859 0.00000000000000000000
0.6800000000 0.19946648905644093208 0.00000000000000000000
0.6900000000 0.19444930127131634934 0.00000000000000000000
0.7000000000 0.18960005424008186115 0.00000000000000000000
0.7100000000 0.18491257688021686678 0.00000000000000000000
0.7200000000 0.18038094716500238657 0.00000000000000000000
0.7300000000 0.17599948001119924967 0.00000000000000000000
0.7400000000 0.17176271600873732615 0.00000000000000000000
0.7500000000 0.16766541090627218313 0.00000000000000000000
0.7600000000 0.16370252577743166222 0.00000000000000000000
0.7700000000 0.15986921780191237774 0.00000000000000000000
0.7800000000 0.15616083160378596562 0.00000000000000000000
0.7900000000 0.15257289109642213631 0.00000000000000000000
0.8000000000 0.14910109178946398534 0.00000000000000000000
0.8100000000 0.14574129351860595771 0.00000000000000000000
0.8200000000 0.14248951356347175357 0.00000000000000000000
0.8300000000 0.13934192012284563056 0.00000000000000000000
0.8400000000 0.13629482611996548980 0.00000000000000000000
0.8500000000 0.13334468331352516968 0.00000000000000000000
0.8600000000 0.13048807669267703524 0.00000000000000000000
0.8700000000 0.12772171913661775622 0.00000000000000000000
0.8800000000 0.12504244632119981828 0.00000000000000000000
0.8900000000 0.12244721185688187126 0.00000000000000000000
0.9000000000 0.11993308264374707983 0.00000000000000000000
0.9100000000 0.11749723443062323747 0.00000000000000000000
0.9200000000 0.11513694756669015651 0.00000000000000000000
0.9300000000 0.11284960293466603232 0.00000000000000000000
0.9400000000 0.11063267805584399428 0.00000000000000000000
0.9500000000 0.10848374335794562506 0.00000000000000000000
0.9600000000 0.10640045859749233670 0.00000000000000000000
0.9700000000 0.10438056942885805267 0.00000000000000000000
0.9800000000 0.10242190411313228937 0.00000000000000000000
0.9900000000 0.10052237035969437129 0.00000000000000000000
1.0000000000 0.09867995229556507375 0.00000000000000000000
1.0100000000 0.09689270755363799115 0.00000000000000000000
1.0200000000 0.09515876447875627753 0.00000000000000000000
1.0300000000 0.09347631944439269147 0.00000000000000000000
1.0400000000 0.09184363427277718317 0.00000000000000000000
1.0500000000 0.09025903375820966412 0.00000000000000000000
1.0600000000 0.08872090328666630554 0.00000000000000000000
1.0700000000 0.08722768654828981505 0.00000000000000000000
1.0800000000 0.08577788333894184603 0.00000000000000000000
1.0900000000 0.08437004744706744219 0.00000000000000000000
1.1000000000 0.08300278462251808875 0.00000000000000000000
1.1100000000 0.08167475062393493579 0.00000000000000000000
1.1200000000 0.08038464934154411490 0.00000000000000000000
1.1300000000 0.07913123099240221281 0.00000000000000000000
1.1400000000 0.07791329038515842909 0.00000000000000000000
1.1500000000 0.07672966525161148410 0.00000000000000000000
1.1600000000 0.07557923464241915468 0.00000000000000000000
1.1700000000 0.07446091738444927943 0.00000000000000000000
1.1800000000 0.07337367059732648189 0.00000000000000000000
1.1900000000 0.07231648826691058907 0.00000000000000000000
1.2000000000 0.07128839987342959483 0.00000000000000000000
1.2100000000 0.07028846907217960183 0.00000000000000000000
1.2200000000 0.06931579242472468705 0.00000000000000000000
1.2300000000 0.06836949817865228818 0.00000000000000000000
1.2400000000 0.06744874509396951712 0.00000000000000000000
1.2500000000 0.06655272131436551497 0.00000000000000000000
1.2600000000 0.06568064328158883247 0.00000000000000000000
1.2700000000 0.06483175469125257440 0.00000000000000000000
1.2800000000 0.06400532548848697489 0.00000000000000000000
1.2900000000 0.06320065090188448087 0.00000000000000000000
1.3000000000 0.06241705051426665180 0.00000000000000000000
1.3100000000 0.06165386736881607599 0.00000000000000000000
1.3200000000 0.06091046710925803603 0.00000000000000000000
1.3300000000 0.06018623715272398284 0.00000000000000000000
1.3400000000 0.05948058589406259727 0.00000000000000000000
1.3500000000 0.05879294194036524535 0.00000000000000000000
1.3600000000 0.05812275337455530266 0.00000000000000000000
1.3700000000 0.05746948704689812393 0.00000000000000000000
1.3800000000 0.05683262789336183257 0.00000000000000000000
1.3900000000 0.05621167827978554299 0.00000000000000000000
1.4000000000 0.05560615737086944954 0.00000000000000000000
1.4100000000 0.05501560052300253495 0.00000000000000000000
1.4200000000 0.05443955870003303055 0.00000000000000000000
1.4300000000 0.05387759791107244595 0.00000000000000000000
1.4400000000 0.05332929866949869674 0.00000000000000000000
1.4500000000 0.05279425547232325516 0.00000000000000000000
1.4600000000 0.05227207629914757542 0.00000000000000000000
1.4700000000 0.05176238212994670879 0.00000000000000000000
1.4800000000 0.05126480648095188553 0.00000000000000000000
1.4900000000 0.05077899495793221363 0.00000000000000000000
1.5000000000 0.05030460482621224028 0.00000000000000000000
1.5100000000 0.04984130459676687497 0.00000000000000000000
1.5200000000 0.04938877362778289204 0.00000000000000000000
1.5300000000 0.04894670174108749217 0.00000000000000000000
1.5400000000 0.04851478885287025672 0.00000000000000000000
1.5500000000 0.04809274461814726925 0.00000000000000000000
1.5600000000 0.04768028808844478744 0.00000000000000000000
1.5700000000 0.04727714738218072310 0.00000000000000000000
1.5800000000 0.04688305936727177325 0.00000000000000000000
1.5900000000 0.04649776935548287360 0.00000000000000000000
1.6000000000 0.04612103080807717498 0.00000000000000000000
1.6100000000 0.04575260505232473657 0.00000000000000000000
1.6200000000 0.04539226100846360801 0.00000000000000000000
1.6300000000 0.04503977492670372534 0.00000000000000000000
1.6400000000 0.04469493013389299468 0.00000000000000000000
1.6500000000 0.04435751678947822546 0.00000000000000000000
1.6600000000 0.04402733165040116636 0.00000000000000000000
1.6700000000 0.04370417784459131733 0.00000000000000000000
1.6800000000 0.04338786465272984755 0.00000000000000000000
1.6900000000 0.04307820729796184300 0.00000000000000000000
1.7000000000 0.04277502674326316701 0.00000000000000000000
1.7100000000 0.04247814949616614266 0.00000000000000000000
1.7200000000 0.04218740742056684145 0.00000000000000000000
1.7300000000 0.04190263755534216761 0.00000000000000000000
1.7400000000 0.04162368193951809792 0.00000000000000000000
1.7500000000 0.04135038744375327951 0.00000000000000000000
1.7600000000 0.04108260560787912324 0.00000000000000000000
1.7700000000 0.04082019248428365998 0.00000000000000000000
1.7800000000 0.04056300848691287569 0.00000000000000000000
1.7900000000 0.04031091824567858278 0.00000000000000000000
1.8000000000 0.04006379046606896310 0.00000000000000000000
1.8100000000 0.03982149779376670945 0.00000000000000000000
1.8200000000 0.03958391668409000363 0.00000000000000000000
1.8300000000 0.03935092727606828017 0.00000000000000000000
1.8400000000 0.03912241327098866378 0.00000000000000000000
1.8500000000 0.03889826181523808185 0.00000000000000000000
1.8600000000 0.03867836338728677242 0.00000000000000000000
1.8700000000 0.03846261168865633406 0.00000000000000000000
1.8800000000 0.03825090353872055704 0.00000000000000000000
1.8900000000 0.03804313877320734949 0.00000000000000000000
1.9000000000 0.03783922014625180213 0.00000000000000000000
1.9100000000 0.03763905323587653923 0.00000000000000000000
1.9200000000 0.03744254635277435850 0.00000000000000000000
1.9300000000 0.03724961045226222317 0.00000000000000000000
1.9400000000 0.03706015904930148180 0.00000000000000000000
1.9500000000 0.03687410813646080365 0.00000000000000000000
1.9600000000 0.03669137610472163885 0.00000000000000000000
1.9700000000 0.03651188366701919874 0.00000000000000000000
1.9800000000 0.03633555378441551131 0.00000000000000000000
1.9900000000 0.03616231159481583107 0.00000000000000000000
2.0000000000 0.03599208434412853874 0.00000000000000000000
2.0100000000 0.03582480131978340449 0.00000000000000000000
2.0200000000 0.03566039378652113845 0.00000000000000000000
2.0300000000 0.03549879492437282152 0.00000000000000000000
2.0400000000 0.03533993976874832965 0.00000000000000000000
2.0500000000 0.03518376515256001896 0.00000000000000000000
2.0600000000 0.03503020965030519823 0.00000000000000000000
2.0700000000 0.03487921352403905439 0.00000000000000000000
2.0800000000 0.03473071867116866995 0.00000000000000000000
2.0900000000 0.03458466857400468303 0.00000000000000000000
2.1000000000 0.03444100825100505914 0.00000000000000000000
2.1100000000 0.03429968420965251452 0.00000000000000000000
2.1200000000 0.03416064440090577775 0.00000000000000000000
2.1300000000 0.03402383817517035114 0.00000000000000000000
2.1400000000 0.03388921623973285141 0.00000000000000000000
2.1500000000 0.03375673061760910143 0.00000000000000000000
2.1600000000 0.03362633460775237004 0.00000000000000000000
2.1700000000 0.03349798274657868336 0.00000000000000000000
2.1800000000 0.03337163077075842865 0.00000000000000000000
2.1900000000 0.03324723558123134082 0.00000000000000000000
2.2000000000 0.03312475520840223869 0.00000000000000000000
2.2100000000 0.03300414877847503148 0.00000000000000000000
2.2200000000 0.03288537648088701165 0.00000000000000000000
2.2300000000 0.03276839953680123901 0.00000000000000000000
2.2400000000 0.03265318016862529121 0.00000000000000000000
2.2500000000 0.03253968157051596866 0.00000000000000000000
2.2600000000 0.03242786787983899244 0.00000000000000000000
2.2700000000 0.03231770414954779347 0.00000000000000000000
2.2800000000 0.03220915632145304047 0.00000000000000000000
2.2900000000 0.03210219120034771279 0.00000000000000000000
2.3000000000 0.03199677642896289059 0.00000000000000000000
2.3100000000 0.03189288046372249635 0.00000000000000000000
2.3200000000 0.03179047255127055716 0.00000000000000000000
2.3300000000 0.03168952270574440511 0.00000000000000000000
2.3400000000 0.03159000168676921044 0.00000000000000000000
2.3500000000 0.03149188097814764609 0.00000000000000000000
2.3600000000 0.03139513276722227103 0.00000000000000000000
2.3700000000 0.03129972992488747052 0.00000000000000000000
2.3800000000 0.03120564598622851266 0.00000000000000000000
2.3900000000 0.03111285513176724124 0.00000000000000000000
2.4000000000 0.03102133216929350498 0.00000000000000000000
2.4100000000 0.03093105251626197122 0.00000000000000000000
2.4200000000 0.03084199218273660226 0.00000000000000000000
2.4300000000 0.03075412775486440625 0.00000000000000000000
2.4400000000 0.03066743637885840923 0.00000000000000000000
2.4500000000 0.03058189574547641454 0.00000000000000000000
2.4600000000 0.03049748407497604105 0.00000000000000000000
2.4700000000 0.03041418010253181536 0.00000000000000000000
2.4800000000 0.03033196306409816773 0.00000000000000000000
2.4900000000 0.03025081268270470372 0.00000000000000000000
2.5000000000 0.03017070915516802815 0.00000000000000000000
2.5100000000 0.03009163313920730498 0.00000000000000000000
2.5200000000 0.03001356574094950908 0.00000000000000000000
2.5300000000 0.02993648850281346863 0.00000000000000000000
2.5400000000 0.02986038339175722117 0.00000000000000000000
2.5500000000 0.02978523278787990197 0.00000000000000000000
2.5600000000 0.02971101947336467902 0.00000000000000000000
2.5700000000 0.02963772662175187186 0.00000000000000000000
2.5800000000 0.02956533778753241484 0.00000000000000000000
2.5900000000 0.02949383689605063544 0.00000000000000000000
2.6000000000 0.02942320823370582483 0.00000000000000000000
2.6100000000 0.02935343643844509978 0.00000000000000000000
2.6200000000 0.02928450649053443086 0.00000000000000000000
2.6300000000 0.02921640370360352457 0.00000000000000000000
2.6400000000 0.02914911371595118109 0.00000000000000000000
2.6500000000 0.02908262248210755074 0.00000000000000000000
2.6600000000 0.02901691626464008092 0.00000000000000000000
2.6700000000 0.02895198162619941687 0.00000000000000000000
2.6800000000 0.02888780542179583341 0.00000000000000000000
2.6900000000 0.02882437479129932104 0.00000000000000000000
2.7000000000 0.02876167715215585327 0.00000000000000000000
2.7100000000 0.02869970019231312189 0.00000000000000000000
2.7200000000 0.02863843186335017152 0.00000000000000000000
2.7300000000 0.02857786037380302679 0.00000000000000000000
2.7400000000 0.02851797418268109743 0.00000000000000000000
2.7500000000 0.02845876199316808158 0.00000000000000000000
2.7600000000 0.02840021274650179894 0.00000000000000000000
2.7700000000 0.02834231561602736094 0.00000000000000000000
2.7800000000 0.02828506000141805046 0.00000000000000000000
2.7900000000 0.02822843552305910955 0.00000000000000000000
2.8000000000 0.02817243201658923765 0.00000000000000000000
2.8100000000 0.02811703952759460681 0.00000000000000000000
2.8200000000 0.02806224830645139348 0.00000000000000000000
2.8300000000 0.02800804880331172683 0.00000000000000000000
2.8400000000 0.02795443166322899783 0.00000000000000000000
2.8500000000 0.02790138772141786613 0.00000000000000000000
2.8600000000 0.02784890799864555427 0.00000000000000000000
2.8700000000 0.02779698369674945060 0.00000000000000000000
2.8800000000 0.02774560619427816552 0.00000000000000000000
2.8900000000 0.02769476704225219341 0.00000000000000000000
2.9000000000 0.02764445796003919473 0.00000000000000000000
2.9100000000 0.02759467083134295451 0.00000000000000000000
2.9200000000 0.02754539770030038637 0.00000000000000000000
2.9300000000 0.02749663076768395914 0.00000000000000000000
2.9400000000 0.02744836238720768304 0.00000000000000000000
2.9500000000 0.02740058506193094809 0.00000000000000000000
2.9600000000 0.02735329144076028424 0.00000000000000000000
2.9700000000 0.02730647431504384243 0.00000000000000000000
2.9800000000 0.02726012661525745520 0.00000000000000000000
2.9900000000 0.02721424140777781858 0.00000000000000000000
3.0000000000 0.02716881189174203889 0.00000000000000000000
3.0100000000 0.02712383139599049489 0.00000000000000000000
3.0200000000 0.02707929337608941042 0.00000000000000000000
3.0300000000 0.02703519141143203436 0.00000000000000000000
3.0400000000 0.02699151920241670694 0.00000000000000000000
3.0500000000 0.02694827056769720161 0.00000000000000000000
3.0600000000 0.02690543944150583164 0.00000000000000000000
3.0700000000 0.02686301987104598721 0.00000000000000000000
3.0800000000 0.02682100601395154271 0.00000000000000000000
3.0900000000 0.02677939213581280106 0.00000000000000000000
3.1000000000 0.02673817260776571031 0.00000000000000000000
3.1100000000 0.02669734190414306541 0.00000000000000000000
3.1200000000 0.02665689460018567589 0.00000000000000000000
3.1300000000 0.02661682536981236843 0.00000000000000000000
3.1400000000 0.02657712898344659347 0.00000000000000000000
3.1500000000 0.02653780030589802941 0.00000000000000000000
3.1600000000 0.02649883429429806397 0.00000000000000000000
3.1700000000 0.02646022599608727210 0.00000000000000000000
3.1800000000 0.02642197054705327022 0.00000000000000000000
3.1900000000 0.02638406316941829810 0.00000000000000000000
3.2000000000 0.02634649916997435989 0.00000000000000000000
3.2100000000 0.02630927393826462679 0.00000000000000000000
3.2200000000 0.02627238294481060166 0.00000000000000000000
3.2300000000 0.02623582173938253381 0.00000000000000000000
3.2400000000 0.02619958594931360088 0.00000000000000000000
3.2500000000 0.02616367127785430499 0.00000000000000000000
3.2600000000 0.02612807350256832542 0.00000000000000000000
3.2700000000 0.02609278847376732616 0.00000000000000000000
3.2800000000 0.02605781211298409047 0.00000000000000000000
3.2900000000 0.02602314041148235182 0.00000000000000000000
3.3000000000 0.02598876942880364027 0.00000000000000000000
3.3100000000 0.02595469529134836195 0.00000000000000000000
3.3200000000 0.02592091419099188179 0.00000000000000000000
3.3300000000 0.02588742238373362495 0.00000000000000000000
3.3400000000 0.02585421618837831226 0.00000000000000000000
3.3500000000 0.02582129198524912850 0.00000000000000000000
3.3600000000 0.02578864621493138359 0.00000000000000000000
3.3700000000 0.02575627537704591047 0.00000000000000000000
3.3800000000 0.02572417602905208503 0.00000000000000000000
3.3900000000 0.02569234478507819233 0.00000000000000000000
3.4000000000 0.02566077831478016241 0.00000000000000000000
3.4100000000 0.02562947334222669127 0.00000000000000000000
3.4200000000 0.02559842664481075392 0.00000000000000000000
3.4300000000 0.02556763505218618768 0.00000000000000000000
3.4400000000 0.02553709544522905078 0.00000000000000000000
3.4500000000 0.02550680475502361405 0.00000000000000000000
3.4600000000 0.02547675996187115724 0.00000000000000000000
3.4700000000 0.02544695809432156661 0.00000000000000000000
3.4800000000 0.02541739622822817082 0.00000000000000000000
3.4900000000 0.02538807148582309520 0.00000000000000000000
3.5000000000 0.02535898103481421667 0.00000000000000000000
3.5100000000 0.02533012208750295285 0.00000000000000000000
3.5200000000 0.02530149189992148689 0.00000000000000000000
3.5300000000 0.02527308777099034065 0.00000000000000000000
3.5400000000 0.02524490704169402369 0.00000000000000000000
3.5500000000 0.02521694709427610426 0.00000000000000000000
3.5600000000 0.02518920535145151643 0.00000000000000000000
3.5700000000 0.02516167927563739762 0.00000000000000000000
3.5800000000 0.02513436636820023939 0.00000000000000000000
3.5900000000 0.02510726416872039249 0.00000000000000000000
3.6000000000 0.02508037025427257635 0.00000000000000000000
3.6100000000 0.02505368223872215735 0.00000000000000000000
3.6200000000 0.02502719777203748705 0.00000000000000000000
3.6300000000 0.02500091453961653110 0.00000000000000000000
3.6400000000 0.02497483026162916273 0.00000000000000000000
3.6500000000 0.02494894269237306339 0.00000000000000000000
3.6600000000 0.02492324961964412569 0.00000000000000000000
3.6700000000 0.02489774886411992572 0.00000000000000000000
3.6800000000 0.02487243827875770461 0.00000000000000000000
3.6900000000 0.02484731574820375766 0.00000000000000000000
3.7000000000 0.02482237918821688510 0.00000000000000000000
3.7100000000 0.02479762654510350023 0.00000000000000000000
3.7200000000 0.02477305579516502279 0.00000000000000000000
3.7300000000 0.02474866494415688123 0.00000000000000000000
3.7400000000 0.02472445202675941853 0.00000000000000000000
3.7500000000 0.02470041510605926888 0.00000000000000000000
3.7600000000 0.02467655227304278373 0.00000000000000000000
3.7700000000 0.02465286164609899189 0.00000000000000000000
3.7800000000 0.02462934137053355774 0.00000000000000000000
3.7900000000 0.02460598961809314783 0.00000000000000000000
3.8000000000 0.02458280458649918232 0.00000000000000000000
3.8100000000 0.02455978449899151594 0.00000000000000000000
3.8200000000 0.02453692760388185429 0.00000000000000000000
3.8300000000 0.02451423217411589917 0.00000000000000000000
3.8400000000 0.02449169650684474356 0.00000000000000000000
3.8500000000 0.02446931892300552996 0.00000000000000000000
3.8600000000 0.02444709776690985603 0.00000000000000000000
3.8700000000 0.02442503140584114871 0.00000000000000000000
3.8800000000 0.02440311822966022282 0.00000000000000000000
3.8900000000 0.02438135665041869793 0.00000000000000000000
3.9000000000 0.02435974510198033252 0.00000000000000000000
3.9100000000 0.02433828203964978967 0.00000000000000000000
3.9200000000 0.02431696593980926455 0.00000000000000000000
3.9300000000 0.02429579529956223463 0.00000000000000000000
3.9400000000 0.02427476863638412113 0.00000000000000000000
3.9500000000 0.02425388448778015293 0.00000000000000000000
3.9600000000 0.02423314141095007576 0.00000000000000000000
3.9700000000 0.02421253798245948802 0.00000000000000000000
3.9800000000 0.02419207279791732793 0.00000000000000000000
3.9900000000 0.02417174447166034815 0.00000000000000000000
4.0000000000 0.02415155163644326641 0.00000000000000000000
4.0100000000 0.02413149294313531035 0.00000000000000000000
4.0200000000 0.02411156706042230299 0.00000000000000000000
4.0300000000 0.02409177267451522580 0.00000000000000000000
4.0400000000 0.02407210848886361804 0.00000000000000000000
4.0500000000 0.02405257322387531829 0.00000000000000000000
4.0600000000 0.02403316561664091064 0.00000000000000000000
4.0700000000 0.02401388442066417980 0.00000000000000000000
4.0800000000 0.02399472840559696910 0.00000000000000000000
4.0900000000 0.02397569635697984272 0.00000000000000000000
4.1000000000 0.02395678707598735552 0.00000000000000000000
4.1100000000 0.02393799937917811052 0.00000000000000000000
4.1200000000 0.02391933209824957315 0.00000000000000000000
4.1300000000 0.02390078407979788835 0.00000000000000000000
4.1400000000 0.02388235418508161470 0.00000000000000000000
4.1500000000 0.02386404128979050659 0.00000000000000000000
4.1600000000 0.02384584428381817528 0.00000000000000000000
4.1700000000 0.02382776207103943014 0.00000000000000000000
4.1800000000 0.02380979356909124212 0.00000000000000000000
4.1900000000 0.02379193770915832493 0.00000000000000000000
4.2000000000 0.02377419343576238006 0.00000000000000000000
4.2100000000 0.02375655970655518243 0.00000000000000000000
4.2200000000 0.02373903549211578770 0.00000000000000000000
4.2300000000 0.02372161977575127506 0.00000000000000000000
4.2400000000 0.02370431155330102874 0.00000000000000000000
4.2500000000 0.02368710983294479780 0.00000000000000000000
4.2600000000 0.02367001363501416988 0.00000000000000000000
4.2700000000 0.02365302199180767742 0.00000000000000000000
4.2800000000 0.02363613394740877310 0.00000000000000000000
4.2900000000 0.02361934855750747603 0.00000000000000000000
4.3000000000 0.02360266488922540054 0.00000000000000000000
4.3100000000 0.02358608202094326922 0.00000000000000000000
4.3200000000 0.02356959904213230816 0.00000000000000000000
4.3300000000 0.02355321505318800149 0.00000000000000000000
4.3400000000 0.02353692916526726325 0.00000000000000000000
4.3500000000 0.02352074050012819759 0.00000000000000000000
4.3600000000 0.02350464818997295008 0.00000000000000000000
4.3700000000 0.02348865137729314739 0.00000000000000000000
4.3800000000 0.02347274921471810202 0.00000000000000000000
4.3900000000 0.02345694086486577873 0.00000000000000000000
4.4000000000 0.02344122550019616183 0.00000000000000000000
4.4100000000 0.02342560230286765480 0.00000000000000000000
4.4200000000 0.02341007046459524579 0.00000000000000000000
4.4300000000 0.02339462918651187898 0.00000000000000000000
4.4400000000 0.02337927767903176177 0.00000000000000000000
4.4500000000 0.02336401516171609030 0.00000000000000000000
4.4600000000 0.02334884086314147414 0.00000000000000000000
4.4700000000 0.02333375402076995342 0.00000000000000000000
4.4800000000 0.02331875388082187486 0.00000000000000000000
4.4900000000 0.02330383969815065168 0.00000000000000000000
4.5000000000 0.02328901073611950798 0.00000000000000000000
4.5100000000 0.02327426626648078020 0.00000000000000000000
4.5200000000 0.02325960556925680406 0.00000000000000000000
4.5300000000 0.02324502793262308784 0.00000000000000000000
4.5400000000 0.02323053265279327595 0.00000000000000000000
4.5500000000 0.02321611903390612477 0.00000000000000000000
4.5600000000 0.02320178638791472320 0.00000000000000000000
4.5700000000 0.02318753403447669503 0.00000000000000000000
4.5800000000 0.02317336130084720128 0.00000000000000000000
4.5900000000 0.02315926752177318443 0.00000000000000000000
4.6000000000 0.02314525203938934753 0.00000000000000000000
4.6100000000 0.02313131420311612466 0.00000000000000000000
4.6200000000 0.02311745336955919536 0.00000000000000000000
4.6300000000 0.02310366890241061580 0.00000000000000000000
4.6400000000 0.02308996017235166037 0.00000000000000000000
4.6500000000 0.02307632655695708232 0.00000000000000000000
4.6600000000 0.02306276744060131029 0.00000000000000000000
4.6700000000 0.02304928221436563715 0.00000000000000000000
4.6800000000 0.02303587027594745582 0.00000000000000000000
4.6900000000 0.02302253102957059483 0.00000000000000000000
4.7000000000 0.02300926388589723259 0.00000000000000000000
4.7100000000 0.02299606826194120629 0.00000000000000000000
4.7200000000 0.02298294358098295839 0.00000000000000000000
4.7300000000 0.02296988927248521523 0.00000000000000000000
4.7400000000 0.02295690477201081311 0.00000000000000000000
4.7500000000 0.02294398952114123577 0.00000000000000000000
4.7600000000 0.02293114296739676150 0.00000000000000000000
4.7700000000 0.02291836456415761655 0.00000000000000000000
4.7800000000 0.02290565377058673829 0.00000000000000000000
4.7900000000 0.02289301005155352023 0.00000000000000000000
4.8000000000 0.02288043287755859093 0.00000000000000000000
4.8100000000 0.02286792172466031031 0.00000000000000000000
4.8200000000 0.02285547607440161985 0.00000000000000000000
4.8300000000 0.02284309541373919644 0.00000000000000000000
4.8400000000 0.02283077923497219691 0.00000000000000000000
4.8500000000 0.02281852703567360113 0.00000000000000000000
4.8600000000 0.02280633831862156208 0.00000000000000000000
4.8700000000 0.02279421259173245590 0.00000000000000000000
4.8800000000 0.02278214936799442120 0.00000000000000000000
4.8900000000 0.02277014816540253936 0.00000000000000000000
4.9000000000 0.02275820850689435834 0.00000000000000000000
4.9100000000 0.02274632992028707834 0.00000000000000000000
4.9200000000 0.02273451193821503583 0.00000000000000000000
4.9300000000 0.02272275409806869678 0.00000000000000000000
4.9400000000 0.02271105594193413915 0.00000000000000000000
4.9500000000 0.02269941701653377039 0.00000000000000000000
4.9600000000 0.02268783687316788464 0.00000000000000000000
4.9700000000 0.02267631506765679580 0.00000000000000000000
4.9800000000 0.02266485116028431682 0.00000000000000000000
4.9900000000 0.02265344471574174540 0.00000000000000000000
5.0000000000 0.02264209530307291843 0.00000000000000000000
