0.1000000000 1.05242866145356339658 0.00000000000000000000
0.1100000000 1.02252437239282722992 0.00000000000000000000
0.1200000000 0.99327864637124974045 0.00000000000000000000
0.1300000000 0.96469373053839757581 0.00000000000000000000
0.1400000000 0.93677066774785322512 0.00000000000000000000
0.1500000000 0.90950933378458242995 0.00000000000000000000
0.1600000000 0.88290847971078911804 0.00000000000000000000
0.1700000000 0.85696577870334622595 0.00000000000000000000
0.1800000000 0.83167787674001392162 0.00000000000000000000
0.1900000000 0.80704044648725825617 0.00000000000000000000
0.2000000000 0.78304824374868886583 0.00000000000000000000
0.2100000000 0.75969516584889507094 0.00000000000000000000
0.2200000000 0.73697431135163604665 0.00000000000000000000
0.2300000000 0.71487804054261294695 0.00000000000000000000
0.2400000000 0.69339803614414763366 0.00000000000000000000
0.2500000000 0.67252536377067317908 0.00000000000000000000
0.2600000000 0.65225053167877466986 0.00000000000000000000
0.2700000000 0.63256354941236525580 0.00000000000000000000
0.2800000000 0.61345398499139902615 0.00000000000000000000
0.2900000000 0.59491102034026788203 0.00000000000000000000
0.3000000000 0.57692350469892073050 0.00000000000000000000
0.3100000000 0.55948000580498047363 0.00000000000000000000
0.3200000000 0.54256885867820148217 0.00000000000000000000
0.3300000000 0.52617821187899638247 0.00000000000000000000
0.3400000000 0.51029607115014763430 0.00000000000000000000
0.3500000000 0.49491034038498737946 0.00000000000000000000
0.3600000000 0.48000885989611202787 0.00000000000000000000
0.3700000000 0.46557944198612510878 0.00000000000000000000
0.3800000000 0.45160990384590432578 0.00000000000000000000
0.3900000000 0.43808809782666968680 0.00000000000000000000
0.4000000000 0.42500193914974077058 0.00000000000000000000
0.4100000000 0.41233943113254312163 0.00000000000000000000
0.4200000000 0.40008868802134306408 0.00000000000000000000
0.4300000000 0.38823795553058054741 0.00000000000000000000
0.4400000000 0.37677562919576973455 0.00000000000000000000
0.4500000000 0.36569027065196979542 0.00000000000000000000
0.4600000000 0.35497062195304507348 0.00000000000000000000
0.4700000000 0.34460561804854406009 0.00000000000000000000
0.4800000000 0.33458439753524871207 0.00000000000000000000
0.4900000000 0.32489631179949196582 0.00000000000000000000
0.5000000000 0.31553093266438808628 0.00000000000000000000
0.5100000000 0.30647805865334437625 0.00000000000000000000
0.5200000000 0.29772771997778890718 0.00000000000000000000
0.5300000000 0.28927018235307278005 0.00000000000000000000
0.5400000000 0.28109594974216084440 0.00000000000000000000
0.5500000000 0.27319576612204227173 0.00000000000000000000
0.5600000000 0.26556061636296707240 0.00000000000000000000
0.5700000000 0.25818172630564240055 0.00000000000000000000
0.5800000000 0.25105056211651899378 0.00000000000000000000
0.5900000000 0.24415882899631288772 0.00000000000000000000
0.6000000000 0.23749846931199308786 0.00000000000000000000
0.6100000000 0.23106166021764801277 0.00000000000000000000
0.6200000000 0.22484081082495788184 0.00000000000000000000
0.6300000000 0.21882855897951827839 0.00000000000000000000
0.6400000000 0.21301776769489452756 0.00000000000000000000
0.6500000000 0.20740152129217762078 0.00000000000000000000
0.6600000000 0.20197312128887454086 0.00000000000000000000
0.6700000000 0.19672608207724295859 0.00000000000000000000
0.6800000000 0.19165412642867948878 0.00000000000000000000
0.6900000000 0.18675118085746952867 0.00000000000000000000
0.7000000000 0.18201137087412846971 0.00000000000000000000
0.7100000000 0.17742901615566494811 0.00000000000000000000
0.7200000000 0.17299862565741747078 0.00000000000000000000
0.7300000000 0.16871489268864234279 0.00000000000000000000
0.7400000000 0.16457268997167717739 0.00000000000000000000
0.7500000000 0.16056706470240736384 0.00000000000000000000
0.7600000000 0.15669323362775869346 0.00000000000000000000
0.7700000000 0.15294657815417850300 0.00000000000000000000
0.7800000000 0.14932263949932458869 0.00000000000000000000
0.7900000000 0.14581711389773038823 0.00000000000000000000
0.8000000000 0.14242584786977424693 0.00000000000000000000
0.8100000000 0.13914483356204579434 0.00000000000000000000
0.8200000000 0.13597020416598157300 0.00000000000000000000
0.8300000000 0.13289822942067591738 0.00000000000000000000
0.8400000000 0.12992531120474021256 0.00000000000000000000
0.8500000000 0.12704797922126456755 0.00000000000000000000
0.8600000000 0.12426288677915080239 0.00000000000000000000
0.8700000000 0.12156680667337974033 0.00000000000000000000
0.8800000000 0.11895662716612352694 0.00000000000000000000
0.8900000000 0.11642934807011148801 0.00000000000000000000
0.9000000000 0.11398207693508774496 0.00000000000000000000
0.9100000000 0.11161202533777982160 0.00000000000000000000
0.9200000000 0.10931650527541134088 0.00000000000000000000
0.9300000000 0.10709292566244210665 0.00000000000000000000
0.9400000000 0.10493878892982677620 0.00000000000000000000
0.9500000000 0.10285168772600569720 0.00000000000000000000
0.9600000000 0.10082930171832497901 0.00000000000000000000
0.9700000000 0.09886939449370320265 0.00000000000000000000
0.9800000000 0.09696981055691450413 0.00000000000000000000
0.9900000000 0.09512847242478029985 0.00000000000000000000
1.0000000000 0.09334337781447388238 0.00000000000000000000
1.0100000000 0.09161259692454089276 0.00000000000000000000
1.0200000000 0.08993426980561439188 0.00000000000000000000
1.0300000000 0.08830660381932611824 0.00000000000000000000
1.0400000000 0.08672787118398797568 0.00000000000000000000
1.0500000000 0.08519640660357949424 0.00000000000000000000
1.0600000000 0.08371060497880579432 0.00000000000000000000
1.0700000000 0.08226891919763761052 0.00000000000000000000
1.0800000000 0.08086985800325097173 0.00000000000000000000
1.0900000000 0.07951198393715175339 0.00000000000000000000
1.1000000000 0.07819391135527968550 0.00000000000000000000
1.1100000000 0.07691430451491390596 0.00000000000000000000
1.1200000000 0.07567187573023564928 0.00000000000000000000
1.1300000000 0.07446538359441416677 0.00000000000000000000
1.1400000000 0.07329363126611633528 0.00000000000000000000
1.1500000000 0.07215546481837789572 0.00000000000000000000
1.1600000000 0.07104977164780107435 0.00000000000000000000
1.1700000000 0.06997547894210537356 0.00000000000000000000
1.1800000000 0.06893155220406835260 0.00000000000000000000
1.1900000000 0.06791699382996078949 0.00000000000000000000
1.2000000000 0.06693084174061519898 0.00000000000000000000
1.2100000000 0.06597216806332796557 0.00000000000000000000
1.2200000000 0.06504007786280278924 0.00000000000000000000
1.2300000000 0.06413370791943950877 0.00000000000000000000
1.2400000000 0.06325222555328915974 0.00000000000000000000
1.2500000000 0.06239482749204583456 0.00000000000000000000
1.2600000000 0.06156073878150403883 0.00000000000000000000
1.2700000000 0.06074921173694857596 0.00000000000000000000
1.2800000000 0.05995952493399244604 0.00000000000000000000
1.2900000000 0.05919098223742740028 0.00000000000000000000
1.3000000000 0.05844291186669296062 0.00000000000000000000
1.3100000000 0.05771466549661945222 0.00000000000000000000
1.3200000000 0.05700561739213046847 0.00000000000000000000
1.3300000000 0.05631516357566327541 0.00000000000000000000
1.3400000000 0.05564272102607033949 0.00000000000000000000
1.3500000000 0.05498772690783677863 0.00000000000000000000
1.3600000000 0.05434963782947019317 0.00000000000000000000
1.3700000000 0.05372792912997084724 0.00000000000000000000
1.3800000000 0.05312209419232270108 0.00000000000000000000
1.3900000000 0.05253164378297695697 0.00000000000000000000
1.4000000000 0.05195610541635441171 0.00000000000000000000
1.4100000000 0.05139502274340461419 0.00000000000000000000
1.4200000000 0.05084795496332192299 0.00000000000000000000
1.4300000000 0.05031447625751361147 0.00000000000000000000
1.4400000000 0.04979417524499686609 0.00000000000000000000
1.4500000000 0.04928665445838243536 0.00000000000000000000
1.4600000000 0.04879152983967018770 0.00000000000000000000
1.4700000000 0.04830843025509620747 0.00000000000000000000
1.4800000000 0.04783699702829230516 0.00000000000000000000
1.4900000000 0.04737688349106597419 0.00000000000000000000
1.5000000000 0.04692775455111370536 0.00000000000000000000
1.5100000000 0.04648928627602395836 0.00000000000000000000
1.5200000000 0.04606116549293915591 0.00000000000000000000
1.5300000000 0.04564308940327284347 0.00000000000000000000
1.5400000000 0.04523476521190617633 0.00000000000000000000
1.5500000000 0.04483590977030315478 0.00000000000000000000
1.5600000000 0.04444624923300759950 0.00000000000000000000
1.5700000000 0.04406551872700966571 0.00000000000000000000
1.5800000000 0.04369346203348217078 0.00000000000000000000
1.5900000000 0.04332983128141307261 0.00000000000000000000
1.6000000000 0.04297438665267289820 0.00000000000000000000
1.6100000000 0.04262689609807971541 0.00000000000000000000
1.6200000000 0.04228713506403580791 0.00000000000000000000
1.6300000000 0.04195488622932979500 0.00000000000000000000
1.6400000000 0.04162993925171353665 0.00000000000000000000
1.6500000000 0.04131209052387720820 0.00000000000000000000
1.6600000000 0.04100114293846116725 0.00000000000000000000
1.6700000000 0.04069690566175824392 0.00000000000000000000
1.6800000000 0.04039919391577055652 0.00000000000000000000
1.6900000000 0.04010782876830454313 0.00000000000000000000
1.7000000000 0.03982263693079075850 0.00000000000000000000
1.7100000000 0.03954345056353577442 0.00000000000000000000
1.7200000000 0.03927010708812082168 0.00000000000000000000
1.7300000000 0.03900244900667499542 0.00000000000000000000
1.7400000000 0.03874032372775616795 0.00000000000000000000
1.7500000000 0.03848358339859402760 0.00000000000000000000
1.7600000000 0.03823208474344463870 0.00000000000000000000
1.7700000000 0.03798568890783170227 0.00000000000000000000
1.7800000000 0.03774426130844397292 0.00000000000000000000
1.7900000000 0.03750767148847645310 0.00000000000000000000
1.8000000000 0.03727579297821029952 0.00000000000000000000
1.8100000000 0.03704850316062833354 0.00000000000000000000
1.8200000000 0.03682568314187982528 0.00000000000000000000
1.8300000000 0.03660721762640772176 0.00000000000000000000
1.8400000000 0.03639299479656470798 0.00000000000000000000
1.8500000000 0.03618290619654666862 0.00000000000000000000
1.8600000000 0.03597684662048095811 0.00000000000000000000
1.8700000000 0.03577471400451429084 0.00000000000000000000
1.8800000000 0.03557640932274993423 0.00000000000000000000
1.8900000000 0.03538183648688678767 0.00000000000000000000
1.9000000000 0.03519090224942527517 0.00000000000000000000
1.9100000000 0.03500351611030556170 0.00000000000000000000
1.9200000000 0.03481959022684610189 0.00000000000000000000
1.9300000000 0.03463903932686630133 0.00000000000000000000
1.9400000000 0.03446178062486760646 0.00000000000000000000
1.9500000000 0.03428773374116404760 0.00000000000000000000
1.9600000000 0.03411682062384881892 0.00000000000000000000
1.9700000000 0.03394896547349671168 0.00000000000000000000
1.9800000000 0.03378409467049517390 0.00000000000000000000
1.9900000000 0.03362213670491118883 0.00000000000000000000
2.0000000000 0.03346302210879852079 0.00000000000000000000
2.0100000000 0.03330668339085533780 0.00000000000000000000
2.0200000000 0.03315305497334657819 0.00000000000000000000
2.0300000000 0.03300207313120642749 0.00000000000000000000
2.0400000000 0.03285367593324368257 0.00000000000000000000
2.0500000000 0.03270780318536815889 0.00000000000000000000
2.0600000000 0.03256439637577034085 0.00000000000000000000
2.0700000000 0.03242339862197819722 0.00000000000000000000
2.0800000000 0.03228475461972481891 0.00000000000000000000
2.0900000000 0.03214841059356066122 0.00000000000000000000
2.1000000000 0.03201431424914798207 0.00000000000000000000
2.1100000000 0.03188241472717479041 0.00000000000000000000
2.1200000000 0.03175266255883062161 0.00000000000000000000
2.1300000000 0.03162500962278845529 0.00000000000000000000
2.1400000000 0.03149940910363754898 0.00000000000000000000
2.1500000000 0.03137581545171494457 0.00000000000000000000
2.1600000000 0.03125418434428665904 0.00000000000000000000
2.1700000000 0.03113447264802815528 0.00000000000000000000
2.1800000000 0.03101663838275997911 0.00000000000000000000
2.1900000000 0.03090064068639151312 0.00000000000000000000
2.2000000000 0.03078643978103218215 0.00000000000000000000
2.2100000000 0.03067399694022601708 0.00000000000000000000
2.2200000000 0.03056327445727134717 0.00000000000000000000
2.2300000000 0.03045423561458764430 0.00000000000000000000
2.2400000000 0.03034684465409048099 0.00000000000000000000
2.2500000000 0.03024106674854149662 0.00000000000000000000
2.2600000000 0.03013686797383619345 0.00000000000000000000
2.2700000000 0.03003421528219961736 0.00000000000000000000
2.2800000000 0.02993307647625620405 0.00000000000000000000
2.2900000000 0.02983342018394370687 0.00000000000000000000
2.3000000000 0.02973521583424049500 0.00000000000000000000
2.3100000000 0.02963843363368214717 0.00000000000000000000
2.3200000000 0.02954304454363218188 0.00000000000000000000
2.3300000000 0.02944902025829016987 0.00000000000000000000
2.3400000000 0.02935633318340285028 0.00000000000000000000
2.3500000000 0.02926495641566043138 0.00000000000000000000
2.3600000000 0.02917486372275116327 0.00000000000000000000
2.3700000000 0.02908602952405141967 0.00000000000000000000
2.3800000000 0.02899842887193258140 0.00000000000000000000
2.3900000000 0.02891203743365832954 0.00000000000000000000
2.4000000000 0.02882683147385771069 0.00000000000000000000
2.4100000000 0.02874278783755040978 0.00000000000000000000
2.4200000000 0.02865988393370676526 0.00000000000000000000
2.4300000000 0.02857809771932526971 0.00000000000000000000
2.4400000000 0.02849740768400749191 0.00000000000000000000
2.4500000000 0.02841779283501657052 0.00000000000000000000
2.4600000000 0.02833923268280104379 0.00000000000000000000
2.4700000000 0.02826170722696838208 0.00000000000000000000
2.4800000000 0.02818519694269409903 0.00000000000000000000
2.4900000000 0.02810968276755085316 0.00000000000000000000
2.5000000000 0.02803514608874398129 0.00000000000000000000
2.5100000000 0.02796156873074000931 0.00000000000000000000
2.5200000000 0.02788893294327448452 0.00000000000000000000
2.5300000000 0.02781722138972662212 0.00000000000000000000
2.5400000000 0.02774641713584952499 0.00000000000000000000
2.5500000000 0.02767650363884259501 0.00000000000000000000
2.5600000000 0.02760746473675634860 0.00000000000000000000
2.5700000000 0.02753928463821763567 0.00000000000000000000
2.5800000000 0.02747194791246554760 0.00000000000000000000
2.5900000000 0.02740543947968665170 0.00000000000000000000
2.6000000000 0.02733974460164119089 0.00000000000000000000
2.6100000000 0.02727484887256970483 0.00000000000000000000
2.6200000000 0.02721073821037120477 0.00000000000000000000
2.6300000000 0.02714739884804411724 0.00000000000000000000
2.6400000000 0.02708481732538164238 0.00000000000000000000
2.6500000000 0.02702298048091354710 0.00000000000000000000
2.6600000000 0.02696187544408413378 0.00000000000000000000
2.6700000000 0.02690148962766305760 0.00000000000000000000
2.6800000000 0.02684181072037820567 0.00000000000000000000
2.6900000000 0.02678282667976291179 0.00000000000000000000
2.7000000000 0.02672452572521486630 0.00000000000000000000
2.7100000000 0.02666689633125478992 0.00000000000000000000
2.7200000000 0.02660992722098188060 0.00000000000000000000
2.7300000000 0.02655360735971991695 0.00000000000000000000
2.7400000000 0.02649792594884444255 0.00000000000000000000
2.7500000000 0.02644287241979055569 0.00000000000000000000
2.7600000000 0.02638843642823021640 0.00000000000000000000
2.7700000000 0.02633460784841832464 0.00000000000000000000
2.7800000000 0.02628137676769912168 0.00000000000000000000
2.7900000000 0.02622873348116970885 0.00000000000000000000
2.8000000000 0.02617666848649449762 0.00000000000000000000
2.8100000000 0.02612517247886679897 0.00000000000000000000
2.8200000000 0.02607423634611312838 0.00000000000000000000
2.8300000000 0.02602385116393416201 0.00000000000000000000
2.8400000000 0.02597400819128054678 0.00000000000000000000
2.8500000000 0.02592469886585740610 0.00000000000000000000
2.8600000000 0.02587591479975445696 0.00000000000000000000
2.8700000000 0.02582764777519782479 0.00000000000000000000
2.8800000000 0.02577988974041980907 0.00000000000000000000
2.8900000000 0.02573263280564248856 0.00000000000000000000
2.9000000000 0.02568586923917295234 0.00000000000000000000
2.9100000000 0.02563959146360477240 0.00000000000000000000
2.9200000000 0.02559379205212467673 0.00000000000000000000
2.9300000000 0.02554846372492006537 0.00000000000000000000
2.9400000000 0.02550359934568341772 0.00000000000000000000
2.9500000000 0.02545919191821336552 0.00000000000000000000
2.9600000000 0.02541523458310664119 0.00000000000000000000
2.9700000000 0.02537172061453991240 0.00000000000000000000
2.9800000000 0.02532864341713821424 0.00000000000000000000
2.9900000000 0.02528599652292759167 0.00000000000000000000
3.0000000000 0.02524377358836929833 0.00000000000000000000
3.0100000000 0.02520196839147282111 0.00000000000000000000
3.0200000000 0.02516057482898688066 0.00000000000000000000
3.0300000000 0.02511958691366353302 0.00000000000000000000
3.0400000000 0.02507899877159580973 0.00000000000000000000
3.0500000000 0.02503880463962491684 0.00000000000000000000
3.0600000000 0.02499899886281617412 0.00000000000000000000
3.0700000000 0.02495957589200055449 0.00000000000000000000
3.0800000000 0.02492053028138099119 0.00000000000000000000
3.0900000000 0.02488185668620131186 0.00000000000000000000
3.1000000000 0.02484354986047443078 0.00000000000000000000
3.1100000000 0.02480560465477151671 0.00000000000000000000
3.1200000000 0.02476801601406614095 0.00000000000000000000
3.1300000000 0.02473077897563532440 0.00000000000000000000
3.1400000000 0.02469388866701428126 0.00000000000000000000
3.1500000000 0.02465734030400276028 0.00000000000000000000
3.1600000000 0.02462112918872332717 0.00000000000000000000
3.1700000000 0.02458525070772832333 0.00000000000000000000
3.1800000000 0.02454970033015507064 0.00000000000000000000
3.1900000000 0.02451447360592769187 0.00000000000000000000
3.2000000000 0.02447956616400439808 0.00000000000000000000
3.2100000000 0.02444497371066856745 0.00000000000000000000
3.2200000000 0.02441069202786304987 0.00000000000000000000
3.2300000000 0.02437671697156542847 0.00000000000000000000
3.2400000000 0.02434304447020474785 0.00000000000000000000
3.2500000000 0.02430967052311630919 0.00000000000000000000
3.2600000000 0.02427659119903576718 0.00000000000000000000
3.2700000000 0.02424380263462999271 0.00000000000000000000
3.2800000000 0.02421130103306369866 0.00000000000000000000
3.2900000000 0.02417908266260193270 0.00000000000000000000
3.3000000000 0.02414714385524622045 0.00000000000000000000
3.3100000000 0.02411548100540432393 0.00000000000000000000
3.3200000000 0.02408409056859173517 0.00000000000000000000
3.3300000000 0.02405296906016530373 0.00000000000000000000
3.3400000000 0.02402211305408714914 0.00000000000000000000
3.3500000000 0.02399151918171794559 0.00000000000000000000
3.3600000000 0.02396118413064011327 0.00000000000000000000
3.3700000000 0.02393110464350815467 0.00000000000000000000
3.3800000000 0.02390127751692714894 0.00000000000000000000
3.3900000000 0.02387169960035726707 0.00000000000000000000
3.4000000000 0.02384236779504502954 0.00000000000000000000
3.4100000000 0.02381327905297912079 0.00000000000000000000
3.4200000000 0.02378443037587113854 0.00000000000000000000
3.4300000000 0.02375581881416029273 0.00000000000000000000
3.4400000000 0.02372744146604112425 0.00000000000000000000
3.4500000000 0.02369929547651444118 0.00000000000000000000
3.4600000000 0.02367137803645980032 0.00000000000000000000
3.4700000000 0.02364368638172987397 0.00000000000000000000
3.4800000000 0.02361621779226521708 0.00000000000000000000
3.4900000000 0.02358896959123045825 0.00000000000000000000
3.5000000000 0.02356193914416936444 0.00000000000000000000
3.5100000000 0.02353512385817928265 0.00000000000000000000
3.5200000000 0.02350852118110569045 0.00000000000000000000
3.5300000000 0.02348212860075308064 0.00000000000000000000
3.5400000000 0.02345594364411562882 0.00000000000000000000
3.5500000000 0.02342996387662410473 0.00000000000000000000
3.5600000000 0.02340418690141012059 0.00000000000000000000
3.5700000000 0.02337861035858729980 0.00000000000000000000
3.5800000000 0.02335323192454782926 0.00000000000000000000
3.5900000000 0.02332804931127515843 0.00000000000000000000
3.6000000000 0.02330306026567205771 0.00000000000000000000
3.6100000000 0.02327826256890352941 0.00000000000000000000
3.6200000000 0.02325365403575411008 0.00000000000000000000
3.6300000000 0.02322923251399980002 0.00000000000000000000
3.6400000000 0.02320499588379285397 0.00000000000000000000
3.6500000000 0.02318094205706141414 0.00000000000000000000
3.6600000000 0.02315706897692125163 0.00000000000000000000
3.6700000000 0.02313337461710049739 0.00000000000000000000
3.6800000000 0.02310985698137736633 0.00000000000000000000
3.6900000000 0.02308651410302957688 0.00000000000000000000
3.7000000000 0.02306334404429569856 0.00000000000000000000
3.7100000000 0.02304034489584841708 0.00000000000000000000
3.7200000000 0.02301751477627877324 0.00000000000000000000
3.7300000000 0.02299485183159159785 0.00000000000000000000
3.7400000000 0.02297235423471168450 0.00000000000000000000
3.7500000000 0.02295002018500053378 0.00000000000000000000
3.7600000000 0.02292784790778304785 0.00000000000000000000
3.7700000000 0.02290583565388489701 0.00000000000000000000
3.7800000000 0.02288398169917874037 0.00000000000000000000
3.7900000000 0.02286228434414061192 0.00000000000000000000
3.8000000000 0.02284074191341544866 0.00000000000000000000
3.8100000000 0.02281935275539193064 0.00000000000000000000
3.8200000000 0.02279811524178521412 0.00000000000000000000
3.8300000000 0.02277702776722966005 0.00000000000000000000
3.8400000000 0.02275608874887912608 0.00000000000000000000
3.8500000000 0.02273529662601576559 0.00000000000000000000
3.8600000000 0.02271464985966679256 0.00000000000000000000
3.8700000000 0.02269414693222892090 0.00000000000000000000
3.8800000000 0.02267378634710135593 0.00000000000000000000
3.8900000000 0.02265356662832486087 0.00000000000000000000
3.9000000000 0.02263348632022936513 0.00000000000000000000
3.9100000000 0.02261354398708820268 0.00000000000000000000
3.9200000000 0.02259373821277914016 0.00000000000000000000
3.9300000000 0.02257406760045285732 0.00000000000000000000
3.9400000000 0.02255453077220732558 0.00000000000000000000
3.9500000000 0.02253512636876931971 0.00000000000000000000
3.9600000000 0.02251585304918193517 0.00000000000000000000
3.9700000000 0.02249670949049862798 0.00000000000000000000
3.9800000000 0.02247769438748254203 0.00000000000000000000
3.9900000000 0.02245880645231326453 0.00000000000000000000
4.0000000000 0.02244004441429772040 0.00000000000000000000
4.0100000000 0.02242140701958762403 0.00000000000000000000
4.0200000000 0.02240289303090270065 0.00000000000000000000
4.0300000000 0.02238450122725850477 0.00000000000000000000
4.0400000000 0.02236623040370025808 0.00000000000000000000
4.0500000000 0.02234807937104141620 0.00000000000000000000
4.0600000000 0.02233004695560760616 0.00000000000000000000
4.0700000000 0.02231213199898526151 0.00000000000000000000
4.0800000000 0.02229433335777528460 0.00000000000000000000
4.0900000000 0.02227664990335114642 0.00000000000000000000
4.1000000000 0.02225908052162217307 0.00000000000000000000
4.1100000000 0.02224162411280066962 0.00000000000000000000
4.1200000000 0.02222427959117395657 0.00000000000000000000
4.1300000000 0.02220704588488050038 0.00000000000000000000
4.1400000000 0.02218992193569048130 0.00000000000000000000
4.1500000000 0.02217290669879026094 0.00000000000000000000
4.1600000000 0.02215599914257090561 0.00000000000000000000
4.1700000000 0.02213919824842109502 0.00000000000000000000
4.1800000000 0.02212250301052324716 0.00000000000000000000
4.1900000000 0.02210591243565399044 0.00000000000000000000
4.2000000000 0.02208942554298802194 0.00000000000000000000
4.2100000000 0.02207304136390588617 0.00000000000000000000
4.2200000000 0.02205675894180485208 0.00000000000000000000
4.2300000000 0.02204057733191382151 0.00000000000000000000
4.2400000000 0.02202449560111112078 0.00000000000000000000
4.2500000000 0.02200851282774627868 0.00000000000000000000
4.2600000000 0.02199262810146405261 0.00000000000000000000
4.2700000000 0.02197684052303292349 0.00000000000000000000
4.2800000000 0.02196114920417547439 0.00000000000000000000
4.2900000000 0.02194555326740290149 0.00000000000000000000
4.3000000000 0.02193005184585165163 0.00000000000000000000
4.3100000000 0.02191464408312362999 0.00000000000000000000
4.3200000000 0.02189932913312877399 0.00000000000000000000
4.3300000000 0.02188410615993103409 0.00000000000000000000
4.3400000000 0.02186897433759631137 0.00000000000000000000
4.3500000000 0.02185393285004404509 0.00000000000000000000
4.3600000000 0.02183898089090057643 0.00000000000000000000
4.3700000000 0.02182411766335555156 0.00000000000000000000
4.3800000000 0.02180934238002100664 0.00000000000000000000
4.3900000000 0.02179465426279243723 0.00000000000000000000
4.4000000000 0.02178005254271259475 0.00000000000000000000
4.4100000000 0.02176553645983791974 0.00000000000000000000
4.4200000000 0.02175110526310657447 0.00000000000000000000
4.4300000000 0.02173675821020984791 0.00000000000000000000
4.4400000000 0.02172249456746458418 0.00000000000000000000
4.4500000000 0.02170831360968868487 0.00000000000000000000
4.4600000000 0.02169421462007859597 0.00000000000000000000
4.4700000000 0.02168019689008864395 0.00000000000000000000
4.4800000000 0.02166625971931248826 0.00000000000000000000
4.4900000000 0.02165240241536696073 0.00000000000000000000
4.5000000000 0.02163862429377759120 0.00000000000000000000
4.5100000000 0.02162492467786591641 0.00000000000000000000
4.5200000000 0.02161130289863910300 0.00000000000000000000
4.5300000000 0.02159775829468135733 0.00000000000000000000
4.5400000000 0.02158429021204669521 0.00000000000000000000
4.5500000000 0.02157089800415418548 0.00000000000000000000
4.5600000000 0.02155758103168468193 0.00000000000000000000
4.5700000000 0.02154433866247902618 0.00000000000000000000
4.5800000000 0.02153117027143825954 0.00000000000000000000
4.5900000000 0.02151807524042556596 0.00000000000000000000
4.6000000000 0.02150505295816955431 0.00000000000000000000
4.6100000000 0.02149210282016936896 0.00000000000000000000
4.6200000000 0.02147922422860098352 0.00000000000000000000
4.6300000000 0.02146641659222592313 0.00000000000000000000
4.6400000000 0.02145367932630032684 0.00000000000000000000
4.6500000000 0.02144101185248642807 0.00000000000000000000
4.6600000000 0.02142841359876502746 0.00000000000000000000
4.6700000000 0.02141588399934934994 0.00000000000000000000
4.6800000000 0.02140342249460070595 0.00000000000000000000
4.6900000000 0.02139102853094508247 0.00000000000000000000
4.7000000000 0.02137870156079140632 0.00000000000000000000
4.7100000000 0.02136644104245082748 0.00000000000000000000
4.7200000000 0.02135424644005749426 0.00000000000000000000
4.7300000000 0.02134211722349065032 0.00000000000000000000
4.7400000000 0.02133005286829792874 0.00000000000000000000
4.7500000000 0.02131805285561953409 0.00000000000000000000
4.7600000000 0.02130611667211435717 0.00000000000000000000
4.7700000000 0.02129424380988644006 0.00000000000000000000
4.7800000000 0.02128243376641341181 0.00000000000000000000
4.7900000000 0.02127068604447511155 0.00000000000000000000
4.8000000000 0.02125900015208446667 0.00000000000000000000
4.8100000000 0.02124737560241844736 0.00000000000000000000
4.8200000000 0.02123581191375069344 0.00000000000000000000
4.8300000000 0.02122430860938484889 0.00000000000000000000
4.8400000000 0.02121286521758937449 0.00000000000000000000
4.8500000000 0.02120148127153298825 0.00000000000000000000
4.8600000000 0.02119015630922104973 0.00000000000000000000
4.8700000000 0.02117888987343337012 0.00000000000000000000
4.8800000000 0.02116768151166263309 0.00000000000000000000
4.8900000000 0.02115653077605373841 0.00000000000000000000
4.9000000000 0.02114543722334432871 0.00000000000000000000
4.9100000000 0.02113440041480608642 0.00000000000000000000
4.9200000000 0.02112341991618670728 0.00000000000000000000
4.9300000000 0.02111249529765339347 0.00000000000000000000
4.9400000000 0.02110162613373639182 0.00000000000000000000
4.9500000000 0.02109081200327395447 0.00000000000000000000
4.9600000000 0.02108005248935803169 0.00000000000000000000
4.9700000000 0.02106934717928057518 0.00000000000000000000
4.9800000000 0.02105869566448103497 0.00000000000000000000
4.9900000000 0.02104809754049398116 0.00000000000000000000
5.0000000000 0.02103755240689850550 0.00000000000000000000
