0.1000000000 1.60788822836870592958 0.00000000000000000000
0.1100000000 1.51363164345582745796 0.00000000000000000000
0.1200000000 1.42678136104712072196 0.00000000000000000000
0.1300000000 1.34687392351701107351 0.00000000000000000000
0.1400000000 1.27341269318157634949 0.00000000000000000000
0.1500000000 1.20588767983677480622 0.00000000000000000000
0.1600000000 1.14379203075341018270 0.00000000000000000000
0.1700000000 1.08663484515853747681 0.00000000000000000000
0.1800000000 1.03395040507862567836 0.00000000000000000000
0.1900000000 0.98530419884903586158 0.00000000000000000000
0.2000000000 0.94029626342245120618 0.00000000000000000000
0.2100000000 0.89856241590923546791 0.00000000000000000000
0.2200000000 0.85977391764080302039 0.00000000000000000000
0.2300000000 0.82363604619824670738 0.00000000000000000000
0.2400000000 0.78988596588349357930 0.00000000000000000000
0.2500000000 0.75829020086615861462 0.00000000000000000000
0.2600000000 0.72864193690958201088 0.00000000000000000000
0.2700000000 0.70075831144000222395 0.00000000000000000000
0.2800000000 0.67447779882146108310 0.00000000000000000000
0.2900000000 0.64965775721841456658 0.00000000000000000000
0.3000000000 0.62617217365167432419 0.00000000000000000000
0.3100000000 0.60390962278294080257 0.00000000000000000000
0.3200000000 0.58277144067006314554 0.00000000000000000000
0.3300000000 0.56267010553100527126 0.00000000000000000000
0.3400000000 0.54352781205104760964 0.00000000000000000000
0.3500000000 0.52527522287250349997 0.00000000000000000000
0.3600000000 0.50785037978904246092 0.00000000000000000000
0.3700000000 0.49119775721468750262 0.00000000000000000000
0.3800000000 0.47526744126955716707 0.00000000000000000000
0.3900000000 0.46001441901130174505 0.00000000000000000000
0.4000000000 0.44539796373174778132 0.00000000000000000000
0.4100000000 0.43138110369277438139 0.00000000000000000000
0.4200000000 0.41793016310524178092 0.00000000000000000000
0.4300000000 0.40501436550653679980 0.00000000000000000000
0.4400000000 0.39260549093721364144 0.00000000000000000000
0.4500000000 0.38067757944247709867 0.00000000000000000000
0.4600000000 0.36920667442748977827 0.00000000000000000000
0.4700000000 0.35817060028087716050 0.00000000000000000000
0.4800000000 0.34754876945605583938 0.00000000000000000000
0.4900000000 0.33732201487474267054 0.00000000000000000000
0.5000000000 0.32747244410157522188 0.00000000000000000000
0.5100000000 0.31798331224343917567 0.00000000000000000000
0.5200000000 0.30883891096152937816 0.00000000000000000000
0.5300000000 0.30002447135740673012 0.00000000000000000000
0.5400000000 0.29152607881450809391 0.00000000000000000000
0.5500000000 0.28333059815086364397 0.00000000000000000000
0.5600000000 0.27542560767359047791 0.00000000000000000000
0.5700000000 0.26779934092675333757 0.00000000000000000000
0.5800000000 0.26044063509601317330 0.00000000000000000000
0.5900000000 0.25333888518054525907 0.00000000000000000000
0.6000000000 0.24648400316845359148 0.00000000000000000000
0.6100000000 0.23986638155947925810 0.00000000000000000000
0.6200000000 0.23347686067086062534 0.00000000000000000000
0.6300000000 0.22730669924097993140 0.00000000000000000000
0.6400000000 0.22134754791290620068 0.00000000000000000000
0.6500000000 0.21559142523771249178 0.00000000000000000000
0.6600000000 0.21003069588698655701 0.00000000000000000000
0.6700000000 0.20465805080644436376 0.00000000000000000000
0.6800000000 0.19946648907891745273 0.00000000000000000000
0.6900000000 0.19444930129636456284 0.00000000000000000000
0.7000000000 0.18960005426730336398 0.00000000000000000000
0.7100000000 0.18491257690925402835 0.00000000000000000000
0.7200000000 0.18038094719554828571 0.00000000000000000000
0.7300000000 0.17599948004298296422 0.00000000000000000000
0.7400000000 0.17176271604151874262 0.00000000000000000000
0.7500000000 0.16766541093984607680 0.00000000000000000000
0.7600000000 0.16370252581162120231 0.00000000000000000000
0.7700000000 0.15986921783656168894 0.00000000000000000000
0.7800000000 0.15616083163876470774 0.00000000000000000000
0.7900000000 0.15257289113161545679 0.00000000000000000000
0.8000000000 0.14910109182478031853 0.00000000000000000000
0.8100000000 0.14574129355395740171 0.00000000000000000000
0.8200000000 0.14248951359878220257 0.00000000000000000000
0.8300000000 0.13934192015806279308 0.00000000000000000000
0.8400000000 0.13629482615503857312 0.00000000000000000000
0.8500000000 0.13334468334841118042 0.00000000000000000000
0.8600000000 0.13048807672733678253 0.00000000000000000000
0.8700000000 0.12772171917102567718 0.00000000000000000000
0.8800000000 0.12504244635533384722 0.00000000000000000000
0.8900000000 0.12244721189071881839 0.00000000000000000000
0.9000000000 0.11993308267726882077 0.00000000000000000000
0.9100000000 0.11749723446382369374 0.00000000000000000000
0.9200000000 0.11513694759956497049 0.00000000000000000000
0.9300000000 0.11284960296719137585 0.00000000000000000000
0.9400000000 0.11063267808802965120 0.00000000000000000000
0.9500000000 0.10848374338979126230 0.00000000000000000000
0.9600000000 0.10640045862901038876 0.00000000000000000000
0.9700000000 0.10438056946009058312 0.00000000000000000000
0.9800000000 0.10242190414406628085 0.00000000000000000000
0.9900000000 0.10052237039061627522 0.00000000000000000000
1.0000000000 0.09867995232549170437 0.00000000000000000000
1.0100000000 0.09689270758257623184 0.00000000000000000000
1.0200000000 0.09515876450767150885 0.00000000000000000000
1.0300000000 0.09347631947305749811 0.00000000000000000000
1.0400000000 0.09184363430113913485 0.00000000000000000000
1.0500000000 0.09025903378626476403 0.00000000000000000000
1.0600000000 0.08872090331439888566 0.00000000000000000000
1.0700000000 0.08722768657571432216 0.00000000000000000000
1.0800000000 0.08577788336604594277 0.00000000000000000000
1.0900000000 0.08437004747385870584 0.00000000000000000000
1.1000000000 0.08300278464899819852 0.00000000000000000000
1.1100000000 0.08167475065010887381 0.00000000000000000000
1.1200000000 0.08038464936741643307 0.00000000000000000000
1.1300000000 0.07913123101797703285 0.00000000000000000000
1.1400000000 0.07791329041044046944 0.00000000000000000000
1.1500000000 0.07672966527660589342 0.00000000000000000000
1.1600000000 0.07557923466712998528 0.00000000000000000000
1.1700000000 0.07446091740888242938 0.00000000000000000000
1.1800000000 0.07337367062148800190 0.00000000000000000000
1.1900000000 0.07231648829080494778 0.00000000000000000000
1.2000000000 0.07128839989706048375 0.00000000000000000000
1.2100000000 0.07028846909555178102 0.00000000000000000000
1.2200000000 0.06931579244784628890 0.00000000000000000000
1.2300000000 0.06836949820152544988 0.00000000000000000000
1.2400000000 0.06744874511659981753 0.00000000000000000000
1.2500000000 0.06655272133675692314 0.00000000000000000000
1.2600000000 0.06568064330374656645 0.00000000000000000000
1.2700000000 0.06483175471318086691 0.00000000000000000000
1.2800000000 0.06400532551019114114 0.00000000000000000000
1.2900000000 0.06320065092336811519 0.00000000000000000000
1.3000000000 0.06241705053553487509 0.00000000000000000000
1.3100000000 0.06165386738987237158 0.00000000000000000000
1.3200000000 0.06091046713010660196 0.00000000000000000000
1.3300000000 0.06018623717337037715 0.00000000000000000000
1.3400000000 0.05948058591450951921 0.00000000000000000000
1.3500000000 0.05879294196061610883 0.00000000000000000000
1.3600000000 0.05812275339461578372 0.00000000000000000000
1.3700000000 0.05746948706677094953 0.00000000000000000000
1.3800000000 0.05683262791305070116 0.00000000000000000000
1.3900000000 0.05621167829929473586 0.00000000000000000000
1.4000000000 0.05560615739020179776 0.00000000000000000000
1.4100000000 0.05501560054216176471 0.00000000000000000000
1.4200000000 0.05443955871902257659 0.00000000000000000000
1.4300000000 0.05387759792989631202 0.00000000000000000000
1.4400000000 0.05332929868815931840 0.00000000000000000000
1.4500000000 0.05279425549082389368 0.00000000000000000000
1.4600000000 0.05227207631749177658 0.00000000000000000000
1.4700000000 0.05176238214813732447 0.00000000000000000000
1.4800000000 0.05126480649899204517 0.00000000000000000000
1.4900000000 0.05077899497582461646 0.00000000000000000000
1.5000000000 0.05030460484396011289 0.00000000000000000000
1.5100000000 0.04984130461437281251 0.00000000000000000000
1.5200000000 0.04938877364524975333 0.00000000000000000000
1.5300000000 0.04894670175841778909 0.00000000000000000000
1.5400000000 0.04851478887006695911 0.00000000000000000000
1.5500000000 0.04809274463521278492 0.00000000000000000000
1.5600000000 0.04768028810538119805 0.00000000000000000000
1.5700000000 0.04727714739899060298 0.00000000000000000000
1.5800000000 0.04688305938395773836 0.00000000000000000000
1.5900000000 0.04649776937204781746 0.00000000000000000000
1.6000000000 0.04612103082452210373 0.00000000000000000000
1.6100000000 0.04575260506865287680 0.00000000000000000000
1.6200000000 0.04539226102467692342 0.00000000000000000000
1.6300000000 0.04503977494280424904 0.00000000000000000000
1.6400000000 0.04469493014988340507 0.00000000000000000000
1.6500000000 0.04435751680536016706 0.00000000000000000000
1.6600000000 0.04402733166617623511 0.00000000000000000000
1.6700000000 0.04370417786026221246 0.00000000000000000000
1.6800000000 0.04338786466829797767 0.00000000000000000000
1.6900000000 0.04307820731342889425 0.00000000000000000000
1.7000000000 0.04277502675863140147 0.00000000000000000000
1.7100000000 0.04247814951143741302 0.00000000000000000000
1.7200000000 0.04218740743574322244 0.00000000000000000000
1.7300000000 0.04190263757042440168 0.00000000000000000000
1.7400000000 0.04162368195450830144 0.00000000000000000000
1.7500000000 0.04135038745865331905 0.00000000000000000000
1.7600000000 0.04108260562269049065 0.00000000000000000000
1.7700000000 0.04082019249900793734 0.00000000000000000000
1.7800000000 0.04056300850155159649 0.00000000000000000000
1.7900000000 0.04031091826023307234 0.00000000000000000000
1.8000000000 0.04006379048054076186 0.00000000000000000000
1.8100000000 0.03982149780815760765 0.00000000000000000000
1.8200000000 0.03958391669840102822 0.00000000000000000000
1.8300000000 0.03935092729030095771 0.00000000000000000000
1.8400000000 0.03912241328514420163 0.00000000000000000000
1.8500000000 0.03889826182931791637 0.00000000000000000000
1.8600000000 0.03867836340129241629 0.00000000000000000000
1.8700000000 0.03846261170258859219 0.00000000000000000000
1.8800000000 0.03825090355258099761 0.00000000000000000000
1.8900000000 0.03804313878699696477 0.00000000000000000000
1.9000000000 0.03783922015997154970 0.00000000000000000000
1.9100000000 0.03763905324952822318 0.00000000000000000000
1.9200000000 0.03744254636635886702 0.00000000000000000000
1.9300000000 0.03724961046578052076 0.00000000000000000000
1.9400000000 0.03706015906275463706 0.00000000000000000000
1.9500000000 0.03687410814985008639 0.00000000000000000000
1.9600000000 0.03669137611804793031 0.00000000000000000000
1.9700000000 0.03651188368028369241 0.00000000000000000000
1.9800000000 0.03633555379761891496 0.00000000000000000000
1.9900000000 0.03616231160795949778 0.00000000000000000000
2.0000000000 0.03599208435721323873 0.00000000000000000000
2.0100000000 0.03582480133281008838 0.00000000000000000000
2.0200000000 0.03566039379949074301 0.00000000000000000000
2.0300000000 0.03549879493728603369 0.00000000000000000000
2.0400000000 0.03533993978160637067 0.00000000000000000000
2.0500000000 0.03518376516536361742 0.00000000000000000000
2.0600000000 0.03503020966305519374 0.00000000000000000000
2.0700000000 0.03487921353673614777 0.00000000000000000000
2.0800000000 0.03473071868381385346 0.00000000000000000000
2.0900000000 0.03458466858659871995 0.00000000000000000000
2.1000000000 0.03444100826354869888 0.00000000000000000000
2.1100000000 0.03429968422214636076 0.00000000000000000000
2.1200000000 0.03416064441335085050 0.00000000000000000000
2.1300000000 0.03402383818756732348 0.00000000000000000000
2.1400000000 0.03388921625208249355 0.00000000000000000000
2.1500000000 0.03375673062991194767 0.00000000000000000000
2.1600000000 0.03362633462000905182 0.00000000000000000000
2.1700000000 0.03349798275878999865 0.00000000000000000000
2.1800000000 0.03337163078292527257 0.00000000000000000000
2.1900000000 0.03324723559335399786 0.00000000000000000000
2.2000000000 0.03312475522048145826 0.00000000000000000000
2.2100000000 0.03300414879051164624 0.00000000000000000000
2.2200000000 0.03288537649288135467 0.00000000000000000000
2.2300000000 0.03276839954875412214 0.00000000000000000000
2.2400000000 0.03265318018053720711 0.00000000000000000000
2.2500000000 0.03253968158238750019 0.00000000000000000000
2.2600000000 0.03242786789167061839 0.00000000000000000000
2.2700000000 0.03231770416134042284 0.00000000000000000000
2.2800000000 0.03220915633320685367 0.00000000000000000000
2.2900000000 0.03210219121206332737 0.00000000000000000000
2.3000000000 0.03199677644064091719 0.00000000000000000000
2.3100000000 0.03189288047536334436 0.00000000000000000000
2.3200000000 0.03179047256287472617 0.00000000000000000000
2.3300000000 0.03168952271731254738 0.00000000000000000000
2.3400000000 0.03159000169830170762 0.00000000000000000000
2.3500000000 0.03149188098964504634 0.00000000000000000000
2.3600000000 0.03139513277868493518 0.00000000000000000000
2.3700000000 0.03129972993631599532 0.00000000000000000000
2.3800000000 0.03120564599762333871 0.00000000000000000000
2.3900000000 0.03111285514312870162 0.00000000000000000000
2.4000000000 0.03102133218062208889 0.00000000000000000000
2.4100000000 0.03093105252755799783 0.00000000000000000000
2.4200000000 0.03084199219400071343 0.00000000000000000000
2.4300000000 0.03075412776609689688 0.00000000000000000000
2.4400000000 0.03066743639005974076 0.00000000000000000000
2.4500000000 0.03058189575664694779 0.00000000000000000000
2.4600000000 0.03049748408611620970 0.00000000000000000000
2.4700000000 0.03041418011364190044 0.00000000000000000000
2.4800000000 0.03033196307517858556 0.00000000000000000000
2.4900000000 0.03025081269375594697 0.00000000000000000000
2.5000000000 0.03017070916619034662 0.00000000000000000000
2.5100000000 0.03009163315020101787 0.00000000000000000000
2.5200000000 0.03001356575191508128 0.00000000000000000000
2.5300000000 0.02993648851375114300 0.00000000000000000000
2.5400000000 0.02986038340266744182 0.00000000000000000000
2.5500000000 0.02978523279876296725 0.00000000000000000000
2.5600000000 0.02971101948422094630 0.00000000000000000000
2.5700000000 0.02963772663258155277 0.00000000000000000000
2.5800000000 0.02956533779833600897 0.00000000000000000000
2.5900000000 0.02949383690682826423 0.00000000000000000000
2.6000000000 0.02942320824445797053 0.00000000000000000000
2.6100000000 0.02935343644917195322 0.00000000000000000000
2.6200000000 0.02928450650123631815 0.00000000000000000000
2.6300000000 0.02921640371428068858 0.00000000000000000000
2.6400000000 0.02914911372660394448 0.00000000000000000000
2.6500000000 0.02908262249273621883 0.00000000000000000000
2.6600000000 0.02901691627524496248 0.00000000000000000000
2.6700000000 0.02895198163678067149 0.00000000000000000000
2.6800000000 0.02888780543235389131 0.00000000000000000000
2.6900000000 0.02882437480183433140 0.00000000000000000000
2.7000000000 0.02876167716266810406 0.00000000000000000000
2.7100000000 0.02869970020280282474 0.00000000000000000000
2.7200000000 0.02863843187381766991 0.00000000000000000000
2.7300000000 0.02857786038424852196 0.00000000000000000000
2.7400000000 0.02851797419310485651 0.00000000000000000000
2.7500000000 0.02845876200357030233 0.00000000000000000000
2.7600000000 0.02840021275688279709 0.00000000000000000000
2.7700000000 0.02834231562638719892 0.00000000000000000000
2.7800000000 0.02828506001175710646 0.00000000000000000000
2.7900000000 0.02822843553337769582 0.00000000000000000000
2.8000000000 0.02817243202688746520 0.00000000000000000000
2.8100000000 0.02811703953787258667 0.00000000000000000000
2.8200000000 0.02806224831670948647 0.00000000000000000000
2.8300000000 0.02800804881355003703 0.00000000000000000000
2.8400000000 0.02795443167344781321 0.00000000000000000000
2.8500000000 0.02790138773161741220 0.00000000000000000000
2.8600000000 0.02784890800882598369 0.00000000000000000000
2.8700000000 0.02779698370691092296 0.00000000000000000000
2.8800000000 0.02774560620442102082 0.00000000000000000000
2.8900000000 0.02769476705237639003 0.00000000000000000000
2.9000000000 0.02764445797014518716 0.00000000000000000000
2.9100000000 0.02759467084143076357 0.00000000000000000000
2.9200000000 0.02754539771037026880 0.00000000000000000000
2.9300000000 0.02749663077773611963 0.00000000000000000000
2.9400000000 0.02744836239724219445 0.00000000000000000000
2.9500000000 0.02740058507194806023 0.00000000000000000000
2.9600000000 0.02735329145076012894 0.00000000000000000000
2.9700000000 0.02730647432502667296 0.00000000000000000000
2.9800000000 0.02726012662522338606 0.00000000000000000000
2.9900000000 0.02721424141772691568 0.00000000000000000000
3.0000000000 0.02716881190167471857 0.00000000000000000000
3.0100000000 0.02712383140590669817 0.00000000000000000000
3.0200000000 0.02707929338598936975 0.00000000000000000000
3.0300000000 0.02703519142131592320 0.00000000000000000000
3.0400000000 0.02699151921228474735 0.00000000000000000000
3.0500000000 0.02694827057754939359 0.00000000000000000000
3.0600000000 0.02690543945134250825 0.00000000000000000000
3.0700000000 0.02686301988086708253 0.00000000000000000000
3.0800000000 0.02682100602375733084 0.00000000000000000000
3.0900000000 0.02677939214560343811 0.00000000000000000000
3.1000000000 0.02673817261754129690 0.00000000000000000000
3.1100000000 0.02669734191390375766 0.00000000000000000000
3.1200000000 0.02665689460993156748 0.00000000000000000000
3.1300000000 0.02661682537954366407 0.00000000000000000000
3.1400000000 0.02657712899316344232 0.00000000000000000000
3.1500000000 0.02653780031560051822 0.00000000000000000000
3.1600000000 0.02649883430398628642 0.00000000000000000000
3.1700000000 0.02646022600576142247 0.00000000000000000000
3.1800000000 0.02642197055671344219 0.00000000000000000000
3.1900000000 0.02638406317906466861 0.00000000000000000000
3.2000000000 0.02634649917960691506 0.00000000000000000000
3.2100000000 0.02630927394788360602 0.00000000000000000000
3.2200000000 0.02627238295441608473 0.00000000000000000000
3.2300000000 0.02623582174897475666 0.00000000000000000000
3.2400000000 0.02619958595889253575 0.00000000000000000000
3.2500000000 0.02616367128742013229 0.00000000000000000000
3.2600000000 0.02612807351212111800 0.00000000000000000000
3.2700000000 0.02609278848330731648 0.00000000000000000000
3.2800000000 0.02605781212251129242 0.00000000000000000000
3.2900000000 0.02602314042099684172 0.00000000000000000000
3.3000000000 0.02598876943830558464 0.00000000000000000000
3.3100000000 0.02595469530083788570 0.00000000000000000000
3.3200000000 0.02592091420046904737 0.00000000000000000000
3.3300000000 0.02588742239319859889 0.00000000000000000000
3.3400000000 0.02585421619783115701 0.00000000000000000000
3.3500000000 0.02582129199468990999 0.00000000000000000000
3.3600000000 0.02578864622436016427 0.00000000000000000000
3.3700000000 0.02575627538646294706 0.00000000000000000000
3.3800000000 0.02572417603845744000 0.00000000000000000000
3.3900000000 0.02569234479447187261 0.00000000000000000000
3.4000000000 0.02566077832416227208 0.00000000000000000000
3.4100000000 0.02562947335159744197 0.00000000000000000000
3.4200000000 0.02559842665417014218 0.00000000000000000000
3.4300000000 0.02556763506153432106 0.00000000000000000000
3.4400000000 0.02553709545456603336 0.00000000000000000000
3.4500000000 0.02550680476434954644 0.00000000000000000000
3.4600000000 0.02547675997118604291 0.00000000000000000000
3.4700000000 0.02544695810362564148 0.00000000000000000000
3.4800000000 0.02541739623752138633 0.00000000000000000000
3.4900000000 0.02538807149510560746 0.00000000000000000000
3.5000000000 0.02535898104408606385 0.00000000000000000000
3.5100000000 0.02533012209676423210 0.00000000000000000000
3.5200000000 0.02530149190917233698 0.00000000000000000000
3.5300000000 0.02527308778023081362 0.00000000000000000000
3.5400000000 0.02524490705092425138 0.00000000000000000000
3.5500000000 0.02521694710349603810 0.00000000000000000000
3.5600000000 0.02518920536066138194 0.00000000000000000000
3.5700000000 0.02516167928483719479 0.00000000000000000000
3.5800000000 0.02513436637739005150 0.00000000000000000000
3.5900000000 0.02510726417790030279 0.00000000000000000000
3.6000000000 0.02508037026344257792 0.00000000000000000000
3.6100000000 0.02505368224788248263 0.00000000000000000000
3.6200000000 0.02502719778118807706 0.00000000000000000000
3.6300000000 0.02500091454875755584 0.00000000000000000000
3.6400000000 0.02497483027076061526 0.00000000000000000000
3.6500000000 0.02494894270149507209 0.00000000000000000000
3.6600000000 0.02492324962875672525 0.00000000000000000000
3.6700000000 0.02489774887322323410 0.00000000000000000000
3.6800000000 0.02487243828785175651 0.00000000000000000000
3.6900000000 0.02484731575728863287 0.00000000000000000000
3.7000000000 0.02482237919729261832 0.00000000000000000000
3.7100000000 0.02479762655417020942 0.00000000000000000000
3.7200000000 0.02477305580422273917 0.00000000000000000000
3.7300000000 0.02474866495320568460 0.00000000000000000000
3.7400000000 0.02472445203579932624 0.00000000000000000000
3.7500000000 0.02470041511509045440 0.00000000000000000000
3.7600000000 0.02467655228206522278 0.00000000000000000000
3.7700000000 0.02465286165511276079 0.00000000000000000000
3.7800000000 0.02462934137953876404 0.00000000000000000000
3.7900000000 0.02460598962708982623 0.00000000000000000000
3.8000000000 0.02458280459548735364 0.00000000000000000000
3.8100000000 0.02455978450797129467 0.00000000000000000000
3.8200000000 0.02453692761285326818 0.00000000000000000000
3.8300000000 0.02451423218307900720 0.00000000000000000000
3.8400000000 0.02449169651579962206 0.00000000000000000000
3.8500000000 0.02446931893195224139 0.00000000000000000000
3.8600000000 0.02444709777584842120 0.00000000000000000000
3.8700000000 0.02442503141477163700 0.00000000000000000000
3.8800000000 0.02440311823858273485 0.00000000000000000000
3.8900000000 0.02438135665933329962 0.00000000000000000000
3.9000000000 0.02435974511088696490 0.00000000000000000000
3.9100000000 0.02433828204854855334 0.00000000000000000000
3.9200000000 0.02431696594870026013 0.00000000000000000000
3.9300000000 0.02429579530844552457 0.00000000000000000000
3.9400000000 0.02427476864525964645 0.00000000000000000000
3.9500000000 0.02425388449664809751 0.00000000000000000000
3.9600000000 0.02423314141981045694 0.00000000000000000000
3.9700000000 0.02421253799131227805 0.00000000000000000000
3.9800000000 0.02419207280676263089 0.00000000000000000000
3.9900000000 0.02417174448049822649 0.00000000000000000000
4.0000000000 0.02415155164527380341 0.00000000000000000000
4.0100000000 0.02413149295195845742 0.00000000000000000000
4.0200000000 0.02411156706923822668 0.00000000000000000000
4.0300000000 0.02409177268332390529 0.00000000000000000000
4.0400000000 0.02407210849766511229 0.00000000000000000000
4.0500000000 0.02405257323266963426 0.00000000000000000000
4.0600000000 0.02403316562542819057 0.00000000000000000000
4.0700000000 0.02401388442944435431 0.00000000000000000000
4.0800000000 0.02399472841437013532 0.00000000000000000000
4.0900000000 0.02397569636574604576 0.00000000000000000000
4.1000000000 0.02395678708474669252 0.00000000000000000000
4.1100000000 0.02393799938793055374 0.00000000000000000000
4.1200000000 0.02391933210699521278 0.00000000000000000000
4.1300000000 0.02390078408853673828 0.00000000000000000000
4.1400000000 0.02388235419381368532 0.00000000000000000000
4.1500000000 0.02386404129851588465 0.00000000000000000000
4.1600000000 0.02384584429253691976 0.00000000000000000000
4.1700000000 0.02382776207975158267 0.00000000000000000000
4.1800000000 0.02380979357779681310 0.00000000000000000000
4.1900000000 0.02379193771785736641 0.00000000000000000000
4.2000000000 0.02377419344445493368 0.00000000000000000000
4.2100000000 0.02375655971524130369 0.00000000000000000000
4.2200000000 0.02373903550079552172 0.00000000000000000000
4.2300000000 0.02372161978442462876 0.00000000000000000000
4.2400000000 0.02370431156196800906 0.00000000000000000000
4.2500000000 0.02368710984160549496 0.00000000000000000000
4.2600000000 0.02367001364366866367 0.00000000000000000000
4.2700000000 0.02365302200045594008 0.00000000000000000000
4.2800000000 0.02363613395605084974 0.00000000000000000000
4.2900000000 0.02361934856614340134 0.00000000000000000000
4.3000000000 0.02360266489785523350 0.00000000000000000000
4.3100000000 0.02358608202956704800 0.00000000000000000000
4.3200000000 0.02356959905075004316 0.00000000000000000000
4.3300000000 0.02355321506179972740 0.00000000000000000000
4.3400000000 0.02353692917387303213 0.00000000000000000000
4.3500000000 0.02352074050872807881 0.00000000000000000000
4.3600000000 0.02350464819856695406 0.00000000000000000000
4.3700000000 0.02348865138588131923 0.00000000000000000000
4.3800000000 0.02347274922330041050 0.00000000000000000000
4.3900000000 0.02345694087344233486 0.00000000000000000000
4.4000000000 0.02344122550876696909 0.00000000000000000000
4.4100000000 0.02342560231143275482 0.00000000000000000000
4.4200000000 0.02341007047315468020 0.00000000000000000000
4.4300000000 0.02339462919506565125 0.00000000000000000000
4.4400000000 0.02337927768757994476 0.00000000000000000000
4.4500000000 0.02336401517025869096 0.00000000000000000000
4.4600000000 0.02334884087167853062 0.00000000000000000000
4.4700000000 0.02333375402930146919 0.00000000000000000000
4.4800000000 0.02331875388934792279 0.00000000000000000000
4.4900000000 0.02330383970667124216 0.00000000000000000000
4.5000000000 0.02328901074463466878 0.00000000000000000000
4.5100000000 0.02327426627499055295 0.00000000000000000000
4.5200000000 0.02325960557776121998 0.00000000000000000000
4.5300000000 0.02324502794112218856 0.00000000000000000000
4.5400000000 0.02323053266128703373 0.00000000000000000000
4.5500000000 0.02321611904239463675 0.00000000000000000000
4.5600000000 0.02320178639639799978 0.00000000000000000000
4.5700000000 0.02318753404295476744 0.00000000000000000000
4.5800000000 0.02317336130932010768 0.00000000000000000000
4.5900000000 0.02315926753024088666 0.00000000000000000000
4.6000000000 0.02314525204785192192 0.00000000000000000000
4.6100000000 0.02313131421157360243 0.00000000000000000000
4.6200000000 0.02311745337801164590 0.00000000000000000000
4.6300000000 0.02310366891085800095 0.00000000000000000000
4.6400000000 0.02308996018079405646 0.00000000000000000000
4.6500000000 0.02307632656539448240 0.00000000000000000000
4.6600000000 0.02306276744903375253 0.00000000000000000000
4.6700000000 0.02304928222279314931 0.00000000000000000000
4.6800000000 0.02303587028437007606 0.00000000000000000000
4.6900000000 0.02302253103798832315 0.00000000000000000000
4.7000000000 0.02300926389431009675 0.00000000000000000000
4.7100000000 0.02299606827034927567 0.00000000000000000000
4.7200000000 0.02298294358938623300 0.00000000000000000000
4.7300000000 0.02296988928088369158 0.00000000000000000000
4.7400000000 0.02295690478040455715 0.00000000000000000000
4.7500000000 0.02294398952953024401 0.00000000000000000000
4.7600000000 0.02293114297578106864 0.00000000000000000000
4.7700000000 0.02291836457253725381 0.00000000000000000000
4.7800000000 0.02290565377896173344 0.00000000000000000000
4.7900000000 0.02289301005992390448 0.00000000000000000000
4.8000000000 0.02288043288592436081 0.00000000000000000000
4.8100000000 0.02286792173302146930 0.00000000000000000000
4.8200000000 0.02285547608275829284 0.00000000000000000000
4.8300000000 0.02284309542209131405 0.00000000000000000000
4.8400000000 0.02283077924331981812 0.00000000000000000000
4.8500000000 0.02281852704401673287 0.00000000000000000000
4.8600000000 0.02280633832696025987 0.00000000000000000000
4.8700000000 0.02279421260006671626 0.00000000000000000000
4.8800000000 0.02278214937632424761 0.00000000000000000000
4.8900000000 0.02277014817372798039 0.00000000000000000000
4.9000000000 0.02275820851521544869 0.00000000000000000000
4.9100000000 0.02274632992860381453 0.00000000000000000000
4.9200000000 0.02273451194652745255 0.00000000000000000000
4.9300000000 0.02272275410637681486 0.00000000000000000000
4.9400000000 0.02271105595023795859 0.00000000000000000000
4.9500000000 0.02269941702483337792 0.00000000000000000000
4.9600000000 0.02268783688146324209 0.00000000000000000000
4.9700000000 0.02267631507594793788 0.00000000000000000000
4.9800000000 0.02266485116857126780 0.00000000000000000000
4.9900000000 0.02265344472402452958 0.00000000000000000000
5.0000000000 0.02264209531135153233 0.00000000000000000000
